8.551551869511604398e-01
4.807304847240447820e-01
3.871673798561096058e-01
3.629310241341590637e-01
3.351042795181274347e-01
3.156503264605998726e-01
2.914246475696563587e-01
2.812738393247127267e-01
2.778707811236381664e-01
2.474881216138601348e-01
2.443789366632699855e-01
2.301676023751497158e-01
2.420886357501149111e-01
2.303191090375185102e-01
2.260298268124461274e-01
2.271282151341438293e-01
2.265925861895084492e-01
2.327211910486221280e-01
1.932578576356172584e-01
2.031627858430147260e-01
2.028917630761861712e-01
1.985842422395944495e-01
1.927749256044626325e-01
1.838112667202949635e-01
1.972020897269249062e-01
1.912125466018915199e-01
1.819014386087655921e-01
1.710776256024837405e-01
1.580333385244011846e-01
1.581854373216629028e-01
1.643340504169464034e-01
1.702439811825752214e-01
1.741551232337951727e-01
1.640887417644262269e-01
1.788628909736871830e-01
1.649686081707477658e-01
1.401027129590511344e-01
1.534299259260296922e-01
1.410648193582892396e-01
1.384222869947552559e-01
1.462496609613299359e-01
1.492822932079434506e-01
1.385075590014457625e-01
1.548655464500188761e-01
1.520182543992996127e-01
1.237779097259044669e-01
1.244332893565297110e-01
1.213598944991827050e-01
1.266029826924204849e-01
1.338603456318378515e-01
1.349710166081786178e-01
1.247699182853102690e-01
1.313796065375208988e-01
1.303459960594773315e-01
1.059370116516947791e-01
1.079595169797539778e-01
1.069808487966656674e-01
1.121363811194896754e-01
1.115093406662344966e-01
1.105669551342725737e-01
1.192934330552816447e-01
1.174442427232861574e-01
1.170980823785066627e-01
9.273862350732088589e-02
9.590437334030867123e-02
9.676148913800716733e-02
1.038336487859487511e-01
9.791645046323538271e-02
1.076885654404759474e-01
1.012830964475870121e-01
1.031010522320866540e-01
1.109514345973730137e-01
8.436015881597995481e-02
8.696936905384063110e-02
8.469075903296470476e-02
9.113197028636932373e-02
9.005473911762237882e-02
9.272688053548336362e-02
9.468459416180849408e-02
9.282322879880666733e-02
9.417312610894441882e-02
8.052864320576190449e-02
8.447559630498290006e-02
8.146040255203843006e-02
8.640811890363693515e-02
7.879848249256610204e-02
8.490267805755138952e-02
9.248974330723286341e-02
9.155678194016218796e-02
8.348335091024637611e-02
7.435887001454830059e-02
7.254637915641069801e-02
7.564316492527722868e-02
7.435522440820932499e-02
7.767478883266448753e-02
8.358210105448961313e-02
7.877959813922644217e-02
8.451984465122222567e-02
8.293297171592711736e-02
4.067415688652545325e-02
6.046780442818999041e-02
6.581478005275130660e-02
5.072512769140303385e-02
6.239331495948136075e-02
7.074597451370209789e-02
6.425553184933960327e-02
6.602829892188311067e-02
5.876054119318723651e-02
3.770746753783896232e-02
4.039618070586584175e-02
4.488828034373000542e-02
3.711748695350251814e-02
4.168863864149898596e-02
4.905970767373218910e-02
5.192889428697526621e-02
4.692070199293084387e-02
4.504913938231766557e-02
2.866738649550825205e-02
2.765355683804955264e-02
3.482849320746026628e-02
3.204645954188890811e-02
3.411810574471019208e-02
3.878799522120970900e-02
3.085288535919971861e-02
3.851714151212945469e-02
4.241067846538498776e-02
2.426021809107624036e-02
2.709477543641696656e-02
2.602007167733972823e-02
3.104956823866814389e-02
3.206691708532161816e-02
3.316604564141016620e-02
2.784758721012622201e-02
4.382137044070986975e-02
5.098166733572725290e-02
