9.845297336578369141e-01
9.743118286132812500e-01
9.653010368347167969e-01
9.552077054977416992e-01
9.445780515670776367e-01
9.342297911643981934e-01
9.208797812461853027e-01
9.072528481483459473e-01
8.942451477050781250e-01
8.762911558151245117e-01
8.600507974624633789e-01
8.390561342239379883e-01
8.189364075660705566e-01
7.953877449035644531e-01
7.710556387901306152e-01
7.472805380821228027e-01
7.296263575553894043e-01
7.016659379005432129e-01
6.769434809684753418e-01
6.608517169952392578e-01
6.345302462577819824e-01
6.160920262336730957e-01
6.131637692451477051e-01
5.933046340942382812e-01
5.763318538665771484e-01
5.597099065780639648e-01
5.716391801834106445e-01
5.405748486518859863e-01
5.595464706420898438e-01
5.582548975944519043e-01
5.130941867828369141e-01
5.161413550376892090e-01
4.919219315052032471e-01
4.998199939727783203e-01
4.853698313236236572e-01
4.931339919567108154e-01
4.749416708946228027e-01
4.656759500503540039e-01
4.592418372631072998e-01
4.548055231571197510e-01
4.535172879695892334e-01
4.536032676696777344e-01
4.503727853298187256e-01
4.564118087291717529e-01
4.570849239826202393e-01
4.384566545486450195e-01
4.390533268451690674e-01
4.379348456859588623e-01
4.333119988441467285e-01
4.550436139106750488e-01
4.320636093616485596e-01
4.307273626327514648e-01
4.320068955421447754e-01
4.218109846115112305e-01
4.275566339492797852e-01
4.165881872177124023e-01
4.589025974273681641e-01
4.167331457138061523e-01
4.146925508975982666e-01
4.104632735252380371e-01
4.122618138790130615e-01
4.082975983619689941e-01
4.088988006114959717e-01
4.053105115890502930e-01
4.023863077163696289e-01
4.054312407970428467e-01
4.033266007900238037e-01
3.984646797180175781e-01
3.998947143554687500e-01
3.985875248908996582e-01
4.021775126457214355e-01
3.974476754665374756e-01
3.959692418575286865e-01
3.942699730396270752e-01
3.920289278030395508e-01
3.897370994091033936e-01
3.916889131069183350e-01
3.892385661602020264e-01
3.891523182392120361e-01
3.928824365139007568e-01
3.870982527732849121e-01
3.810144066810607910e-01
3.819781541824340820e-01
3.820975422859191895e-01
3.792920410633087158e-01
3.827972412109375000e-01
3.824340403079986572e-01
3.789994418621063232e-01
3.799906671047210693e-01
3.759011626243591309e-01
3.768263161182403564e-01
3.773841857910156250e-01
3.800217807292938232e-01
3.739670217037200928e-01
3.773952424526214600e-01
3.699519634246826172e-01
3.672217726707458496e-01
3.663249909877777100e-01
3.701158761978149414e-01
3.675948381423950195e-01
3.652595281600952148e-01
3.652373552322387695e-01
3.606108427047729492e-01
3.667460381984710693e-01
3.610173463821411133e-01
3.616982996463775635e-01
3.574256300926208496e-01
3.589497506618499756e-01
3.589899837970733643e-01
3.585392236709594727e-01
3.582687675952911377e-01
3.586602509021759033e-01
3.488879203796386719e-01
3.554228544235229492e-01
3.587149083614349365e-01
3.512285947799682617e-01
3.521498739719390869e-01
3.516063392162322998e-01
3.500437438488006592e-01
3.471109867095947266e-01
3.489962518215179443e-01
3.435081243515014648e-01
3.453188240528106689e-01
3.501160144805908203e-01
3.497084081172943115e-01
3.524257540702819824e-01
3.414566814899444580e-01
3.421765863895416260e-01
3.443103730678558350e-01
3.394595682621002197e-01
3.403051793575286865e-01
3.408230543136596680e-01
3.423963189125061035e-01
3.380660116672515869e-01
3.430795073509216309e-01
3.389766812324523926e-01
3.355470895767211914e-01
3.324218690395355225e-01
3.362863659858703613e-01
3.327498733997344971e-01
3.319363594055175781e-01
3.335070610046386719e-01
3.305286169052124023e-01
3.306791186332702637e-01
3.264468014240264893e-01
3.327177762985229492e-01
3.325147330760955811e-01
3.264193832874298096e-01
3.294619321823120117e-01
3.259187042713165283e-01
3.266943991184234619e-01
3.246530294418334961e-01
3.266421258449554443e-01
3.219097554683685303e-01
3.230279386043548584e-01
3.232162594795227051e-01
3.195326030254364014e-01
3.213648796081542969e-01
3.228648006916046143e-01
3.197023868560791016e-01
3.190020620822906494e-01
3.216094076633453369e-01
3.169863820075988770e-01
3.153870999813079834e-01
3.179975152015686035e-01
3.143340051174163818e-01
3.173925876617431641e-01
3.150489330291748047e-01
3.143714666366577148e-01
3.159571588039398193e-01
3.164007961750030518e-01
3.165323138236999512e-01
3.140659332275390625e-01
3.140393197536468506e-01
3.112482726573944092e-01
3.130765259265899658e-01
3.100589811801910400e-01
3.098360896110534668e-01
3.093191385269165039e-01
3.095075190067291260e-01
3.077418506145477295e-01
3.069434762001037598e-01
3.054564297199249268e-01
3.078804910182952881e-01
3.078782260417938232e-01
3.074048757553100586e-01
3.096565008163452148e-01
3.045909106731414795e-01
3.036275506019592285e-01
3.029477894306182861e-01
3.035647273063659668e-01
3.048066198825836182e-01
3.035370111465454102e-01
3.017282783985137939e-01
2.996104061603546143e-01
2.997822165489196777e-01
2.992010116577148438e-01
3.022272586822509766e-01
2.997494637966156006e-01
2.976725399494171143e-01
2.954640090465545654e-01
2.983802556991577148e-01
2.999670803546905518e-01
2.981219887733459473e-01
2.972327172756195068e-01
3.002086281776428223e-01
2.962143719196319580e-01
2.927143871784210205e-01
2.919254302978515625e-01
2.943925857543945312e-01
2.920632362365722656e-01
2.928242683410644531e-01
2.930851280689239502e-01
2.926420271396636963e-01
2.929629981517791748e-01
2.905449569225311279e-01
2.934892177581787109e-01
2.903054058551788330e-01
2.897030115127563477e-01
2.890156805515289307e-01
2.889833748340606689e-01
2.902436554431915283e-01
2.880302667617797852e-01
2.905714809894561768e-01
2.881001532077789307e-01
2.870196402072906494e-01
2.866011857986450195e-01
2.863481640815734863e-01
2.864137589931488037e-01
2.820943295955657959e-01
2.824993133544921875e-01
2.855668663978576660e-01
2.870012819766998291e-01
2.821000218391418457e-01
2.874611616134643555e-01
2.875469624996185303e-01
2.839618623256683350e-01
2.819245755672454834e-01
2.804864645004272461e-01
2.830872833728790283e-01
2.800277173519134521e-01
2.820816636085510254e-01
2.822038829326629639e-01
2.782056033611297607e-01
2.829307615756988525e-01
2.795838713645935059e-01
2.815344333648681641e-01
2.787905931472778320e-01
2.772357165813446045e-01
2.780487537384033203e-01
2.800175249576568604e-01
2.792426943778991699e-01
2.777202129364013672e-01
2.800218462944030762e-01
2.774357497692108154e-01
2.765500843524932861e-01
2.746164202690124512e-01
2.765604853630065918e-01
2.743411064147949219e-01
2.749029099941253662e-01
2.755150198936462402e-01
2.755292952060699463e-01
2.754321694374084473e-01
2.710971534252166748e-01
2.736541032791137695e-01
2.727543413639068604e-01
2.724693715572357178e-01
2.744373977184295654e-01
2.718695104122161865e-01
2.721566259860992432e-01
2.728558480739593506e-01
2.704434096813201904e-01
2.694446742534637451e-01
2.722797691822052002e-01
2.724191546440124512e-01
2.695964574813842773e-01
2.704387307167053223e-01
2.689583301544189453e-01
2.699884176254272461e-01
2.716555893421173096e-01
2.675918340682983398e-01
2.693815231323242188e-01
2.675588726997375488e-01
2.685917913913726807e-01
2.661201357841491699e-01
2.663623690605163574e-01
2.674362957477569580e-01
2.648414075374603271e-01
2.663758099079132080e-01
2.645221352577209473e-01
2.650867700576782227e-01
2.627325057983398438e-01
2.647923529148101807e-01
2.638290226459503174e-01
2.629728615283966064e-01
2.646058797836303711e-01
2.623868286609649658e-01
2.615687549114227295e-01
2.642123103141784668e-01
2.684850990772247314e-01
2.846216857433319092e-01
2.841172218322753906e-01
2.834529280662536621e-01
2.851317524909973145e-01
2.811700403690338135e-01
2.837466299533843994e-01
2.817313671112060547e-01
2.843698859214782715e-01
2.835669219493865967e-01
2.843889296054840088e-01
2.797229588031768799e-01
2.782997786998748779e-01
2.821334600448608398e-01
2.816821932792663574e-01
2.829490602016448975e-01
2.835389375686645508e-01
2.793247103691101074e-01
2.827394008636474609e-01
2.810797989368438721e-01
2.771420776844024658e-01
2.803150713443756104e-01
2.795017063617706299e-01
2.770406901836395264e-01
2.785060107707977295e-01
2.777792215347290039e-01
2.782588601112365723e-01
2.753931879997253418e-01
2.778233289718627930e-01
2.807810604572296143e-01
2.756774127483367920e-01
2.762736976146697998e-01
2.747890949249267578e-01
2.743219733238220215e-01
2.765927016735076904e-01
2.776015996932983398e-01
2.756956517696380615e-01
2.752913236618041992e-01
2.722395360469818115e-01
2.735951244831085205e-01
2.740938067436218262e-01
2.743390202522277832e-01
2.730190753936767578e-01
2.711778283119201660e-01
2.750594317913055420e-01
2.727304995059967041e-01
2.752231359481811523e-01
2.733446359634399414e-01
2.746335268020629883e-01
2.710206806659698486e-01
2.725591361522674561e-01
2.659838795661926270e-01
2.714513838291168213e-01
2.756042480468750000e-01
2.713296115398406982e-01
2.728309333324432373e-01
2.712147533893585205e-01
2.713892757892608643e-01
2.661648690700531006e-01
2.690823674201965332e-01
2.680297493934631348e-01
2.671031951904296875e-01
2.691285610198974609e-01
2.670838832855224609e-01
2.693112492561340332e-01
2.685903906822204590e-01
2.682096660137176514e-01
2.678248286247253418e-01
2.678305506706237793e-01
2.670625746250152588e-01
2.676249742507934570e-01
2.649217844009399414e-01
2.669432759284973145e-01
2.684947848320007324e-01
2.637126445770263672e-01
2.673511505126953125e-01
2.658639550209045410e-01
2.637698054313659668e-01
2.641892731189727783e-01
2.692717313766479492e-01
2.655403316020965576e-01
2.638244330883026123e-01
2.684579789638519287e-01
2.640402317047119141e-01
2.641751170158386230e-01
2.610756456851959229e-01
2.631873190402984619e-01
2.626467645168304443e-01
2.625204324722290039e-01
2.594111263751983643e-01
2.614394724369049072e-01
2.633048892021179199e-01
2.625597715377807617e-01
2.637813389301300049e-01
2.623871266841888428e-01
2.626052200794219971e-01
2.620646953582763672e-01
2.638205587863922119e-01
2.619558572769165039e-01
2.620413899421691895e-01
2.630645930767059326e-01
2.585149407386779785e-01
2.603914439678192139e-01
2.593516111373901367e-01
2.634014189243316650e-01
2.583385705947875977e-01
2.587786912918090820e-01
2.601863145828247070e-01
2.567111551761627197e-01
2.598071396350860596e-01
2.568215727806091309e-01
2.584229707717895508e-01
2.588070034980773926e-01
2.579692602157592773e-01
2.596186101436614990e-01
2.596413195133209229e-01
2.600987255573272705e-01
2.586186826229095459e-01
2.575157284736633301e-01
2.588081657886505127e-01
2.571222484111785889e-01
2.553862929344177246e-01
2.547730207443237305e-01
2.564411759376525879e-01
2.582691609859466553e-01
2.562859058380126953e-01
2.565012276172637939e-01
2.551599144935607910e-01
2.538173496723175049e-01
2.556001245975494385e-01
2.563795745372772217e-01
2.549845874309539795e-01
2.535893321037292480e-01
2.539363503456115723e-01
2.527836859226226807e-01
2.568707764148712158e-01
2.560079097747802734e-01
2.527413368225097656e-01
2.567612230777740479e-01
2.570614516735076904e-01
2.549719512462615967e-01
2.529327571392059326e-01
2.526162862777709961e-01
2.540095150470733643e-01
2.536808848381042480e-01
2.552701830863952637e-01
2.530387639999389648e-01
2.512896656990051270e-01
2.502029240131378174e-01
2.533654868602752686e-01
2.532474696636199951e-01
2.520944476127624512e-01
2.524351775646209717e-01
2.520869672298431396e-01
2.497023344039916992e-01
2.537225484848022461e-01
2.517975866794586182e-01
2.492145299911499023e-01
2.531490921974182129e-01
2.515040636062622070e-01
2.524268031120300293e-01
2.497968375682830811e-01
2.543260753154754639e-01
2.508145272731781006e-01
2.520503699779510498e-01
2.518995702266693115e-01
2.533919215202331543e-01
2.487735003232955933e-01
2.520110905170440674e-01
2.496651560068130493e-01
2.507815659046173096e-01
2.492799311876296997e-01
2.497963160276412964e-01
2.486095875501632690e-01
2.504005730152130127e-01
2.493174076080322266e-01
2.510468959808349609e-01
2.488238364458084106e-01
2.518160343170166016e-01
2.462401986122131348e-01
2.486487329006195068e-01
2.488816082477569580e-01
2.505137622356414795e-01
2.491517215967178345e-01
2.494027763605117798e-01
2.512736320495605469e-01
2.503285706043243408e-01
2.505253553390502930e-01
2.474206089973449707e-01
2.493561655282974243e-01
2.488930821418762207e-01
2.473051100969314575e-01
2.471037954092025757e-01
2.498601824045181274e-01
2.510476410388946533e-01
2.466637939214706421e-01
2.484279274940490723e-01
2.469560950994491577e-01
2.470036596059799194e-01
2.480174899101257324e-01
2.448935061693191528e-01
2.476726472377777100e-01
2.466129809617996216e-01
2.453235685825347900e-01
2.474702000617980957e-01
2.467414736747741699e-01
2.437620311975479126e-01
2.476195394992828369e-01
2.492404282093048096e-01
2.457998394966125488e-01
2.447226047515869141e-01
2.448395192623138428e-01
2.465691566467285156e-01
2.477661818265914917e-01
2.437051385641098022e-01
2.445931732654571533e-01
2.449995279312133789e-01
2.460429221391677856e-01
2.444925308227539062e-01
2.460795193910598755e-01
2.467647790908813477e-01
2.432726323604583740e-01
2.437151074409484863e-01
2.424028217792510986e-01
2.425870746374130249e-01
2.434315681457519531e-01
2.472622394561767578e-01
2.451671659946441650e-01
2.452110201120376587e-01
2.456824183464050293e-01
2.446179091930389404e-01
2.420823872089385986e-01
2.413576096296310425e-01
2.432704865932464600e-01
2.449064552783966064e-01
2.431584149599075317e-01
2.444808632135391235e-01
2.425102591514587402e-01
2.456735372543334961e-01
2.431689500808715820e-01
2.419942766427993774e-01
2.414367347955703735e-01
2.421284765005111694e-01
2.417965084314346313e-01
2.435641139745712280e-01
2.434746176004409790e-01
2.418251931667327881e-01
2.406417131423950195e-01
2.417738288640975952e-01
2.400584518909454346e-01
2.390132546424865723e-01
2.376028001308441162e-01
2.403452098369598389e-01
2.436289787292480469e-01
2.411617338657379150e-01
2.383192479610443115e-01
2.433008551597595215e-01
2.429268360137939453e-01
2.407613694667816162e-01
2.417729347944259644e-01
2.425238192081451416e-01
2.399339228868484497e-01
2.403461486101150513e-01
2.382068634033203125e-01
2.412493228912353516e-01
2.369256615638732910e-01
2.410978376865386963e-01
2.423501461744308472e-01
2.373473346233367920e-01
2.399200797080993652e-01
2.382880151271820068e-01
2.410646378993988037e-01
2.391622066497802734e-01
2.388451397418975830e-01
2.389242649078369141e-01
2.399768680334091187e-01
2.382256388664245605e-01
2.404722869396209717e-01
2.366981506347656250e-01
2.378129512071609497e-01
2.380021810531616211e-01
2.406700998544692993e-01
2.386205345392227173e-01
2.395289391279220581e-01
2.371547669172286987e-01
2.391376644372940063e-01
2.401444464921951294e-01
2.388997972011566162e-01
2.387757897377014160e-01
2.387744188308715820e-01
2.366908788681030273e-01
2.373620420694351196e-01
2.372337132692337036e-01
2.393917143344879150e-01
2.388755977153778076e-01
2.374133616685867310e-01
2.377943694591522217e-01
2.363277077674865723e-01
2.373419553041458130e-01
2.341858297586441040e-01
2.374634891748428345e-01
2.384320944547653198e-01
2.356284707784652710e-01
2.337105870246887207e-01
2.360399812459945679e-01
2.334955483675003052e-01
2.353869527578353882e-01
2.373908609151840210e-01
2.361955344676971436e-01
2.357956916093826294e-01
2.374995648860931396e-01
2.365541309118270874e-01
2.380542904138565063e-01
2.365633994340896606e-01
2.346790879964828491e-01
2.346823066473007202e-01
2.356020659208297729e-01
2.336881756782531738e-01
2.361496984958648682e-01
2.358768731355667114e-01
2.349683195352554321e-01
2.348422855138778687e-01
2.335112839937210083e-01
2.324740290641784668e-01
2.378257662057876587e-01
2.357778549194335938e-01
2.331380397081375122e-01
2.354524582624435425e-01
2.330692559480667114e-01
2.332807928323745728e-01
2.347300350666046143e-01
2.350627630949020386e-01
2.374192625284194946e-01
2.359979301691055298e-01
2.329308241605758667e-01
2.341624945402145386e-01
2.320409417152404785e-01
2.351371049880981445e-01
2.343087345361709595e-01
2.339685261249542236e-01
2.364559322595596313e-01
2.310226857662200928e-01
2.331312596797943115e-01
2.347315400838851929e-01
2.328643202781677246e-01
2.316232323646545410e-01
2.333802580833435059e-01
2.362439036369323730e-01
2.305802255868911743e-01
2.318678796291351318e-01
2.305669188499450684e-01
2.329662889242172241e-01
2.315187007188796997e-01
2.319987416267395020e-01
2.303043007850646973e-01
2.320639491081237793e-01
2.307388633489608765e-01
2.309262752532958984e-01
2.318036854267120361e-01
2.298090755939483643e-01
2.298981696367263794e-01
2.326121628284454346e-01
2.329531461000442505e-01
2.317499816417694092e-01
2.330961972475051880e-01
2.323756515979766846e-01
2.288288325071334839e-01
2.293694019317626953e-01
2.304040789604187012e-01
2.311106622219085693e-01
2.323459982872009277e-01
2.309185564517974854e-01
2.324644923210144043e-01
2.296795547008514404e-01
2.293815910816192627e-01
2.310444116592407227e-01
2.304354459047317505e-01
2.312773764133453369e-01
2.328542619943618774e-01
2.298813313245773315e-01
2.306101620197296143e-01
2.311874777078628540e-01
2.281422019004821777e-01
2.315936386585235596e-01
2.324400842189788818e-01
2.292580902576446533e-01
2.289904206991195679e-01
2.307160794734954834e-01
2.288567870855331421e-01
2.291683554649353027e-01
2.294344604015350342e-01
2.314295917749404907e-01
2.271473854780197144e-01
2.311535924673080444e-01
2.273651361465454102e-01
2.302427738904953003e-01
2.290287762880325317e-01
2.314434796571731567e-01
2.311974465847015381e-01
2.304965555667877197e-01
2.282866537570953369e-01
2.278127372264862061e-01
2.275322377681732178e-01
2.288928627967834473e-01
2.296309173107147217e-01
2.273339182138442993e-01
2.265200614929199219e-01
2.272724807262420654e-01
2.302730381488800049e-01
2.260003536939620972e-01
2.271483391523361206e-01
2.284674793481826782e-01
2.271587103605270386e-01
2.306336313486099243e-01
2.273790389299392700e-01
2.270716875791549683e-01
2.246426492929458618e-01
2.252280712127685547e-01
2.257042825222015381e-01
2.246596962213516235e-01
2.273977398872375488e-01
2.261386066675186157e-01
2.268578410148620605e-01
2.259054780006408691e-01
2.258385270833969116e-01
2.244645655155181885e-01
2.276668548583984375e-01
2.272047847509384155e-01
2.276686131954193115e-01
2.254352420568466187e-01
2.229959219694137573e-01
2.238093316555023193e-01
2.259631603956222534e-01
2.270400524139404297e-01
2.243663817644119263e-01
2.233438938856124878e-01
2.255314737558364868e-01
2.254456430673599243e-01
2.256303876638412476e-01
2.246073335409164429e-01
2.263520061969757080e-01
2.233152389526367188e-01
2.248754203319549561e-01
2.264953702688217163e-01
2.256994098424911499e-01
2.262866348028182983e-01
2.256421446800231934e-01
2.228783071041107178e-01
2.264716029167175293e-01
2.253821343183517456e-01
2.253663688898086548e-01
2.232172787189483643e-01
2.251429557800292969e-01
2.260579466819763184e-01
2.242339104413986206e-01
2.241852581501007080e-01
2.238223701715469360e-01
2.258118391036987305e-01
2.246432900428771973e-01
2.260664254426956177e-01
2.236635982990264893e-01
2.246847450733184814e-01
2.238900363445281982e-01
2.254548668861389160e-01
2.219069451093673706e-01
2.261108905076980591e-01
2.253900170326232910e-01
2.261276692152023315e-01
2.251154631376266479e-01
2.237127274274826050e-01
2.249270379543304443e-01
2.253433018922805786e-01
2.228480428457260132e-01
2.242539972066879272e-01
2.238259762525558472e-01
2.237277030944824219e-01
2.263803333044052124e-01
2.218487709760665894e-01
2.211776375770568848e-01
2.253243029117584229e-01
2.230782359838485718e-01
2.242283225059509277e-01
2.218939065933227539e-01
2.227062135934829712e-01
2.221776694059371948e-01
2.258191108703613281e-01
2.214830368757247925e-01
2.233363837003707886e-01
2.205587476491928101e-01
2.243988513946533203e-01
2.208887487649917603e-01
2.232520133256912231e-01
2.222794145345687866e-01
2.213506251573562622e-01
2.227045893669128418e-01
2.215216606855392456e-01
2.196460515260696411e-01
2.220183610916137695e-01
2.218210548162460327e-01
2.208996564149856567e-01
2.217526733875274658e-01
2.196738421916961670e-01
2.216017842292785645e-01
2.199668884277343750e-01
2.223401367664337158e-01
2.188596874475479126e-01
2.210297733545303345e-01
2.215505987405776978e-01
2.215428054332733154e-01
2.220439165830612183e-01
2.224484831094741821e-01
2.194544076919555664e-01
2.210625559091567993e-01
2.216103523969650269e-01
2.210669815540313721e-01
2.231277525424957275e-01
2.208785414695739746e-01
2.205484062433242798e-01
2.194920033216476440e-01
2.230791598558425903e-01
2.184865176677703857e-01
2.196021229028701782e-01
2.183247059583663940e-01
2.238884419202804565e-01
2.223049998283386230e-01
2.227771133184432983e-01
2.196029275655746460e-01
2.225655466318130493e-01
2.189372181892395020e-01
2.200494706630706787e-01
2.193322330713272095e-01
2.192841172218322754e-01
2.170703709125518799e-01
2.189843207597732544e-01
2.203274369239807129e-01
2.200956046581268311e-01
2.177589684724807739e-01
2.172704935073852539e-01
2.195206135511398315e-01
2.196093350648880005e-01
2.193267345428466797e-01
2.183761298656463623e-01
2.209798544645309448e-01
2.192115932703018188e-01
2.210798710584640503e-01
2.192198485136032104e-01
2.168392539024353027e-01
2.199440896511077881e-01
2.207040935754776001e-01
2.191165685653686523e-01
2.158241569995880127e-01
2.193311154842376709e-01
2.209977209568023682e-01
2.165205031633377075e-01
2.186870872974395752e-01
2.209103703498840332e-01
2.197095602750778198e-01
2.176708132028579712e-01
2.173628211021423340e-01
2.200278043746948242e-01
2.166994363069534302e-01
2.166138589382171631e-01
2.167605161666870117e-01
2.173027545213699341e-01
2.183431684970855713e-01
2.165135890245437622e-01
2.158382087945938110e-01
2.167994230985641479e-01
2.195785194635391235e-01
2.177774906158447266e-01
2.190189212560653687e-01
2.171661704778671265e-01
2.203885316848754883e-01
2.193349897861480713e-01
2.174384295940399170e-01
2.165024131536483765e-01
2.166155874729156494e-01
2.183446884155273438e-01
2.179622650146484375e-01
2.177003324031829834e-01
2.181813120841979980e-01
2.176846116781234741e-01
2.175929695367813110e-01
2.182603925466537476e-01
2.159900814294815063e-01
2.188429087400436401e-01
2.174047380685806274e-01
2.168474346399307251e-01
2.136930972337722778e-01
2.164809107780456543e-01
2.177604138851165771e-01
2.164854258298873901e-01
2.177723944187164307e-01
2.168623358011245728e-01
2.178124189376831055e-01
2.133481204509735107e-01
2.180394232273101807e-01
2.164176851511001587e-01
2.164959311485290527e-01
2.120419293642044067e-01
2.172254770994186401e-01
2.167280912399291992e-01
2.155482918024063110e-01
2.179792374372482300e-01
2.150273919105529785e-01
2.154787927865982056e-01
2.178498655557632446e-01
2.160196006298065186e-01
2.143129557371139526e-01
2.160703092813491821e-01
2.127905637025833130e-01
2.129677832126617432e-01
2.152506709098815918e-01
2.157788574695587158e-01
2.150497436523437500e-01
2.170545011758804321e-01
2.124807685613632202e-01
2.155088037252426147e-01
2.149350047111511230e-01
2.139215022325515747e-01
2.160172015428543091e-01
2.160423249006271362e-01
2.153335958719253540e-01
2.127106189727783203e-01
2.154787927865982056e-01
2.149336189031600952e-01
2.174557596445083618e-01
2.136990129947662354e-01
2.168048769235610962e-01
2.123936265707015991e-01
2.147659063339233398e-01
2.140791416168212891e-01
2.144574224948883057e-01
2.152294665575027466e-01
2.168288379907608032e-01
2.152925133705139160e-01
2.130444198846817017e-01
2.139944881200790405e-01
2.136266827583312988e-01
2.131824046373367310e-01
2.138292640447616577e-01
2.146666795015335083e-01
2.157596945762634277e-01
2.136364728212356567e-01
2.143180519342422485e-01
2.149930596351623535e-01
2.115476429462432861e-01
2.139652073383331299e-01
2.141405791044235229e-01
2.122082412242889404e-01
2.122912704944610596e-01
2.154430598020553589e-01
2.130388915538787842e-01
2.120086252689361572e-01
2.124923020601272583e-01
2.134343832731246948e-01
2.124950736761093140e-01
2.110063135623931885e-01
2.125082314014434814e-01
2.139513492584228516e-01
2.090762406587600708e-01
2.129373848438262939e-01
2.123335748910903931e-01
2.154840528964996338e-01
2.124725729227066040e-01
2.138106226921081543e-01
2.132315486669540405e-01
2.137433588504791260e-01
2.111300379037857056e-01
2.127435207366943359e-01
2.145870774984359741e-01
2.138302773237228394e-01
2.141569852828979492e-01
2.102423608303070068e-01
2.146626710891723633e-01
2.146624773740768433e-01
2.124764174222946167e-01
2.144365757703781128e-01
2.125112563371658325e-01
2.129990607500076294e-01
2.141869515180587769e-01
2.121252864599227905e-01
2.146540880203247070e-01
2.098477035760879517e-01
2.140635997056961060e-01
2.132076323032379150e-01
2.100153416395187378e-01
2.092029005289077759e-01
2.123686373233795166e-01
2.126341015100479126e-01
2.116533964872360229e-01
2.112353295087814331e-01
2.110376060009002686e-01
2.106292843818664551e-01
2.126549184322357178e-01
2.101280093193054199e-01
2.139331847429275513e-01
2.116373479366302490e-01
2.107531279325485229e-01
2.089029699563980103e-01
2.119375765323638916e-01
2.110677361488342285e-01
2.105846852064132690e-01
2.112357020378112793e-01
2.135877609252929688e-01
2.116593271493911743e-01
2.117874622344970703e-01
2.108078896999359131e-01
2.098750025033950806e-01
2.110774368047714233e-01
2.080926895141601562e-01
2.102185040712356567e-01
2.091172635555267334e-01
2.102688103914260864e-01
2.097368985414505005e-01
2.107902467250823975e-01
2.118556946516036987e-01
2.099012732505798340e-01
2.114595770835876465e-01
2.090039253234863281e-01
2.087408006191253662e-01
2.092846781015396118e-01
2.111568599939346313e-01
2.114384025335311890e-01
2.084312587976455688e-01
2.091622799634933472e-01
2.107599973678588867e-01
2.094137221574783325e-01
2.072987109422683716e-01
2.098402678966522217e-01
2.101094126701354980e-01
2.089536637067794800e-01
2.107871621847152710e-01
2.079553753137588501e-01
2.102940827608108521e-01
2.104575037956237793e-01
2.078640013933181763e-01
2.091921418905258179e-01
2.084055691957473755e-01
2.094747424125671387e-01
2.083531171083450317e-01
2.074348926544189453e-01
2.097893655300140381e-01
2.097688466310501099e-01
2.100182473659515381e-01
2.076380103826522827e-01
2.090066969394683838e-01
2.108822315931320190e-01
2.095940411090850830e-01
2.077921330928802490e-01
2.091587930917739868e-01
2.069714367389678955e-01
2.081079632043838501e-01
2.113056927919387817e-01
2.091742306947708130e-01
2.092772722244262695e-01
2.103035300970077515e-01
2.065646350383758545e-01
2.090343236923217773e-01
2.067963778972625732e-01
2.078221589326858521e-01
2.069879323244094849e-01
2.070277631282806396e-01
2.095284312963485718e-01
2.059454470872879028e-01
2.087002247571945190e-01
2.077732384204864502e-01
2.076566368341445923e-01
2.080850452184677124e-01
2.088325023651123047e-01
2.058844715356826782e-01
2.085258662700653076e-01
2.102635651826858521e-01
2.083608359098434448e-01
2.064254730939865112e-01
2.079854458570480347e-01
2.082922607660293579e-01
2.084292620420455933e-01
2.057786285877227783e-01
2.077821940183639526e-01
2.064459025859832764e-01
2.085676193237304688e-01
2.047536969184875488e-01
2.087986916303634644e-01
2.070272266864776611e-01
2.073354721069335938e-01
2.054844796657562256e-01
2.062130570411682129e-01
2.107942253351211548e-01
2.082226127386093140e-01
2.083034515380859375e-01
2.070563584566116333e-01
2.059230506420135498e-01
2.091634571552276611e-01
2.087022662162780762e-01
2.061323225498199463e-01
2.083376199007034302e-01
2.059825658798217773e-01
2.076801955699920654e-01
2.090110778808593750e-01
2.078659534454345703e-01
2.050477117300033569e-01
2.037277519702911377e-01
2.057139128446578979e-01
2.075185924768447876e-01
2.069597840309143066e-01
2.067352086305618286e-01
2.059689760208129883e-01
2.064328789710998535e-01
2.055601030588150024e-01
2.071750611066818237e-01
2.048583179712295532e-01
2.066907435655593872e-01
2.058946639299392700e-01
2.061611115932464600e-01
2.060927599668502808e-01
2.076753079891204834e-01
2.049177289009094238e-01
2.084506750106811523e-01
2.045582681894302368e-01
2.071010768413543701e-01
2.037182897329330444e-01
2.046702504158020020e-01
2.035965025424957275e-01
2.068668603897094727e-01
2.016986757516860962e-01
2.051148861646652222e-01
2.043646574020385742e-01
2.073568552732467651e-01
2.077150046825408936e-01
2.057957947254180908e-01
2.050946801900863647e-01
2.087942957878112793e-01
2.037884593009948730e-01
2.053212076425552368e-01
2.074813544750213623e-01
2.032679766416549683e-01
2.053197473287582397e-01
2.045032531023025513e-01
2.062124460935592651e-01
2.049465626478195190e-01
2.050090432167053223e-01
2.076444178819656372e-01
2.061678916215896606e-01
2.052733898162841797e-01
2.053358405828475952e-01
2.069931328296661377e-01
2.036927789449691772e-01
2.050519585609436035e-01
2.058786600828170776e-01
2.022057771682739258e-01
2.081281393766403198e-01
2.047520130872726440e-01
2.045585662126541138e-01
2.078247964382171631e-01
2.035364210605621338e-01
2.047585546970367432e-01
2.054414004087448120e-01
2.059924751520156860e-01
2.060511708259582520e-01
2.038046568632125854e-01
2.026620358228683472e-01
2.039005607366561890e-01
2.057408094406127930e-01
2.051530480384826660e-01
2.034468501806259155e-01
2.025374621152877808e-01
2.049425989389419556e-01
2.030147016048431396e-01
2.042316198348999023e-01
2.049933224916458130e-01
2.046196460723876953e-01
2.046534419059753418e-01
2.054294943809509277e-01
2.031633853912353516e-01
2.043471187353134155e-01
2.033272236585617065e-01
2.032854557037353516e-01
2.044263035058975220e-01
2.025981545448303223e-01
2.018463462591171265e-01
2.034212797880172729e-01
2.028077244758605957e-01
2.032343894243240356e-01
2.072552740573883057e-01
2.024890631437301636e-01
2.028668969869613647e-01
2.024341523647308350e-01
2.034459114074707031e-01
2.036287635564804077e-01
2.030286788940429688e-01
2.023329436779022217e-01
2.020213156938552856e-01
2.018098086118698120e-01
2.036995887756347656e-01
2.011821419000625610e-01
2.030943930149078369e-01
2.040777802467346191e-01
2.038530856370925903e-01
2.013349831104278564e-01
2.017319202423095703e-01
2.038808315992355347e-01
2.022213190793991089e-01
2.027426958084106445e-01
2.014866620302200317e-01
2.019521296024322510e-01
2.027461081743240356e-01
2.054183781147003174e-01
1.988723129034042358e-01
2.025540471076965332e-01
2.028539925813674927e-01
2.030959576368331909e-01
2.036258280277252197e-01
2.023863643407821655e-01
2.020000517368316650e-01
2.020451277494430542e-01
2.022967785596847534e-01
2.024408429861068726e-01
2.019650787115097046e-01
2.032574266195297241e-01
2.023632079362869263e-01
2.012670636177062988e-01
2.001594752073287964e-01
2.020613998174667358e-01
2.014992237091064453e-01
2.011675536632537842e-01
2.029909938573837280e-01
2.002699524164199829e-01
2.008944451808929443e-01
2.025087922811508179e-01
2.001835405826568604e-01
2.027914226055145264e-01
2.025457322597503662e-01
2.002961188554763794e-01
2.032254785299301147e-01
2.015718817710876465e-01
2.019637078046798706e-01
2.016097307205200195e-01
2.012604922056198120e-01
2.005936801433563232e-01
2.038152664899826050e-01
2.018424123525619507e-01
2.018238455057144165e-01
2.039356678724288940e-01
2.006925940513610840e-01
2.021180093288421631e-01
1.966349631547927856e-01
1.987303793430328369e-01
2.027767747640609741e-01
2.008831650018692017e-01
2.021188288927078247e-01
2.005952000617980957e-01
2.008484005928039551e-01
2.017051726579666138e-01
2.001954019069671631e-01
2.019147425889968872e-01
1.976483315229415894e-01
2.001615315675735474e-01
2.016156017780303955e-01
1.993701010942459106e-01
1.998636126518249512e-01
1.982708722352981567e-01
2.028459608554840088e-01
1.986065357923507690e-01
2.009261101484298706e-01
2.003293782472610474e-01
2.004309296607971191e-01
2.008626312017440796e-01
2.010859847068786621e-01
1.992083340883255005e-01
2.031891345977783203e-01
1.975886076688766479e-01
2.021510899066925049e-01
1.997728645801544189e-01
2.005168944597244263e-01
2.004697322845458984e-01
2.038556635379791260e-01
2.015914022922515869e-01
1.999814063310623169e-01
2.005068510770797729e-01
2.008640915155410767e-01
2.016486525535583496e-01
2.005432546138763428e-01
1.972842067480087280e-01
1.982069015502929688e-01
1.967000365257263184e-01
2.023004889488220215e-01
2.000978440046310425e-01
2.022959738969802856e-01
1.994685083627700806e-01
2.000376135110855103e-01
2.016422450542449951e-01
1.980399489402770996e-01
1.988928467035293579e-01
1.980486661195755005e-01
2.003151327371597290e-01
1.991947442293167114e-01
1.975073367357254028e-01
1.990030556917190552e-01
1.993672549724578857e-01
1.976436674594879150e-01
1.999656409025192261e-01
1.983392387628555298e-01
1.982818394899368286e-01
1.942662298679351807e-01
1.982813626527786255e-01
2.004307508468627930e-01
1.988201141357421875e-01
1.943927109241485596e-01
1.992018222808837891e-01
1.998368501663208008e-01
1.975031048059463501e-01
1.967331320047378540e-01
1.996607482433319092e-01
1.998046189546585083e-01
1.951259523630142212e-01
1.988441199064254761e-01
1.945150792598724365e-01
1.964359432458877563e-01
2.015803158283233643e-01
1.999636143445968628e-01
1.971613615751266479e-01
1.995801925659179688e-01
1.949900388717651367e-01
1.980309337377548218e-01
1.987887173891067505e-01
1.991761922836303711e-01
1.943963766098022461e-01
1.965986192226409912e-01
1.994511336088180542e-01
1.974607259035110474e-01
1.973466426134109497e-01
2.002409547567367554e-01
1.975383013486862183e-01
1.973855197429656982e-01
1.990126073360443115e-01
1.993421465158462524e-01
1.976516842842102051e-01
1.986468285322189331e-01
1.966953426599502563e-01
1.967512369155883789e-01
1.971254199743270874e-01
1.999645233154296875e-01
1.988680362701416016e-01
1.979835629463195801e-01
1.997707337141036987e-01
2.004315555095672607e-01
1.984897702932357788e-01
1.981128752231597900e-01
1.994725465774536133e-01
1.938566118478775024e-01
1.958689689636230469e-01
1.989811956882476807e-01
1.968597024679183960e-01
1.947134137153625488e-01
1.964329779148101807e-01
1.990112066268920898e-01
1.982139796018600464e-01
1.943591237068176270e-01
1.961048990488052368e-01
1.944457739591598511e-01
1.964637488126754761e-01
1.973662227392196655e-01
1.964971870183944702e-01
1.936742961406707764e-01
1.986624002456665039e-01
1.969651579856872559e-01
1.985805779695510864e-01
1.972662210464477539e-01
1.984269767999649048e-01
1.964402049779891968e-01
1.965697854757308960e-01
1.954294890165328979e-01
1.954366266727447510e-01
1.962024122476577759e-01
1.953017562627792358e-01
1.955140531063079834e-01
1.965147852897644043e-01
1.970231682062149048e-01
1.966481953859329224e-01
1.959426999092102051e-01
1.951534897089004517e-01
1.955087482929229736e-01
1.948053687810897827e-01
1.958546638488769531e-01
1.962442398071289062e-01
1.950212568044662476e-01
1.935525238513946533e-01
1.961684077978134155e-01
1.939767301082611084e-01
1.947657465934753418e-01
1.942105442285537720e-01
1.970969140529632568e-01
1.939397752285003662e-01
1.960278004407882690e-01
1.965989172458648682e-01
1.931953430175781250e-01
1.967347264289855957e-01
1.937704682350158691e-01
1.951839178800582886e-01
1.936477869749069214e-01
1.981056630611419678e-01
1.934330165386199951e-01
1.959910094738006592e-01
2.002514749765396118e-01
1.952580809593200684e-01
1.929231435060501099e-01
1.990278512239456177e-01
1.967016756534576416e-01
1.960718780755996704e-01
1.951702535152435303e-01
1.947306245565414429e-01
1.939402073621749878e-01
1.961194723844528198e-01
1.955405473709106445e-01
1.949953436851501465e-01
1.967394351959228516e-01
1.966003030538558960e-01
1.967869400978088379e-01
1.952404081821441650e-01
1.985669136047363281e-01
1.930904686450958252e-01
1.922453939914703369e-01
1.963126957416534424e-01
1.957250535488128662e-01
1.952581703662872314e-01
1.957936882972717285e-01
1.959989666938781738e-01
1.945002824068069458e-01
1.938717961311340332e-01
1.953204274177551270e-01
1.952837854623794556e-01
1.957865953445434570e-01
1.943885684013366699e-01
1.950091868638992310e-01
1.966674327850341797e-01
1.963268965482711792e-01
1.927969604730606079e-01
1.941178441047668457e-01
1.958825141191482544e-01
1.954260021448135376e-01
1.940492689609527588e-01
1.930364519357681274e-01
1.931856870651245117e-01
1.940278261899948120e-01
1.954642534255981445e-01
1.930720061063766479e-01
1.947518587112426758e-01
1.930596828460693359e-01
1.954603195190429688e-01
1.962200552225112915e-01
1.958643198013305664e-01
1.967298835515975952e-01
1.918973922729492188e-01
1.941128075122833252e-01
1.963315010070800781e-01
1.941473335027694702e-01
1.942100077867507935e-01
1.949681341648101807e-01
1.945584267377853394e-01
1.928399801254272461e-01
1.929994374513626099e-01
1.941372156143188477e-01
1.920878738164901733e-01
1.936694830656051636e-01
1.936279088258743286e-01
1.923664361238479614e-01
1.934010833501815796e-01
1.961016654968261719e-01
1.955274045467376709e-01
1.921602785587310791e-01
1.924198716878890991e-01
1.950866430997848511e-01
1.925206184387207031e-01
1.966774016618728638e-01
1.936801970005035400e-01
1.935015469789505005e-01
1.939534544944763184e-01
1.937080770730972290e-01
1.929308027029037476e-01
1.913220733404159546e-01
1.925828158855438232e-01
1.942621320486068726e-01
1.951833665370941162e-01
1.941121667623519897e-01
1.918023079633712769e-01
1.948450058698654175e-01
1.927112489938735962e-01
1.950937360525131226e-01
1.928484737873077393e-01
1.919112652540206909e-01
1.941816061735153198e-01
1.941464096307754517e-01
1.925374418497085571e-01
1.930246055126190186e-01
1.943335682153701782e-01
1.916509270668029785e-01
1.892190128564834595e-01
1.924387365579605103e-01
1.908234208822250366e-01
1.894688159227371216e-01
