7.142552894353866311e-01
3.631837698817252935e-01
3.051082077622413458e-01
2.826406146585941359e-01
2.544009135663509169e-01
2.252969606220722176e-01
2.238496793061494905e-01
2.108247607946395763e-01
2.080816265195608028e-01
1.890857367217540774e-01
1.776479078829288349e-01
1.885201179981231823e-01
1.773100530356168658e-01
1.724116985499858923e-01
1.763033511489629779e-01
1.841147061437368448e-01
1.754492543637752588e-01
1.733217658847570342e-01
1.571015784889459588e-01
1.544993904232978832e-01
1.529799319803714641e-01
1.586510003358125587e-01
1.575316593050956615e-01
1.513197738677263260e-01
1.622651826590299495e-01
1.524170888960361403e-01
1.552861323952674788e-01
1.392767106741666927e-01
1.328366114944219689e-01
1.418653856590390283e-01
1.406571800634265068e-01
1.497403143346309751e-01
1.450853102654218740e-01
1.529678266495466121e-01
1.405412977933883645e-01
1.398021808266639576e-01
1.290333360433578436e-01
1.283504217863082886e-01
1.362023902684450227e-01
1.278362270817160473e-01
1.276815615594387165e-01
1.353962001949548799e-01
1.321594146639108736e-01
1.319565275683999006e-01
1.336108646169304748e-01
1.659115839749574772e-01
1.748043116927146812e-01
1.625711267068982169e-01
1.538486170023679600e-01
1.587820069119334210e-01
1.625922184810042470e-01
1.629335547238588422e-01
1.676367231830954430e-01
1.497031732276082050e-01
1.182600534707307777e-01
1.269396762549877267e-01
1.118365062400698690e-01
1.138663738220930116e-01
1.145934222824871590e-01
1.138231848180294020e-01
1.153823989536613276e-01
1.148595502041280247e-01
1.108568863570690149e-01
7.477515268139540983e-02
8.193382508121431484e-02
9.335686316713691368e-02
9.392509860917926112e-02
8.710016172379254906e-02
1.001565626449883034e-01
8.991829121485352128e-02
9.191186265088617524e-02
9.225405760109424425e-02
7.177075395360589527e-02
6.190412167459726639e-02
7.860209962818771878e-02
6.574633277952671162e-02
6.605632613878696657e-02
7.706716382876038773e-02
8.248429930768906571e-02
7.518722941167652052e-02
7.380169397220015526e-02
4.425455598626285708e-02
4.875097181182354994e-02
5.049863766413181798e-02
5.474940582993439997e-02
6.603875707136466766e-02
5.905159044079482528e-02
6.023784226737916719e-02
6.218133591581136155e-02
7.191207948140800055e-02
5.101579535752534533e-02
4.772220393118914439e-02
3.957660194253549008e-02
4.282146712881512718e-02
4.433545155450701464e-02
4.744786533643491344e-02
5.098123076837510204e-02
4.965699349995702366e-02
4.945117796305566887e-02
3.671228931518271538e-02
4.317496376927010965e-02
4.341143633471802182e-02
3.948825708124786837e-02
4.281617979169823063e-02
4.176349825400393206e-02
4.186837410292355149e-02
4.833427875302732241e-02
5.604224228998646445e-02
3.411975910770706499e-02
3.669269541511312183e-02
4.075681278598494717e-02
3.954448806354775997e-02
3.364583374990615799e-02
3.274522512219846249e-02
4.512565055862069463e-02
4.177901286864653396e-02
4.175989039242267858e-02
3.734625848039286461e-02
3.387911972356959928e-02
2.288285269343759767e-02
2.736345573066500947e-02
2.619390756706707277e-02
3.691284604166867461e-02
3.942332024918868832e-02
3.371713510830886412e-02
4.730669624172151311e-02
2.987668347777798841e-02
2.883867448603268796e-02
2.599593464226927775e-02
3.260349640622735301e-02
3.662745778623502368e-02
2.620352286496199778e-02
2.968452334782341329e-02
4.073484703461872219e-02
4.342648458899930203e-02
