7.631209492683410645e-01
7.557904124259948730e-01
7.479327917098999023e-01
7.415441274642944336e-01
7.347513437271118164e-01
7.261226773262023926e-01
7.188846468925476074e-01
7.073360085487365723e-01
6.974492669105529785e-01
6.824843287467956543e-01
6.665326356887817383e-01
6.494550704956054688e-01
6.319705843925476074e-01
6.125549077987670898e-01
5.868898034095764160e-01
5.672022104263305664e-01
5.379760265350341797e-01
5.131794214248657227e-01
4.850146174430847168e-01
4.582904577255249023e-01
4.319126605987548828e-01
4.073380529880523682e-01
3.814437687397003174e-01
3.554719984531402588e-01
3.581359088420867920e-01
3.421788513660430908e-01
3.527107834815979004e-01
3.366692066192626953e-01
3.181704580783843994e-01
3.339418768882751465e-01
3.193301856517791748e-01
3.058509826660156250e-01
3.245710134506225586e-01
2.849667072296142578e-01
2.569539844989776611e-01
2.587389051914215088e-01
2.559965252876281738e-01
2.460973411798477173e-01
2.538873255252838135e-01
2.441325336694717407e-01
2.470055520534515381e-01
2.418441474437713623e-01
2.425104379653930664e-01
2.433737963438034058e-01
2.403850257396697998e-01
2.451747059822082520e-01
2.317344248294830322e-01
2.230422496795654297e-01
2.184310704469680786e-01
2.284779399633407593e-01
2.122709155082702637e-01
2.177859395742416382e-01
2.196577191352844238e-01
2.152808308601379395e-01
2.087179571390151978e-01
2.025380283594131470e-01
2.054687738418579102e-01
2.029526680707931519e-01
2.014920115470886230e-01
2.000222355127334595e-01
1.984656006097793579e-01
1.923449486494064331e-01
2.064456790685653687e-01
1.907096356153488159e-01
1.896978318691253662e-01
1.908783763647079468e-01
1.934780627489089966e-01
1.858486086130142212e-01
1.850352585315704346e-01
1.827187240123748779e-01
1.834480762481689453e-01
1.831683665513992310e-01
1.834163069725036621e-01
1.785403341054916382e-01
1.800453960895538330e-01
1.736187040805816650e-01
1.810869574546813965e-01
1.752771586179733276e-01
1.723284721374511719e-01
1.729297935962677002e-01
1.731638759374618530e-01
1.697454452514648438e-01
1.695705205202102661e-01
1.681232303380966187e-01
1.649160832166671753e-01
1.660028994083404541e-01
1.667349040508270264e-01
1.664348840713500977e-01
1.618191152811050415e-01
1.613081991672515869e-01
1.649902611970901489e-01
1.596333980560302734e-01
1.599868834018707275e-01
1.563967317342758179e-01
1.594839990139007568e-01
1.539144515991210938e-01
1.568450182676315308e-01
1.535308957099914551e-01
1.548255383968353271e-01
1.572245061397552490e-01
1.531634330749511719e-01
1.519719958305358887e-01
1.525525450706481934e-01
1.505851447582244873e-01
1.487586349248886108e-01
1.483169496059417725e-01
1.443751454353332520e-01
1.478544771671295166e-01
1.475680768489837646e-01
1.484781801700592041e-01
1.441714763641357422e-01
1.420894265174865723e-01
1.467397511005401611e-01
1.458040922880172729e-01
1.412409693002700806e-01
1.445583403110504150e-01
1.437212377786636353e-01
1.390600502490997314e-01
1.403729617595672607e-01
1.368383318185806274e-01
1.393494307994842529e-01
1.363511383533477783e-01
1.360665559768676758e-01
1.367087513208389282e-01
1.361072808504104614e-01
1.364562809467315674e-01
1.356732398271560669e-01
1.395483314990997314e-01
1.319973766803741455e-01
1.342503726482391357e-01
1.317164897918701172e-01
1.331938207149505615e-01
1.323370635509490967e-01
1.299659311771392822e-01
1.308547258377075195e-01
1.272495090961456299e-01
1.270734965801239014e-01
1.273805052042007446e-01
1.288157552480697632e-01
1.270586699247360229e-01
1.282431483268737793e-01
1.276608109474182129e-01
1.269849985837936401e-01
1.241457834839820862e-01
1.250722408294677734e-01
1.251580566167831421e-01
1.248446851968765259e-01
1.232770979404449463e-01
1.225671321153640747e-01
1.222798824310302734e-01
1.220005303621292114e-01
1.217478215694427490e-01
1.226202249526977539e-01
1.232725679874420166e-01
1.179739981889724731e-01
1.181106269359588623e-01
1.212065815925598145e-01
1.186330243945121765e-01
1.191560924053192139e-01
1.164166554808616638e-01
1.171716898679733276e-01
1.178360134363174438e-01
1.156994625926017761e-01
1.157244294881820679e-01
1.147885248064994812e-01
1.143754273653030396e-01
1.148279830813407898e-01
1.146148443222045898e-01
1.144385188817977905e-01
1.138126626610755920e-01
1.106822341680526733e-01
1.133202016353607178e-01
1.114275082945823669e-01
1.099476516246795654e-01
1.096476465463638306e-01
1.081585437059402466e-01
1.090586930513381958e-01
1.088134050369262695e-01
1.083020865917205811e-01
1.096780002117156982e-01
1.098629832267761230e-01
1.104968339204788208e-01
1.071522086858749390e-01
1.063941717147827148e-01
1.068361252546310425e-01
1.066339090466499329e-01
1.063856780529022217e-01
1.041742190718650818e-01
1.064400002360343933e-01
1.046739220619201660e-01
1.056724935770034790e-01
1.046088114380836487e-01
1.027821451425552368e-01
1.038876771926879883e-01
1.038839817047119141e-01
1.022542268037796021e-01
1.041240766644477844e-01
1.017344295978546143e-01
1.013166457414627075e-01
1.022808104753494263e-01
1.010629832744598389e-01
1.013336032629013062e-01
1.014701575040817261e-01
9.957367181777954102e-02
9.828955680131912231e-02
9.818854928016662598e-02
9.867978096008300781e-02
9.817959368228912354e-02
9.947627037763595581e-02
9.736758470535278320e-02
9.697321057319641113e-02
9.650206565856933594e-02
9.733146429061889648e-02
9.481258690357208252e-02
9.646525233983993530e-02
9.726468473672866821e-02
9.649945795536041260e-02
9.716726839542388916e-02
9.806630760431289673e-02
9.450065344572067261e-02
9.403017163276672363e-02
9.449462592601776123e-02
9.409351646900177002e-02
9.487225115299224854e-02
9.465543925762176514e-02
9.324227273464202881e-02
9.306314587593078613e-02
9.182947129011154175e-02
9.420324862003326416e-02
9.349989145994186401e-02
9.202934801578521729e-02
9.208402782678604126e-02
9.281599521636962891e-02
9.284277260303497314e-02
9.197916835546493530e-02
9.019095450639724731e-02
9.036426246166229248e-02
8.980113267898559570e-02
9.090383350849151611e-02
9.158346056938171387e-02
8.903038501739501953e-02
8.881312608718872070e-02
9.002863615751266479e-02
8.992668986320495605e-02
8.876103162765502930e-02
8.910967409610748291e-02
8.946408331394195557e-02
8.857499808073043823e-02
8.876438438892364502e-02
8.613461256027221680e-02
8.711257576942443848e-02
8.786427229642868042e-02
8.725339174270629883e-02
8.705645799636840820e-02
8.658039569854736328e-02
8.866027742624282837e-02
8.575476706027984619e-02
8.616011589765548706e-02
8.568285405635833740e-02
8.570399880409240723e-02
8.485327661037445068e-02
8.619587123394012451e-02
8.464819192886352539e-02
8.355581015348434448e-02
8.448947966098785400e-02
8.396127074956893921e-02
8.493070304393768311e-02
8.268838375806808472e-02
8.305929601192474365e-02
8.274218440055847168e-02
8.356283605098724365e-02
8.269720524549484253e-02
8.564092218875885010e-02
8.247673511505126953e-02
8.265510201454162598e-02
8.130299299955368042e-02
8.006560802459716797e-02
8.199070394039154053e-02
8.021415770053863525e-02
8.121125400066375732e-02
8.274771273136138916e-02
8.302610367536544800e-02
8.149555325508117676e-02
8.056700229644775391e-02
8.055480569601058960e-02
7.886381447315216064e-02
7.961091399192810059e-02
8.019439131021499634e-02
8.055435121059417725e-02
8.006674051284790039e-02
8.014530688524246216e-02
7.825390249490737915e-02
8.053875714540481567e-02
7.929418981075286865e-02
7.859489321708679199e-02
7.831270992755889893e-02
7.700457423925399780e-02
7.718773931264877319e-02
8.088545501232147217e-02
7.679447531700134277e-02
7.808545231819152832e-02
7.601508498191833496e-02
7.714873552322387695e-02
7.598635554313659668e-02
7.733628898859024048e-02
7.761459797620773315e-02
7.699872553348541260e-02
7.645538449287414551e-02
7.730735838413238525e-02
7.556661963462829590e-02
7.696239650249481201e-02
7.570885866880416870e-02
7.554891705513000488e-02
7.406814396381378174e-02
7.479282468557357788e-02
7.948710024356842041e-02
7.409322261810302734e-02
7.461497932672500610e-02
7.368953526020050049e-02
7.395166158676147461e-02
7.317522913217544556e-02
7.436672598123550415e-02
7.279264926910400391e-02
7.474907487630844116e-02
7.308118045330047607e-02
7.377276569604873657e-02
7.357510924339294434e-02
7.302343100309371948e-02
7.397893071174621582e-02
7.251412421464920044e-02
7.283106446266174316e-02
7.300525903701782227e-02
7.265376299619674683e-02
7.180732488632202148e-02
7.126782834529876709e-02
7.223066687583923340e-02
7.114486396312713623e-02
7.315800338983535767e-02
7.082211971282958984e-02
7.145038992166519165e-02
7.200304418802261353e-02
7.134000211954116821e-02
7.048673927783966064e-02
7.150536775588989258e-02
7.152263820171356201e-02
7.192859053611755371e-02
6.980200111865997314e-02
7.440017908811569214e-02
7.010968774557113647e-02
6.969732046127319336e-02
7.175164669752120972e-02
7.107536494731903076e-02
7.095995545387268066e-02
6.930618733167648315e-02
7.045898586511611938e-02
7.020247727632522583e-02
6.918306648731231689e-02
6.914000213146209717e-02
6.954482197761535645e-02
7.108156383037567139e-02
6.967379897832870483e-02
6.932991743087768555e-02
6.928712129592895508e-02
6.802358478307723999e-02
6.928458809852600098e-02
6.886912137269973755e-02
6.774758547544479370e-02
7.178667932748794556e-02
6.851943582296371460e-02
6.823751330375671387e-02
6.940117478370666504e-02
6.740787625312805176e-02
6.716869026422500610e-02
6.797641515731811523e-02
6.765314191579818726e-02
6.761556118726730347e-02
6.765066087245941162e-02
6.751496344804763794e-02
6.739921867847442627e-02
6.820251047611236572e-02
6.755132973194122314e-02
6.652912497520446777e-02
6.653955578804016113e-02
6.703273206949234009e-02
6.677045673131942749e-02
6.734605133533477783e-02
6.564100086688995361e-02
6.600743532180786133e-02
6.628567725419998169e-02
6.514152139425277710e-02
6.610477715730667114e-02
6.653017550706863403e-02
6.521807610988616943e-02
6.551351398229598999e-02
6.585725396871566772e-02
6.524298340082168579e-02
6.671185791492462158e-02
6.587907671928405762e-02
6.403419375419616699e-02
6.692124158143997192e-02
6.482171267271041870e-02
6.528482586145401001e-02
6.493686139583587646e-02
6.449627876281738281e-02
6.451494991779327393e-02
6.432658433914184570e-02
6.475038826465606689e-02
6.549967080354690552e-02
6.378488987684249878e-02
6.379580497741699219e-02
6.376519054174423218e-02
6.371108442544937134e-02
6.504217535257339478e-02
6.373423337936401367e-02
6.579052656888961792e-02
6.367244571447372437e-02
6.282396614551544189e-02
6.286045163869857788e-02
6.264284998178482056e-02
6.210284680128097534e-02
6.299678981304168701e-02
6.336006522178649902e-02
6.256493180990219116e-02
6.252971291542053223e-02
6.212542951107025146e-02
6.313063949346542358e-02
6.413353234529495239e-02
6.255874037742614746e-02
6.249725818634033203e-02
6.128219142556190491e-02
6.215952336788177490e-02
6.185904890298843384e-02
6.209439411759376526e-02
6.145329773426055908e-02
6.157524883747100830e-02
6.213849782943725586e-02
6.100971251726150513e-02
6.183460354804992676e-02
6.174284219741821289e-02
6.188793480396270752e-02
6.202090159058570862e-02
6.174996867775917053e-02
6.132284551858901978e-02
6.164137274026870728e-02
6.010749563574790955e-02
6.051117926836013794e-02
6.196098402142524719e-02
6.114364042878150940e-02
6.056133285164833069e-02
6.107179075479507446e-02
5.928670614957809448e-02
5.943474546074867249e-02
6.062257662415504456e-02
6.035705655813217163e-02
6.064099073410034180e-02
6.067059561610221863e-02
6.088001281023025513e-02
5.892947316169738770e-02
6.002428382635116577e-02
6.111259385943412781e-02
5.912209302186965942e-02
6.069718301296234131e-02
6.067866086959838867e-02
6.009390205144882202e-02
5.885696411132812500e-02
5.895990133285522461e-02
6.003556400537490845e-02
5.922071263194084167e-02
5.930218100547790527e-02
6.015852466225624084e-02
5.888231843709945679e-02
5.864082276821136475e-02
5.861564725637435913e-02
5.918163061141967773e-02
5.798222869634628296e-02
5.918321385979652405e-02
5.945049226284027100e-02
5.951402336359024048e-02
5.986258387565612793e-02
5.805420875549316406e-02
5.892227217555046082e-02
5.833371728658676147e-02
5.876906961202621460e-02
5.876394733786582947e-02
5.731946974992752075e-02
5.865940451622009277e-02
5.779549479484558105e-02
5.846603214740753174e-02
5.870385840535163879e-02
5.851984769105911255e-02
5.883465334773063660e-02
5.874525755643844604e-02
5.785737186670303345e-02
5.731475353240966797e-02
5.729025602340698242e-02
5.806227400898933411e-02
5.948824062943458557e-02
5.780015140771865845e-02
5.808819830417633057e-02
5.698082223534584045e-02
5.671721696853637695e-02
5.734393000602722168e-02
5.824244022369384766e-02
5.669343471527099609e-02
5.731749907135963440e-02
5.731196701526641846e-02
5.643014237284660339e-02
5.746048316359519958e-02
5.779070407152175903e-02
5.676015466451644897e-02
5.675636231899261475e-02
5.709338560700416565e-02
5.645686015486717224e-02
5.601763352751731873e-02
5.584695935249328613e-02
5.646377056837081909e-02
5.621165782213211060e-02
5.635542050004005432e-02
5.580279976129531860e-02
5.527499318122863770e-02
5.610275268554687500e-02
5.561342090368270874e-02
5.670684203505516052e-02
5.639234185218811035e-02
5.541089177131652832e-02
5.599785596132278442e-02
5.588299408555030823e-02
5.497528612613677979e-02
5.528613924980163574e-02
5.566055327653884888e-02
5.569177120923995972e-02
5.554042384028434753e-02
5.584346503019332886e-02
5.540812015533447266e-02
5.459819734096527100e-02
5.496394634246826172e-02
5.596835911273956299e-02
5.537636205554008484e-02
5.502602830529212952e-02
5.520262569189071655e-02
5.579873919486999512e-02
5.481204763054847717e-02
5.606029927730560303e-02
5.596365779638290405e-02
5.447533726692199707e-02
5.532044917345046997e-02
5.445545539259910583e-02
5.503348261117935181e-02
5.597086995840072632e-02
5.450169742107391357e-02
5.461732298135757446e-02
5.503852292895317078e-02
5.491850525140762329e-02
5.385421961545944214e-02
5.531531199812889099e-02
5.414890497922897339e-02
5.384428426623344421e-02
5.602493882179260254e-02
5.534692108631134033e-02
5.482620373368263245e-02
5.388777703046798706e-02
5.435792356729507446e-02
5.509244278073310852e-02
5.313613265752792358e-02
5.432729423046112061e-02
5.410699546337127686e-02
5.329413712024688721e-02
5.346270650625228882e-02
5.376867577433586121e-02
5.331853032112121582e-02
5.390162765979766846e-02
5.296439677476882935e-02
5.396037548780441284e-02
5.350488424301147461e-02
5.286419391632080078e-02
5.424259603023529053e-02
5.410557240247726440e-02
5.259790271520614624e-02
5.323913693428039551e-02
5.252234637737274170e-02
5.337704718112945557e-02
5.354335531592369080e-02
5.318315699696540833e-02
5.397876724600791931e-02
5.357086285948753357e-02
5.269671604037284851e-02
5.283074826002120972e-02
5.303753167390823364e-02
5.333311110734939575e-02
5.226904898881912231e-02
5.292608588933944702e-02
5.363542586565017700e-02
5.368964001536369324e-02
5.284419283270835876e-02
5.311553925275802612e-02
5.258890241384506226e-02
5.323810130357742310e-02
5.284536257386207581e-02
5.282324552536010742e-02
5.233839899301528931e-02
5.223567783832550049e-02
5.250934511423110962e-02
5.297555029392242432e-02
5.306046083569526672e-02
5.285555869340896606e-02
5.228193104267120361e-02
5.255832523107528687e-02
5.154706165194511414e-02
5.205583572387695312e-02
5.200294405221939087e-02
5.323563516139984131e-02
5.240230634808540344e-02
5.188400298357009888e-02
5.255545675754547119e-02
5.231704935431480408e-02
5.229125544428825378e-02
5.220700800418853760e-02
5.254034698009490967e-02
5.184256285429000854e-02
5.188898742198944092e-02
5.216190963983535767e-02
5.179969221353530884e-02
5.206117033958435059e-02
5.271529033780097961e-02
5.199543759226799011e-02
5.303330719470977783e-02
5.099213123321533203e-02
5.172126740217208862e-02
5.139069259166717529e-02
5.194437503814697266e-02
5.291726440191268921e-02
5.150916427373886108e-02
5.255443975329399109e-02
5.219847708940505981e-02
5.143110454082489014e-02
5.213561654090881348e-02
5.068184435367584229e-02
5.156637728214263916e-02
5.109883844852447510e-02
5.192594975233078003e-02
5.077618360519409180e-02
5.212858319282531738e-02
5.120347440242767334e-02
5.102098360657691956e-02
5.097505822777748108e-02
5.078144371509552002e-02
5.122636258602142334e-02
5.182464793324470520e-02
5.214099213480949402e-02
5.081640183925628662e-02
5.137839913368225098e-02
5.115031450986862183e-02
4.989197850227355957e-02
5.076679214835166931e-02
5.117414146661758423e-02
5.153290927410125732e-02
5.203254893422126770e-02
5.102798715233802795e-02
5.121539533138275146e-02
5.040175467729568481e-02
5.101722478866577148e-02
5.120878666639328003e-02
5.050830543041229248e-02
5.160582065582275391e-02
5.069386214017868042e-02
5.003222078084945679e-02
5.099304392933845520e-02
5.033429712057113647e-02
5.006356537342071533e-02
5.077613517642021179e-02
5.042415112257003784e-02
5.112994834780693054e-02
5.081421136856079102e-02
5.076679587364196777e-02
5.096533149480819702e-02
5.072854459285736084e-02
5.178524553775787354e-02
5.042858421802520752e-02
5.014399439096450806e-02
5.043554678559303284e-02
5.060524865984916687e-02
5.059609562158584595e-02
4.991038888692855835e-02
4.993737116456031799e-02
4.965281486511230469e-02
4.973503574728965759e-02
5.013889074325561523e-02
5.068304389715194702e-02
5.116070061922073364e-02
5.003014206886291504e-02
5.002778768539428711e-02
4.962486773729324341e-02
4.942242801189422607e-02
5.063782259821891785e-02
4.961116239428520203e-02
5.006723850965499878e-02
4.955941438674926758e-02
5.011873692274093628e-02
5.053598061203956604e-02
4.992045462131500244e-02
5.055513605475425720e-02
5.000216513872146606e-02
4.935129731893539429e-02
5.062273144721984863e-02
4.941241815686225891e-02
4.945962876081466675e-02
4.903022944927215576e-02
4.970862716436386108e-02
5.038591846823692322e-02
4.862826317548751831e-02
4.964125901460647583e-02
4.954090341925621033e-02
5.062025785446166992e-02
4.952845722436904907e-02
4.914450645446777344e-02
5.020786076784133911e-02
4.899505525827407837e-02
4.918227717280387878e-02
4.967530816793441772e-02
4.998277872800827026e-02
4.928715527057647705e-02
5.010798200964927673e-02
4.929021000862121582e-02
4.944623261690139771e-02
4.974319040775299072e-02
4.969242215156555176e-02
4.889357835054397583e-02
4.932089895009994507e-02
4.960739612579345703e-02
4.874170571565628052e-02
4.933946207165718079e-02
4.989746585488319397e-02
4.912950843572616577e-02
5.025715753436088562e-02
4.907713830471038818e-02
4.915978014469146729e-02
4.929400235414505005e-02
4.812166094779968262e-02
4.947193711996078491e-02
4.864721000194549561e-02
4.953050613403320312e-02
4.953949898481369019e-02
4.843311756849288940e-02
4.967498406767845154e-02
4.857750236988067627e-02
4.839661717414855957e-02
4.886819422245025635e-02
4.906174540519714355e-02
4.955863207578659058e-02
4.912212491035461426e-02
4.919982329010963440e-02
4.926527291536331177e-02
4.862945154309272766e-02
4.866540804505348206e-02
4.963558912277221680e-02
4.801154136657714844e-02
4.829387739300727844e-02
4.847854375839233398e-02
5.041922256350517273e-02
4.818855226039886475e-02
4.885054379701614380e-02
4.865985736250877380e-02
4.929526522755622864e-02
4.832422733306884766e-02
4.892341792583465576e-02
4.909158125519752502e-02
4.875735938549041748e-02
4.825615137815475464e-02
5.024553090333938599e-02
4.840007424354553223e-02
4.824050143361091614e-02
4.881677404046058655e-02
4.875861108303070068e-02
4.841358959674835205e-02
4.802668094635009766e-02
4.853053390979766846e-02
4.793506115674972534e-02
4.791616648435592651e-02
4.846706986427307129e-02
4.890859872102737427e-02
4.836621880531311035e-02
4.774966835975646973e-02
4.867732524871826172e-02
4.794553667306900024e-02
4.851387813687324524e-02
4.750487208366394043e-02
4.891355335712432861e-02
4.946036636829376221e-02
4.792346805334091187e-02
4.825614765286445618e-02
4.796056449413299561e-02
4.884028434753417969e-02
4.844064638018608093e-02
4.817901551723480225e-02
4.810706153512001038e-02
4.793896526098251343e-02
4.803997278213500977e-02
4.784439131617546082e-02
4.774762317538261414e-02
4.767083376646041870e-02
4.826738685369491577e-02
4.774408787488937378e-02
4.824235290288925171e-02
4.732656478881835938e-02
4.775931686162948608e-02
4.789597541093826294e-02
4.791420325636863708e-02
4.821025580167770386e-02
4.823303222656250000e-02
4.751489311456680298e-02
4.755550622940063477e-02
4.851821810007095337e-02
4.796076565980911255e-02
4.765494167804718018e-02
4.702843725681304932e-02
4.826013743877410889e-02
4.767326265573501587e-02
4.711455106735229492e-02
4.653573408722877502e-02
4.731448739767074585e-02
4.791629314422607422e-02
4.780247807502746582e-02
4.795938730239868164e-02
4.847060889005661011e-02
4.692191630601882935e-02
4.694689065217971802e-02
4.756907373666763306e-02
4.763244837522506714e-02
4.710874333977699280e-02
4.706074297428131104e-02
4.804973304271697998e-02
4.709742963314056396e-02
4.805867001414299011e-02
4.801961779594421387e-02
4.668647050857543945e-02
4.759464412927627563e-02
4.756660759449005127e-02
4.759767651557922363e-02
4.732824862003326416e-02
4.714735597372055054e-02
4.719773679971694946e-02
4.615310579538345337e-02
4.791100323200225830e-02
4.705669730901718140e-02
4.751365631818771362e-02
4.707660526037216187e-02
4.654818773269653320e-02
4.785888642072677612e-02
4.726864024996757507e-02
4.686008393764495850e-02
4.694013297557830811e-02
4.761811718344688416e-02
4.735562205314636230e-02
4.721736907958984375e-02
4.768525809049606323e-02
4.696108400821685791e-02
4.701688140630722046e-02
4.667715728282928467e-02
4.668239131569862366e-02
4.665558785200119019e-02
4.740317165851593018e-02
4.680674895644187927e-02
4.667091369628906250e-02
4.716303199529647827e-02
4.620646312832832336e-02
4.718641936779022217e-02
4.710012674331665039e-02
4.686733335256576538e-02
4.697833210229873657e-02
4.633307456970214844e-02
4.658425971865653992e-02
4.714677110314369202e-02
4.781924188137054443e-02
4.694374650716781616e-02
4.582124203443527222e-02
4.693218320608139038e-02
4.695421829819679260e-02
4.691089317202568054e-02
4.651734977960586548e-02
4.623541980981826782e-02
4.672805219888687134e-02
4.674489051103591919e-02
4.658979922533035278e-02
4.740649834275245667e-02
4.681083187460899353e-02
4.576894640922546387e-02
4.650087654590606689e-02
4.657515138387680054e-02
4.722235351800918579e-02
4.638323187828063965e-02
4.691819101572036743e-02
4.630140587687492371e-02
4.650166630744934082e-02
4.608231037855148315e-02
4.659841954708099365e-02
4.619802534580230713e-02
4.598177969455718994e-02
4.574334993958473206e-02
4.573335498571395874e-02
4.666661471128463745e-02
4.672941192984580994e-02
4.634646326303482056e-02
4.646614938974380493e-02
4.627930745482444763e-02
4.597193002700805664e-02
4.614733904600143433e-02
4.543130844831466675e-02
4.627566412091255188e-02
4.625944793224334717e-02
4.612554609775543213e-02
4.599256440997123718e-02
4.593490064144134521e-02
4.580876976251602173e-02
4.653134569525718689e-02
4.657126963138580322e-02
4.597135260701179504e-02
4.598294198513031006e-02
4.642824828624725342e-02
4.635272920131683350e-02
4.585518315434455872e-02
4.595424234867095947e-02
4.606153070926666260e-02
4.646802693605422974e-02
4.582035914063453674e-02
4.537957534193992615e-02
4.558180272579193115e-02
4.601264744997024536e-02
4.555646702647209167e-02
4.619395732879638672e-02
4.651803523302078247e-02
4.548420757055282593e-02
4.522096365690231323e-02
4.514395445585250854e-02
4.617205262184143066e-02
4.628858342766761780e-02
4.561048001050949097e-02
4.597344994544982910e-02
4.568939283490180969e-02
4.661381989717483521e-02
4.583397507667541504e-02
4.566489905118942261e-02
4.606768861413002014e-02
4.540281742811203003e-02
4.516083374619483948e-02
4.549140483140945435e-02
4.530430585145950317e-02
4.548788815736770630e-02
4.554359614849090576e-02
4.500837251543998718e-02
4.578621685504913330e-02
4.580371081829071045e-02
4.556177183985710144e-02
4.581012204289436340e-02
4.551171511411666870e-02
4.741127043962478638e-02
4.518877714872360229e-02
4.629917442798614502e-02
4.537086188793182373e-02
4.575487226247787476e-02
4.614129662513732910e-02
4.585270583629608154e-02
4.542892426252365112e-02
4.513633996248245239e-02
4.518419504165649414e-02
4.581217467784881592e-02
4.543111100792884827e-02
4.518657922744750977e-02
4.460334777832031250e-02
4.524290189146995544e-02
4.636161774396896362e-02
4.599051922559738159e-02
4.533009231090545654e-02
4.493439570069313049e-02
4.525088146328926086e-02
4.499012604355812073e-02
4.542827233672142029e-02
4.551671445369720459e-02
4.515422880649566650e-02
4.558346420526504517e-02
4.562241211533546448e-02
4.492981731891632080e-02
4.597493261098861694e-02
4.501517117023468018e-02
4.573274403810501099e-02
4.541308432817459106e-02
4.491418972611427307e-02
4.520740360021591187e-02
4.492931067943572998e-02
4.550098627805709839e-02
4.512758553028106689e-02
4.494943097233772278e-02
4.544285684823989868e-02
4.500493407249450684e-02
4.536423459649085999e-02
4.427804052829742432e-02
4.550444334745407104e-02
4.477263614535331726e-02
4.528082162141799927e-02
4.519903287291526794e-02
4.477896541357040405e-02
4.536822065711021423e-02
4.500545561313629150e-02
4.530332610011100769e-02
4.469145089387893677e-02
4.436536878347396851e-02
4.605910927057266235e-02
4.564123600721359253e-02
4.509843140840530396e-02
4.458655044436454773e-02
4.571729153394699097e-02
4.539375007152557373e-02
4.517792910337448120e-02
4.473262280225753784e-02
4.489888250827789307e-02
4.508710280060768127e-02
4.482159763574600220e-02
4.482283443212509155e-02
4.389251768589019775e-02
4.428434371948242188e-02
4.505564272403717041e-02
4.458960518240928650e-02
4.450686275959014893e-02
4.413700476288795471e-02
4.518734291195869446e-02
4.356566071510314941e-02
4.498331248760223389e-02
4.407567530870437622e-02
4.460907727479934692e-02
4.424677789211273193e-02
4.463506489992141724e-02
4.440923780202865601e-02
4.499134048819541931e-02
4.479541629552841187e-02
4.467452317476272583e-02
4.438647627830505371e-02
4.466755688190460205e-02
4.493732750415802002e-02
4.523743689060211182e-02
4.474374651908874512e-02
4.496648907661437988e-02
4.471251741051673889e-02
4.522946849465370178e-02
4.519472271203994751e-02
4.474992305040359497e-02
4.510063678026199341e-02
4.463028162717819214e-02
4.522695764899253845e-02
4.461089521646499634e-02
4.413761198520660400e-02
4.421599954366683960e-02
4.434179142117500305e-02
4.455516487360000610e-02
4.438541829586029053e-02
4.455041885375976562e-02
4.385770112276077271e-02
4.434378445148468018e-02
4.424847662448883057e-02
4.424223303794860840e-02
4.428797215223312378e-02
4.428448528051376343e-02
4.392147436738014221e-02
4.424475133419036865e-02
4.412115737795829773e-02
4.445769637823104858e-02
4.453907907009124756e-02
4.384478926658630371e-02
4.426243901252746582e-02
4.372571408748626709e-02
4.461119323968887329e-02
4.469089582562446594e-02
4.436542093753814697e-02
4.459962248802185059e-02
4.407341033220291138e-02
4.428548365831375122e-02
4.423011094331741333e-02
4.403900355100631714e-02
4.415153712034225464e-02
4.433260858058929443e-02
4.389754682779312134e-02
4.467365145683288574e-02
4.373653233051300049e-02
4.433430731296539307e-02
4.376375675201416016e-02
4.459771513938903809e-02
4.468869417905807495e-02
4.437416791915893555e-02
4.446852207183837891e-02
4.376754164695739746e-02
4.383679106831550598e-02
4.539288207888603210e-02
4.366829991340637207e-02
4.366970062255859375e-02
4.373688623309135437e-02
4.413223266601562500e-02
4.359037056565284729e-02
4.382844269275665283e-02
4.381733387708663940e-02
4.397749528288841248e-02
4.406385868787765503e-02
4.398474842309951782e-02
4.406820237636566162e-02
4.416935890913009644e-02
4.377772659063339233e-02
4.372691363096237183e-02
4.353076964616775513e-02
4.381592571735382080e-02
4.368947446346282959e-02
4.383284971117973328e-02
4.366414248943328857e-02
4.449448361992835999e-02
4.401350766420364380e-02
4.346633329987525940e-02
4.345511645078659058e-02
4.381984844803810120e-02
4.377845674753189087e-02
4.399954155087471008e-02
4.397887736558914185e-02
4.338903725147247314e-02
4.369322955608367920e-02
4.428935050964355469e-02
4.362252354621887207e-02
4.420479759573936462e-02
4.312044382095336914e-02
4.372634738683700562e-02
4.372426494956016541e-02
4.350981488823890686e-02
4.331044107675552368e-02
4.332379251718521118e-02
4.350953921675682068e-02
4.364725947380065918e-02
4.388407990336418152e-02
4.374489933252334595e-02
4.375283420085906982e-02
4.362948983907699585e-02
4.374863952398300171e-02
4.350166767835617065e-02
4.384380206465721130e-02
4.370580613613128662e-02
4.345731437206268311e-02
4.341496527194976807e-02
4.317918419837951660e-02
4.327606037259101868e-02
4.430012777447700500e-02
4.344059154391288757e-02
4.382108151912689209e-02
4.333319514989852905e-02
4.337001591920852661e-02
4.265486821532249451e-02
4.291061684489250183e-02
4.390484094619750977e-02
4.347627237439155579e-02
4.310832917690277100e-02
4.340407624840736389e-02
4.376062750816345215e-02
4.295174032449722290e-02
4.295120760798454285e-02
4.369426518678665161e-02
4.323376715183258057e-02
4.313343018293380737e-02
4.325381666421890259e-02
4.312181472778320312e-02
4.329485446214675903e-02
4.284194856882095337e-02
4.276432842016220093e-02
4.267392680048942566e-02
4.344182461500167847e-02
4.295924305915832520e-02
4.282069951295852661e-02
4.394479095935821533e-02
4.317739605903625488e-02
4.336751997470855713e-02
4.315017908811569214e-02
4.312365129590034485e-02
4.333339259028434753e-02
4.325983673334121704e-02
4.388885945081710815e-02
4.345378279685974121e-02
4.372443258762359619e-02
4.258128255605697632e-02
4.342181980609893799e-02
4.348829761147499084e-02
4.283245280385017395e-02
4.308112710714340210e-02
4.294336214661598206e-02
4.334697872400283813e-02
4.336199164390563965e-02
4.292752593755722046e-02
4.307664930820465088e-02
4.337247461080551147e-02
4.276497662067413330e-02
4.322802275419235229e-02
4.326824098825454712e-02
4.278079420328140259e-02
4.297137260437011719e-02
4.284222051501274109e-02
4.336190223693847656e-02
4.227244108915328979e-02
4.331287369132041931e-02
4.255756735801696777e-02
4.274560138583183289e-02
2.625491321086883545e-01
2.619633674621582031e-01
2.590831816196441650e-01
2.555408179759979248e-01
2.540657818317413330e-01
2.518829107284545898e-01
2.533643841743469238e-01
2.538605928421020508e-01
2.496324032545089722e-01
2.483798712491989136e-01
2.484200298786163330e-01
2.471373379230499268e-01
2.459563612937927246e-01
2.462006062269210815e-01
2.449336946010589600e-01
2.432187795639038086e-01
2.444005608558654785e-01
2.420746237039566040e-01
2.405092418193817139e-01
2.420164644718170166e-01
2.407204210758209229e-01
2.407540529966354370e-01
2.417796999216079712e-01
2.399430572986602783e-01
2.377848029136657715e-01
2.372593283653259277e-01
2.384327948093414307e-01
2.391766160726547241e-01
2.351375222206115723e-01
2.374200373888015747e-01
2.386811673641204834e-01
2.386304587125778198e-01
2.367047816514968872e-01
2.374992966651916504e-01
2.331842929124832153e-01
2.364210039377212524e-01
2.356877028942108154e-01
2.360788136720657349e-01
2.340317964553833008e-01
2.317661941051483154e-01
2.335415333509445190e-01
2.318378090858459473e-01
2.338886708021163940e-01
2.345920503139495850e-01
2.331568747758865356e-01
2.331269979476928711e-01
2.343444228172302246e-01
2.343444675207138062e-01
2.327366620302200317e-01
2.297526895999908447e-01
2.298207879066467285e-01
2.305038273334503174e-01
2.292707115411758423e-01
2.289468497037887573e-01
2.289244830608367920e-01
2.322123646736145020e-01
2.283101826906204224e-01
2.307758480310440063e-01
2.301809936761856079e-01
2.296404987573623657e-01
2.286984771490097046e-01
2.307524085044860840e-01
2.290343940258026123e-01
2.284851670265197754e-01
2.300122827291488647e-01
2.301726341247558594e-01
2.289450913667678833e-01
2.302431166172027588e-01
2.283183485269546509e-01
2.272742986679077148e-01
2.297180294990539551e-01
2.291369140148162842e-01
2.271069437265396118e-01
2.258460372686386108e-01
2.287048548460006714e-01
2.264061272144317627e-01
2.282280176877975464e-01
2.269351780414581299e-01
2.256489247083663940e-01
2.285386919975280762e-01
2.272462695837020874e-01
2.252366393804550171e-01
2.257983237504959106e-01
2.263897210359573364e-01
2.260011285543441772e-01
2.245008796453475952e-01
2.272778153419494629e-01
2.257357239723205566e-01
2.260840684175491333e-01
2.267494052648544312e-01
2.254042476415634155e-01
2.259461134672164917e-01
2.245416790246963501e-01
2.244786322116851807e-01
2.218860089778900146e-01
2.254361063241958618e-01
2.252996861934661865e-01
2.242501974105834961e-01
2.246007919311523438e-01
2.244413197040557861e-01
2.248922586441040039e-01
2.222805172204971313e-01
2.227577418088912964e-01
2.228186279535293579e-01
2.214936465024948120e-01
2.234467417001724243e-01
2.219828814268112183e-01
2.221912741661071777e-01
2.210065573453903198e-01
2.235653847455978394e-01
2.213647514581680298e-01
2.213581353425979614e-01
2.209782749414443970e-01
2.210956513881683350e-01
2.219515144824981689e-01
2.228984683752059937e-01
2.226630151271820068e-01
2.183980047702789307e-01
2.213444113731384277e-01
2.194109261035919189e-01
2.206452339887619019e-01
2.204486727714538574e-01
2.214991301298141479e-01
2.221437841653823853e-01
2.198814898729324341e-01
2.237558960914611816e-01
2.203356474637985229e-01
2.210810184478759766e-01
2.199849933385848999e-01
2.182273268699645996e-01
2.190389633178710938e-01
2.195425182580947876e-01
2.182132005691528320e-01
2.197966426610946655e-01
2.220844328403472900e-01
2.195916324853897095e-01
2.187825143337249756e-01
2.210295945405960083e-01
2.226971536874771118e-01
2.182342410087585449e-01
2.189282327890396118e-01
2.186885029077529907e-01
2.191674262285232544e-01
2.185505032539367676e-01
2.203154116868972778e-01
2.194327712059020996e-01
2.171065956354141235e-01
2.153408676385879517e-01
2.174675166606903076e-01
2.183799147605895996e-01
2.166724056005477905e-01
2.170510441064834595e-01
2.184274792671203613e-01
2.160959541797637939e-01
2.154093235731124878e-01
2.178649455308914185e-01
2.156326621770858765e-01
2.187514305114746094e-01
2.191120237112045288e-01
2.214260846376419067e-01
2.177317589521408081e-01
2.191309183835983276e-01
2.138575315475463867e-01
2.137086540460586548e-01
2.175435870885848999e-01
2.162393927574157715e-01
2.147118002176284790e-01
2.159170061349868774e-01
2.138275057077407837e-01
2.135643362998962402e-01
2.164471000432968140e-01
2.164188921451568604e-01
2.172893285751342773e-01
2.122086882591247559e-01
2.147882133722305298e-01
2.150493562221527100e-01
2.173178046941757202e-01
2.177858203649520874e-01
2.137994319200515747e-01
2.147602736949920654e-01
2.145866900682449341e-01
2.161896526813507080e-01
2.141836583614349365e-01
2.136440277099609375e-01
2.155195772647857666e-01
2.128771096467971802e-01
2.167322635650634766e-01
2.146879732608795166e-01
2.123796492815017700e-01
2.155109941959381104e-01
2.135691046714782715e-01
2.139324396848678589e-01
2.150373756885528564e-01
2.134855091571807861e-01
2.148632854223251343e-01
2.133389860391616821e-01
2.139312624931335449e-01
2.133938670158386230e-01
2.140156328678131104e-01
2.124909162521362305e-01
2.145952731370925903e-01
2.114663869142532349e-01
2.115863263607025146e-01
2.126445323228836060e-01
2.117915898561477661e-01
2.122403830289840698e-01
2.134309560060501099e-01
2.122115194797515869e-01
2.125043869018554688e-01
2.139186561107635498e-01
2.131099551916122437e-01
2.139841914176940918e-01
2.145343422889709473e-01
2.108089029788970947e-01
2.111357152462005615e-01
2.139493376016616821e-01
2.116338759660720825e-01
2.116439938545227051e-01
2.122552096843719482e-01
2.103494405746459961e-01
2.124572545289993286e-01
2.125342935323715210e-01
2.105943262577056885e-01
2.106120139360427856e-01
2.129895389080047607e-01
2.116478681564331055e-01
2.119423598051071167e-01
2.099814265966415405e-01
2.119978070259094238e-01
2.110234647989273071e-01
2.119849622249603271e-01
2.122200876474380493e-01
2.074394524097442627e-01
2.107598930597305298e-01
2.125591337680816650e-01
2.114582061767578125e-01
2.091725021600723267e-01
2.082267701625823975e-01
2.114569693803787231e-01
2.103239595890045166e-01
2.116925418376922607e-01
2.075830549001693726e-01
2.098819762468338013e-01
2.102916687726974487e-01
2.078966498374938965e-01
2.098596245050430298e-01
2.107183188199996948e-01
2.095420062541961670e-01
2.110022753477096558e-01
2.100772112607955933e-01
2.104198187589645386e-01
2.116849273443222046e-01
2.094738632440567017e-01
2.089112699031829834e-01
2.114026248455047607e-01
2.103353440761566162e-01
2.088155746459960938e-01
2.091195136308670044e-01
2.096467763185501099e-01
2.088291049003601074e-01
2.094396501779556274e-01
2.092923820018768311e-01
2.112135142087936401e-01
2.113132327795028687e-01
2.090362906455993652e-01
2.069280743598937988e-01
2.078022360801696777e-01
2.070688456296920776e-01
2.081246525049209595e-01
2.088114470243453979e-01
2.063088119029998779e-01
2.098841518163681030e-01
2.114118784666061401e-01
2.082985341548919678e-01
2.088359892368316650e-01
2.077360302209854126e-01
2.094583511352539062e-01
2.067616730928421021e-01
2.076089531183242798e-01
2.080969065427780151e-01
2.065606266260147095e-01
2.094499170780181885e-01
2.103527337312698364e-01
2.074438631534576416e-01
2.082124054431915283e-01
2.076008766889572144e-01
2.068624198436737061e-01
2.063862979412078857e-01
2.043346762657165527e-01
2.065839767456054688e-01
2.051595598459243774e-01
2.066954672336578369e-01
2.063736915588378906e-01
2.078491300344467163e-01
2.044941484928131104e-01
2.081601619720458984e-01
2.079033106565475464e-01
2.073243856430053711e-01
2.065289765596389771e-01
2.064413130283355713e-01
