4.792327265441417850e-01
1.813361364603042480e-01
1.302304959297180265e-01
1.197156694158911655e-01
1.096960328146815294e-01
1.025662706047296563e-01
9.488731775432825144e-02
8.940866909921169059e-02
8.431342158466577363e-02
7.942967656999826154e-02
7.900187585502863041e-02
7.698992140591144617e-02
7.647340428084134500e-02
7.988565381616354044e-02
7.610363099724054559e-02
7.801786750555038397e-02
7.576281696557998768e-02
7.529700342565774640e-02
6.937694154679775738e-02
6.906803503632545638e-02
6.601186685264109899e-02
6.856361966580153122e-02
6.677384033799171892e-02
6.824539206922054790e-02
6.389183297753334156e-02
6.760438866913318079e-02
6.562024474143982045e-02
6.183725502341985703e-02
6.129708223044872534e-02
6.322454866021871844e-02
6.136528804898262052e-02
6.302689842879771742e-02
6.289691258221864756e-02
5.996562946587800924e-02
6.349497571587563172e-02
6.221768978983163723e-02
3.374190022051334337e-01
3.006433713436126864e-01
2.757488240301608773e-01
2.757808790355920636e-01
2.628802362084388666e-01
2.507961847633123353e-01
2.394748865067958810e-01
2.341424707323312704e-01
2.347646396607160624e-01
1.980047576874494619e-01
1.938741412758827332e-01
1.997065674141049463e-01
1.901773430407047161e-01
1.810869814455509097e-01
1.871210981905460369e-01
1.853509530425071772e-01
1.869104910641908590e-01
1.815736021101474751e-01
1.370121669024229050e-01
1.601409600675106071e-01
1.399238042347133171e-01
1.590366774797439542e-01
1.518147878162562914e-01
1.431561510264873494e-01
1.454064824059605465e-01
1.498837837576866283e-01
1.502027324214577630e-01
1.076270306296646662e-01
1.117774517647922017e-01
1.226819272339343958e-01
1.106764284521341291e-01
1.231693545915186344e-01
1.149220480397343674e-01
1.163404061365872627e-01
1.272597562521696202e-01
1.166822633892297678e-01
8.627228382974863607e-02
8.881295971572399084e-02
8.938276218716055543e-02
9.136690312996506580e-02
9.046496056020260357e-02
9.346805561333894341e-02
9.048169078305363933e-02
9.650055298581719510e-02
1.018737291451543570e-01
6.872858671471476777e-02
6.308369013015180382e-02
6.218221975024789544e-02
6.546437726123258138e-02
7.255897407419979739e-02
8.218500475399195815e-02
8.168680408038199448e-02
7.643304679542779756e-02
8.212397412396967022e-02
4.942824293975718597e-02
5.324208564707078040e-02
6.033889407757669909e-02
5.945249721407890042e-02
6.691897811368108240e-02
6.905147985555232237e-02
7.425929456017911490e-02
6.951203869655728229e-02
6.910711416043341382e-02
4.593060952611267844e-02
4.599379509687423484e-02
5.070929693523794357e-02
5.830950665287673584e-02
4.497805858030914927e-02
4.873559317318722911e-02
4.822352581657469300e-02
5.620253744302317750e-02
5.308152823010459792e-02
3.901355446752859113e-02
3.503533127252012741e-02
3.784660095814615377e-02
3.847053997102193451e-02
4.245196721283719249e-02
5.351908484008163075e-02
4.656606369419023089e-02
5.123128867067862358e-02
5.209340735338627987e-02
3.490230381023138456e-02
2.771460911259055263e-02
3.735130669316277102e-02
3.340792287897784152e-02
4.273564720875583367e-02
4.385171537520363844e-02
3.702681612223386598e-02
3.710163443291094459e-02
4.937617253512144311e-02
3.296462559374049167e-02
3.462556518730707661e-02
3.241489434207323744e-02
3.527361027721781506e-02
3.528611656714929212e-02
3.440896509331650699e-02
3.593772233580239117e-02
4.141840593656524738e-02
4.523522855597548326e-02
