1.767123081684112584e+00
1.385312119722366342e+00
1.225440717935562196e+00
1.155673134922981182e+00
1.051948226690292421e+00
9.959089016914367543e-01
9.335714203119277466e-01
8.057127773761749712e-01
7.717046576738357810e-01
7.682957628369331271e-01
7.508335131406783658e-01
7.345524170994758295e-01
7.263120424747466775e-01
7.186457040905952498e-01
6.000596132874488342e-01
5.440672039985656738e-01
5.749880987405776578e-01
5.805692505836487216e-01
6.060530301928520602e-01
5.702440515160560608e-01
5.906798192858695451e-01
4.346743723750114419e-01
4.309342920780181996e-01
4.389961108565330616e-01
4.462762272357940763e-01
4.644361245632171453e-01
4.635714390873909019e-01
4.719599291682243236e-01
3.300092932581901728e-01
3.558763337135315008e-01
3.428299333155155337e-01
3.527496637403965130e-01
3.549933890998363539e-01
3.596792875230312436e-01
3.707858416438102878e-01
2.717783305048942499e-01
2.634929665923118614e-01
2.710017967224120916e-01
2.617794345319270910e-01
2.868958863615989618e-01
2.922061702609062284e-01
3.053626394271850564e-01
2.267220269143581379e-01
2.199803990125656084e-01
2.301641432940959853e-01
2.344505013525486070e-01
2.413267153501510720e-01
2.413583233952522333e-01
2.548274399340152985e-01
2.127092573046684143e-01
2.121368472278118145e-01
2.067574012279510542e-01
2.165371353924274433e-01
2.104576791822910242e-01
2.225545373558998064e-01
2.371762238442897686e-01
1.991806982457637876e-01
1.867495493590831668e-01
1.920048256218433447e-01
1.914152266085147880e-01
1.960740832984447513e-01
2.064650513231754414e-01
2.240059207379817841e-01
1.923743882775306724e-01
1.868224614858627342e-01
1.861977428942918900e-01
1.895882035791874032e-01
1.920780326426029250e-01
1.988714566081762336e-01
1.934255063533782959e-01
1.928442752361297641e-01
1.848709999024867878e-01
1.813036872446537051e-01
1.846410755813121807e-01
1.824270080029964380e-01
1.936537882685661349e-01
1.902769717574119557e-01
1.819517686963081360e-01
1.776871522516012269e-01
1.792456412315368564e-01
1.832883402705192677e-01
1.795157480984926335e-01
1.900465351343154918e-01
1.877464196085929793e-01
1.739504809677600849e-01
1.697134847939014424e-01
1.701435644924640667e-01
1.734820901602506515e-01
1.767580161988735188e-01
1.786140729486942191e-01
1.852901379764080037e-01
7.863377455621957390e-02
1.387746155634522471e-01
1.576043990254402116e-01
1.530051064677536432e-01
1.571413499489426602e-01
1.632859019748866547e-01
1.392021369934081931e-01
8.020105741918087672e-02
7.721652896143496592e-02
7.362791365012526235e-02
9.586467375978827143e-02
8.428432767279446514e-02
1.034237235505133801e-01
9.176014108583331608e-02
