1.029624838232994000e+00
6.407744857668876692e-01
5.110322815179825229e-01
4.135673776268958823e-01
3.650712224841117792e-01
3.354490180313587366e-01
3.246428561210632502e-01
2.696738597750663602e-01
2.660287845134735041e-01
2.610933159291743966e-01
2.543475426733493583e-01
2.532073514163494243e-01
2.466172452270984639e-01
2.452448852360248621e-01
2.104786074161529574e-01
2.084229315817356099e-01
2.148931442201137409e-01
2.062150950729846888e-01
2.181399452686309803e-01
2.104916857182979606e-01
2.053221997618675243e-01
1.824449644982814867e-01
1.835284782946109694e-01
1.856167060136794944e-01
1.871066412329673856e-01
1.848866220563650242e-01
1.867430832982063249e-01
1.918063503503799339e-01
1.636986011266708396e-01
1.661378867924213354e-01
1.654227946698665630e-01
1.662810562551021443e-01
1.699947787821292911e-01
1.718673811852932110e-01
1.708240762352943309e-01
1.547092314809560831e-01
1.546841941028833378e-01
1.537905874103307757e-01
1.566822195798158734e-01
1.519841285049915447e-01
1.619116133451461714e-01
1.638208163529634442e-01
1.439387071877717972e-01
1.394446633011102721e-01
1.434717213362455279e-01
1.493659468740224927e-01
1.445902544260025124e-01
1.468174915015697524e-01
1.508500390499830368e-01
1.362418689578771547e-01
1.361823115497827474e-01
1.389291884750127881e-01
1.385712664574384745e-01
1.379258807003498066e-01
1.423082714527845460e-01
1.423028185218572494e-01
1.293057087063789468e-01
1.314797213673591647e-01
1.344781220704317215e-01
1.313205026835203293e-01
1.345332352072000637e-01
1.365453211963176816e-01
1.367420507222414094e-01
1.284049554169177931e-01
1.267566302418708934e-01
1.289944829791784264e-01
1.281214408576488439e-01
1.284066802263259810e-01
1.353394815325736911e-01
1.314914993196725779e-01
1.240322300791740356e-01
1.241509924829006239e-01
1.228835520893335337e-01
1.231034771353006346e-01
1.268437468260526779e-01
1.271152938902378182e-01
1.310179600119590893e-01
1.245011558383703199e-01
1.209937846660614075e-01
1.210711189359426482e-01
1.195811904221773109e-01
1.221742641180753736e-01
1.226357648521661792e-01
1.274229940026998520e-01
7.209803345799445928e-01
6.890449428558349521e-01
6.256670925021171614e-01
6.063668143749236794e-01
5.995877066254615695e-01
5.661157119274139449e-01
5.523177421092987371e-01
3.231138916313648357e-01
3.189999251067638375e-01
3.134277205169200831e-01
3.098689032346010341e-01
3.197253341972827734e-01
3.103461837023496761e-01
3.315571697056293732e-01
1.674119110032916136e-01
1.634396072104573328e-01
1.780528584122657854e-01
1.808191161602735464e-01
2.116988563537597623e-01
2.062478496879339152e-01
1.993615352734923463e-01
