5.472628927230834828e-01
3.065233127772807875e-01
2.445743848383426788e-01
2.209510615468025241e-01
2.133253626525402069e-01
2.005121240019798190e-01
1.911756381392478998e-01
1.801307393610477314e-01
1.764675338566303320e-01
1.788584581017494124e-01
1.780156525969505410e-01
1.772636921703815427e-01
1.767436647415161211e-01
1.723497691750526528e-01
1.610510365664958865e-01
1.605631095170974854e-01
1.645412203669548157e-01
1.632365266978740570e-01
1.626316823065280803e-01
1.649017457664012920e-01
1.655316580832004447e-01
1.547770792245865001e-01
1.564497421681881051e-01
1.564305397868156478e-01
1.592494598031043984e-01
1.555206917226314434e-01
1.570698647201061171e-01
1.569848826527595609e-01
1.494973126798868068e-01
1.482983756065368586e-01
1.499886831641197293e-01
1.538172656297683849e-01
1.529212680459022533e-01
1.528249622881412417e-01
1.534178110957145624e-01
1.488483420014381498e-01
1.474586266279220570e-01
1.490880581736564736e-01
1.484052915871143241e-01
1.487296716868877489e-01
1.530741313099861223e-01
1.516656287014484517e-01
1.466876624524593442e-01
1.454007717221975360e-01
1.451857770234346312e-01
1.467497479915619019e-01
1.487841378897428457e-01
1.483291296660900205e-01
1.471049726754427023e-01
1.454111339896917432e-01
1.436856628209352560e-01
1.432475085556507155e-01
1.443908160924911588e-01
1.455261706560850021e-01
1.463627125322818634e-01
1.466381322592496816e-01
1.451024693250656250e-01
1.393831241130828735e-01
1.413932994008064159e-01
1.435073771327733949e-01
1.437607504427433069e-01
1.444601566344499710e-01
1.454023139178752810e-01
1.101999244093895047e+00
9.672613102197646917e-01
8.677507197856902943e-01
8.371385139226913408e-01
7.688637483119964422e-01
7.360573947429657204e-01
7.173065850138664601e-01
4.577576357126236228e-01
4.577033361792564592e-01
4.559775027632713140e-01
4.744866922497749107e-01
4.795613953471183910e-01
4.777116978168487460e-01
4.576779848337173551e-01
2.381787947565317254e-01
2.415535166114568810e-01
2.594534147530794255e-01
2.492388094961643097e-01
2.772230565547942893e-01
2.794942529499530592e-01
2.839103909581899843e-01
1.354409411177039113e-01
1.372839248552918390e-01
1.500405491143464998e-01
1.522273749113082775e-01
1.559164707735180844e-01
1.688049655035138152e-01
1.798645639047026512e-01
8.919715546071529944e-02
8.692413121461868564e-02
9.881398763507603933e-02
1.313356005400419246e-01
1.146992675028741387e-01
1.141575151868164523e-01
1.163892199657857451e-01
6.623826443217695203e-02
7.640709275379777010e-02
8.361028027720748823e-02
8.981210875324904808e-02
9.624442988075315730e-02
8.865675021894275920e-02
1.023062629625201281e-01
