8.709530234336853027e-01
8.607634305953979492e-01
8.496518135070800781e-01
8.368303775787353516e-01
8.242528438568115234e-01
8.091571331024169922e-01
7.936584949493408203e-01
7.753276824951171875e-01
7.565858960151672363e-01
7.371919155120849609e-01
7.151699066162109375e-01
6.910624504089355469e-01
6.642246246337890625e-01
6.417413353919982910e-01
6.137141585350036621e-01
5.941135287284851074e-01
5.638405084609985352e-01
5.467833876609802246e-01
5.272728204727172852e-01
5.109144449234008789e-01
5.093012452125549316e-01
4.956442117691040039e-01
4.880121350288391113e-01
4.868461489677429199e-01
4.805155396461486816e-01
4.858126938343048096e-01
4.778958559036254883e-01
4.734664559364318848e-01
4.745510518550872803e-01
4.539898037910461426e-01
4.538111984729766846e-01
4.461762309074401855e-01
4.299367964267730713e-01
4.329205155372619629e-01
4.243742227554321289e-01
4.199194908142089844e-01
4.214261174201965332e-01
4.181403517723083496e-01
4.076751172542572021e-01
4.118026196956634521e-01
4.019372761249542236e-01
3.999550044536590576e-01
4.030964672565460205e-01
3.961766660213470459e-01
3.930583596229553223e-01
3.930764198303222656e-01
3.855012953281402588e-01
3.795229196548461914e-01
3.816675841808319092e-01
3.762738108634948730e-01
3.754861950874328613e-01
3.711441755294799805e-01
3.709193468093872070e-01
3.661345243453979492e-01
3.770352602005004883e-01
3.637388944625854492e-01
3.622456789016723633e-01
3.581260144710540771e-01
3.524993956089019775e-01
3.509079515933990479e-01
3.513184487819671631e-01
3.502793908119201660e-01
3.424281477928161621e-01
3.467186391353607178e-01
3.456665873527526855e-01
3.392877578735351562e-01
3.449131250381469727e-01
3.425553739070892334e-01
3.349474370479583740e-01
3.349075317382812500e-01
3.365577459335327148e-01
3.248780667781829834e-01
3.308991193771362305e-01
3.273180723190307617e-01
3.270264565944671631e-01
3.218551278114318848e-01
3.223678171634674072e-01
3.171058297157287598e-01
3.151158690452575684e-01
3.161165416240692139e-01
3.151602149009704590e-01
3.155994415283203125e-01
3.134776949882507324e-01
3.127357959747314453e-01
3.077991902828216553e-01
3.079832196235656738e-01
3.164859116077423096e-01
3.053346872329711914e-01
3.071855902671813965e-01
3.013478815555572510e-01
3.017629086971282959e-01
2.999338507652282715e-01
3.020978569984436035e-01
3.011525273323059082e-01
2.963241934776306152e-01
2.967180013656616211e-01
2.962515354156494141e-01
2.954763472080230713e-01
2.937697470188140869e-01
2.923651933670043945e-01
2.929267287254333496e-01
2.894082069396972656e-01
2.856155633926391602e-01
2.889425158500671387e-01
2.873713672161102295e-01
2.879053056240081787e-01
2.882588505744934082e-01
2.809728980064392090e-01
2.847563624382019043e-01
2.789629697799682617e-01
2.823013365268707275e-01
2.810147404670715332e-01
2.788402438163757324e-01
2.844061851501464844e-01
2.773241698741912842e-01
2.776832580566406250e-01
2.790968120098114014e-01
2.756766378879547119e-01
2.743563950061798096e-01
2.760509848594665527e-01
2.719902992248535156e-01
2.720704674720764160e-01
2.704357206821441650e-01
2.720960080623626709e-01
2.715591788291931152e-01
2.690886557102203369e-01
2.746345400810241699e-01
2.682278156280517578e-01
2.694408893585205078e-01
2.693260014057159424e-01
2.658021748065948486e-01
2.657594680786132812e-01
2.644395232200622559e-01
2.615820467472076416e-01
2.623691260814666748e-01
2.646615505218505859e-01
2.616155147552490234e-01
2.620382905006408691e-01
2.598941922187805176e-01
2.608139514923095703e-01
2.602208852767944336e-01
2.586739659309387207e-01
2.565813958644866943e-01
2.586944997310638428e-01
2.538300156593322754e-01
2.565354406833648682e-01
2.548359930515289307e-01
2.569511234760284424e-01
2.530260980129241943e-01
2.552751898765563965e-01
2.520561218261718750e-01
2.523266077041625977e-01
2.516444921493530273e-01
2.550458908081054688e-01
2.474979460239410400e-01
2.510185837745666504e-01
2.543236017227172852e-01
2.500474452972412109e-01
2.494252324104309082e-01
2.471184134483337402e-01
2.500195801258087158e-01
2.449782192707061768e-01
2.493131607770919800e-01
2.482937276363372803e-01
2.459823191165924072e-01
2.457086741924285889e-01
2.464092671871185303e-01
2.448571622371673584e-01
2.446313500404357910e-01
2.452282905578613281e-01
2.451147288084030151e-01
2.458260059356689453e-01
2.437529563903808594e-01
2.426939308643341064e-01
2.437335252761840820e-01
2.404022812843322754e-01
2.399011403322219849e-01
2.426631897687911987e-01
2.363954484462738037e-01
2.410529106855392456e-01
2.366869598627090454e-01
2.398426532745361328e-01
2.402174621820449829e-01
2.383788228034973145e-01
2.370139658451080322e-01
2.415140569210052490e-01
2.390381693840026855e-01
2.358332574367523193e-01
2.367743551731109619e-01
2.359426915645599365e-01
2.360908538103103638e-01
2.360539734363555908e-01
2.331375926733016968e-01
2.335907816886901855e-01
2.338107526302337646e-01
2.352403253316879272e-01
2.336264401674270630e-01
2.338581085205078125e-01
2.330063432455062866e-01
2.312869727611541748e-01
2.321024835109710693e-01
2.321676313877105713e-01
2.283514291048049927e-01
2.294771969318389893e-01
2.278095781803131104e-01
2.303894460201263428e-01
2.301160991191864014e-01
2.289815843105316162e-01
2.281234264373779297e-01
2.276685088872909546e-01
2.303837239742279053e-01
2.292005568742752075e-01
2.280494123697280884e-01
2.278742045164108276e-01
2.257201075553894043e-01
2.280368953943252563e-01
2.252118289470672607e-01
2.291876226663589478e-01
2.251292765140533447e-01
2.234480977058410645e-01
2.247009724378585815e-01
2.250408828258514404e-01
2.250970453023910522e-01
2.239594310522079468e-01
2.250992655754089355e-01
2.249544560909271240e-01
2.212747931480407715e-01
2.205847650766372681e-01
2.213962078094482422e-01
2.222196310758590698e-01
2.198754400014877319e-01
2.213051021099090576e-01
2.196865826845169067e-01
2.220654934644699097e-01
2.181323766708374023e-01
2.207595109939575195e-01
2.206416577100753784e-01
2.168512046337127686e-01
2.177078127861022949e-01
2.178288102149963379e-01
2.191607356071472168e-01
2.181548178195953369e-01
2.167501151561737061e-01
2.172008007764816284e-01
2.189864814281463623e-01
2.212399542331695557e-01
2.178044915199279785e-01
2.135656028985977173e-01
2.150270044803619385e-01
2.161608934402465820e-01
2.136621922254562378e-01
2.153683155775070190e-01
2.147369682788848877e-01
2.134063690900802612e-01
2.120774984359741211e-01
2.144019007682800293e-01
2.138226926326751709e-01
2.142533063888549805e-01
2.135632932186126709e-01
2.110388278961181641e-01
2.124542295932769775e-01
2.119446992874145508e-01
2.132542133331298828e-01
2.122390270233154297e-01
2.128656655550003052e-01
2.114626169204711914e-01
2.105222791433334351e-01
2.113908231258392334e-01
2.084323018789291382e-01
2.095174491405487061e-01
2.097344100475311279e-01
2.111542373895645142e-01
2.072200030088424683e-01
2.098492234945297241e-01
2.077455371618270874e-01
2.102491259574890137e-01
2.090870589017868042e-01
2.059537917375564575e-01
2.079680263996124268e-01
2.070210725069046021e-01
2.052029967308044434e-01
2.050565779209136963e-01
2.073221653699874878e-01
2.059044539928436279e-01
2.055815905332565308e-01
2.036175131797790527e-01
2.045143097639083862e-01
2.062224447727203369e-01
2.039410620927810669e-01
2.035981118679046631e-01
2.053836882114410400e-01
2.045705169439315796e-01
2.043938487768173218e-01
2.052758187055587769e-01
2.029813677072525024e-01
2.012219280004501343e-01
2.034744173288345337e-01
2.039213031530380249e-01
2.034588158130645752e-01
2.000896483659744263e-01
2.004329115152359009e-01
2.009650170803070068e-01
1.999572515487670898e-01
2.001243233680725098e-01
2.000090479850769043e-01
1.988005936145782471e-01
2.003936022520065308e-01
2.010568678379058838e-01
1.980304270982742310e-01
1.988771557807922363e-01
1.972686797380447388e-01
1.989984959363937378e-01
1.984622329473495483e-01
1.980757564306259155e-01
1.985229700803756714e-01
1.972204595804214478e-01
1.979052573442459106e-01
1.981955766677856445e-01
1.950075030326843262e-01
1.969589442014694214e-01
1.978191137313842773e-01
1.954079270362854004e-01
1.969185471534729004e-01
1.939891129732131958e-01
1.939447522163391113e-01
1.952899843454360962e-01
1.956535726785659790e-01
1.933733522891998291e-01
1.945150345563888550e-01
1.931218057870864868e-01
1.934433132410049438e-01
1.934878528118133545e-01
1.929552406072616577e-01
1.939889788627624512e-01
1.929798871278762817e-01
1.930299401283264160e-01
1.916571557521820068e-01
1.900132298469543457e-01
1.910642087459564209e-01
1.908736824989318848e-01
1.911860704421997070e-01
1.931408941745758057e-01
1.888618022203445435e-01
1.902908980846405029e-01
1.922710537910461426e-01
1.905950307846069336e-01
1.898888945579528809e-01
1.885952949523925781e-01
1.894609183073043823e-01
1.875956505537033081e-01
1.881448775529861450e-01
1.877118349075317383e-01
1.881558299064636230e-01
1.879324764013290405e-01
1.874091923236846924e-01
1.858071088790893555e-01
1.874833256006240845e-01
1.893385648727416992e-01
1.900893598794937134e-01
1.852137148380279541e-01
1.850094795227050781e-01
1.865974962711334229e-01
1.858005821704864502e-01
1.837928295135498047e-01
1.854615211486816406e-01
1.868623197078704834e-01
1.838233917951583862e-01
1.858188062906265259e-01
1.839061677455902100e-01
1.842278391122817993e-01
1.843070983886718750e-01
1.838491708040237427e-01
1.836972981691360474e-01
1.842837184667587280e-01
1.834528446197509766e-01
1.821982115507125854e-01
1.821045577526092529e-01
1.844036579132080078e-01
1.828812211751937866e-01
1.817877739667892456e-01
1.802880913019180298e-01
1.805956363677978516e-01
1.824201941490173340e-01
1.815989762544631958e-01
1.812575012445449829e-01
1.813761591911315918e-01
1.817986071109771729e-01
1.813303232192993164e-01
1.788063496351242065e-01
1.808099150657653809e-01
1.796221435070037842e-01
1.798194497823715210e-01
1.808777153491973877e-01
1.794122010469436646e-01
1.788494437932968140e-01
1.778048127889633179e-01
1.777376830577850342e-01
1.773804128170013428e-01
1.780546754598617554e-01
1.775880455970764160e-01
1.816308647394180298e-01
1.784334778785705566e-01
1.791069656610488892e-01
1.780615448951721191e-01
1.786994934082031250e-01
1.777353137731552124e-01
1.760842800140380859e-01
1.752628684043884277e-01
1.783400326967239380e-01
1.750966608524322510e-01
1.774448454380035400e-01
1.754934191703796387e-01
1.779992878437042236e-01
1.752725243568420410e-01
1.770126074552536011e-01
1.761554926633834839e-01
1.752933263778686523e-01
1.746567785739898682e-01
1.747716814279556274e-01
1.754788756370544434e-01
1.750877350568771362e-01
1.737560033798217773e-01
1.735401004552841187e-01
1.748054325580596924e-01
1.747641116380691528e-01
1.733860075473785400e-01
1.730651259422302246e-01
1.728458553552627563e-01
1.740703284740447998e-01
1.719850599765777588e-01
1.723001152276992798e-01
1.726171225309371948e-01
1.721498370170593262e-01
1.718383580446243286e-01
1.719995588064193726e-01
1.719314455986022949e-01
1.715652644634246826e-01
1.722454130649566650e-01
1.713351607322692871e-01
1.704819500446319580e-01
1.709310263395309448e-01
1.707413047552108765e-01
1.711536347866058350e-01
1.699000298976898193e-01
1.709934324026107788e-01
1.693554520606994629e-01
1.712667942047119141e-01
1.700173169374465942e-01
1.690381616353988647e-01
1.693908572196960449e-01
1.692624390125274658e-01
1.703657060861587524e-01
1.701319813728332520e-01
1.679915934801101685e-01
1.700968593358993530e-01
1.689582169055938721e-01
1.694254726171493530e-01
1.708262562751770020e-01
1.683057248592376709e-01
1.695476770401000977e-01
1.683079302310943604e-01
1.680364906787872314e-01
1.663282066583633423e-01
1.675282716751098633e-01
1.679101884365081787e-01
1.654447317123413086e-01
1.679400056600570679e-01
1.671158075332641602e-01
1.670790314674377441e-01
1.674474179744720459e-01
1.678211390972137451e-01
1.677317321300506592e-01
1.677404195070266724e-01
1.666989624500274658e-01
1.649233549833297729e-01
1.695206612348556519e-01
1.667956113815307617e-01
1.676176488399505615e-01
1.660643815994262695e-01
1.655681729316711426e-01
1.635396778583526611e-01
1.661920845508575439e-01
1.661956608295440674e-01
1.652360856533050537e-01
1.668670773506164551e-01
1.665944308042526245e-01
1.650757938623428345e-01
1.659345924854278564e-01
1.673090457916259766e-01
1.638930588960647583e-01
1.660472750663757324e-01
1.669411808252334595e-01
1.644222587347030640e-01
1.649345904588699341e-01
1.650484800338745117e-01
1.623812466859817505e-01
1.645279377698898315e-01
1.637852638959884644e-01
1.638164669275283813e-01
1.637771725654602051e-01
1.618400514125823975e-01
1.627816110849380493e-01
1.657912731170654297e-01
1.644076257944107056e-01
1.631263196468353271e-01
1.632564514875411987e-01
1.622291803359985352e-01
1.634077131748199463e-01
1.630068570375442505e-01
1.635145246982574463e-01
1.647957116365432739e-01
1.636783927679061890e-01
1.643213480710983276e-01
1.635699570178985596e-01
1.620775461196899414e-01
1.631851792335510254e-01
1.619836688041687012e-01
1.624526679515838623e-01
1.624103337526321411e-01
1.618331372737884521e-01
1.613337993621826172e-01
1.629174053668975830e-01
1.630854010581970215e-01
1.619758307933807373e-01
1.631320118904113770e-01
1.630346775054931641e-01
1.622371822595596313e-01
1.617401391267776489e-01
1.623123586177825928e-01
1.610561907291412354e-01
1.635236144065856934e-01
1.614505052566528320e-01
1.606469750404357910e-01
1.615362614393234253e-01
1.619186103343963623e-01
1.622191220521926880e-01
1.611921042203903198e-01
1.612928658723831177e-01
1.618105769157409668e-01
1.638580113649368286e-01
1.599498540163040161e-01
1.614181101322174072e-01
1.627929359674453735e-01
1.592845618724822998e-01
1.621454209089279175e-01
1.610520184040069580e-01
1.584338098764419556e-01
1.603635251522064209e-01
1.605600416660308838e-01
1.615150719881057739e-01
1.612891703844070435e-01
1.589241176843643188e-01
1.595511585474014282e-01
1.600708216428756714e-01
1.596572995185852051e-01
1.590767800807952881e-01
1.592312157154083252e-01
1.582481116056442261e-01
1.612933278083801270e-01
1.577126979827880859e-01
1.583933532238006592e-01
1.582724004983901978e-01
1.603913307189941406e-01
1.590242087841033936e-01
1.604088395833969116e-01
1.574689149856567383e-01
1.582657098770141602e-01
1.586648225784301758e-01
1.593170166015625000e-01
1.594605445861816406e-01
1.603161245584487915e-01
1.602076888084411621e-01
1.591973453760147095e-01
1.584420800209045410e-01
1.582132726907730103e-01
1.583180129528045654e-01
1.566330790519714355e-01
1.581650376319885254e-01
1.574599593877792358e-01
1.579735130071640015e-01
1.583562940359115601e-01
1.578177213668823242e-01
1.570155620574951172e-01
1.577876508235931396e-01
1.584845334291458130e-01
1.586869359016418457e-01
1.575023233890533447e-01
1.585356593132019043e-01
1.585851609706878662e-01
1.573854684829711914e-01
1.585063934326171875e-01
1.572225987911224365e-01
1.581777930259704590e-01
1.561549752950668335e-01
1.573081761598587036e-01
1.571408063173294067e-01
1.590830832719802856e-01
1.581693738698959351e-01
1.583150476217269897e-01
1.569607853889465332e-01
1.586666405200958252e-01
1.563636213541030884e-01
1.551745235919952393e-01
1.566208153963088989e-01
1.572484672069549561e-01
1.574415564537048340e-01
1.553625166416168213e-01
1.557841002941131592e-01
1.560542881488800049e-01
1.560348719358444214e-01
1.573532968759536743e-01
1.568962633609771729e-01
1.572639793157577515e-01
1.564539819955825806e-01
1.569002121686935425e-01
1.552954316139221191e-01
1.572509855031967163e-01
1.549877673387527466e-01
1.567131131887435913e-01
1.562230139970779419e-01
1.572164744138717651e-01
1.562263518571853638e-01
1.561507880687713623e-01
1.545910537242889404e-01
1.556855887174606323e-01
1.554957926273345947e-01
1.573504656553268433e-01
1.571784317493438721e-01
1.539168208837509155e-01
1.569540500640869141e-01
1.560911089181900024e-01
1.548079401254653931e-01
1.561684608459472656e-01
1.547138839960098267e-01
1.561604291200637817e-01
1.546159535646438599e-01
1.553204953670501709e-01
1.570158153772354126e-01
1.554977446794509888e-01
1.537860929965972900e-01
1.544908434152603149e-01
1.541576981544494629e-01
1.548760384321212769e-01
1.535868495702743530e-01
1.544674336910247803e-01
1.550593376159667969e-01
1.539350152015686035e-01
1.556432545185089111e-01
1.539067327976226807e-01
1.540857553482055664e-01
1.544944345951080322e-01
1.530105769634246826e-01
1.546946763992309570e-01
1.538425087928771973e-01
1.533323824405670166e-01
1.553722769021987915e-01
1.532056182622909546e-01
1.546382755041122437e-01
1.539202481508255005e-01
1.529186069965362549e-01
1.537542939186096191e-01
1.546850651502609253e-01
1.529753804206848145e-01
1.523663401603698730e-01
1.540271043777465820e-01
1.539074927568435669e-01
1.546455621719360352e-01
1.523865759372711182e-01
1.545659005641937256e-01
1.539019495248794556e-01
1.535422503948211670e-01
1.535914093255996704e-01
1.528249979019165039e-01
1.553556323051452637e-01
1.537212282419204712e-01
1.532068401575088501e-01
1.530279517173767090e-01
1.540528088808059692e-01
1.528272628784179688e-01
1.537233591079711914e-01
1.529097259044647217e-01
1.528532654047012329e-01
1.530232578516006470e-01
1.528562754392623901e-01
1.529509425163269043e-01
1.543907225131988525e-01
1.518681347370147705e-01
1.543924361467361450e-01
1.527685672044754028e-01
1.521429866552352905e-01
1.516550332307815552e-01
1.523115485906600952e-01
1.516887694597244263e-01
1.526425778865814209e-01
1.532218903303146362e-01
1.523148715496063232e-01
1.531531065702438354e-01
1.512035727500915527e-01
1.529902964830398560e-01
1.539781242609024048e-01
1.512495577335357666e-01
1.522769629955291748e-01
1.510950326919555664e-01
1.523288041353225708e-01
1.518345028162002563e-01
1.513423919677734375e-01
1.528446525335311890e-01
1.510781794786453247e-01
1.511421948671340942e-01
1.519251316785812378e-01
1.529093980789184570e-01
1.520524919033050537e-01
1.512400805950164795e-01
1.507546007633209229e-01
1.509698033332824707e-01
1.526472419500350952e-01
1.518181413412094116e-01
1.516022384166717529e-01
1.527847647666931152e-01
1.500638872385025024e-01
1.518601179122924805e-01
1.515078544616699219e-01
1.520619243383407593e-01
1.502711772918701172e-01
1.506990194320678711e-01
1.497980356216430664e-01
1.511895805597305298e-01
1.506957113742828369e-01
1.514314264059066772e-01
1.505302339792251587e-01
1.495432108640670776e-01
1.512380540370941162e-01
1.506804525852203369e-01
1.510415822267532349e-01
1.504488289356231689e-01
1.508519798517227173e-01
1.511436402797698975e-01
1.512993574142456055e-01
1.485844105482101440e-01
1.506301760673522949e-01
1.501202583312988281e-01
1.503035128116607666e-01
1.503805965185165405e-01
1.503295600414276123e-01
1.502047628164291382e-01
1.501583307981491089e-01
1.500463336706161499e-01
1.487158983945846558e-01
1.500194370746612549e-01
1.494956314563751221e-01
1.499680876731872559e-01
1.503103673458099365e-01
1.502967625856399536e-01
1.495438814163208008e-01
1.491752713918685913e-01
1.504248529672622681e-01
1.492965072393417358e-01
1.503158807754516602e-01
1.489597707986831665e-01
1.501960158348083496e-01
1.486324369907379150e-01
1.484628617763519287e-01
1.503282934427261353e-01
1.491250693798065186e-01
1.493539363145828247e-01
1.477049291133880615e-01
1.491584926843643188e-01
1.491860449314117432e-01
1.492527723312377930e-01
1.507029086351394653e-01
1.501587778329849243e-01
1.475042849779129028e-01
1.489713340997695923e-01
1.506355553865432739e-01
1.494349837303161621e-01
1.495205163955688477e-01
1.483544558286666870e-01
1.478915512561798096e-01
1.483279764652252197e-01
1.477502286434173584e-01
1.491465866565704346e-01
1.473846435546875000e-01
1.480464041233062744e-01
1.488806754350662231e-01
1.475183367729187012e-01
1.487801820039749146e-01
1.489903926849365234e-01
1.476473212242126465e-01
1.472548544406890869e-01
1.485708802938461304e-01
1.470350027084350586e-01
1.478164941072463989e-01
1.476953476667404175e-01
1.478615701198577881e-01
1.486763507127761841e-01
1.480997502803802490e-01
1.477304548025131226e-01
1.471428275108337402e-01
1.480744332075119019e-01
1.483653783798217773e-01
1.484219729900360107e-01
1.476384997367858887e-01
1.486344784498214722e-01
1.473125666379928589e-01
1.463599503040313721e-01
1.482435017824172974e-01
1.477113366127014160e-01
1.495185792446136475e-01
1.475647687911987305e-01
1.475532799959182739e-01
1.471928209066390991e-01
1.469820290803909302e-01
1.466690301895141602e-01
1.461252421140670776e-01
1.472231000661849976e-01
1.478664577007293701e-01
1.466033458709716797e-01
1.473135501146316528e-01
1.463935375213623047e-01
1.488938927650451660e-01
1.461673229932785034e-01
1.473350673913955688e-01
1.469987630844116211e-01
1.459661126136779785e-01
1.475020647048950195e-01
1.472093015909194946e-01
1.462365537881851196e-01
1.476016789674758911e-01
1.463258117437362671e-01
1.472051143646240234e-01
1.465233713388442993e-01
1.478072404861450195e-01
1.456183046102523804e-01
1.470845639705657959e-01
1.464365124702453613e-01
1.468735486268997192e-01
1.456590145826339722e-01
1.465562582015991211e-01
1.471904069185256958e-01
1.464868783950805664e-01
1.466329544782638550e-01
1.455871313810348511e-01
1.465783566236495972e-01
1.462167799472808838e-01
1.467363387346267700e-01
1.466990560293197632e-01
1.463329792022705078e-01
1.453124135732650757e-01
1.462689936161041260e-01
1.462882906198501587e-01
1.460345834493637085e-01
1.463231593370437622e-01
1.461459398269653320e-01
1.451296806335449219e-01
1.459794044494628906e-01
1.469643115997314453e-01
1.467602550983428955e-01
1.450118422508239746e-01
1.463696062564849854e-01
1.459371149539947510e-01
1.457473635673522949e-01
1.462079286575317383e-01
1.463430821895599365e-01
1.475207805633544922e-01
1.457227617502212524e-01
1.454662084579467773e-01
1.468390077352523804e-01
1.461298912763595581e-01
1.461734473705291748e-01
1.442847549915313721e-01
1.448958665132522583e-01
1.453039050102233887e-01
1.465536355972290039e-01
1.466747373342514038e-01
1.457766592502593994e-01
1.462266743183135986e-01
1.446600854396820068e-01
1.456958353519439697e-01
1.459419876337051392e-01
1.458905637264251709e-01
1.463837027549743652e-01
1.459253430366516113e-01
1.465962827205657959e-01
1.457517594099044800e-01
1.458015888929367065e-01
1.466694474220275879e-01
1.448486298322677612e-01
1.455796360969543457e-01
1.459520757198333740e-01
1.452262103557586670e-01
1.444809883832931519e-01
1.442690491676330566e-01
1.453144401311874390e-01
1.450838893651962280e-01
1.456970274448394775e-01
1.464682519435882568e-01
1.451146006584167480e-01
1.459360420703887939e-01
1.444910168647766113e-01
1.459216773509979248e-01
1.449397802352905273e-01
1.453755646944046021e-01
1.436680704355239868e-01
1.455005705356597900e-01
1.437853425741195679e-01
1.442341506481170654e-01
1.443270742893218994e-01
1.447313576936721802e-01
1.442807614803314209e-01
1.453446894884109497e-01
1.449043154716491699e-01
1.446439325809478760e-01
1.454755365848541260e-01
1.434169411659240723e-01
1.439692527055740356e-01
1.436551511287689209e-01
1.445265561342239380e-01
1.448767781257629395e-01
1.447248309850692749e-01
1.440202593803405762e-01
1.448885351419448853e-01
1.454451084136962891e-01
1.445156335830688477e-01
1.447228044271469116e-01
1.438227444887161255e-01
1.436419636011123657e-01
1.443297266960144043e-01
1.440989226102828979e-01
1.449288278818130493e-01
1.438549757003784180e-01
1.446157693862915039e-01
1.454015374183654785e-01
1.426983624696731567e-01
1.442455202341079712e-01
1.459160447120666504e-01
1.452851444482803345e-01
1.445174366235733032e-01
1.450579464435577393e-01
1.439774930477142334e-01
1.436034739017486572e-01
1.455072611570358276e-01
1.433254629373550415e-01
1.439331173896789551e-01
1.448240876197814941e-01
1.432911008596420288e-01
1.430879235267639160e-01
1.442883908748626709e-01
1.454461365938186646e-01
1.446582376956939697e-01
1.429637372493743896e-01
1.444773524999618530e-01
1.436465978622436523e-01
1.433133184909820557e-01
1.440675705671310425e-01
1.439348906278610229e-01
1.441512852907180786e-01
1.439876258373260498e-01
1.437068581581115723e-01
1.436111778020858765e-01
1.439662724733352661e-01
1.446507573127746582e-01
1.436535567045211792e-01
1.428500860929489136e-01
1.438213288784027100e-01
1.423080563545227051e-01
1.439587026834487915e-01
1.436283439397811890e-01
1.434364020824432373e-01
1.435349434614181519e-01
1.427738964557647705e-01
1.437125355005264282e-01
1.431356221437454224e-01
1.427353322505950928e-01
1.431487351655960083e-01
1.430756002664566040e-01
1.427428424358367920e-01
1.428024321794509888e-01
1.428865790367126465e-01
1.428433805704116821e-01
1.432858705520629883e-01
1.438465565443038940e-01
1.446017324924468994e-01
1.440284103155136108e-01
1.439087241888046265e-01
1.427030116319656372e-01
1.425536125898361206e-01
1.427222788333892822e-01
1.429736465215682983e-01
1.423226147890090942e-01
1.427356004714965820e-01
1.431966722011566162e-01
1.427995413541793823e-01
1.430261731147766113e-01
1.430237591266632080e-01
1.421278119087219238e-01
1.434087604284286499e-01
1.428351998329162598e-01
1.424963325262069702e-01
1.439863443374633789e-01
1.426962018013000488e-01
1.435133814811706543e-01
1.436409503221511841e-01
1.432694792747497559e-01
1.435110419988632202e-01
1.427719146013259888e-01
1.425691545009613037e-01
1.413995921611785889e-01
1.442116051912307739e-01
1.439288258552551270e-01
1.426714807748794556e-01
1.428718566894531250e-01
1.419855654239654541e-01
1.429017782211303711e-01
1.424102038145065308e-01
1.435512453317642212e-01
1.420326232910156250e-01
1.431879997253417969e-01
1.414093673229217529e-01
1.424658000469207764e-01
1.428406387567520142e-01
1.416739076375961304e-01
1.426357626914978027e-01
1.421159058809280396e-01
1.423398703336715698e-01
1.413284391164779663e-01
1.409534811973571777e-01
1.411591768264770508e-01
1.427091360092163086e-01
1.431667655706405640e-01
1.422728300094604492e-01
1.418137997388839722e-01
1.409352421760559082e-01
1.433885991573333740e-01
1.416909098625183105e-01
1.408694982528686523e-01
1.423448622226715088e-01
1.415390223264694214e-01
1.424147039651870728e-01
1.415047347545623779e-01
1.410714685916900635e-01
1.415489614009857178e-01
1.421404331922531128e-01
1.414724737405776978e-01
1.419970691204071045e-01
1.410101503133773804e-01
1.408757716417312622e-01
1.400337219238281250e-01
1.419187635183334351e-01
1.410353630781173706e-01
1.426422297954559326e-01
1.420732736587524414e-01
1.409071832895278931e-01
1.423192322254180908e-01
1.422302275896072388e-01
1.404137164354324341e-01
1.417352110147476196e-01
1.411633193492889404e-01
1.411982327699661255e-01
1.413503736257553101e-01
1.422887146472930908e-01
1.407561004161834717e-01
1.409176141023635864e-01
1.393415927886962891e-01
1.407351493835449219e-01
1.417804062366485596e-01
1.413491219282150269e-01
1.419254839420318604e-01
1.406571865081787109e-01
1.407748311758041382e-01
1.401278227567672729e-01
1.413183063268661499e-01
1.421366631984710693e-01
1.409107744693756104e-01
1.408782154321670532e-01
1.402710974216461182e-01
1.406315714120864868e-01
1.421682238578796387e-01
1.415685117244720459e-01
1.414148211479187012e-01
1.406714469194412231e-01
1.417856365442276001e-01
1.410958617925643921e-01
1.413434892892837524e-01
1.423157453536987305e-01
1.407896727323532104e-01
1.407156884670257568e-01
1.414238959550857544e-01
1.414690762758255005e-01
1.412029266357421875e-01
1.409800499677658081e-01
1.420045793056488037e-01
1.406438648700714111e-01
1.416775286197662354e-01
1.403894126415252686e-01
1.414024233818054199e-01
1.416593641042709351e-01
1.419422775506973267e-01
1.404761672019958496e-01
1.425675749778747559e-01
1.416742354631423950e-01
1.411983370780944824e-01
1.396442055702209473e-01
1.402616351842880249e-01
1.407171487808227539e-01
1.417865008115768433e-01
1.410637050867080688e-01
1.403436511754989624e-01
1.408140361309051514e-01
1.403208673000335693e-01
1.406722664833068848e-01
1.416453123092651367e-01
1.403273642063140869e-01
1.409206688404083252e-01
1.410475224256515503e-01
1.413553804159164429e-01
1.405972242355346680e-01
1.402488201856613159e-01
1.405584365129470825e-01
1.411738693714141846e-01
1.404630541801452637e-01
1.402630805969238281e-01
1.400369852781295776e-01
1.407736390829086304e-01
1.399386376142501831e-01
1.390091031789779663e-01
1.402746289968490601e-01
1.406818032264709473e-01
1.397025734186172485e-01
1.396003067493438721e-01
1.411138027906417847e-01
1.398296207189559937e-01
1.406853944063186646e-01
1.409933120012283325e-01
1.408821344375610352e-01
1.398468464612960815e-01
1.408376693725585938e-01
1.387620121240615845e-01
1.410376727581024170e-01
1.396972686052322388e-01
1.399213522672653198e-01
1.408286690711975098e-01
1.403543055057525635e-01
1.391140073537826538e-01
1.396043300628662109e-01
1.401825696229934692e-01
1.393845975399017334e-01
1.386927813291549683e-01
1.403366178274154663e-01
1.396932601928710938e-01
1.397504657506942749e-01
1.395960748195648193e-01
1.407358795404434204e-01
1.406008005142211914e-01
1.404251158237457275e-01
1.402817666530609131e-01
1.392921805381774902e-01
1.409844458103179932e-01
1.393028944730758667e-01
1.400059312582015991e-01
1.387946456670761108e-01
1.395154893398284912e-01
1.400822401046752930e-01
1.395916193723678589e-01
1.392915099859237671e-01
1.387059986591339111e-01
1.397977322340011597e-01
1.393422037363052368e-01
1.389907449483871460e-01
1.396516114473342896e-01
1.385691016912460327e-01
1.389130055904388428e-01
1.392365694046020508e-01
1.382802128791809082e-01
1.406495422124862671e-01
1.396117359399795532e-01
1.394421309232711792e-01
1.397957205772399902e-01
1.391972601413726807e-01
1.383154541254043579e-01
1.401598602533340454e-01
1.382166594266891479e-01
1.399566531181335449e-01
1.389700621366500854e-01
1.384505927562713623e-01
1.391796618700027466e-01
1.392553746700286865e-01
1.398516446352005005e-01
1.400156170129776001e-01
1.392505317926406860e-01
1.390121281147003174e-01
1.381327062845230103e-01
1.391825675964355469e-01
1.387255042791366577e-01
1.402765810489654541e-01
1.394521892070770264e-01
1.390778869390487671e-01
1.387372463941574097e-01
1.394968330860137939e-01
1.399955451488494873e-01
1.401607692241668701e-01
1.390097737312316895e-01
1.398421078920364380e-01
1.392280459403991699e-01
1.393551528453826904e-01
1.391298919916152954e-01
1.392715722322463989e-01
1.384231597185134888e-01
1.384311020374298096e-01
1.396819204092025757e-01
1.397208273410797119e-01
1.391925960779190063e-01
1.398594379425048828e-01
1.398955881595611572e-01
1.385683119297027588e-01
1.391458660364151001e-01
1.385794132947921753e-01
1.388153582811355591e-01
1.390172988176345825e-01
1.397938728332519531e-01
1.403795778751373291e-01
1.390790045261383057e-01
1.394994407892227173e-01
1.387529522180557251e-01
1.391879767179489136e-01
1.384421288967132568e-01
1.393060088157653809e-01
1.394505500793457031e-01
1.393253058195114136e-01
1.381781101226806641e-01
1.396215856075286865e-01
1.388442367315292358e-01
1.397247910499572754e-01
1.395002752542495728e-01
1.382947266101837158e-01
1.384838223457336426e-01
1.386349350214004517e-01
1.393243521451950073e-01
1.391430646181106567e-01
1.387904882431030273e-01
1.388308852910995483e-01
1.397677659988403320e-01
1.381597816944122314e-01
1.385273486375808716e-01
1.382272541522979736e-01
1.386582255363464355e-01
1.391141712665557861e-01
1.381544321775436401e-01
1.391614377498626709e-01
1.385463178157806396e-01
1.390991508960723877e-01
1.393849998712539673e-01
1.397660970687866211e-01
1.381748318672180176e-01
1.389727592468261719e-01
1.385016739368438721e-01
1.377297490835189819e-01
1.384228765964508057e-01
1.387767493724822998e-01
1.374744325876235962e-01
1.379827409982681274e-01
1.383579522371292114e-01
1.395619660615921021e-01
1.383793205022811890e-01
1.388213783502578735e-01
1.389691680669784546e-01
1.372964978218078613e-01
1.385084390640258789e-01
1.378047764301300049e-01
1.383366137742996216e-01
1.374892592430114746e-01
1.379914581775665283e-01
1.391732394695281982e-01
1.380475610494613647e-01
1.376133263111114502e-01
1.379583179950714111e-01
1.382270306348800659e-01
1.373581290245056152e-01
1.364790797233581543e-01
1.384175866842269897e-01
1.370180398225784302e-01
1.370023638010025024e-01
1.376441121101379395e-01
1.381583958864212036e-01
1.395172476768493652e-01
1.388632804155349731e-01
1.378811299800872803e-01
1.381753981113433838e-01
1.395334005355834961e-01
1.378945410251617432e-01
1.379837840795516968e-01
1.397488266229629517e-01
1.381985396146774292e-01
1.377333849668502808e-01
1.374862939119338989e-01
1.371545195579528809e-01
1.380649805068969727e-01
1.375769078731536865e-01
1.376780718564987183e-01
1.381056904792785645e-01
1.381023973226547241e-01
1.383324861526489258e-01
1.367712616920471191e-01
1.376297771930694580e-01
1.376899927854537964e-01
1.372638195753097534e-01
1.375242769718170166e-01
1.372510790824890137e-01
1.368349790573120117e-01
1.366788148880004883e-01
1.369385272264480591e-01
1.388645619153976440e-01
1.376134008169174194e-01
1.384323239326477051e-01
1.376948803663253784e-01
1.374917924404144287e-01
1.373904347419738770e-01
1.373958289623260498e-01
1.374604403972625732e-01
1.367663294076919556e-01
1.375280916690826416e-01
1.365318447351455688e-01
1.385194510221481323e-01
1.368350535631179810e-01
1.386416852474212646e-01
1.373885869979858398e-01
1.377304196357727051e-01
1.380893886089324951e-01
1.383458971977233887e-01
1.373479664325714111e-01
1.367826610803604126e-01
1.371664255857467651e-01
1.368022263050079346e-01
1.376121491193771362e-01
1.379806548357009888e-01
1.359628587961196899e-01
1.371273249387741089e-01
1.372634619474411011e-01
1.376197189092636108e-01
1.361981183290481567e-01
1.371493488550186157e-01
1.378451883792877197e-01
1.365567594766616821e-01
1.372194290161132812e-01
1.358260661363601685e-01
1.366197168827056885e-01
1.368293762207031250e-01
1.369989067316055298e-01
1.372376531362533569e-01
1.367252916097640991e-01
1.367306262254714966e-01
1.371345818042755127e-01
1.377148926258087158e-01
1.357102990150451660e-01
1.354438364505767822e-01
1.371262520551681519e-01
1.380008161067962646e-01
1.375148147344589233e-01
1.370150595903396606e-01
1.367486715316772461e-01
1.371348947286605835e-01
1.377796679735183716e-01
1.370540857315063477e-01
1.373194605112075806e-01
1.364242136478424072e-01
1.359417289495468140e-01
1.368974447250366211e-01
1.365909278392791748e-01
1.360386759042739868e-01
1.372284293174743652e-01
1.366485804319381714e-01
1.368727087974548340e-01
1.371661424636840820e-01
1.373483091592788696e-01
1.357191354036331177e-01
1.374833136796951294e-01
1.379957050085067749e-01
1.363148689270019531e-01
1.373668611049652100e-01
1.370990425348281860e-01
1.366895437240600586e-01
1.365152746438980103e-01
1.375354379415512085e-01
1.370369195938110352e-01
1.364373862743377686e-01
1.381361931562423706e-01
1.358954310417175293e-01
1.372472643852233887e-01
1.353093534708023071e-01
1.375099718570709229e-01
1.365240961313247681e-01
1.367699354887008667e-01
1.366065144538879395e-01
1.375693827867507935e-01
1.381229907274246216e-01
1.362011432647705078e-01
1.366630941629409790e-01
1.354620605707168579e-01
1.358603835105895996e-01
1.364153623580932617e-01
1.359064429998397827e-01
2.085908055305480957e-01
2.076514512300491333e-01
2.094930559396743774e-01
2.086178958415985107e-01
2.059686779975891113e-01
2.061856538057327271e-01
2.074873596429824829e-01
2.072747647762298584e-01
2.044087052345275879e-01
2.084264755249023438e-01
2.051701843738555908e-01
2.051596194505691528e-01
2.063270956277847290e-01
2.046945393085479736e-01
2.058385461568832397e-01
2.053088247776031494e-01
2.058983445167541504e-01
2.048220932483673096e-01
2.045696824789047241e-01
2.040817439556121826e-01
2.057409733533859253e-01
2.037597298622131348e-01
2.033604234457015991e-01
2.006727755069732666e-01
2.042337656021118164e-01
2.042577266693115234e-01
2.078599333763122559e-01
2.027622312307357788e-01
2.064320147037506104e-01
2.071039229631423950e-01
2.044788599014282227e-01
2.034981250762939453e-01
2.063281685113906860e-01
2.038024663925170898e-01
2.033663243055343628e-01
2.018908262252807617e-01
2.042302489280700684e-01
2.040676027536392212e-01
2.034243941307067871e-01
2.044794559478759766e-01
2.013891935348510742e-01
2.022206783294677734e-01
2.017542570829391479e-01
2.041236162185668945e-01
2.031272202730178833e-01
2.029196023941040039e-01
2.037804871797561646e-01
2.028016895055770874e-01
2.031059861183166504e-01
2.020017057657241821e-01
2.027784734964370728e-01
2.064172625541687012e-01
2.029176801443099976e-01
2.054371535778045654e-01
2.013201415538787842e-01
2.018791288137435913e-01
2.042509019374847412e-01
2.004198431968688965e-01
2.017054855823516846e-01
2.027683407068252563e-01
2.021741420030593872e-01
2.026090770959854126e-01
2.002728879451751709e-01
2.000326663255691528e-01
2.013337463140487671e-01
2.019958794116973877e-01
2.024393826723098755e-01
2.041965872049331665e-01
1.992250233888626099e-01
2.022415548563003540e-01
2.016386538743972778e-01
2.016657143831253052e-01
2.018633335828781128e-01
2.040307074785232544e-01
2.018745690584182739e-01
2.000480294227600098e-01
1.995160579681396484e-01
2.020196169614791870e-01
2.019898593425750732e-01
1.989018768072128296e-01
2.004971355199813843e-01
2.011302560567855835e-01
2.015750259160995483e-01
2.022299468517303467e-01
2.021814733743667603e-01
2.013121545314788818e-01
2.013143748044967651e-01
2.002382129430770874e-01
2.001998126506805420e-01
2.022066861391067505e-01
1.999672353267669678e-01
1.993561685085296631e-01
2.013978362083435059e-01
2.019555419683456421e-01
1.996622681617736816e-01
1.995688974857330322e-01
2.009553313255310059e-01
2.003027051687240601e-01
2.031780779361724854e-01
2.007790058851242065e-01
