7.986633786559105275e-01
4.443061301112175010e-01
4.047861288487911158e-01
3.817879360169172398e-01
3.383708368241786779e-01
2.955808545649051822e-01
3.048429924249649314e-01
2.827354475110769316e-01
2.855954746156930679e-01
2.546710646152496316e-01
2.421144779771566280e-01
2.326875553280115250e-01
2.263961242884397485e-01
2.347185413539409626e-01
2.177659798413515146e-01
2.256076448410749558e-01
2.196048638224601668e-01
2.028847047686576921e-01
1.862644686177372944e-01
1.854391809180379047e-01
1.909333119541406498e-01
1.807990051805972997e-01
1.967200319468974945e-01
1.951337409019470170e-01
1.691347745805978908e-01
1.793696452304720801e-01
1.936160554736852668e-01
1.428754967264831144e-01
1.589265206456184354e-01
1.544367468729615223e-01
1.445965214446187086e-01
1.447662963345646980e-01
1.536277343332767553e-01
1.590879540890455246e-01
1.549034601077437512e-01
1.589440492540598049e-01
1.276457562670111623e-01
1.151579853892326366e-01
1.272709019854664780e-01
1.204725392907857878e-01
1.229476453736424446e-01
1.302599979750811987e-01
1.337312630936503544e-01
1.433564192056655806e-01
1.310873124562203784e-01
9.924080874770879745e-02
1.025866750814020678e-01
9.925058303400874360e-02
1.150568518415093361e-01
1.073768300563096995e-01
1.105926740355789722e-01
1.118550692312419437e-01
1.061578444205224514e-01
1.180011876299977280e-01
8.890043078921734676e-02
9.111288953572511951e-02
8.251939292997122199e-02
8.581773977726697700e-02
9.566303590312599803e-02
9.472452014684677735e-02
9.763517607003451004e-02
8.946735261008142981e-02
9.950501298531889971e-02
7.227158929221332018e-02
6.960470648482441902e-02
6.904480232857167221e-02
8.383559569716453330e-02
7.940045550465583968e-02
7.913443409837782327e-02
7.702055152505636604e-02
8.244874337688087862e-02
7.881244920194148407e-02
6.635194025933742468e-02
6.444823160767555736e-02
6.840671369805932656e-02
6.222817671485245117e-02
6.643392046913504378e-02
6.687261132523417140e-02
6.900331374257802353e-02
6.580251771956682760e-02
6.787476008757949153e-02
6.042698049917816921e-02
5.761574945412575866e-02
5.965766107663512258e-02
6.054086241871118462e-02
6.040604066103696934e-02
6.136410666629672078e-02
6.273052561096846558e-02
7.891496962867677878e-02
6.540149260312318191e-02
5.746408798731863360e-02
5.535666089504957116e-02
5.774999039247632332e-02
5.875938259065151270e-02
5.971524907276034438e-02
5.895267436280846735e-02
6.366227150894701592e-02
5.818717688322067039e-02
6.253294372931123002e-02
5.104325208812952180e-02
4.801793231628834896e-02
5.160036549903452424e-02
5.197563182562589534e-02
5.373585190623998697e-02
5.225977376103400907e-02
5.556216778233647596e-02
6.243852734565735058e-02
5.995331458747386877e-02
4.205790732055902231e-02
4.742832483723759956e-02
4.775417067110538510e-02
4.789397727698087998e-02
4.923231659457087683e-02
4.978247117251157622e-02
5.090730500407517067e-02
5.105303181335330009e-02
5.462486064061522484e-02
3.349335621576756544e-02
3.446516382740810736e-02
5.147310354746878480e-02
5.381666345056146383e-02
4.871579590369947560e-02
5.399263096740469087e-02
4.466320327948778562e-02
5.192253276472911377e-02
5.163795681204647048e-02
3.144316017976962058e-02
3.787131452001631093e-02
3.322714201174676446e-02
3.333675095578655934e-02
4.308661527466028929e-02
4.506366253597662158e-02
3.682152783148921749e-02
3.295992937462870198e-02
4.463360007968731474e-02
