9.769380092620849609e-01
9.713737368583679199e-01
9.655357003211975098e-01
9.607110619544982910e-01
9.557137489318847656e-01
9.491999745368957520e-01
9.419175386428833008e-01
9.316188097000122070e-01
9.221099019050598145e-01
9.093765616416931152e-01
8.966994881629943848e-01
8.813762068748474121e-01
8.648998737335205078e-01
8.447245955467224121e-01
8.259768486022949219e-01
8.029276728630065918e-01
7.779715061187744141e-01
7.543206214904785156e-01
7.289597988128662109e-01
6.981413364410400391e-01
6.756586432456970215e-01
6.464201807975769043e-01
6.224387288093566895e-01
6.147185564041137695e-01
5.975441336631774902e-01
5.730092525482177734e-01
5.729912519454956055e-01
5.407409071922302246e-01
5.340940952301025391e-01
5.567471385002136230e-01
5.297181606292724609e-01
5.414087176322937012e-01
5.305165648460388184e-01
5.015784502029418945e-01
5.674179792404174805e-01
4.994256794452667236e-01
4.934444725513458252e-01
4.771494865417480469e-01
4.957249462604522705e-01
4.821358621120452881e-01
4.766592979431152344e-01
4.784505963325500488e-01
4.668318629264831543e-01
4.620723426342010498e-01
4.600165784358978271e-01
4.604774713516235352e-01
4.560467004776000977e-01
4.552145302295684814e-01
4.491178393363952637e-01
4.484179913997650146e-01
4.580870568752288818e-01
4.510048031806945801e-01
4.390260279178619385e-01
4.370763003826141357e-01
4.321561753749847412e-01
4.328452646732330322e-01
4.347222149372100830e-01
4.294104874134063721e-01
4.258867800235748291e-01
4.254999160766601562e-01
4.224509000778198242e-01
4.265412986278533936e-01
4.184739291667938232e-01
4.172849059104919434e-01
4.227378964424133301e-01
4.127578139305114746e-01
4.146612286567687988e-01
4.140395820140838623e-01
4.096463024616241455e-01
4.068755805492401123e-01
4.113301038742065430e-01
4.097975492477416992e-01
4.061699211597442627e-01
4.025293886661529541e-01
4.029313325881958008e-01
4.061270058155059814e-01
3.980197608470916748e-01
3.987477719783782959e-01
4.014599025249481201e-01
3.964355587959289551e-01
3.964460790157318115e-01
3.926839828491210938e-01
3.899776935577392578e-01
3.903062939643859863e-01
3.899011313915252686e-01
3.955315053462982178e-01
3.867768645286560059e-01
3.882025480270385742e-01
3.868759572505950928e-01
3.812850415706634521e-01
3.844727277755737305e-01
3.876021504402160645e-01
3.824813663959503174e-01
3.780825436115264893e-01
3.775589764118194580e-01
3.766018748283386230e-01
3.767812252044677734e-01
3.778775632381439209e-01
3.874089717864990234e-01
3.775038123130798340e-01
3.735651373863220215e-01
3.742803931236267090e-01
3.708357512950897217e-01
3.698575496673583984e-01
3.692149221897125244e-01
3.721512556076049805e-01
3.676261305809020996e-01
3.660356402397155762e-01
3.644402623176574707e-01
3.686174750328063965e-01
3.655876815319061279e-01
3.634921908378601074e-01
3.653645217418670654e-01
3.631752729415893555e-01
3.612941205501556396e-01
3.635498285293579102e-01
3.585694730281829834e-01
3.647518754005432129e-01
3.698638677597045898e-01
3.573663830757141113e-01
3.600857257843017578e-01
3.534241318702697754e-01
3.544349968433380127e-01
3.561864197254180908e-01
3.514173626899719238e-01
3.499849736690521240e-01
3.564458489418029785e-01
3.487482070922851562e-01
3.505984246730804443e-01
3.514168858528137207e-01
3.493794202804565430e-01
3.501868247985839844e-01
3.473897576332092285e-01
3.493772149085998535e-01
3.455384969711303711e-01
3.445201814174652100e-01
3.447183072566986084e-01
3.452223241329193115e-01
3.414904773235321045e-01
3.401473462581634521e-01
3.452129662036895752e-01
3.456987440586090088e-01
3.413927853107452393e-01
3.386413156986236572e-01
3.387589752674102783e-01
3.376069962978363037e-01
3.446668982505798340e-01
3.389352262020111084e-01
3.344675004482269287e-01
3.359786570072174072e-01
3.397079408168792725e-01
3.358179330825805664e-01
3.350819647312164307e-01
3.338041901588439941e-01
3.362950682640075684e-01
3.326062262058258057e-01
3.371185958385467529e-01
3.266949951648712158e-01
3.336558341979980469e-01
3.294103741645812988e-01
3.273844420909881592e-01
3.284847438335418701e-01
3.326729834079742432e-01
3.255854249000549316e-01
3.271707892417907715e-01
3.237664699554443359e-01
3.278114795684814453e-01
3.258810639381408691e-01
3.238495886325836182e-01
3.242870271205902100e-01
3.222061395645141602e-01
3.259035944938659668e-01
3.222874104976654053e-01
3.241356015205383301e-01
3.222914040088653564e-01
3.228702247142791748e-01
3.166332244873046875e-01
3.168543577194213867e-01
3.200887143611907959e-01
3.162280619144439697e-01
3.177477419376373291e-01
3.157789409160614014e-01
3.169154524803161621e-01
3.136534094810485840e-01
3.196461498737335205e-01
3.119405806064605713e-01
3.124025464057922363e-01
3.130199313163757324e-01
3.118126392364501953e-01
3.151662349700927734e-01
3.125452399253845215e-01
3.107340037822723389e-01
3.155665099620819092e-01
3.123460412025451660e-01
3.118421137332916260e-01
3.102803528308868408e-01
3.068957626819610596e-01
3.109677433967590332e-01
3.097146153450012207e-01
3.097395896911621094e-01
3.068222701549530029e-01
3.052648603916168213e-01
3.052521347999572754e-01
3.069837093353271484e-01
3.063054680824279785e-01
3.034245371818542480e-01
3.051432371139526367e-01
3.038105666637420654e-01
3.058139681816101074e-01
3.067536950111389160e-01
3.036037087440490723e-01
2.999511063098907471e-01
3.002976775169372559e-01
3.019827008247375488e-01
2.999413907527923584e-01
3.019026219844818115e-01
3.005767166614532471e-01
2.975527644157409668e-01
2.967359423637390137e-01
2.958919405937194824e-01
2.998801171779632568e-01
2.964434921741485596e-01
2.975341975688934326e-01
2.967800199985504150e-01
2.943763732910156250e-01
2.936515808105468750e-01
2.938325703144073486e-01
2.937858998775482178e-01
2.879516482353210449e-01
2.941718399524688721e-01
2.905039191246032715e-01
2.928658723831176758e-01
2.905964851379394531e-01
2.932000160217285156e-01
2.905419468879699707e-01
2.888282835483551025e-01
2.896223366260528564e-01
2.863186597824096680e-01
2.869750559329986572e-01
2.922483086585998535e-01
2.899727523326873779e-01
2.908787429332733154e-01
2.885050475597381592e-01
2.857434153556823730e-01
2.885876893997192383e-01
2.858110070228576660e-01
2.864957451820373535e-01
2.854845523834228516e-01
2.844666540622711182e-01
2.851107120513916016e-01
2.863748967647552490e-01
2.817553281784057617e-01
2.821691930294036865e-01
2.852151095867156982e-01
2.814356386661529541e-01
2.840883135795593262e-01
2.777027487754821777e-01
2.814072072505950928e-01
2.811731100082397461e-01
2.807674705982208252e-01
2.804481983184814453e-01
2.821389436721801758e-01
2.809178829193115234e-01
2.803412973880767822e-01
2.781747579574584961e-01
2.771994769573211670e-01
2.796958386898040771e-01
2.777608335018157959e-01
2.835279107093811035e-01
2.755599021911621094e-01
2.790555059909820557e-01
2.773220241069793701e-01
2.765811681747436523e-01
2.730699777603149414e-01
2.776727974414825439e-01
2.754506766796112061e-01
2.747808694839477539e-01
2.743395566940307617e-01
2.744899392127990723e-01
2.721801400184631348e-01
2.732619047164916992e-01
2.733495831489562988e-01
2.725147604942321777e-01
2.713276147842407227e-01
2.736427485942840576e-01
2.709016501903533936e-01
2.696695327758789062e-01
2.702307105064392090e-01
2.728310227394104004e-01
2.700079977512359619e-01
2.717175781726837158e-01
2.723752856254577637e-01
2.676739394664764404e-01
2.677227556705474854e-01
2.698285877704620361e-01
2.688395977020263672e-01
2.667827010154724121e-01
2.661602497100830078e-01
2.667565941810607910e-01
2.699010968208312988e-01
2.656220495700836182e-01
2.636666297912597656e-01
2.661083936691284180e-01
2.688525319099426270e-01
2.675126492977142334e-01
2.659768760204315186e-01
2.680573165416717529e-01
2.622610330581665039e-01
2.642485499382019043e-01
2.664255797863006592e-01
2.620277702808380127e-01
2.652142941951751709e-01
2.637351751327514648e-01
2.627146840095520020e-01
2.627074122428894043e-01
2.642895579338073730e-01
2.623886764049530029e-01
2.623535096645355225e-01
2.613518238067626953e-01
2.636809051036834717e-01
2.630362212657928467e-01
2.617812156677246094e-01
2.619729340076446533e-01
2.603043317794799805e-01
2.583996653556823730e-01
2.590496540069580078e-01
2.596554160118103027e-01
2.611949145793914795e-01
2.608504891395568848e-01
2.599287927150726318e-01
2.584297060966491699e-01
2.575383186340332031e-01
2.589544355869293213e-01
2.579036355018615723e-01
2.598255276679992676e-01
2.592354416847229004e-01
2.621794641017913818e-01
2.574655115604400635e-01
2.569136321544647217e-01
2.583768665790557861e-01
2.541297674179077148e-01
2.573809623718261719e-01
2.578183710575103760e-01
2.578777372837066650e-01
2.562527060508728027e-01
2.534155845642089844e-01
2.557187080383300781e-01
2.507698833942413330e-01
2.546108365058898926e-01
2.558301985263824463e-01
2.544959783554077148e-01
2.554545998573303223e-01
2.532824873924255371e-01
2.509335875511169434e-01
2.563480138778686523e-01
2.493363618850708008e-01
2.527719438076019287e-01
2.510151267051696777e-01
2.541059255599975586e-01
2.541753649711608887e-01
2.547928690910339355e-01
2.532526850700378418e-01
2.502891421318054199e-01
2.540219426155090332e-01
2.505438923835754395e-01
2.503023147583007812e-01
2.518811821937561035e-01
2.484774440526962280e-01
2.506082952022552490e-01
2.486030459403991699e-01
2.534077167510986328e-01
2.513923645019531250e-01
2.474386692047119141e-01
2.500599920749664307e-01
2.485738694667816162e-01
2.485258281230926514e-01
2.476386427879333496e-01
2.454649955034255981e-01
2.490902692079544067e-01
2.492957264184951782e-01
2.469850182533264160e-01
2.473846077919006348e-01
2.468199133872985840e-01
2.485868185758590698e-01
2.497006207704544067e-01
2.475072443485260010e-01
2.474629878997802734e-01
2.454748451709747314e-01
2.453261017799377441e-01
2.451237589120864868e-01
2.476360797882080078e-01
2.460341900587081909e-01
2.450315654277801514e-01
2.447507679462432861e-01
2.467181235551834106e-01
2.442357242107391357e-01
2.473904937505722046e-01
2.426659762859344482e-01
2.420741766691207886e-01
2.439659237861633301e-01
2.430675476789474487e-01
2.440577596426010132e-01
2.434248328208923340e-01
2.452545762062072754e-01
2.425585240125656128e-01
2.433822304010391235e-01
2.448672354221343994e-01
2.447353005409240723e-01
2.414633333683013916e-01
2.407114803791046143e-01
2.415102273225784302e-01
2.430827468633651733e-01
2.443245351314544678e-01
2.401767969131469727e-01
2.405077069997787476e-01
2.419897466897964478e-01
2.446580529212951660e-01
2.390104085206985474e-01
2.414745688438415527e-01
2.437338531017303467e-01
2.394745647907257080e-01
2.394749075174331665e-01
2.404354363679885864e-01
2.410894930362701416e-01
2.401833385229110718e-01
2.402006983757019043e-01
2.437709718942642212e-01
2.378127127885818481e-01
2.390776872634887695e-01
2.382702827453613281e-01
2.429222017526626587e-01
2.387049794197082520e-01
2.395275831222534180e-01
2.419739961624145508e-01
2.373415529727935791e-01
2.393409013748168945e-01
2.388557642698287964e-01
2.389871925115585327e-01
2.373558878898620605e-01
2.388607710599899292e-01
2.384990304708480835e-01
2.370591759681701660e-01
2.353663295507431030e-01
2.345820963382720947e-01
2.384265512228012085e-01
2.397241592407226562e-01
2.363146990537643433e-01
2.392061501741409302e-01
2.378861308097839355e-01
2.357609122991561890e-01
2.381075769662857056e-01
2.360357046127319336e-01
2.363058030605316162e-01
2.350853830575942993e-01
2.344885170459747314e-01
2.357530146837234497e-01
2.354023605585098267e-01
2.351330667734146118e-01
2.360379844903945923e-01
2.349228709936141968e-01
2.365183383226394653e-01
2.357248365879058838e-01
2.339912056922912598e-01
2.362765967845916748e-01
2.350238710641860962e-01
2.347183525562286377e-01
2.334229797124862671e-01
2.342747300863265991e-01
2.359879761934280396e-01
2.350103259086608887e-01
2.310446202754974365e-01
2.372665107250213623e-01
2.344581335783004761e-01
2.345363795757293701e-01
2.344689369201660156e-01
2.335839122533798218e-01
2.310317754745483398e-01
2.319509536027908325e-01
2.329930812120437622e-01
2.343218475580215454e-01
2.332830876111984253e-01
2.324637323617935181e-01
2.336763590574264526e-01
2.310571372509002686e-01
2.324408739805221558e-01
2.321814447641372681e-01
2.312099337577819824e-01
2.323300391435623169e-01
2.342171221971511841e-01
2.346262782812118530e-01
2.337848842144012451e-01
2.325142621994018555e-01
2.338139116764068604e-01
2.299579977989196777e-01
2.323660552501678467e-01
2.327405661344528198e-01
2.298431396484375000e-01
2.302613407373428345e-01
2.302818149328231812e-01
2.315613776445388794e-01
2.310611307621002197e-01
2.348322868347167969e-01
2.303753644227981567e-01
2.293732166290283203e-01
2.316486835479736328e-01
2.326776832342147827e-01
2.325712144374847412e-01
2.306221723556518555e-01
2.314278334379196167e-01
2.289085388183593750e-01
2.281992286443710327e-01
2.294026315212249756e-01
2.294011861085891724e-01
2.272144109010696411e-01
2.287523150444030762e-01
2.277005910873413086e-01
2.296413481235504150e-01
2.260685116052627563e-01
2.284663915634155273e-01
2.285487800836563110e-01
2.291388958692550659e-01
2.312137633562088013e-01
2.301713526248931885e-01
2.319305390119552612e-01
2.292644828557968140e-01
2.297219634056091309e-01
2.293644845485687256e-01
2.296904921531677246e-01
2.270925045013427734e-01
2.288105189800262451e-01
2.291091680526733398e-01
2.275542169809341431e-01
2.261918783187866211e-01
2.249858379364013672e-01
2.274395227432250977e-01
2.275954931974411011e-01
2.261683046817779541e-01
2.265638262033462524e-01
2.276850342750549316e-01
2.274117022752761841e-01
2.253472059965133667e-01
2.277970761060714722e-01
2.274714857339859009e-01
2.257896363735198975e-01
2.271439135074615479e-01
2.250663340091705322e-01
2.260562330484390259e-01
2.261935770511627197e-01
2.244313657283782959e-01
2.266339212656021118e-01
2.267036736011505127e-01
2.256873995065689087e-01
2.256445586681365967e-01
2.264915853738784790e-01
2.235868126153945923e-01
2.281788885593414307e-01
2.259751409292221069e-01
2.243639081716537476e-01
2.244790196418762207e-01
2.258779108524322510e-01
2.238108813762664795e-01
2.255177646875381470e-01
2.245736420154571533e-01
2.263339757919311523e-01
2.232025265693664551e-01
2.264905571937561035e-01
2.239670306444168091e-01
2.217798233032226562e-01
2.251708060503005981e-01
2.253911942243576050e-01
2.236123830080032349e-01
2.241102159023284912e-01
2.242358028888702393e-01
2.220413386821746826e-01
2.240428179502487183e-01
2.223012000322341919e-01
2.272596061229705811e-01
2.228807806968688965e-01
2.215293198823928833e-01
2.229784727096557617e-01
2.235609740018844604e-01
2.230972647666931152e-01
2.224177569150924683e-01
2.228264063596725464e-01
2.236457616090774536e-01
2.207622081041336060e-01
2.242847532033920288e-01
2.232037186622619629e-01
2.233840674161911011e-01
2.206461876630783081e-01
2.225296199321746826e-01
2.216423600912094116e-01
2.210547775030136108e-01
2.216642796993255615e-01
2.210450470447540283e-01
2.225197851657867432e-01
2.233524620532989502e-01
2.227014452219009399e-01
2.223943173885345459e-01
2.272561043500900269e-01
2.200067043304443359e-01
2.213772684335708618e-01
2.220990061759948730e-01
2.223823517560958862e-01
2.209451049566268921e-01
2.216165065765380859e-01
2.202893495559692383e-01
2.190635502338409424e-01
2.241012156009674072e-01
2.216565310955047607e-01
2.220966219902038574e-01
2.223005294799804688e-01
2.195462137460708618e-01
2.205581218004226685e-01
2.204862385988235474e-01
2.217522263526916504e-01
2.189059257507324219e-01
2.226186096668243408e-01
2.191610038280487061e-01
2.198188006877899170e-01
2.219235748052597046e-01
2.207157462835311890e-01
2.212548404932022095e-01
2.200144678354263306e-01
2.179250717163085938e-01
2.214977443218231201e-01
2.206480801105499268e-01
2.178414165973663330e-01
2.201112657785415649e-01
2.187740355730056763e-01
2.178672403097152710e-01
2.188330739736557007e-01
2.206229269504547119e-01
2.192155569791793823e-01
2.179647237062454224e-01
2.176352143287658691e-01
2.195101529359817505e-01
2.179694175720214844e-01
2.172942757606506348e-01
2.190687805414199829e-01
2.181812226772308350e-01
2.192838042974472046e-01
2.167053520679473877e-01
2.176487892866134644e-01
2.177087962627410889e-01
2.199983149766921997e-01
2.156724035739898682e-01
2.174906730651855469e-01
2.175308614969253540e-01
2.168011367321014404e-01
2.184336930513381958e-01
2.170346975326538086e-01
2.180163264274597168e-01
2.188664972782135010e-01
2.160718739032745361e-01
2.159814238548278809e-01
2.151674777269363403e-01
2.170004844665527344e-01
2.164290547370910645e-01
2.181413173675537109e-01
2.178347855806350708e-01
2.163287252187728882e-01
2.160455584526062012e-01
2.164580523967742920e-01
2.184981554746627808e-01
2.131922692060470581e-01
2.180861234664916992e-01
2.161163538694381714e-01
2.170289009809494019e-01
2.135231494903564453e-01
2.158584147691726685e-01
2.161688804626464844e-01
2.176931798458099365e-01
2.176260799169540405e-01
2.158751487731933594e-01
2.176691740751266479e-01
2.167967706918716431e-01
2.147893011569976807e-01
2.160711884498596191e-01
2.148800641298294067e-01
2.152076661586761475e-01
2.169816046953201294e-01
2.152398824691772461e-01
2.127754986286163330e-01
2.156650871038436890e-01
2.134045064449310303e-01
2.135383039712905884e-01
2.134578973054885864e-01
2.181193977594375610e-01
2.156117558479309082e-01
2.117314189672470093e-01
2.146015316247940063e-01
2.160152941942214966e-01
2.133167982101440430e-01
2.159161418676376343e-01
2.158582210540771484e-01
2.138626575469970703e-01
2.137508094310760498e-01
2.134836912155151367e-01
2.148749530315399170e-01
2.153743952512741089e-01
2.118208408355712891e-01
2.130730003118515015e-01
2.129685431718826294e-01
2.153952419757843018e-01
2.142075896263122559e-01
2.124603539705276489e-01
2.147862315177917480e-01
2.141550332307815552e-01
2.128504812717437744e-01
2.132171094417572021e-01
2.139634788036346436e-01
2.124589532613754272e-01
2.140268683433532715e-01
2.136573940515518188e-01
2.147240191698074341e-01
2.145104110240936279e-01
2.132399678230285645e-01
2.143569588661193848e-01
2.137790173292160034e-01
2.129415571689605713e-01
2.120941430330276489e-01
2.122133821249008179e-01
2.128961384296417236e-01
2.111820727586746216e-01
2.115581631660461426e-01
2.113090157508850098e-01
2.113535255193710327e-01
2.125787883996963501e-01
2.134807854890823364e-01
2.130327969789505005e-01
2.131678462028503418e-01
2.121005356311798096e-01
2.125178128480911255e-01
2.116999924182891846e-01
2.102465033531188965e-01
2.131563723087310791e-01
2.127595394849777222e-01
2.123341560363769531e-01
2.107894718647003174e-01
2.122702896595001221e-01
2.100584208965301514e-01
2.124651819467544556e-01
2.106152027845382690e-01
2.140095382928848267e-01
2.117951810359954834e-01
2.132260054349899292e-01
2.120200544595718384e-01
2.081751525402069092e-01
2.125504314899444580e-01
2.137937694787979126e-01
2.129042148590087891e-01
2.106973677873611450e-01
2.103598117828369141e-01
2.110869735479354858e-01
2.125174105167388916e-01
2.118384093046188354e-01
2.125488370656967163e-01
2.120961397886276245e-01
2.112219631671905518e-01
2.099279314279556274e-01
2.113583981990814209e-01
2.114330977201461792e-01
2.116214483976364136e-01
2.108895778656005859e-01
2.115641832351684570e-01
2.110302895307540894e-01
2.103419303894042969e-01
2.091833353042602539e-01
2.062721252441406250e-01
2.091452777385711670e-01
2.099930942058563232e-01
2.102861851453781128e-01
2.101873308420181274e-01
2.088271975517272949e-01
2.111203521490097046e-01
2.108855843544006348e-01
2.080487459897994995e-01
2.106181532144546509e-01
2.080173939466476440e-01
2.099544554948806763e-01
2.120573818683624268e-01
2.084163278341293335e-01
2.100581228733062744e-01
2.108198702335357666e-01
2.113090455532073975e-01
2.086459249258041382e-01
2.124201506376266479e-01
2.091230750083923340e-01
2.085408419370651245e-01
2.099084556102752686e-01
2.079681605100631714e-01
2.093373537063598633e-01
2.084658592939376831e-01
2.083399295806884766e-01
2.084396928548812866e-01
2.080403566360473633e-01
2.087171524763107300e-01
2.080032378435134888e-01
2.073831409215927124e-01
2.087514251470565796e-01
2.096861451864242554e-01
2.066671550273895264e-01
2.074607014656066895e-01
2.112404555082321167e-01
2.063814550638198853e-01
2.084860503673553467e-01
2.085832655429840088e-01
2.078091800212860107e-01
2.068548351526260376e-01
2.085020095109939575e-01
2.076511979103088379e-01
2.049247175455093384e-01
2.078309506177902222e-01
2.073876559734344482e-01
2.083929479122161865e-01
2.092511653900146484e-01
2.061295360326766968e-01
2.087672650814056396e-01
2.071876823902130127e-01
2.069747745990753174e-01
2.072350829839706421e-01
2.057806104421615601e-01
2.065847814083099365e-01
2.075328677892684937e-01
2.083705961704254150e-01
2.084022611379623413e-01
2.093507945537567139e-01
2.063909322023391724e-01
2.075070738792419434e-01
2.064047306776046753e-01
2.054150402545928955e-01
2.074559777975082397e-01
2.078745663166046143e-01
2.075694650411605835e-01
2.043460309505462646e-01
2.074040472507476807e-01
2.074324637651443481e-01
2.071475535631179810e-01
2.073435634374618530e-01
2.070883065462112427e-01
2.062624841928482056e-01
2.067637443542480469e-01
2.071466743946075439e-01
2.088178843259811401e-01
2.059058994054794312e-01
2.073595076799392700e-01
2.043606042861938477e-01
2.075709551572799683e-01
2.057686448097229004e-01
2.070356011390686035e-01
2.065946161746978760e-01
2.062743902206420898e-01
2.075236737728118896e-01
2.061259448528289795e-01
2.067383974790573120e-01
2.047233879566192627e-01
2.023620754480361938e-01
2.065541893243789673e-01
2.055479884147644043e-01
2.046730816364288330e-01
2.065986543893814087e-01
2.055098265409469604e-01
2.061100155115127563e-01
2.056151330471038818e-01
2.048279494047164917e-01
2.060199379920959473e-01
2.055675983428955078e-01
2.063744962215423584e-01
2.053365111351013184e-01
2.040987163782119751e-01
2.062885016202926636e-01
2.044984698295593262e-01
2.062644809484481812e-01
2.075602561235427856e-01
2.062074095010757446e-01
2.049960494041442871e-01
2.040804773569107056e-01
2.048446685075759888e-01
2.057294398546218872e-01
2.057178169488906860e-01
2.048572748899459839e-01
2.052979618310928345e-01
2.035988569259643555e-01
2.038328200578689575e-01
2.032250463962554932e-01
2.059153616428375244e-01
2.047207057476043701e-01
2.040415257215499878e-01
2.048923969268798828e-01
2.054761797189712524e-01
2.050906717777252197e-01
2.061744332313537598e-01
2.045829445123672485e-01
2.047110497951507568e-01
2.063015997409820557e-01
2.036198377609252930e-01
2.052893042564392090e-01
2.044197171926498413e-01
2.029713243246078491e-01
2.014186978340148926e-01
2.051750868558883667e-01
2.037760615348815918e-01
2.035833448171615601e-01
2.043582946062088013e-01
2.023902684450149536e-01
2.054834216833114624e-01
2.063855826854705811e-01
2.036571800708770752e-01
2.035836279392242432e-01
2.046016901731491089e-01
2.052583694458007812e-01
2.035045921802520752e-01
2.035406231880187988e-01
2.047806233167648315e-01
2.038378119468688965e-01
2.034915089607238770e-01
2.054847925901412964e-01
2.041332423686981201e-01
2.037773430347442627e-01
2.014159262180328369e-01
2.037864476442337036e-01
2.053546309471130371e-01
2.027985155582427979e-01
2.015572935342788696e-01
2.035366594791412354e-01
2.019695043563842773e-01
2.056391090154647827e-01
2.022674381732940674e-01
2.026006877422332764e-01
2.031455785036087036e-01
2.035154700279235840e-01
2.041667401790618896e-01
2.013711184263229370e-01
2.022945135831832886e-01
2.023292779922485352e-01
2.007741183042526245e-01
2.032968401908874512e-01
2.034166306257247925e-01
2.018592506647109985e-01
2.024059742689132690e-01
2.029947191476821899e-01
2.008163183927536011e-01
2.022404670715332031e-01
2.023754119873046875e-01
2.005533427000045776e-01
2.033706009387969971e-01
2.016917765140533447e-01
2.010179758071899414e-01
2.037021666765213013e-01
2.010560631752014160e-01
2.024212032556533813e-01
2.028096020221710205e-01
2.021561712026596069e-01
2.035492658615112305e-01
2.035965472459793091e-01
2.030932456254959106e-01
2.039202451705932617e-01
2.019025683403015137e-01
2.019446939229965210e-01
2.021129429340362549e-01
2.003342807292938232e-01
2.033984512090682983e-01
2.010443061590194702e-01
2.047729939222335815e-01
2.015886604785919189e-01
2.025376856327056885e-01
2.013967335224151611e-01
2.013520747423171997e-01
2.039040029048919678e-01
2.000605165958404541e-01
2.013986706733703613e-01
2.020859122276306152e-01
2.021046280860900879e-01
2.019916325807571411e-01
2.034385651350021362e-01
2.028924971818923950e-01
2.012946754693984985e-01
1.997026205062866211e-01
2.004841864109039307e-01
2.028342783451080322e-01
2.030119448900222778e-01
2.013419121503829956e-01
1.995292603969573975e-01
2.017994225025177002e-01
2.017152011394500732e-01
2.029040008783340454e-01
2.029331326484680176e-01
1.997075229883193970e-01
2.011703103780746460e-01
1.999473720788955688e-01
1.997592002153396606e-01
2.002927362918853760e-01
2.038022279739379883e-01
2.023254185914993286e-01
2.023865729570388794e-01
2.001805901527404785e-01
2.001206427812576294e-01
2.009545713663101196e-01
2.009581923484802246e-01
2.011246234178543091e-01
2.015990465879440308e-01
1.996661424636840820e-01
1.999022215604782104e-01
2.016127556562423706e-01
1.999844461679458618e-01
2.007811516523361206e-01
1.979768872261047363e-01
2.025029212236404419e-01
2.008819133043289185e-01
2.023176103830337524e-01
2.012165188789367676e-01
2.013830542564392090e-01
2.002378851175308228e-01
2.015539109706878662e-01
2.006534337997436523e-01
2.019683271646499634e-01
2.004648447036743164e-01
2.006159126758575439e-01
1.988134682178497314e-01
1.990498006343841553e-01
2.002840042114257812e-01
1.992151439189910889e-01
2.002786099910736084e-01
1.999114751815795898e-01
2.005756050348281860e-01
1.995759308338165283e-01
2.002205699682235718e-01
1.987072378396987915e-01
1.999157667160034180e-01
1.974142640829086304e-01
1.996211409568786621e-01
1.981785595417022705e-01
1.981673240661621094e-01
1.985651403665542603e-01
1.978296637535095215e-01
1.986563354730606079e-01
1.993867456912994385e-01
1.965055465698242188e-01
1.982798129320144653e-01
2.005756646394729614e-01
1.971166133880615234e-01
1.995376348495483398e-01
1.992290467023849487e-01
1.998738199472427368e-01
2.020968496799468994e-01
1.994041800498962402e-01
1.987692415714263916e-01
1.983023881912231445e-01
1.996207833290100098e-01
2.000619769096374512e-01
1.982706785202026367e-01
1.982424706220626831e-01
1.976845264434814453e-01
1.994032263755798340e-01
1.983553022146224976e-01
1.990480870008468628e-01
1.985764354467391968e-01
2.010230123996734619e-01
1.992298066616058350e-01
1.969910264015197754e-01
1.987578272819519043e-01
1.979842036962509155e-01
2.001464515924453735e-01
1.994868367910385132e-01
1.993778198957443237e-01
1.970452517271041870e-01
2.001115977764129639e-01
1.978051513433456421e-01
1.988705396652221680e-01
1.978983879089355469e-01
1.990100741386413574e-01
1.991485357284545898e-01
1.975217461585998535e-01
2.001846283674240112e-01
2.019438147544860840e-01
1.976169347763061523e-01
1.974091082811355591e-01
2.007790356874465942e-01
1.983858644962310791e-01
1.992115378379821777e-01
1.969967633485794067e-01
1.991035491228103638e-01
2.002339661121368408e-01
1.990132629871368408e-01
1.984863728284835815e-01
1.994502544403076172e-01
1.983844935894012451e-01
1.968668103218078613e-01
1.965174227952957153e-01
1.992799043655395508e-01
1.984455585479736328e-01
1.973758190870285034e-01
1.988668739795684814e-01
1.971770375967025757e-01
1.999320089817047119e-01
1.979930251836776733e-01
1.969453543424606323e-01
1.974896788597106934e-01
1.979681700468063354e-01
1.974281370639801025e-01
1.960213631391525269e-01
1.965474784374237061e-01
1.978548169136047363e-01
1.975606232881546021e-01
1.963423490524291992e-01
1.979458481073379517e-01
1.959841698408126831e-01
1.982595175504684448e-01
1.980921924114227295e-01
1.975292563438415527e-01
1.975513398647308350e-01
1.986233890056610107e-01
1.985054314136505127e-01
1.980344802141189575e-01
1.979323476552963257e-01
1.987755447626113892e-01
1.978298127651214600e-01
1.977749019861221313e-01
1.993788629770278931e-01
1.970508694648742676e-01
1.985710263252258301e-01
1.976732164621353149e-01
1.980984807014465332e-01
1.956756860017776489e-01
1.949198395013809204e-01
1.987289190292358398e-01
1.965003907680511475e-01
1.957965493202209473e-01
1.966422349214553833e-01
1.984800398349761963e-01
1.974472105503082275e-01
1.961373090744018555e-01
1.973579227924346924e-01
1.957079470157623291e-01
1.992970257997512817e-01
1.996923685073852539e-01
1.942893117666244507e-01
1.964504569768905640e-01
1.957643032073974609e-01
1.959707885980606079e-01
1.971724778413772583e-01
1.931670159101486206e-01
1.970295906066894531e-01
1.960147172212600708e-01
1.974956095218658447e-01
1.963904947042465210e-01
1.984307914972305298e-01
1.947851628065109253e-01
1.970041096210479736e-01
1.959549635648727417e-01
1.964833140373229980e-01
1.952885836362838745e-01
1.978096514940261841e-01
1.959548294544219971e-01
1.956210285425186157e-01
1.960259974002838135e-01
1.955051869153976440e-01
1.954456120729446411e-01
1.976001709699630737e-01
1.951234489679336548e-01
1.972293704748153687e-01
1.962842941284179688e-01
1.968204081058502197e-01
1.966056674718856812e-01
1.967198997735977173e-01
1.978917717933654785e-01
1.952878534793853760e-01
1.948779523372650146e-01
1.966108679771423340e-01
1.956223100423812866e-01
1.976682245731353760e-01
1.957710832357406616e-01
1.951023638248443604e-01
1.962762326002120972e-01
1.976664811372756958e-01
1.958613991737365723e-01
1.965782046318054199e-01
1.947923898696899414e-01
1.948463767766952515e-01
1.955383867025375366e-01
1.957892328500747681e-01
1.948739737272262573e-01
1.939912140369415283e-01
1.962784826755523682e-01
1.942314356565475464e-01
1.958374232053756714e-01
1.966365426778793335e-01
1.956440508365631104e-01
1.963411271572113037e-01
1.965598016977310181e-01
1.943671405315399170e-01
1.949100941419601440e-01
1.953573077917098999e-01
1.963854581117630005e-01
1.960324794054031372e-01
1.938361376523971558e-01
1.963724493980407715e-01
1.942631602287292480e-01
1.954901963472366333e-01
1.936422139406204224e-01
1.969787776470184326e-01
1.954271793365478516e-01
1.934499591588973999e-01
1.947323083877563477e-01
1.953340917825698853e-01
1.938647329807281494e-01
1.960846781730651855e-01
1.925368309020996094e-01
1.929081231355667114e-01
1.940712630748748779e-01
1.931723952293395996e-01
1.944027692079544067e-01
1.925386041402816772e-01
1.946988999843597412e-01
1.961230039596557617e-01
1.948411613702774048e-01
1.962180584669113159e-01
1.924677640199661255e-01
1.949561238288879395e-01
1.934658885002136230e-01
1.937509328126907349e-01
1.933248043060302734e-01
1.958399862051010132e-01
1.958445757627487183e-01
1.935085654258728027e-01
1.951374113559722900e-01
1.921014636754989624e-01
1.927580386400222778e-01
1.933004558086395264e-01
1.906201392412185669e-01
1.925362646579742432e-01
1.936248987913131714e-01
1.938667893409729004e-01
1.943982541561126709e-01
1.957102268934249878e-01
1.954413950443267822e-01
1.951150745153427124e-01
1.942973285913467407e-01
1.945650428533554077e-01
1.928890049457550049e-01
1.935539096593856812e-01
1.930420547723770142e-01
1.959462761878967285e-01
1.918413192033767700e-01
1.911553591489791870e-01
1.930261403322219849e-01
1.942351609468460083e-01
1.940671056509017944e-01
1.939258128404617310e-01
1.953572779893875122e-01
1.943951249122619629e-01
1.912992745637893677e-01
1.935444772243499756e-01
1.944472938776016235e-01
1.937705874443054199e-01
1.942208111286163330e-01
1.942334026098251343e-01
1.920245438814163208e-01
1.946331411600112915e-01
1.929560005664825439e-01
1.947681754827499390e-01
1.923638433218002319e-01
1.926927864551544189e-01
1.960233747959136963e-01
1.936036348342895508e-01
1.925236135721206665e-01
1.927308887243270874e-01
1.949980705976486206e-01
1.934002637863159180e-01
1.930211782455444336e-01
1.923128515481948853e-01
1.926577389240264893e-01
1.925620436668395996e-01
1.929965019226074219e-01
1.937033683061599731e-01
1.940629333257675171e-01
1.938619613647460938e-01
1.929038465023040771e-01
1.921098381280899048e-01
1.925655603408813477e-01
1.937416493892669678e-01
1.952133327722549438e-01
1.936424672603607178e-01
1.927523910999298096e-01
1.908270865678787231e-01
1.929188370704650879e-01
1.921034157276153564e-01
1.919358968734741211e-01
1.914580017328262329e-01
1.929177194833755493e-01
1.912707835435867310e-01
1.914608180522918701e-01
1.933186501264572144e-01
1.917750388383865356e-01
1.932753771543502808e-01
1.913231313228607178e-01
1.924420595169067383e-01
1.951184272766113281e-01
1.914975643157958984e-01
1.917416751384735107e-01
1.922101229429244995e-01
1.930660456418991089e-01
1.925852596759796143e-01
1.912395358085632324e-01
1.925655603408813477e-01
1.952983289957046509e-01
1.957580894231796265e-01
1.925804466009140015e-01
1.941487044095993042e-01
1.926331520080566406e-01
1.920892447233200073e-01
1.926866322755813599e-01
1.921860575675964355e-01
1.923354268074035645e-01
1.907866299152374268e-01
1.907687783241271973e-01
1.928554475307464600e-01
1.920081824064254761e-01
1.901062577962875366e-01
1.919329762458801270e-01
1.927262395620346069e-01
1.917310953140258789e-01
1.923334896564483643e-01
1.925894916057586670e-01
1.900546550750732422e-01
1.929305791854858398e-01
1.895084828138351440e-01
1.897321641445159912e-01
1.912933588027954102e-01
1.927584856748580933e-01
1.909254789352416992e-01
1.915812939405441284e-01
1.939159482717514038e-01
1.912543922662734985e-01
1.909736394882202148e-01
1.925970315933227539e-01
1.901491135358810425e-01
1.912637799978256226e-01
1.902464181184768677e-01
1.912955045700073242e-01
1.906362026929855347e-01
1.932378262281417847e-01
1.916735321283340454e-01
1.921118348836898804e-01
1.927637457847595215e-01
1.908335387706756592e-01
1.944226622581481934e-01
1.897733509540557861e-01
1.905611455440521240e-01
1.932564228773117065e-01
1.907217800617218018e-01
1.919211298227310181e-01
1.912759840488433838e-01
1.925152838230133057e-01
1.918889284133911133e-01
1.920689195394515991e-01
1.918617933988571167e-01
1.922761201858520508e-01
1.921593248844146729e-01
1.910782605409622192e-01
1.900199651718139648e-01
1.909895092248916626e-01
1.917207837104797363e-01
1.917451173067092896e-01
1.919752657413482666e-01
1.891695111989974976e-01
1.938494890928268433e-01
1.921848654747009277e-01
1.887303590774536133e-01
1.916211992502212524e-01
1.908774226903915405e-01
1.907958984375000000e-01
1.904839277267456055e-01
1.910493373870849609e-01
1.921787858009338379e-01
1.890935450792312622e-01
1.896598041057586670e-01
1.918737888336181641e-01
1.920894384384155273e-01
1.884723454713821411e-01
1.879938095808029175e-01
1.896522790193557739e-01
1.919657140970230103e-01
1.905742436647415161e-01
1.891158670186996460e-01
1.896468997001647949e-01
1.891396790742874146e-01
1.898310929536819458e-01
1.930364519357681274e-01
1.886263042688369751e-01
1.894696652889251709e-01
1.894967108964920044e-01
1.915131509304046631e-01
1.931875944137573242e-01
1.912595778703689575e-01
1.900261044502258301e-01
1.889774948358535767e-01
1.913170665502548218e-01
1.892744302749633789e-01
1.887653917074203491e-01
1.895920634269714355e-01
1.909298300743103027e-01
1.879488378763198853e-01
1.906187236309051514e-01
1.888536512851715088e-01
1.892161220312118530e-01
1.889619827270507812e-01
1.909886449575424194e-01
1.896703243255615234e-01
1.886263489723205566e-01
1.873559951782226562e-01
1.921628713607788086e-01
1.901529878377914429e-01
1.896430253982543945e-01
1.907784640789031982e-01
1.887845396995544434e-01
1.895579993724822998e-01
1.898912340402603149e-01
1.911687552928924561e-01
1.890240907669067383e-01
1.897640973329544067e-01
1.890212446451187134e-01
1.907246708869934082e-01
1.897254735231399536e-01
1.879434883594512939e-01
1.893902719020843506e-01
1.891665458679199219e-01
1.898046880960464478e-01
1.885227411985397339e-01
1.908750832080841064e-01
1.891643404960632324e-01
1.872328966856002808e-01
1.905499696731567383e-01
1.911428570747375488e-01
1.885572522878646851e-01
1.898244768381118774e-01
1.891767978668212891e-01
1.898328214883804321e-01
1.886017769575119019e-01
1.889356374740600586e-01
1.898792237043380737e-01
1.908553093671798706e-01
1.873680800199508667e-01
1.873038709163665771e-01
1.881911009550094604e-01
1.883659958839416504e-01
1.881736963987350464e-01
1.890679001808166504e-01
1.876040846109390259e-01
1.922314912080764771e-01
1.872891038656234741e-01
1.873526722192764282e-01
1.896758526563644409e-01
1.885677427053451538e-01
1.877479702234268188e-01
1.857290565967559814e-01
1.883480250835418701e-01
1.875481307506561279e-01
1.888137161731719971e-01
1.877344697713851929e-01
1.886973232030868530e-01
1.881873011589050293e-01
1.872024238109588623e-01
1.869277507066726685e-01
1.895031929016113281e-01
1.881117671728134155e-01
1.883262395858764648e-01
1.874563246965408325e-01
1.858627349138259888e-01
1.908686012029647827e-01
1.879738867282867432e-01
1.875268667936325073e-01
1.870387345552444458e-01
1.860518157482147217e-01
1.881897449493408203e-01
1.891408413648605347e-01
1.904947608709335327e-01
1.917905062437057495e-01
1.890317350625991821e-01
1.896361559629440308e-01
1.892827153205871582e-01
1.898854523897171021e-01
1.904644966125488281e-01
1.868123859167098999e-01
1.867843270301818848e-01
1.893028914928436279e-01
1.877205669879913330e-01
1.881136000156402588e-01
1.880557835102081299e-01
1.864099353551864624e-01
1.886096447706222534e-01
1.897390484809875488e-01
1.880303025245666504e-01
1.888460516929626465e-01
1.864355802536010742e-01
1.869359910488128662e-01
1.893469244241714478e-01
1.867106705904006958e-01
1.874859929084777832e-01
