1.019010910987854013e+00
6.876147207617759882e-01
5.101786485314369068e-01
4.398958131670951954e-01
3.827812612056732400e-01
3.511679843068122864e-01
3.260487124323844799e-01
2.835584786534309232e-01
2.774948462843894736e-01
2.676950122416019706e-01
2.681702190637588745e-01
2.746097655594348930e-01
2.632152102887630463e-01
2.607020553946495234e-01
2.137635403871536166e-01
2.150395339727401711e-01
2.278661637008190244e-01
2.303884913027286485e-01
2.199880763888359125e-01
2.203478288650512762e-01
2.174875321984291177e-01
1.902819368243217346e-01
1.847383059561252538e-01
1.929962849617004317e-01
1.893400661647319794e-01
1.897869752347469408e-01
1.929214331507682900e-01
1.896915744245052382e-01
1.753770254552364238e-01
1.684576135873794567e-01
1.696095835417509023e-01
1.682187455892562855e-01
1.734608574211597420e-01
1.716670509427785929e-01
1.763458204269409135e-01
1.540395371615886633e-01
1.557694939523935340e-01
1.535695478320121821e-01
1.566438920795917566e-01
1.573208855092525504e-01
1.604537697881460168e-01
1.584331253916025084e-01
1.429639164358377512e-01
1.453990678489208155e-01
1.484514339268207528e-01
1.471545237302780140e-01
1.509650026261806499e-01
1.494470798224210861e-01
1.535335368663072464e-01
1.377399235963821522e-01
1.365826447308063629e-01
1.389235068112611715e-01
1.424724106490612152e-01
1.409261328727006990e-01
1.457909970730543181e-01
1.451866833120584455e-01
1.312826164811849716e-01
1.320613957196473953e-01
1.347559923678636473e-01
1.338641068339347928e-01
1.377027387171983752e-01
1.382752555608749434e-01
1.356617851555347309e-01
1.270098929107189301e-01
1.313888205587863955e-01
1.319618544727563791e-01
1.290850970894098226e-01
1.349147071689367205e-01
1.308499047160148754e-01
1.353523633629083733e-01
1.225187289714813194e-01
1.261636266857385502e-01
1.267385903745889553e-01
1.285409872978925672e-01
1.300751923769712382e-01
1.306630445271730334e-01
1.288929472118616193e-01
6.649262708425521806e-01
6.539785772562026755e-01
6.210106435418129012e-01
5.850653979182243170e-01
5.485212624073028120e-01
5.558336538076400490e-01
5.437702250480651589e-01
2.834722146391868702e-01
3.128158681839704469e-01
3.039919103682041102e-01
3.115450714528560372e-01
3.126578029990196295e-01
3.135633305460214793e-01
3.313178992271423318e-01
1.656281634792685642e-01
1.752927903458476044e-01
1.764647386223077707e-01
1.742109087854623872e-01
1.929856467619538440e-01
1.936925438791513576e-01
1.978876322507858165e-01
1.081766007281839831e-01
1.192270169965922860e-01
1.152358271926641475e-01
1.291905336081981548e-01
1.323408517614007018e-01
1.445304334908723842e-01
1.579174338094889996e-01
