7.118582668900489407e-01
3.408223511278629103e-01
2.676936064660548897e-01
2.089750439673662141e-01
2.023972581326961562e-01
1.822295054793357794e-01
1.661309300735592798e-01
1.521273247152566954e-01
1.448374397307634343e-01
1.156926188617944662e-01
1.124808921292424213e-01
1.160239895805716542e-01
1.150487670302390991e-01
1.131453585252165800e-01
1.047164124622941006e-01
1.096987559273839008e-01
1.112036257982254028e-01
1.033998753875493976e-01
7.785859104245901330e-02
8.389394739642738741e-02
7.739810625091195218e-02
8.327204303815960440e-02
8.425899675115942900e-02
8.170339260250329694e-02
8.138195475563407555e-02
8.415065728127955891e-02
8.269383970648050419e-02
6.761650756001472140e-02
6.205244040116667664e-02
6.841273482888937663e-02
7.042287316173315159e-02
6.084200024604797391e-02
6.883460551500319990e-02
7.051458237692713460e-02
6.906252494081854820e-02
7.132911099120974041e-02
5.689159302040934507e-02
5.574210103601217464e-02
5.618109768256544789e-02
5.919039346277713692e-02
5.899951733648776953e-02
5.792858093976974154e-02
5.922071656212210544e-02
6.267189864069223904e-02
5.840404128655791310e-02
5.338823705911636269e-02
4.933079421520233238e-02
4.981626706197857940e-02
5.326091391965746824e-02
4.884748792275786511e-02
5.404404344037175290e-02
5.306168543174862723e-02
5.014901194721460564e-02
5.542678939178585784e-02
4.336267396807670649e-02
4.292031733319163350e-02
4.625458851456642345e-02
4.605370230972766904e-02
4.815927118062972995e-02
4.753498866222798797e-02
4.954476486891508380e-02
4.812431864440441104e-02
4.620797500014305059e-02
4.342101281508803368e-02
4.177602589130401806e-02
4.275092177093028911e-02
4.299358794465660966e-02
4.174507085233927078e-02
4.744444089010357857e-02
4.436035981401800776e-02
4.443715281784534760e-02
4.481594578363001097e-02
3.877391841262579214e-02
4.254708256572484887e-02
3.943635486066341539e-02
4.114663910120725659e-02
4.052157489582896427e-02
3.909494781866669488e-02
4.060082058422267298e-02
4.455107027664780700e-02
4.583993945270777026e-02
3.808767393231391601e-02
3.777390483766793899e-02
3.777174361981451567e-02
3.542526810429990486e-02
3.860121903941035604e-02
3.801747955381870603e-02
3.852523727342486298e-02
3.913906819187104591e-02
4.181118596345186067e-02
3.727163300849497402e-02
3.335407861508429134e-02
3.821566984057426369e-02
3.459204060956835858e-02
3.570344151929021048e-02
3.915079569444060437e-02
3.885655708611011200e-02
3.748933789320289811e-02
3.748908356763422378e-02
3.507278455421328212e-02
3.514686131849884682e-02
3.425549133680760860e-02
3.662031249143183481e-02
3.505261152051389328e-02
3.247998666018247355e-02
3.527345327660441621e-02
3.568261255510151581e-02
3.447799239307641761e-02
3.329774794168770258e-02
3.366112332791090095e-02
3.493094689212739717e-02
3.630516510456800738e-02
3.504322065971791911e-02
3.342950578778982468e-02
3.553483448922634125e-02
3.382161291316151952e-02
3.555247724056243702e-02
3.291409039869904601e-02
3.151596491225063662e-02
3.196316691115498598e-02
3.385053033009171458e-02
3.440719082951546048e-02
3.575395669788122149e-02
3.546950798481703082e-02
3.173338677734136720e-02
3.391736143268644921e-02
3.104333135299384636e-02
3.216351919807493992e-02
3.311705404892564125e-02
3.249050902202725577e-02
3.354290227405726937e-02
3.082277272827923381e-02
3.194831196218728825e-02
3.558969792909920382e-02
3.295811295509338407e-02
