1.050403623580932644e+00
6.841255852580070407e-01
5.555283397436141524e-01
4.543378946185112066e-01
3.917084246873855369e-01
3.593515846133232272e-01
3.539745035767555281e-01
2.848738971352577365e-01
2.779751087725162439e-01
2.677027118206024014e-01
2.799565784633159526e-01
2.703551459312438787e-01
2.729261977970600106e-01
2.680636440217494809e-01
2.224910423159599249e-01
2.241816119849681932e-01
2.201628866791725259e-01
2.188725943863391865e-01
2.167899294197559446e-01
2.239137423038482788e-01
2.167078262567520008e-01
1.845519500970840554e-01
1.840676257014274564e-01
1.833004701137542769e-01
1.847184854745864968e-01
1.885092295706272125e-01
1.893177041411399919e-01
1.984746101498603699e-01
1.687812892347574367e-01
1.632527709007263184e-01
1.626800961047411009e-01
1.637619484961032879e-01
1.664633406698703688e-01
1.672489567101001773e-01
1.719971902668476216e-01
1.509122548997402224e-01
1.469123988598585173e-01
1.520310943573713325e-01
1.546527145057916552e-01
1.518935460597276577e-01
1.564103880524635448e-01
1.579083219170570318e-01
7.191214132308959561e-01
7.044081246852874623e-01
6.650599989295006287e-01
6.519001772999764022e-01
6.409179219603537980e-01
6.273340117931366366e-01
6.061012345552444502e-01
3.785573218762874337e-01
3.535978887975215756e-01
3.770083844661712424e-01
3.462954401969909890e-01
3.653254091739654430e-01
3.657525193691253396e-01
3.881250946223736009e-01
1.897215549647807975e-01
2.035748966783285097e-01
2.002503503859043021e-01
2.381327426433563210e-01
2.357076156884431728e-01
2.311220680177211717e-01
2.410036038607358821e-01
1.390935199335217587e-01
1.234564104489982161e-01
1.363593541085720007e-01
1.423274206928908936e-01
1.636512541398406073e-01
1.597802374884486065e-01
1.577050535008311383e-01
1.051025278493761955e-01
1.078185026906430671e-01
1.083876480720937230e-01
1.099489902053028406e-01
1.210128512047231181e-01
1.115029918588697905e-01
1.465274586156010694e-01
9.176249675452709254e-02
7.708811380900443266e-02
8.567546532489359046e-02
8.438010203652084040e-02
1.048974215611815503e-01
1.101844496186822620e-01
1.027917405404150525e-01
9.247871163301170372e-02
8.492618738673626821e-02
9.376070950180291630e-02
8.696799242636188421e-02
9.978281072806566288e-02
9.595646006055176536e-02
1.065811384283006230e-01
6.996833223383873424e-02
6.053095127921551133e-02
8.983358138240873925e-02
1.000726726325228827e-01
7.769588244147598854e-02
8.417582238093018754e-02
1.047275647241622254e-01
5.473201450891793107e-02
6.495575832203030753e-02
6.496641346253455296e-02
7.734090760815888477e-02
8.683394988998770214e-02
9.313043875619769763e-02
8.671085080597550065e-02
