6.532992222905158464e-01
3.493208029866218811e-01
2.936341346800327434e-01
2.631333702057599977e-01
2.476449018716812001e-01
2.433163049817085311e-01
2.216953115910291761e-01
2.244834897667169482e-01
2.199699328839778978e-01
2.098649953305721239e-01
1.965274983644485496e-01
1.935336292535066727e-01
1.955545842647552490e-01
1.884010285884142044e-01
1.956698773056268770e-01
2.028293265402316969e-01
1.961780971288681064e-01
1.921714767813682556e-01
1.823606040328741018e-01
1.780168256163597029e-01
1.720012884587049373e-01
1.810057361423969280e-01
1.795363946259021792e-01
1.743426230549812439e-01
1.812685971707105603e-01
1.794668829441070645e-01
1.784813269227743249e-01
1.609288331866264299e-01
1.678479003161191807e-01
1.624725247174501341e-01
1.676915162056684394e-01
1.608095677942037449e-01
1.741700082272291117e-01
1.677564278990030244e-01
1.661792144179344288e-01
1.699576678127050489e-01
2.030739263445139053e-01
2.084772870689630409e-01
1.853956652060151089e-01
1.924149118363857325e-01
1.964293899014592226e-01
1.867407757788896450e-01
1.722745082527399052e-01
1.828510807082056877e-01
1.743880855664610985e-01
1.360241182334721022e-01
1.266829139366746071e-01
1.338250024616718381e-01
1.476644445583224219e-01
1.401424191147088993e-01
1.375813750550150816e-01
1.283203443698585078e-01
1.353154517710208893e-01
1.301878478471189815e-01
9.780440800823271552e-02
9.848761694971472358e-02
9.963268134742975235e-02
1.086493516061455000e-01
1.064391322620212993e-01
1.109905358962714611e-01
1.043876755982637433e-01
1.181290343031287243e-01
1.089615377038717220e-01
6.932053842348978590e-02
7.762708025053143002e-02
8.573070623911917265e-02
8.431363816373049769e-02
8.682825141586363038e-02
8.039218382909893434e-02
8.803754225373268405e-02
8.935515081509948221e-02
9.105370890349150093e-02
6.150342801585793190e-02
5.733311078045517234e-02
6.275219604838638832e-02
8.087341759353876280e-02
6.120119162835181009e-02
6.794737022370099522e-02
7.501416139304638298e-02
8.424276084639131801e-02
6.983410147018730141e-02
4.547623392427339872e-02
5.298910069046541826e-02
5.173561173491179888e-02
6.254018080886453168e-02
5.737732590176165132e-02
6.392395975068211611e-02
6.722459145821631232e-02
5.769357266835868636e-02
5.737474857829510944e-02
3.998146840604022145e-02
3.957840298768133119e-02
4.543097789632156297e-02
4.891496861819177866e-02
5.391624035080894856e-02
5.350851818220690032e-02
5.205052758101373633e-02
6.043583046412095289e-02
4.827690255129710173e-02
4.218183410703204433e-02
3.631078562466427684e-02
4.529774028807878605e-02
4.045310454908758457e-02
4.668259439524263116e-02
4.445904880063608622e-02
4.369991387124173149e-02
4.862998762837378308e-02
4.820919367019087243e-02
3.284462617768440368e-02
3.602920567325781920e-02
4.754744709818623655e-02
3.857596391579136419e-02
4.360760469629895025e-02
3.726226341619622018e-02
3.934211193234659482e-02
3.979029007488861513e-02
3.988602173747494983e-02
3.590656225860584805e-02
3.333459424204193028e-02
3.762812217464670678e-02
3.294320962857454765e-02
3.411502945702522827e-02
3.355181175749748917e-02
3.765441018302226328e-02
4.108779880334623158e-02
3.864693520939908866e-02
3.015592403200571467e-02
2.591725311358459433e-02
3.087184395932126776e-02
2.958499936736188815e-02
3.411747656820807856e-02
3.096321888209786419e-02
3.301998132956214527e-02
3.664553139067720788e-02
3.899215389392338832e-02
