1.661592235565185538e+00
1.203719588518142647e+00
1.065837659835815465e+00
9.733606815338134988e-01
8.924916315078735840e-01
8.246995031833648238e-01
7.722377175092697277e-01
6.617319610714912370e-01
6.551076680421829002e-01
6.412163230776787293e-01
6.400779774785041454e-01
6.055307596921920554e-01
6.214774963259697138e-01
5.894295752048492876e-01
5.366246294975280939e-01
5.448419806361198825e-01
5.188228511810302201e-01
5.220578935742378190e-01
5.217516085505485846e-01
5.143821179866790994e-01
5.359180897474289385e-01
4.549735102057457237e-01
4.533502763509750233e-01
4.622045400738716281e-01
4.506609392166137651e-01
4.613004398345947332e-01
4.619751858711242942e-01
4.645883134007454118e-01
4.055305704474448936e-01
4.037879306077957198e-01
4.103842639923095947e-01
4.157814532518386841e-01
3.950309821963310375e-01
4.028795239329338029e-01
4.085842368006706304e-01
3.659244281053543046e-01
3.609700554609298617e-01
3.659092277288437112e-01
3.739531877636909640e-01
3.714004263281822094e-01
3.698639497160911560e-01
3.752496328949928017e-01
3.366638323664665200e-01
3.317692454159260063e-01
3.316347104310989335e-01
3.381307952105999104e-01
3.447807183861732461e-01
3.445298582315444724e-01
3.587163478136062844e-01
3.104270502924919017e-01
3.149337905645370750e-01
3.039778013527393297e-01
3.198735055327415200e-01
3.166764260828495159e-01
3.259287570416927182e-01
3.341919836401939237e-01
2.991660833358764648e-01
3.626786020398140020e-01
3.596317611634731182e-01
3.529578030109405407e-01
3.195691271126270272e-01
3.355660967528820149e-01
3.344724927842617213e-01
2.004104303568601531e-01
1.812574880570173297e-01
1.791356838122010187e-01
1.930738548934459731e-01
2.068131525814533300e-01
1.950591419637203172e-01
2.038029560446739108e-01
1.405668804422020857e-01
1.479662468284368426e-01
1.428792941942811090e-01
1.349801095575094145e-01
1.387548773735761687e-01
1.483456131629645736e-01
1.625986770167946738e-01
9.813780077733098850e-02
1.132527903094887739e-01
1.256513663195073516e-01
1.304821639321744331e-01
1.304508336819708292e-01
1.376138023659586873e-01
1.405847625434398784e-01
1.075549464114010367e-01
9.007641147822141592e-02
9.271033190190791640e-02
9.763998636975884660e-02
1.058747223205864368e-01
1.328542420919984479e-01
1.510217781178653240e-01
8.846544282510876434e-02
8.401592643000185823e-02
1.005600503645837362e-01
1.103118811547756234e-01
1.171148996986448726e-01
1.049304882343858464e-01
1.002339884173125001e-01
8.637715344084426206e-02
8.533139089122414311e-02
8.746506448369473219e-02
1.137211682274937574e-01
8.936874650884420179e-02
9.901262532919645476e-02
1.119624586217105450e-01
