8.919092416763305664e-01
8.830572962760925293e-01
8.738917112350463867e-01
8.619261980056762695e-01
8.499520421028137207e-01
8.364393115043640137e-01
8.224291801452636719e-01
8.045127391815185547e-01
7.873803973197937012e-01
7.692999839782714844e-01
7.452574372291564941e-01
7.237879037857055664e-01
6.966308355331420898e-01
6.738467812538146973e-01
6.449769735336303711e-01
6.217753291130065918e-01
5.933708548545837402e-01
5.701988339424133301e-01
5.505449771881103516e-01
5.363119840621948242e-01
5.274395346641540527e-01
5.167000889778137207e-01
5.110787749290466309e-01
5.070137977600097656e-01
5.133137702941894531e-01
5.149794220924377441e-01
5.083926320075988770e-01
5.133821368217468262e-01
4.974503517150878906e-01
4.961679279804229736e-01
4.829320311546325684e-01
4.792321622371673584e-01
4.654017090797424316e-01
4.651346206665039062e-01
4.666932523250579834e-01
4.650330841541290283e-01
4.562073647975921631e-01
4.539042711257934570e-01
4.553591012954711914e-01
4.496187567710876465e-01
4.462540745735168457e-01
4.491839110851287842e-01
4.370154738426208496e-01
4.294502139091491699e-01
4.312793016433715820e-01
4.276414811611175537e-01
4.219098091125488281e-01
4.292830824851989746e-01
4.236556291580200195e-01
4.232967495918273926e-01
4.229696989059448242e-01
4.177761375904083252e-01
4.130659103393554688e-01
4.129913747310638428e-01
4.103908240795135498e-01
4.035412967205047607e-01
4.041875898838043213e-01
4.094977080821990967e-01
4.039797782897949219e-01
4.029844999313354492e-01
3.964723348617553711e-01
3.990952372550964355e-01
4.007161855697631836e-01
4.019235670566558838e-01
3.939941227436065674e-01
3.972772955894470215e-01
3.920032680034637451e-01
3.949993252754211426e-01
3.925434947013854980e-01
3.873144984245300293e-01
3.854943215847015381e-01
3.879611492156982422e-01
3.839049339294433594e-01
3.863472938537597656e-01
3.849160671234130859e-01
3.783344626426696777e-01
3.791717886924743652e-01
3.817929923534393311e-01
3.797098994255065918e-01
3.799930512905120850e-01
3.785340189933776855e-01
3.785778284072875977e-01
3.745457530021667480e-01
3.762473464012145996e-01
3.762593567371368408e-01
3.707422018051147461e-01
3.713805973529815674e-01
3.641737699508666992e-01
3.739213645458221436e-01
3.688487112522125244e-01
3.624973595142364502e-01
3.675537407398223877e-01
3.642805516719818115e-01
3.667566776275634766e-01
3.590550720691680908e-01
3.643738925457000732e-01
3.631156086921691895e-01
3.616340458393096924e-01
3.563720583915710449e-01
3.573868274688720703e-01
3.602477908134460449e-01
3.584831953048706055e-01
3.581572771072387695e-01
3.547822833061218262e-01
3.566686213016510010e-01
3.542893230915069580e-01
3.530161678791046143e-01
3.558729290962219238e-01
3.549148142337799072e-01
3.497464060783386230e-01
3.510822653770446777e-01
3.475949764251708984e-01
3.481162786483764648e-01
3.492024540901184082e-01
3.515126109123229980e-01
3.480547070503234863e-01
3.436172604560852051e-01
3.416421115398406982e-01
3.429006636142730713e-01
3.469234704971313477e-01
3.406375050544738770e-01
3.350408673286437988e-01
3.383669257164001465e-01
3.402381241321563721e-01
3.391259908676147461e-01
3.425350487232208252e-01
3.398494422435760498e-01
3.354939520359039307e-01
3.406728506088256836e-01
3.340954184532165527e-01
3.297411799430847168e-01
3.336793780326843262e-01
3.323744833469390869e-01
3.330109119415283203e-01
3.314274549484252930e-01
3.332928717136383057e-01
3.280438780784606934e-01
3.313902020454406738e-01
3.296154141426086426e-01
3.276831209659576416e-01
3.258769214153289795e-01
3.267601132392883301e-01
3.241219520568847656e-01
3.240937590599060059e-01
3.229877650737762451e-01
3.266519606113433838e-01
3.247089385986328125e-01
3.204092383384704590e-01
3.235595226287841797e-01
3.229451179504394531e-01
3.245811164379119873e-01
3.209505975246429443e-01
3.166616857051849365e-01
3.216676414012908936e-01
3.182719051837921143e-01
3.209407627582550049e-01
3.147657513618469238e-01
3.192743957042694092e-01
3.138888776302337646e-01
3.194241821765899658e-01
3.127582669258117676e-01
3.130671381950378418e-01
3.150898516178131104e-01
3.154127597808837891e-01
3.118057548999786377e-01
3.131449222564697266e-01
3.114623427391052246e-01
3.097929358482360840e-01
3.107543885707855225e-01
3.105050027370452881e-01
3.126522898674011230e-01
3.087170720100402832e-01
3.082966804504394531e-01
3.100304305553436279e-01
3.083031773567199707e-01
3.074939250946044922e-01
3.070903122425079346e-01
3.047485649585723877e-01
3.085518479347229004e-01
3.063493669033050537e-01
3.047803640365600586e-01
3.069086074829101562e-01
3.029150664806365967e-01
3.073956966400146484e-01
3.029873371124267578e-01
3.033792972564697266e-01
2.984604537487030029e-01
3.011187911033630371e-01
2.977070212364196777e-01
2.979077696800231934e-01
3.020605742931365967e-01
2.982041239738464355e-01
3.018390238285064697e-01
3.011187613010406494e-01
2.954677343368530273e-01
2.956510186195373535e-01
2.931326627731323242e-01
2.957189977169036865e-01
2.950727641582489014e-01
2.953097224235534668e-01
2.939852476119995117e-01
2.963098585605621338e-01
2.970602512359619141e-01
2.923682332038879395e-01
2.967669963836669922e-01
2.978495955467224121e-01
2.945035398006439209e-01
2.953422367572784424e-01
2.908514142036437988e-01
2.873785495758056641e-01
2.934936881065368652e-01
2.917973399162292480e-01
2.913701832294464111e-01
2.899841666221618652e-01
2.908989787101745605e-01
2.858248054981231689e-01
2.881463468074798584e-01
2.908627688884735107e-01
2.851550877094268799e-01
2.869283258914947510e-01
2.872138023376464844e-01
2.892773747444152832e-01
2.859330177307128906e-01
2.868289053440093994e-01
2.855178713798522949e-01
2.858217656612396240e-01
2.827002108097076416e-01
2.853637039661407471e-01
2.868761122226715088e-01
2.885433435440063477e-01
2.846747934818267822e-01
2.821587920188903809e-01
2.822819054126739502e-01
2.837353944778442383e-01
2.816491723060607910e-01
2.774747312068939209e-01
2.820608615875244141e-01
2.813024818897247314e-01
2.816638350486755371e-01
2.794563174247741699e-01
2.784084677696228027e-01
2.784723639488220215e-01
2.796651422977447510e-01
2.784741520881652832e-01
2.764233052730560303e-01
2.784076631069183350e-01
2.789574563503265381e-01
2.777356803417205811e-01
2.766669392585754395e-01
2.751232087612152100e-01
2.763885557651519775e-01
2.779624760150909424e-01
2.749525606632232666e-01
2.700805962085723877e-01
2.764556109905242920e-01
2.760137021541595459e-01
2.735584974288940430e-01
2.743142843246459961e-01
2.724466025829315186e-01
2.755081951618194580e-01
2.762522995471954346e-01
2.748545706272125244e-01
2.683241963386535645e-01
2.734247446060180664e-01
2.729653418064117432e-01
2.721672952175140381e-01
2.732983827590942383e-01
2.711792886257171631e-01
2.688899040222167969e-01
2.691810429096221924e-01
2.677944600582122803e-01
2.708464562892913818e-01
2.690650820732116699e-01
2.682688832283020020e-01
2.652769982814788818e-01
2.675338685512542725e-01
2.648563981056213379e-01
2.678068280220031738e-01
2.692661285400390625e-01
2.660397589206695557e-01
2.680797576904296875e-01
2.664669454097747803e-01
2.656648755073547363e-01
2.688577473163604736e-01
2.631866931915283203e-01
2.681378722190856934e-01
2.633782029151916504e-01
2.639229595661163330e-01
2.648768424987792969e-01
2.643483281135559082e-01
2.649697959423065186e-01
2.649325728416442871e-01
2.608381211757659912e-01
2.608313560485839844e-01
2.606329917907714844e-01
2.618002891540527344e-01
2.612911462783813477e-01
2.640674710273742676e-01
2.652344107627868652e-01
2.622675895690917969e-01
2.599850296974182129e-01
2.583210468292236328e-01
2.614181935787200928e-01
2.622376084327697754e-01
2.581536173820495605e-01
2.572013437747955322e-01
2.575656175613403320e-01
2.576517462730407715e-01
2.562438547611236572e-01
2.589710652828216553e-01
2.580219507217407227e-01
2.588113248348236084e-01
2.604956328868865967e-01
2.608796656131744385e-01
2.557466924190521240e-01
2.582178711891174316e-01
2.561725676059722900e-01
2.537079453468322754e-01
2.556696534156799316e-01
2.550541460514068604e-01
2.555962800979614258e-01
2.496705204248428345e-01
2.576574981212615967e-01
2.542210817337036133e-01
2.547626793384552002e-01
2.526077330112457275e-01
2.555582523345947266e-01
2.558999061584472656e-01
2.522277235984802246e-01
2.546628713607788086e-01
2.546814382076263428e-01
2.503903806209564209e-01
2.515245079994201660e-01
2.517544627189636230e-01
2.488856613636016846e-01
2.485411763191223145e-01
2.510438561439514160e-01
2.469003349542617798e-01
2.471679449081420898e-01
2.502423524856567383e-01
2.478329092264175415e-01
2.509586513042449951e-01
2.493913322687149048e-01
2.469293922185897827e-01
2.480143606662750244e-01
2.478239089250564575e-01
2.477090805768966675e-01
2.484946399927139282e-01
2.481252253055572510e-01
2.494994252920150757e-01
2.468393146991729736e-01
2.466850429773330688e-01
2.464328259229660034e-01
2.478706836700439453e-01
2.462599873542785645e-01
2.479134649038314819e-01
2.452434301376342773e-01
2.443190664052963257e-01
2.458170801401138306e-01
2.449844628572463989e-01
2.448150068521499634e-01
2.443289905786514282e-01
2.460788786411285400e-01
2.461182326078414917e-01
2.434062212705612183e-01
2.450699508190155029e-01
2.441579997539520264e-01
2.456367164850234985e-01
2.442124485969543457e-01
2.423840612173080444e-01
2.410339713096618652e-01
2.409515231847763062e-01
2.400991618633270264e-01
2.429731786251068115e-01
2.388003915548324585e-01
2.399430572986602783e-01
2.443219870328903198e-01
2.418567687273025513e-01
2.384782582521438599e-01
2.424117475748062134e-01
2.402085214853286743e-01
2.448150217533111572e-01
2.411679476499557495e-01
2.394026219844818115e-01
2.398643940687179565e-01
2.403607368469238281e-01
2.403536587953567505e-01
2.387550920248031616e-01
2.397879511117935181e-01
2.404729872941970825e-01
2.388700246810913086e-01
2.388260811567306519e-01
2.373771816492080688e-01
2.374503463506698608e-01
2.369949370622634888e-01
2.364423274993896484e-01
2.364901155233383179e-01
2.373732924461364746e-01
2.398477941751480103e-01
2.363293468952178955e-01
2.355932742357254028e-01
2.327899336814880371e-01
2.348208725452423096e-01
2.335826903581619263e-01
2.351341843605041504e-01
2.384992539882659912e-01
2.385156750679016113e-01
2.347667813301086426e-01
2.358457446098327637e-01
2.347793877124786377e-01
2.338590025901794434e-01
2.349199056625366211e-01
2.338508218526840210e-01
2.354075759649276733e-01
2.345857322216033936e-01
2.307309061288833618e-01
2.343395054340362549e-01
2.342882752418518066e-01
2.299215197563171387e-01
2.299085408449172974e-01
2.333253324031829834e-01
2.311358153820037842e-01
2.331366389989852905e-01
2.311758548021316528e-01
2.327582240104675293e-01
2.349628955125808716e-01
2.333960384130477905e-01
2.337325215339660645e-01
2.324512302875518799e-01
2.302898764610290527e-01
2.342360168695449829e-01
2.311062365770339966e-01
2.312781065702438354e-01
2.342830896377563477e-01
2.290678918361663818e-01
2.324713915586471558e-01
2.290766239166259766e-01
2.318003922700881958e-01
2.307148128747940063e-01
2.288624048233032227e-01
2.310163974761962891e-01
2.283544689416885376e-01
2.274880409240722656e-01
2.269431948661804199e-01
2.267424166202545166e-01
2.316746711730957031e-01
2.282499670982360840e-01
2.295323908329010010e-01
2.294673472642898560e-01
2.274125665426254272e-01
2.262007147073745728e-01
2.298814505338668823e-01
2.292456626892089844e-01
2.259085923433303833e-01
2.240020632743835449e-01
2.284565269947052002e-01
2.295389026403427124e-01
2.245940715074539185e-01
2.283066511154174805e-01
2.256680577993392944e-01
2.270338535308837891e-01
2.259655147790908813e-01
2.262014299631118774e-01
2.266743332147598267e-01
2.262162715196609497e-01
2.268265783786773682e-01
2.278055101633071899e-01
2.280811220407485962e-01
2.261160016059875488e-01
2.220557034015655518e-01
2.268369644880294800e-01
2.228003889322280884e-01
2.255536317825317383e-01
2.223426550626754761e-01
2.236660420894622803e-01
2.215253263711929321e-01
2.228109687566757202e-01
2.261082231998443604e-01
2.255507111549377441e-01
2.239784300327301025e-01
2.216573804616928101e-01
2.227140516042709351e-01
2.217559665441513062e-01
2.237766534090042114e-01
2.260625809431076050e-01
2.256073802709579468e-01
2.251588851213455200e-01
2.261238396167755127e-01
2.235597968101501465e-01
2.239742279052734375e-01
2.224609404802322388e-01
2.208531051874160767e-01
2.248376607894897461e-01
2.245666533708572388e-01
2.200521975755691528e-01
2.204609811305999756e-01
2.224072664976119995e-01
2.211750596761703491e-01
2.200598716735839844e-01
2.240469902753829956e-01
2.186617553234100342e-01
2.213346660137176514e-01
2.205146104097366333e-01
2.227657884359359741e-01
2.186934649944305420e-01
2.204662561416625977e-01
2.182335257530212402e-01
2.219216376543045044e-01
2.183531075716018677e-01
2.211063653230667114e-01
2.212018519639968872e-01
2.213819026947021484e-01
2.210810780525207520e-01
2.189023643732070923e-01
2.176404893398284912e-01
2.194167375564575195e-01
2.194537967443466187e-01
2.166413813829421997e-01
2.191116362810134888e-01
2.184919714927673340e-01
2.192272394895553589e-01
2.179901748895645142e-01
2.172897160053253174e-01
2.186249196529388428e-01
2.197980582714080811e-01
2.171149849891662598e-01
2.148002237081527710e-01
2.168863415718078613e-01
2.169513255357742310e-01
2.171647697687149048e-01
2.179503291845321655e-01
2.175099700689315796e-01
2.174633145332336426e-01
2.165121138095855713e-01
2.170452624559402466e-01
2.188231945037841797e-01
2.176743298768997192e-01
2.160261124372482300e-01
2.174852341413497925e-01
2.153834253549575806e-01
2.169857472181320190e-01
2.180716693401336670e-01
2.165816575288772583e-01
2.181183248758316040e-01
2.131262719631195068e-01
2.158515006303787231e-01
2.141045778989791870e-01
2.149854004383087158e-01
2.174468338489532471e-01
2.149070650339126587e-01
2.150352895259857178e-01
2.158266305923461914e-01
2.151485085487365723e-01
2.171923518180847168e-01
2.152381837368011475e-01
2.169920951128005981e-01
2.146747410297393799e-01
2.165860831737518311e-01
2.141825854778289795e-01
2.120077013969421387e-01
2.113057374954223633e-01
2.140178978443145752e-01
2.140584290027618408e-01
2.154657393693923950e-01
2.138540595769882202e-01
2.131303846836090088e-01
2.121566385030746460e-01
2.117929905652999878e-01
2.142568975687026978e-01
2.118189632892608643e-01
2.113074809312820435e-01
2.104774713516235352e-01
2.140863537788391113e-01
2.142240405082702637e-01
2.135526984930038452e-01
2.155922204256057739e-01
2.120223641395568848e-01
2.124615013599395752e-01
2.134473472833633423e-01
2.124828547239303589e-01
2.124700397253036499e-01
2.121708095073699951e-01
2.096481323242187500e-01
2.129878848791122437e-01
2.128162235021591187e-01
2.129082977771759033e-01
2.098259478807449341e-01
2.112032473087310791e-01
2.104434967041015625e-01
2.088892012834548950e-01
2.108373641967773438e-01
2.124140560626983643e-01
2.093783020973205566e-01
2.110131382942199707e-01
2.102703154087066650e-01
2.117220312356948853e-01
2.103568166494369507e-01
2.102755159139633179e-01
2.127080708742141724e-01
2.100562751293182373e-01
2.125373631715774536e-01
2.091709971427917480e-01
2.082655578851699829e-01
2.076196670532226562e-01
2.119082361459732056e-01
2.094705253839492798e-01
2.109740823507308960e-01
2.090917229652404785e-01
2.071341723203659058e-01
2.104172706604003906e-01
2.118067145347595215e-01
2.043687403202056885e-01
2.073631137609481812e-01
2.086812406778335571e-01
2.104950100183486938e-01
2.088858932256698608e-01
2.082004398107528687e-01
2.085985839366912842e-01
2.083579897880554199e-01
2.087403982877731323e-01
2.108470648527145386e-01
2.094787955284118652e-01
2.080230861902236938e-01
2.103674858808517456e-01
2.055908143520355225e-01
2.080772072076797485e-01
2.090429067611694336e-01
2.084878534078598022e-01
2.041441500186920166e-01
2.057352066040039062e-01
2.076642215251922607e-01
2.079934179782867432e-01
2.042068690061569214e-01
2.077107280492782593e-01
2.067251652479171753e-01
2.077859193086624146e-01
2.059251666069030762e-01
2.073005437850952148e-01
2.057959586381912231e-01
2.071039229631423950e-01
2.047832608222961426e-01
2.075479924678802490e-01
2.049022614955902100e-01
2.069882005453109741e-01
2.058586627244949341e-01
2.051346898078918457e-01
2.057644724845886230e-01
2.067132294178009033e-01
2.036186605691909790e-01
2.053857594728469849e-01
2.038458585739135742e-01
2.058498859405517578e-01
2.067455202341079712e-01
2.061535418033599854e-01
2.062549889087677002e-01
2.059454470872879028e-01
2.034496963024139404e-01
2.048592716455459595e-01
2.059635072946548462e-01
2.059662789106369019e-01
2.048503309488296509e-01
2.035420686006546021e-01
2.065795958042144775e-01
2.045195549726486206e-01
2.079834938049316406e-01
2.026111930608749390e-01
2.069340944290161133e-01
2.058853209018707275e-01
2.024651020765304565e-01
2.034325599670410156e-01
2.057388573884963989e-01
2.021865397691726685e-01
2.054915577173233032e-01
2.056700140237808228e-01
2.052231431007385254e-01
2.043482661247253418e-01
2.030889540910720825e-01
2.053062170743942261e-01
2.034368515014648438e-01
2.038849145174026489e-01
2.039483040571212769e-01
2.035416662693023682e-01
2.048785686492919922e-01
2.041352987289428711e-01
2.025698125362396240e-01
2.039883136749267578e-01
2.033406347036361694e-01
2.056767046451568604e-01
2.015649229288101196e-01
2.052344530820846558e-01
2.034763246774673462e-01
2.043891847133636475e-01
2.038448750972747803e-01
2.027765214443206787e-01
2.032982409000396729e-01
2.029820680618286133e-01
2.032742202281951904e-01
2.012358158826828003e-01
2.001700550317764282e-01
2.018368095159530640e-01
2.230596840381622314e-01
2.232426702976226807e-01
2.207389026880264282e-01
2.227169275283813477e-01
2.237002253532409668e-01
2.239683419466018677e-01
2.250822633504867554e-01
2.223010510206222534e-01
2.267893701791763306e-01
2.248715162277221680e-01
2.249453365802764893e-01
2.247786968946456909e-01
2.246742397546768188e-01
2.239713966846466064e-01
2.250186800956726074e-01
2.222059965133666992e-01
2.250263243913650513e-01
2.252887189388275146e-01
2.229156792163848877e-01
2.229701727628707886e-01
2.236908674240112305e-01
2.247353643178939819e-01
2.231142371892929077e-01
2.229203134775161743e-01
2.220828831195831299e-01
2.234722524881362915e-01
2.222995311021804810e-01
2.201797515153884888e-01
2.231211364269256592e-01
2.210680693387985229e-01
2.215862870216369629e-01
2.225735932588577271e-01
2.249253392219543457e-01
2.231045365333557129e-01
2.244297862052917480e-01
2.215012907981872559e-01
2.212727814912796021e-01
2.214718908071517944e-01
2.212885618209838867e-01
2.245030105113983154e-01
2.217831313610076904e-01
2.229776233434677124e-01
2.197730690240859985e-01
2.214477658271789551e-01
2.218635976314544678e-01
2.220814377069473267e-01
2.225320637226104736e-01
2.214149981737136841e-01
2.202556282281875610e-01
2.198724001646041870e-01
2.187440842390060425e-01
2.221417576074600220e-01
2.224936932325363159e-01
2.183174490928649902e-01
2.169619351625442505e-01
2.198110222816467285e-01
2.224922180175781250e-01
2.198067605495452881e-01
2.205314040184020996e-01
2.167661488056182861e-01
2.179775238037109375e-01
2.203655540943145752e-01
2.224852144718170166e-01
2.197829186916351318e-01
2.209982722997665405e-01
2.198765128850936890e-01
2.199684530496597290e-01
2.217706739902496338e-01
2.203911691904067993e-01
2.185777276754379272e-01
2.179863005876541138e-01
2.197790145874023438e-01
2.178398668766021729e-01
2.219473123550415039e-01
2.181020379066467285e-01
2.197072505950927734e-01
2.193487882614135742e-01
2.189927846193313599e-01
2.190776616334915161e-01
2.188662141561508179e-01
2.183636277914047241e-01
2.199455797672271729e-01
2.176291197538375854e-01
2.182559221982955933e-01
2.188028395175933838e-01
2.186393141746520996e-01
2.143296003341674805e-01
2.178128510713577271e-01
2.179118841886520386e-01
2.193282842636108398e-01
2.189218699932098389e-01
2.186619639396667480e-01
2.194223552942276001e-01
2.164316028356552124e-01
2.171053886413574219e-01
2.171080559492111206e-01
2.180809229612350464e-01
2.171763926744461060e-01
2.173079252243041992e-01
2.175332307815551758e-01
2.163888514041900635e-01
2.164756357669830322e-01
2.186372876167297363e-01
2.180074453353881836e-01
2.173190861940383911e-01
2.153555154800415039e-01
2.176050543785095215e-01
2.180182337760925293e-01
2.165675014257431030e-01
2.177208364009857178e-01
2.170288860797882080e-01
2.166182994842529297e-01
2.170760780572891235e-01
2.149839252233505249e-01
2.143823504447937012e-01
2.171074748039245605e-01
2.183775752782821655e-01
2.186294049024581909e-01
2.172094434499740601e-01
2.152515351772308350e-01
2.179196029901504517e-01
2.148839086294174194e-01
2.160882502794265747e-01
2.140661627054214478e-01
2.177747189998626709e-01
2.148814201354980469e-01
2.170732319355010986e-01
2.177723199129104614e-01
2.140853404998779297e-01
2.182376235723495483e-01
2.172297090291976929e-01
2.158115953207015991e-01
2.138542234897613525e-01
2.148446589708328247e-01
2.161739617586135864e-01
2.169075608253479004e-01
2.153029739856719971e-01
2.148926258087158203e-01
2.131045162677764893e-01
2.146360725164413452e-01
2.141083776950836182e-01
2.131576836109161377e-01
2.170532494783401489e-01
2.157535403966903687e-01
2.120710164308547974e-01
2.142819315195083618e-01
2.133092582225799561e-01
2.142624706029891968e-01
2.116463184356689453e-01
2.124366909265518188e-01
2.150796651840209961e-01
2.136095315217971802e-01
2.153767943382263184e-01
2.116015851497650146e-01
2.139063030481338501e-01
2.128680944442749023e-01
2.157105207443237305e-01
2.135757207870483398e-01
2.136604636907577515e-01
2.176912575960159302e-01
2.105635106563568115e-01
2.125446051359176636e-01
2.127499580383300781e-01
2.126878499984741211e-01
2.145786434412002563e-01
2.104897648096084595e-01
2.122061103582382202e-01
2.141594439744949341e-01
2.119550704956054688e-01
2.103653997182846069e-01
2.133527398109436035e-01
2.135493010282516479e-01
2.136378139257431030e-01
2.117565721273422241e-01
2.125977277755737305e-01
2.132131010293960571e-01
2.144987881183624268e-01
2.134452760219573975e-01
2.120380550622940063e-01
2.123957723379135132e-01
2.116906493902206421e-01
2.129017412662506104e-01
2.117112129926681519e-01
2.099767774343490601e-01
2.140936404466629028e-01
2.121889293193817139e-01
2.136631458997726440e-01
2.116318047046661377e-01
2.115973383188247681e-01
2.115064859390258789e-01
2.139230221509933472e-01
2.132784426212310791e-01
2.124595046043395996e-01
2.098061740398406982e-01
2.113412916660308838e-01
2.114056646823883057e-01
2.118658721446990967e-01
2.118066847324371338e-01
2.115369439125061035e-01
2.107324302196502686e-01
2.103991359472274780e-01
2.112261354923248291e-01
2.153044641017913818e-01
2.150532305240631104e-01
2.127875089645385742e-01
2.091446816921234131e-01
2.108675986528396606e-01
2.102587521076202393e-01
2.099053114652633667e-01
2.109125107526779175e-01
2.099007517099380493e-01
2.094638645648956299e-01
2.091842740774154663e-01
2.088702917098999023e-01
2.101490348577499390e-01
2.106082886457443237e-01
2.085914313793182373e-01
2.073819935321807861e-01
2.121840417385101318e-01
2.131961584091186523e-01
2.096013426780700684e-01
2.104806154966354370e-01
2.087852507829666138e-01
2.096155434846878052e-01
2.120484411716461182e-01
2.068789750337600708e-01
2.062429934740066528e-01
2.106367051601409912e-01
2.118875980377197266e-01
2.092938125133514404e-01
2.092694193124771118e-01
2.105136811733245850e-01
2.098840326070785522e-01
2.085779309272766113e-01
2.076142579317092896e-01
2.085137814283370972e-01
2.108468264341354370e-01
2.123839557170867920e-01
2.110122889280319214e-01
2.091089040040969849e-01
2.090853899717330933e-01
2.081868946552276611e-01
2.094435840845108032e-01
2.086607217788696289e-01
2.099896669387817383e-01
2.123525142669677734e-01
2.081382721662521362e-01
2.083341628313064575e-01
2.056987583637237549e-01
2.101567685604095459e-01
2.107553929090499878e-01
2.127694636583328247e-01
2.096576541662216187e-01
2.109901010990142822e-01
2.097121477127075195e-01
2.095777839422225952e-01
2.106617838144302368e-01
2.088825404644012451e-01
2.101363986730575562e-01
2.098779529333114624e-01
2.055598050355911255e-01
2.110075652599334717e-01
2.097681909799575806e-01
2.095936983823776245e-01
2.081705480813980103e-01
2.067797631025314331e-01
2.084526270627975464e-01
2.102574259042739868e-01
2.060587406158447266e-01
2.085624486207962036e-01
2.087122052907943726e-01
2.112404108047485352e-01
2.073370218276977539e-01
2.092287540435791016e-01
2.076797485351562500e-01
2.108799517154693604e-01
2.084054499864578247e-01
2.073608934879302979e-01
2.090920358896255493e-01
2.090044766664505005e-01
2.061283439397811890e-01
2.089731097221374512e-01
2.090766876935958862e-01
2.084265947341918945e-01
2.093154788017272949e-01
2.084102332592010498e-01
2.092132717370986938e-01
2.077592909336090088e-01
2.069136500358581543e-01
2.094956040382385254e-01
2.038357853889465332e-01
2.057272493839263916e-01
2.060524374246597290e-01
2.075389325618743896e-01
2.076544314622879028e-01
2.078741788864135742e-01
2.078871279954910278e-01
2.073640823364257812e-01
2.075405865907669067e-01
2.073061168193817139e-01
2.060410827398300171e-01
2.044784724712371826e-01
2.075016796588897705e-01
2.084597200155258179e-01
2.060434520244598389e-01
2.071750015020370483e-01
2.070180028676986694e-01
2.049478590488433838e-01
2.076797783374786377e-01
2.066534757614135742e-01
2.070347368717193604e-01
2.069571912288665771e-01
2.069592922925949097e-01
2.052576839923858643e-01
2.024548500776290894e-01
2.056044936180114746e-01
2.038880288600921631e-01
2.066006064414978027e-01
2.052779793739318848e-01
2.031192481517791748e-01
2.037604898214340210e-01
2.062169909477233887e-01
2.057211846113204956e-01
2.045327872037887573e-01
2.054303735494613647e-01
2.033889293670654297e-01
2.040773481130599976e-01
2.047334760427474976e-01
2.055405527353286743e-01
2.038200795650482178e-01
2.063194662332534790e-01
2.059693187475204468e-01
2.042103558778762817e-01
2.042031139135360718e-01
2.063183188438415527e-01
2.033086419105529785e-01
2.053636908531188965e-01
2.057585269212722778e-01
2.034013569355010986e-01
2.061080038547515869e-01
2.040847539901733398e-01
2.054096460342407227e-01
2.021568268537521362e-01
2.072691768407821655e-01
2.033786922693252563e-01
2.035056948661804199e-01
2.046571522951126099e-01
2.027759402990341187e-01
2.018588483333587646e-01
2.041011154651641846e-01
2.021804898977279663e-01
2.053045928478240967e-01
2.026456445455551147e-01
2.047185301780700684e-01
2.058042734861373901e-01
2.036622166633605957e-01
2.050448060035705566e-01
2.027135789394378662e-01
2.040522396564483643e-01
2.045346051454544067e-01
2.003958672285079956e-01
2.023172825574874878e-01
2.016159743070602417e-01
2.033271491527557373e-01
2.037428021430969238e-01
2.044564932584762573e-01
2.024451494216918945e-01
2.042468786239624023e-01
2.006270587444305420e-01
2.036553919315338135e-01
2.031936049461364746e-01
2.039431482553482056e-01
2.027121186256408691e-01
2.050998657941818237e-01
2.037899643182754517e-01
2.039564698934555054e-01
2.038938850164413452e-01
2.026453465223312378e-01
2.025492489337921143e-01
2.037636637687683105e-01
2.028473019599914551e-01
2.052541971206665039e-01
2.025971114635467529e-01
2.034512758255004883e-01
2.040432542562484741e-01
2.060178369283676147e-01
2.021447718143463135e-01
2.043685317039489746e-01
2.040072530508041382e-01
2.025300711393356323e-01
2.045958787202835083e-01
2.028317004442214966e-01
2.012882977724075317e-01
2.043520957231521606e-01
2.018017470836639404e-01
2.034678906202316284e-01
2.039283663034439087e-01
2.010284215211868286e-01
2.041848897933959961e-01
2.038878053426742554e-01
2.028018534183502197e-01
2.036240100860595703e-01
2.036054134368896484e-01
2.021270692348480225e-01
2.052616178989410400e-01
2.117814272642135620e-01
2.038957327604293823e-01
2.050519138574600220e-01
2.027056664228439331e-01
2.024147808551788330e-01
2.034749835729598999e-01
2.004288882017135620e-01
2.025291621685028076e-01
2.023851573467254639e-01
2.027853429317474365e-01
2.010011672973632812e-01
2.034474015235900879e-01
2.010766416788101196e-01
2.001004517078399658e-01
2.038251012563705444e-01
2.040109187364578247e-01
2.022437900304794312e-01
2.003594040870666504e-01
2.002152949571609497e-01
2.034002840518951416e-01
2.037119865417480469e-01
2.016193419694900513e-01
1.992996633052825928e-01
2.038058787584304810e-01
2.019984573125839233e-01
2.017550915479660034e-01
2.023420631885528564e-01
2.022416889667510986e-01
2.019181996583938599e-01
2.024305760860443115e-01
2.027455121278762817e-01
1.987765431404113770e-01
2.023234367370605469e-01
2.021778672933578491e-01
2.040092200040817261e-01
2.035973370075225830e-01
2.013037353754043579e-01
2.033832818269729614e-01
1.996330022811889648e-01
2.017968595027923584e-01
1.993046253919601440e-01
2.005621045827865601e-01
2.041535824537277222e-01
1.984882801771163940e-01
2.026197463274002075e-01
2.023657858371734619e-01
2.004012465476989746e-01
2.014766782522201538e-01
2.013303637504577637e-01
1.997750103473663330e-01
1.979587674140930176e-01
1.981878876686096191e-01
2.015326023101806641e-01
2.010774761438369751e-01
2.010294646024703979e-01
2.009965479373931885e-01
2.022413164377212524e-01
2.009845376014709473e-01
1.978549063205718994e-01
2.015724033117294312e-01
1.977835595607757568e-01
1.973808258771896362e-01
2.006729543209075928e-01
2.011446654796600342e-01
1.976977437734603882e-01
2.006981670856475830e-01
1.998376995325088501e-01
2.020231187343597412e-01
2.016218155622482300e-01
2.001597434282302856e-01
2.006095796823501587e-01
2.012725025415420532e-01
1.992201358079910278e-01
2.006321400403976440e-01
2.011303603649139404e-01
2.001878321170806885e-01
1.990099698305130005e-01
2.007377892732620239e-01
2.011505961418151855e-01
2.001897990703582764e-01
1.973148286342620850e-01
2.023098319768905640e-01
1.995677500963211060e-01
1.986806988716125488e-01
1.982791721820831299e-01
1.983515471220016479e-01
1.978163272142410278e-01
2.004373669624328613e-01
2.001585066318511963e-01
1.966552138328552246e-01
1.987107098102569580e-01
2.008431404829025269e-01
1.981937140226364136e-01
1.992068886756896973e-01
1.982841789722442627e-01
1.975065022706985474e-01
2.003947794437408447e-01
2.006625682115554810e-01
1.984959393739700317e-01
2.001535892486572266e-01
1.977239251136779785e-01
1.986191272735595703e-01
1.995656490325927734e-01
1.988231390714645386e-01
1.969620883464813232e-01
2.003099769353866577e-01
1.966692954301834106e-01
1.961254179477691650e-01
1.988356858491897583e-01
1.979147344827651978e-01
1.962449550628662109e-01
1.970722079277038574e-01
2.000906020402908325e-01
1.990414559841156006e-01
1.991917043924331665e-01
1.953560411930084229e-01
1.989770531654357910e-01
1.982685327529907227e-01
1.976637095212936401e-01
1.956609785556793213e-01
1.982909291982650757e-01
1.997374892234802246e-01
1.969013363122940063e-01
1.969773024320602417e-01
1.983180791139602661e-01
1.984657198190689087e-01
1.976099461317062378e-01
1.947175264358520508e-01
1.950338482856750488e-01
2.005492448806762695e-01
1.971530914306640625e-01
1.957083940505981445e-01
1.983301639556884766e-01
1.973937600851058960e-01
1.988874673843383789e-01
1.970267742872238159e-01
1.978442668914794922e-01
2.003940343856811523e-01
1.953193843364715576e-01
1.974658817052841187e-01
1.975732445716857910e-01
1.972417086362838745e-01
1.948268562555313110e-01
1.951586753129959106e-01
1.957892775535583496e-01
1.972728818655014038e-01
1.958829313516616821e-01
1.986335664987564087e-01
1.986428797245025635e-01
1.954133659601211548e-01
1.958209723234176636e-01
1.968907415866851807e-01
1.963833719491958618e-01
1.983982622623443604e-01
1.986833065748214722e-01
2.003305554389953613e-01
1.998335868120193481e-01
1.972616314888000488e-01
1.953593641519546509e-01
1.978701651096343994e-01
1.946924328804016113e-01
1.981443762779235840e-01
1.964330375194549561e-01
1.940467208623886108e-01
2.001659721136093140e-01
1.972409933805465698e-01
1.966457515954971313e-01
1.980847716331481934e-01
1.982379108667373657e-01
1.944695711135864258e-01
1.954330652952194214e-01
1.945504695177078247e-01
1.982705146074295044e-01
1.955054849386215210e-01
1.956232339143753052e-01
1.955593228340148926e-01
1.996117085218429565e-01
1.967358440160751343e-01
1.973891407251358032e-01
1.952109783887863159e-01
1.985436826944351196e-01
1.984773725271224976e-01
1.959569454193115234e-01
1.962926685810089111e-01
1.963004767894744873e-01
1.968761533498764038e-01
1.953059881925582886e-01
1.962506175041198730e-01
1.954050660133361816e-01
1.971970498561859131e-01
1.943000108003616333e-01
1.968007832765579224e-01
1.965738087892532349e-01
1.951557993888854980e-01
1.947603076696395874e-01
1.939561814069747925e-01
1.974156051874160767e-01
1.952890008687973022e-01
1.945372819900512695e-01
1.946399360895156860e-01
1.961223036050796509e-01
1.969635784626007080e-01
1.960278898477554321e-01
1.957693845033645630e-01
1.970868706703186035e-01
1.970898360013961792e-01
1.939258426427841187e-01
1.945748478174209595e-01
1.935791522264480591e-01
1.929183900356292725e-01
1.940204203128814697e-01
1.949495822191238403e-01
1.967614740133285522e-01
1.953071504831314087e-01
1.935488432645797729e-01
1.948363482952117920e-01
1.942045241594314575e-01
1.956541538238525391e-01
1.940189898014068604e-01
1.922031044960021973e-01
1.970412284135818481e-01
1.934762001037597656e-01
1.958881616592407227e-01
1.950875222682952881e-01
1.940117478370666504e-01
1.947042942047119141e-01
1.939509958028793335e-01
1.941657215356826782e-01
1.949532330036163330e-01
1.915821731090545654e-01
1.927100121974945068e-01
1.952609270811080933e-01
1.932450979948043823e-01
1.930291056632995605e-01
1.912394016981124878e-01
1.945646703243255615e-01
1.924640536308288574e-01
1.932016760110855103e-01
1.929016113281250000e-01
1.940672546625137329e-01
1.953608840703964233e-01
1.947973519563674927e-01
1.942445337772369385e-01
1.950294077396392822e-01
1.926138103008270264e-01
1.938886046409606934e-01
1.942512392997741699e-01
1.945415139198303223e-01
1.928932964801788330e-01
1.936874836683273315e-01
1.919001787900924683e-01
1.943624466657638550e-01
1.956728249788284302e-01
1.927737146615982056e-01
1.950287073850631714e-01
1.933892965316772461e-01
1.958430409431457520e-01
1.932001560926437378e-01
1.951117217540740967e-01
1.932641267776489258e-01
1.933858245611190796e-01
1.935926973819732666e-01
1.937111169099807739e-01
1.904615163803100586e-01
1.935972869396209717e-01
1.939608901739120483e-01
1.942436695098876953e-01
1.945971697568893433e-01
1.943014264106750488e-01
1.953747272491455078e-01
1.914384216070175171e-01
1.928332746028900146e-01
1.940890550613403320e-01
1.924787163734436035e-01
1.921356767416000366e-01
1.948836296796798706e-01
1.921767294406890869e-01
1.959644258022308350e-01
1.943307071924209595e-01
1.915406733751296997e-01
1.929936408996582031e-01
1.940453797578811646e-01
1.933359503746032715e-01
1.918246299028396606e-01
1.924420446157455444e-01
1.946617364883422852e-01
1.940981149673461914e-01
1.938013583421707153e-01
1.940977126359939575e-01
1.931959539651870728e-01
1.936234533786773682e-01
1.924092769622802734e-01
1.919102221727371216e-01
1.920695006847381592e-01
1.924671232700347900e-01
1.895368248224258423e-01
1.916180104017257690e-01
1.916788518428802490e-01
1.890788525342941284e-01
1.937419921159744263e-01
1.923607289791107178e-01
1.907717287540435791e-01
1.931569576263427734e-01
1.921869665384292603e-01
1.891185492277145386e-01
1.910769194364547729e-01
1.928630918264389038e-01
1.932347565889358521e-01
1.918641328811645508e-01
1.942882984876632690e-01
1.947188228368759155e-01
1.928154975175857544e-01
1.918801963329315186e-01
1.936555951833724976e-01
1.924512386322021484e-01
1.950267106294631958e-01
1.943157166242599487e-01
1.900936514139175415e-01
1.904215514659881592e-01
1.929761022329330444e-01
1.901525110006332397e-01
1.909901201725006104e-01
1.923643946647644043e-01
1.920115351676940918e-01
1.898655593395233154e-01
1.904407739639282227e-01
1.919013857841491699e-01
1.924705207347869873e-01
1.928968280553817749e-01
1.912268251180648804e-01
1.925096064805984497e-01
1.934626102447509766e-01
1.929324716329574585e-01
1.941679120063781738e-01
1.926727145910263062e-01
1.925420314073562622e-01
1.888244748115539551e-01
1.960256099700927734e-01
1.917666494846343994e-01
1.908620297908782959e-01
1.926497817039489746e-01
1.933199316263198853e-01
1.914941072463989258e-01
1.907438635826110840e-01
1.920704394578933716e-01
1.891508996486663818e-01
1.924550235271453857e-01
1.884042024612426758e-01
1.921845078468322754e-01
1.916012465953826904e-01
1.881162971258163452e-01
1.929768025875091553e-01
1.930051594972610474e-01
1.880976557731628418e-01
1.905219554901123047e-01
1.955067664384841919e-01
1.905651539564132690e-01
1.927145570516586304e-01
1.936904042959213257e-01
1.912501156330108643e-01
1.902977377176284790e-01
1.903400123119354248e-01
1.928956955671310425e-01
1.906741410493850708e-01
1.920242160558700562e-01
1.917923390865325928e-01
1.895768195390701294e-01
1.914359927177429199e-01
1.867244243621826172e-01
1.878290325403213501e-01
1.891809552907943726e-01
1.902455389499664307e-01
1.889313459396362305e-01
1.902890503406524658e-01
1.917295455932617188e-01
1.874938458204269409e-01
1.925894320011138916e-01
1.929983645677566528e-01
1.881074160337448120e-01
1.930369287729263306e-01
1.919713169336318970e-01
1.902296096086502075e-01
1.917832940816879272e-01
1.891380995512008667e-01
1.891563534736633301e-01
1.879963278770446777e-01
1.909688860177993774e-01
1.902271509170532227e-01
1.922762244939804077e-01
1.898698359727859497e-01
1.913707554340362549e-01
1.906757503747940063e-01
1.898473948240280151e-01
1.921962499618530273e-01
1.888387203216552734e-01
