7.901840385794639543e-01
4.528581932187080161e-01
3.818836617469787420e-01
3.654873603582382002e-01
3.363014958798885568e-01
3.126976058632135458e-01
3.040655273199081576e-01
2.887541638314723991e-01
2.887767734378576256e-01
2.716928552091121829e-01
2.688670557737350419e-01
2.668051585555076821e-01
2.435203440487384852e-01
2.493788352608680703e-01
2.487508805841207593e-01
2.599199222773313500e-01
2.231313047558069196e-01
2.381944777071476060e-01
2.068608026951551382e-01
2.036804221943020743e-01
2.096375791728496418e-01
2.026774783432483684e-01
1.958910062909126337e-01
1.899080518633127213e-01
1.953390440344810464e-01
1.898892510309815318e-01
1.958407721295952753e-01
1.672905986011028190e-01
1.647096383944153808e-01
1.740663442760705948e-01
1.538394187949597702e-01
1.693405313044786531e-01
1.674848813936114234e-01
1.565620015189051750e-01
1.614096420258283593e-01
1.667045568302273628e-01
1.336604811251163594e-01
1.304050607234239489e-01
1.347200178913772195e-01
1.397419111430645011e-01
1.422657324373721999e-01
1.323194644227624062e-01
1.349410520866513308e-01
1.462840871140360932e-01
1.453762271255254757e-01
1.049327683635055963e-01
1.087543176487088259e-01
1.103209274075925284e-01
1.163774341903626858e-01
1.184998021088540521e-01
1.167394446954131138e-01
1.189990080706775227e-01
1.114458453096449364e-01
1.241469484567642168e-01
8.390971123240888174e-02
8.364601813256740404e-02
8.372233491390942972e-02
9.477150781080126429e-02
8.984192246571183482e-02
1.065592890232801432e-01
9.791965070180594366e-02
1.008001008722931163e-01
1.027240766957402268e-01
6.598001467064022740e-02
6.251845599152147659e-02
6.692419255152344537e-02
7.425072290934622843e-02
7.036827703006565127e-02
7.892655287869274061e-02
7.547196558676659561e-02
7.691826120950281953e-02
8.259144186042249869e-02
6.056941843591630292e-02
6.440088005037977736e-02
5.370316245593130533e-02
6.028753399616107456e-02
6.858780085807665572e-02
6.810132170794531981e-02
6.311946108820848389e-02
7.626102659152821095e-02
6.268310224637389794e-02
4.891109284944832047e-02
4.954210384516045257e-02
5.356851647724397703e-02
4.147731625591404708e-02
6.108835946302861031e-02
5.636149917263537368e-02
5.335851244628429108e-02
5.872020141687243899e-02
5.988960796035826262e-02
4.414244494633749044e-02
3.803813016158528321e-02
4.212227086885832195e-02
4.739757375326007771e-02
4.582574943779036541e-02
5.677921795053407494e-02
5.130947668338194795e-02
5.270381045062094705e-02
5.299777819775045029e-02
3.314820699975826179e-02
3.622024597250856487e-02
4.765851440024562041e-02
4.581250662915408584e-02
5.042328567244112186e-02
4.954001082573086107e-02
5.018379344139248244e-02
4.394262297078967150e-02
4.850828156573697841e-02
3.039434807549696443e-02
2.442342399852350313e-02
3.755321651755366696e-02
3.990819993894547529e-02
4.473984043463133387e-02
4.564600178709952299e-02
3.719973379047587791e-02
3.710491237929090802e-02
4.315920333610847454e-02
3.075204448774456964e-02
3.774322819081134955e-02
3.944123053224757314e-02
3.796575029497034626e-02
4.246928448905237102e-02
4.107782061677425767e-02
3.622482384205796130e-02
3.937164885108359463e-02
4.837474305648356565e-02
3.233649279223754780e-02
3.025044032256118953e-02
4.352827506139874542e-02
2.921769305074121970e-02
3.567349752818699954e-02
3.630166085960809252e-02
3.857987183961086169e-02
4.151362698525190575e-02
3.923098343017045186e-02
