7.621395078301429482e-01
4.158092364668846130e-01
3.388485643267631353e-01
3.212207007408142134e-01
2.832114152610302193e-01
2.625775952637195432e-01
2.543717037141323134e-01
2.402020207047462497e-01
2.304646109044551916e-01
2.057050798833370275e-01
1.974144871905446075e-01
1.962294346839189574e-01
1.872805015742778911e-01
1.821575627103447781e-01
1.801664320379495754e-01
1.807386130094528198e-01
1.731012892723083618e-01
1.701376110315322987e-01
1.520889924466609922e-01
1.485298635065555595e-01
1.510249635577201877e-01
1.471859438717365298e-01
1.526455847173929237e-01
1.352033904939889952e-01
1.429392753541469663e-01
1.450844003632664747e-01
1.508722677081823227e-01
1.271184590458870056e-01
1.227873964235186577e-01
1.219712394848465886e-01
1.326906602084636788e-01
1.232406444475054735e-01
1.213067690283060052e-01
1.192225006595253878e-01
1.309420051425695397e-01
1.262473252415657055e-01
1.020708501338958712e-01
1.062395014800131265e-01
1.096876915171742378e-01
1.026761322841048263e-01
1.101962988451123254e-01
1.169228624552488272e-01
1.061461476236581769e-01
1.108773291110992376e-01
1.088437336310744269e-01
9.689755389466882252e-02
8.859521174803376697e-02
9.107759296894073209e-02
1.010925204865634475e-01
9.345544688403606415e-02
9.099651876837015763e-02
9.543770954012870122e-02
9.965190880000590612e-02
1.030771040171384878e-01
8.022701814770698270e-02
8.347845658659934498e-02
8.437638539820908889e-02
8.832658220082521827e-02
9.745854876935482192e-02
8.307367004454135895e-02
8.683149402961135022e-02
8.559106439352034967e-02
8.825794111937285136e-02
7.922205662354826761e-02
7.182278238236904089e-02
7.536997703835368601e-02
7.651857670396566835e-02
7.308837447315454094e-02
7.944054860621690972e-02
8.038081880658864975e-02
8.278670065104960785e-02
8.487535629421472105e-02
6.816296689212322790e-02
7.226248254999517728e-02
7.516700763255357298e-02
7.509289849549531659e-02
7.643838141113519502e-02
7.016467273235321711e-02
7.074585566297172945e-02
7.419010108336805687e-02
7.732222359627485830e-02
6.906467566266655256e-02
1.019283361732959692e-01
9.885130970738828515e-02
8.985513475723565235e-02
9.653174064122140019e-02
1.000357829779386504e-01
9.870107915252447628e-02
9.926995236426591762e-02
9.693129832856356431e-02
6.443163570249453576e-02
5.579130386933684599e-02
7.102521799504757372e-02
5.947145231068134280e-02
7.215912339277565091e-02
6.563803072553127393e-02
7.147948045283555873e-02
6.832199882715940531e-02
6.161505278199910784e-02
3.712903270963579389e-02
4.848621459212153900e-02
4.967384915507864346e-02
4.524981222813948684e-02
5.224027008749544676e-02
4.725141921546310159e-02
4.717857461422681614e-02
5.432009245269000391e-02
5.515082654543221330e-02
3.782917355303652696e-02
3.662098900880664254e-02
4.195019286125898500e-02
4.565309694036841226e-02
4.366426515160128780e-02
4.543223437707638590e-02
4.653836184472311122e-02
4.631990186288021533e-02
5.337976916460320659e-02
2.898385329943266656e-02
3.352568555099424280e-02
3.721439138869755275e-02
3.966479000577237402e-02
3.335199244436808097e-02
4.043854535440914028e-02
4.458010341593762749e-02
4.101876951404847399e-02
4.508422358427197074e-02
2.345689678157214172e-02
2.944248955347575358e-02
3.478598712594248299e-02
3.309751380438683693e-02
3.527935757301747799e-02
3.840269137173891317e-02
4.133614769962150326e-02
4.765640874393284321e-02
3.888289627269841953e-02
