7.547474503517150879e-01
7.492926120758056641e-01
7.444074749946594238e-01
7.395734190940856934e-01
7.340693473815917969e-01
7.283684611320495605e-01
7.207832932472229004e-01
7.122862935066223145e-01
7.031857371330261230e-01
6.932099461555480957e-01
6.791474819183349609e-01
6.631747484207153320e-01
6.493431925773620605e-01
6.281783580780029297e-01
6.091439127922058105e-01
5.825154185295104980e-01
5.590950846672058105e-01
5.302643775939941406e-01
4.990360736846923828e-01
4.745514094829559326e-01
4.394599795341491699e-01
4.144255220890045166e-01
3.883178234100341797e-01
3.624520599842071533e-01
3.441312015056610107e-01
3.319113850593566895e-01
3.316387832164764404e-01
3.422924280166625977e-01
3.403601646423339844e-01
3.430041670799255371e-01
3.400321006774902344e-01
3.286376595497131348e-01
3.221462666988372803e-01
3.067744076251983643e-01
2.921882867813110352e-01
2.883163988590240479e-01
2.834799885749816895e-01
2.796113193035125732e-01
2.912187576293945312e-01
2.725263535976409912e-01
2.777712047100067139e-01
2.666218578815460205e-01
2.650661468505859375e-01
2.586032748222351074e-01
2.542627453804016113e-01
2.492463141679763794e-01
2.443512082099914551e-01
2.389185577630996704e-01
2.375520020723342896e-01
2.358531802892684937e-01
2.287095338106155396e-01
2.400374412536621094e-01
2.249921858310699463e-01
2.241939753293991089e-01
2.202846705913543701e-01
2.205114960670471191e-01
2.142126560211181641e-01
2.088387757539749146e-01
2.132280766963958740e-01
2.080664485692977905e-01
1.993143707513809204e-01
2.021688222885131836e-01
2.008088082075119019e-01
1.970878541469573975e-01
1.996018737554550171e-01
1.913080513477325439e-01
1.871095746755599976e-01
1.870950907468795776e-01
1.846984326839447021e-01
1.872440576553344727e-01
1.824415922164916992e-01
1.824782043695449829e-01
1.795414090156555176e-01
1.816406548023223877e-01
1.777993887662887573e-01
1.752992719411849976e-01
1.720207333564758301e-01
1.725388914346694946e-01
1.730375289916992188e-01
1.686446666717529297e-01
1.693899184465408325e-01
1.642931103706359863e-01
1.680837869644165039e-01
1.641922891139984131e-01
1.645894646644592285e-01
1.586967706680297852e-01
1.583407223224639893e-01
1.600199341773986816e-01
1.585596799850463867e-01
1.546172052621841431e-01
1.549386233091354370e-01
1.502662450075149536e-01
1.573139727115631104e-01
1.524637043476104736e-01
1.513149738311767578e-01
1.485544592142105103e-01
1.497525721788406372e-01
1.476917564868927002e-01
1.477350145578384399e-01
1.489188373088836670e-01
1.460821032524108887e-01
1.453119963407516479e-01
1.466830521821975708e-01
1.446681022644042969e-01
1.409943699836730957e-01
1.424207091331481934e-01
1.387761831283569336e-01
1.378950625658035278e-01
1.386847198009490967e-01
1.378187984228134155e-01
1.370174884796142578e-01
1.356907486915588379e-01
1.360639333724975586e-01
1.340077966451644897e-01
1.339183896780014038e-01
1.361810863018035889e-01
1.319081187248229980e-01
1.335363984107971191e-01
1.328029334545135498e-01
1.322047561407089233e-01
1.317706108093261719e-01
1.305314302444458008e-01
1.288084685802459717e-01
1.285578757524490356e-01
1.275062114000320435e-01
1.271799951791763306e-01
1.279480159282684326e-01
1.252052783966064453e-01
1.276006102561950684e-01
1.272392570972442627e-01
1.232719421386718750e-01
1.232445091009140015e-01
1.238420754671096802e-01
1.232755705714225769e-01
1.208191812038421631e-01
1.205542609095573425e-01
1.222304776310920715e-01
1.226142346858978271e-01
1.211373507976531982e-01
1.218634843826293945e-01
1.206709593534469604e-01
1.223823726177215576e-01
1.169711798429489136e-01
1.190229952335357666e-01
1.174850389361381531e-01
1.156810969114303589e-01
1.161306723952293396e-01
1.157793551683425903e-01
1.148547828197479248e-01
1.134724318981170654e-01
1.142644211649894714e-01
1.144860535860061646e-01
1.116832122206687927e-01
1.111790090799331665e-01
1.124794110655784607e-01
1.125860214233398438e-01
1.099955886602401733e-01
1.124292314052581787e-01
1.122343987226486206e-01
1.086752191185951233e-01
1.087270528078079224e-01
1.083221733570098877e-01
1.079733371734619141e-01
1.082893311977386475e-01
1.064149141311645508e-01
1.093977093696594238e-01
1.044353395700454712e-01
1.052279472351074219e-01
1.060823425650596619e-01
1.049208045005798340e-01
1.063838452100753784e-01
1.057772338390350342e-01
1.041647046804428101e-01
1.040854975581169128e-01
1.045527979731559753e-01
1.035993993282318115e-01
1.039653271436691284e-01
1.053866669535636902e-01
9.987092018127441406e-02
1.013143062591552734e-01
1.017886251211166382e-01
1.018839031457901001e-01
1.002916395664215088e-01
9.980714321136474609e-02
1.028345674276351929e-01
1.011148542165756226e-01
1.009500324726104736e-01
9.958639740943908691e-02
9.885811805725097656e-02
9.736384451389312744e-02
1.014209985733032227e-01
9.750306606292724609e-02
9.778062999248504639e-02
9.703676402568817139e-02
9.783625602722167969e-02
9.584403038024902344e-02
9.464508295059204102e-02
9.610277414321899414e-02
9.460826963186264038e-02
9.664603322744369507e-02
9.481299668550491333e-02
9.528471529483795166e-02
9.436060488224029541e-02
9.677816182374954224e-02
9.404328465461730957e-02
9.438306093215942383e-02
9.474320709705352783e-02
9.406717121601104736e-02
9.408190846443176270e-02
9.374389052391052246e-02
9.123715758323669434e-02
9.133033454418182373e-02
9.158390760421752930e-02
9.137681126594543457e-02
9.058866649866104126e-02
8.991224318742752075e-02
8.979677408933639526e-02
9.072805941104888916e-02
8.999162912368774414e-02
9.004958719015121460e-02
8.995509892702102661e-02
9.199207276105880737e-02
8.797402679920196533e-02
8.919332176446914673e-02
8.904077112674713135e-02
8.805310726165771484e-02
8.726774901151657104e-02
8.871491253376007080e-02
8.819146454334259033e-02
8.707933872938156128e-02
8.697826415300369263e-02
8.554364740848541260e-02
8.856810629367828369e-02
8.606958389282226562e-02
8.661387115716934204e-02
8.704935014247894287e-02
8.673851937055587769e-02
8.504074811935424805e-02
8.500745892524719238e-02
8.579561859369277954e-02
8.645979315042495728e-02
8.358505368232727051e-02
8.479021489620208740e-02
8.347209542989730835e-02
8.527682721614837646e-02
8.497127890586853027e-02
8.439601212739944458e-02
8.478901535272598267e-02
8.522059023380279541e-02
8.515677601099014282e-02
8.333368599414825439e-02
8.307677507400512695e-02
8.137570321559906006e-02
8.599056303501129150e-02
8.263925462961196899e-02
8.205273747444152832e-02
8.230857551097869873e-02
8.199568092823028564e-02
8.255533874034881592e-02
8.342027664184570312e-02
8.187880367040634155e-02
8.142115175724029541e-02
8.060666918754577637e-02
8.331891894340515137e-02
8.216505497694015503e-02
8.155115693807601929e-02
8.055493980646133423e-02
8.077882230281829834e-02
8.017785847187042236e-02
8.068651705980300903e-02
7.979620993137359619e-02
7.863157242536544800e-02
7.834935933351516724e-02
7.927703857421875000e-02
7.860096544027328491e-02
7.892486453056335449e-02
7.813113927841186523e-02
7.821139693260192871e-02
7.989269495010375977e-02
7.732456922531127930e-02
7.960318773984909058e-02
7.874375581741333008e-02
7.827676087617874146e-02
7.778945565223693848e-02
7.802891731262207031e-02
7.675297558307647705e-02
7.800257205963134766e-02
7.728067040443420410e-02
7.758580893278121948e-02
7.658788561820983887e-02
7.686379551887512207e-02
7.552435249090194702e-02
7.602160423994064331e-02
7.679706066846847534e-02
7.653242349624633789e-02
7.621667534112930298e-02
7.664257287979125977e-02
7.582877576351165771e-02
7.539982348680496216e-02
7.546384632587432861e-02
7.485386729240417480e-02
7.457068562507629395e-02
7.501533627510070801e-02
7.595161348581314087e-02
7.591839134693145752e-02
7.572117447853088379e-02
7.368573546409606934e-02
7.319489121437072754e-02
7.434676587581634521e-02
7.442370057106018066e-02
7.521872967481613159e-02
7.424920797348022461e-02
7.350479811429977417e-02
7.423575222492218018e-02
7.343111932277679443e-02
7.389862090349197388e-02
7.370408624410629272e-02
7.210037857294082642e-02
7.236058264970779419e-02
7.439241558313369751e-02
7.229934632778167725e-02
7.246650010347366333e-02
7.237941026687622070e-02
7.360224425792694092e-02
7.318086922168731689e-02
7.252478599548339844e-02
7.186427712440490723e-02
7.189624756574630737e-02
7.186490297317504883e-02
7.119660824537277222e-02
7.092680037021636963e-02
7.150612771511077881e-02
7.120068371295928955e-02
7.212879508733749390e-02
7.122889906167984009e-02
7.060637325048446655e-02
7.097359001636505127e-02
7.139343768358230591e-02
6.969212740659713745e-02
7.117477059364318848e-02
7.083106040954589844e-02
6.968438625335693359e-02
7.030769437551498413e-02
6.936469674110412598e-02
6.982536613941192627e-02
6.894675642251968384e-02
6.894799321889877319e-02
6.891274452209472656e-02
7.053737342357635498e-02
6.901972740888595581e-02
6.872494518756866455e-02
7.022101432085037231e-02
6.848584115505218506e-02
7.003504782915115356e-02
6.902737915515899658e-02
6.895706802606582642e-02
6.945459544658660889e-02
6.970506161451339722e-02
6.771565228700637817e-02
6.827060878276824951e-02
6.956397742033004761e-02
6.864959001541137695e-02
6.791741400957107544e-02
6.811147928237915039e-02
6.781619042158126831e-02
6.756073981523513794e-02
6.892579793930053711e-02
6.826374679803848267e-02
6.724700331687927246e-02
6.738650798797607422e-02
6.738710403442382812e-02
6.727170944213867188e-02
6.740861386060714722e-02
6.716036051511764526e-02
6.757594645023345947e-02
6.729376316070556641e-02
6.777312606573104858e-02
6.753272563219070435e-02
6.710096448659896851e-02
6.703687459230422974e-02
6.683186441659927368e-02
6.665369868278503418e-02
6.647662818431854248e-02
6.678101420402526855e-02
6.590291112661361694e-02
6.673263013362884521e-02
6.519286334514617920e-02
6.663756072521209717e-02
6.603813916444778442e-02
6.597138941287994385e-02
6.548482924699783325e-02
6.618079543113708496e-02
6.779839098453521729e-02
6.600186228752136230e-02
6.525731086730957031e-02
6.582604348659515381e-02
6.644499301910400391e-02
6.706720590591430664e-02
6.451909244060516357e-02
6.484874337911605835e-02
6.437075138092041016e-02
6.513134390115737915e-02
6.419997662305831909e-02
6.551316380500793457e-02
6.434384733438491821e-02
6.440962851047515869e-02
6.506716459989547729e-02
6.445527821779251099e-02
6.399018317461013794e-02
6.420806050300598145e-02
6.353072077035903931e-02
6.449404358863830566e-02
6.481891125440597534e-02
6.394734978675842285e-02
6.456632167100906372e-02
6.368825584650039673e-02
6.400730460882186890e-02
6.303965300321578979e-02
6.324431300163269043e-02
6.443752348423004150e-02
6.387242674827575684e-02
6.323242932558059692e-02
6.332103908061981201e-02
6.414312124252319336e-02
6.247100606560707092e-02
6.261786073446273804e-02
6.335198134183883667e-02
6.189428642392158508e-02
6.280010938644409180e-02
6.257979571819305420e-02
6.428982317447662354e-02
6.261152029037475586e-02
6.234537810087203979e-02
6.303086876869201660e-02
6.252297759056091309e-02
6.237367540597915649e-02
6.268302351236343384e-02
6.232401728630065918e-02
6.230250746011734009e-02
6.211162731051445007e-02
6.240679323673248291e-02
6.298820674419403076e-02
6.156202405691146851e-02
6.180738657712936401e-02
6.185027211904525757e-02
6.110589206218719482e-02
6.191955134272575378e-02
6.096611544489860535e-02
6.124562025070190430e-02
6.087998300790786743e-02
6.176006048917770386e-02
6.151217967271804810e-02
6.172646582126617432e-02
6.059906631708145142e-02
6.211869418621063232e-02
6.114322692155838013e-02
6.076736003160476685e-02
6.005059555172920227e-02
6.174312531948089600e-02
6.050790101289749146e-02
6.141383945941925049e-02
6.135135143995285034e-02
6.072017922997474670e-02
6.033875048160552979e-02
6.048845499753952026e-02
5.972474813461303711e-02
6.003514304757118225e-02
5.931278318166732788e-02
6.022937595844268799e-02
5.952004343271255493e-02
6.003988534212112427e-02
6.026118248701095581e-02
5.953776836395263672e-02
5.970520526170730591e-02
5.958411097526550293e-02
5.974607914686203003e-02
6.041344627737998962e-02
5.925628542900085449e-02
5.943050980567932129e-02
5.958247184753417969e-02
5.873193591833114624e-02
5.919545516371726990e-02
5.941280722618103027e-02
5.989911034703254700e-02
5.906248837709426880e-02
5.909544974565505981e-02
5.929198861122131348e-02
6.001707166433334351e-02
5.891340225934982300e-02
5.890745297074317932e-02
5.893551558256149292e-02
5.881243944168090820e-02
5.978097021579742432e-02
5.839151889085769653e-02
5.989481881260871887e-02
5.838332697749137878e-02
5.859509855508804321e-02
5.752876400947570801e-02
5.760763585567474365e-02
5.837055295705795288e-02
5.871687084436416626e-02
5.757672339677810669e-02
5.807898938655853271e-02
5.763701349496841431e-02
5.824580788612365723e-02
5.813612416386604309e-02
5.831231176853179932e-02
5.770555138587951660e-02
5.778148025274276733e-02
5.843590199947357178e-02
5.817395821213722229e-02
5.748624354600906372e-02
5.786673724651336670e-02
5.854240059852600098e-02
5.867416784167289734e-02
5.811657756567001343e-02
5.765597149729728699e-02
5.776492878794670105e-02
5.639740079641342163e-02
5.742628872394561768e-02
5.730795115232467651e-02
5.737790465354919434e-02
5.858336389064788818e-02
5.783883482217788696e-02
5.642176419496536255e-02
5.797994136810302734e-02
5.739492923021316528e-02
5.666001886129379272e-02
5.658363550901412964e-02
5.715429410338401794e-02
5.623337626457214355e-02
5.617398023605346680e-02
5.732499063014984131e-02
5.657048523426055908e-02
5.599695444107055664e-02
5.733183771371841431e-02
5.637363344430923462e-02
5.625998601317405701e-02
5.906677246093750000e-02
5.595510452985763550e-02
5.613812804222106934e-02
5.648892372846603394e-02
5.745992809534072876e-02
5.505834519863128662e-02
5.663748085498809814e-02
5.589751899242401123e-02
5.508158355951309204e-02
5.671751871705055237e-02
5.540113151073455811e-02
5.534508451819419861e-02
5.588061362504959106e-02
5.551688373088836670e-02
5.524206161499023438e-02
5.573870241641998291e-02
5.459726601839065552e-02
5.534752458333969116e-02
5.579093098640441895e-02
5.530295521020889282e-02
5.559588596224784851e-02
5.629698932170867920e-02
5.475910007953643799e-02
5.572127923369407654e-02
5.529101938009262085e-02
5.492174252867698669e-02
5.481526255607604980e-02
5.522856116294860840e-02
5.513217672705650330e-02
5.423316359519958496e-02
5.607990175485610962e-02
5.537937581539154053e-02
5.549396201968193054e-02
5.487186461687088013e-02
5.591463297605514526e-02
5.499561876058578491e-02
5.495546758174896240e-02
5.388326942920684814e-02
5.471052229404449463e-02
5.469387769699096680e-02
5.528894439339637756e-02
5.461584776639938354e-02
5.374747887253761292e-02
5.518013983964920044e-02
5.484386533498764038e-02
5.479239299893379211e-02
5.437181144952774048e-02
5.480977147817611694e-02
5.439174175262451172e-02
5.395331233739852905e-02
5.406810343265533447e-02
5.439314991235733032e-02
5.418980494141578674e-02
5.402234196662902832e-02
5.393872782588005066e-02
5.413933843374252319e-02
5.482506379485130310e-02
5.423014238476753235e-02
5.313842743635177612e-02
5.365029722452163696e-02
5.390194803476333618e-02
5.479595810174942017e-02
5.402729660272598267e-02
5.394890904426574707e-02
5.332558602094650269e-02
5.391149967908859253e-02
5.327501147985458374e-02
5.336081981658935547e-02
5.400691181421279907e-02
5.271924287080764771e-02
5.394424870610237122e-02
5.240737646818161011e-02
5.465091764926910400e-02
5.329051613807678223e-02
5.371248349547386169e-02
5.342936515808105469e-02
5.417781323194503784e-02
5.271654948592185974e-02
5.374154448509216309e-02
5.336929485201835632e-02
5.398514866828918457e-02
5.396125465631484985e-02
5.278249830007553101e-02
5.325628817081451416e-02
5.307107418775558472e-02
5.316524207592010498e-02
5.488331615924835205e-02
5.241142958402633667e-02
5.234427377581596375e-02
5.291375517845153809e-02
5.234672129154205322e-02
5.341246351599693298e-02
5.277036502957344055e-02
5.356097593903541565e-02
5.253079533576965332e-02
5.254119262099266052e-02
5.325372517108917236e-02
5.272269621491432190e-02
5.342197418212890625e-02
5.292283371090888977e-02
5.255487561225891113e-02
5.229981616139411926e-02
5.206266790628433228e-02
5.223695933818817139e-02
5.212938413023948669e-02
5.287138372659683228e-02
5.223793536424636841e-02
5.155837535858154297e-02
5.206926912069320679e-02
5.215484648942947388e-02
5.220770090818405151e-02
5.168593674898147583e-02
5.178415030241012573e-02
5.187099426984786987e-02
5.168244242668151855e-02
5.113165825605392456e-02
5.105647072196006775e-02
5.130220577120780945e-02
5.111359804868698120e-02
5.127599090337753296e-02
5.191966891288757324e-02
5.137789249420166016e-02
5.112516507506370544e-02
5.144333839416503906e-02
5.116581916809082031e-02
5.156758800148963928e-02
5.153398588299751282e-02
5.151229724287986755e-02
5.131722986698150635e-02
5.141271278262138367e-02
5.103829503059387207e-02
5.176156386733055115e-02
5.082391947507858276e-02
5.090489983558654785e-02
5.134946852922439575e-02
5.094426125288009644e-02
5.241432785987854004e-02
5.079142004251480103e-02
5.167879909276962280e-02
5.052643269300460815e-02
5.176987498998641968e-02
5.068378150463104248e-02
5.119651183485984802e-02
5.144736170768737793e-02
5.147474259138107300e-02
5.104558169841766357e-02
5.058121308684349060e-02
5.047155171632766724e-02
5.096907168626785278e-02
5.154312029480934143e-02
5.085026100277900696e-02
5.058643221855163574e-02
5.122378095984458923e-02
5.026224255561828613e-02
5.091979354619979858e-02
5.060852319002151489e-02
5.081591755151748657e-02
5.096688121557235718e-02
5.058876052498817444e-02
5.041268095374107361e-02
5.051356926560401917e-02
5.036722868680953979e-02
5.024059861898422241e-02
5.029450356960296631e-02
5.085629224777221680e-02
4.986591637134552002e-02
5.009969323873519897e-02
5.099785327911376953e-02
4.968756809830665588e-02
4.974172264337539673e-02
5.021506547927856445e-02
5.006627738475799561e-02
5.054639279842376709e-02
4.991906136274337769e-02
5.022194981575012207e-02
5.069757625460624695e-02
4.975010827183723450e-02
5.004195123910903931e-02
4.931198060512542725e-02
4.996801912784576416e-02
4.983151704072952271e-02
4.982569068670272827e-02
4.968665540218353271e-02
4.946294426918029785e-02
5.029266327619552612e-02
5.037986487150192261e-02
4.937007278203964233e-02
4.905880615115165710e-02
4.974723607301712036e-02
4.976744949817657471e-02
4.911895841360092163e-02
4.976046830415725708e-02
4.935382306575775146e-02
4.974779486656188965e-02
4.961251467466354370e-02
4.962444305419921875e-02
4.864832013845443726e-02
4.935310781002044678e-02
4.941619932651519775e-02
5.000567436218261719e-02
4.991854727268218994e-02
4.942744597792625427e-02
4.872404783964157104e-02
4.976650327444076538e-02
4.826375842094421387e-02
4.903429001569747925e-02
4.916727170348167419e-02
4.895108193159103394e-02
4.872862994670867920e-02
4.884544759988784790e-02
4.913427680730819702e-02
5.019786953926086426e-02
4.935157299041748047e-02
4.833782464265823364e-02
4.905171692371368408e-02
4.937590658664703369e-02
4.872934147715568542e-02
4.868077486753463745e-02
4.856133833527565002e-02
4.914376512169837952e-02
4.945680499076843262e-02
4.921893402934074402e-02
4.836164414882659912e-02
4.859612882137298584e-02
4.939483106136322021e-02
4.900620877742767334e-02
4.917650669813156128e-02
4.871293157339096069e-02
4.821583256125450134e-02
4.834775626659393311e-02
4.846029728651046753e-02
4.846775531768798828e-02
4.856688529253005981e-02
4.842949658632278442e-02
4.866391420364379883e-02
4.856337606906890869e-02
4.856242239475250244e-02
4.827838018536567688e-02
4.842995852231979370e-02
4.863801226019859314e-02
4.818521440029144287e-02
4.785067588090896606e-02
4.864200204610824585e-02
4.833539575338363647e-02
5.001096427440643311e-02
4.827613383531570435e-02
4.943048208951950073e-02
4.848260432481765747e-02
4.829254001379013062e-02
4.836793243885040283e-02
4.822574555873870850e-02
4.776749759912490845e-02
4.762841016054153442e-02
4.803946614265441895e-02
4.820722341537475586e-02
4.794421046972274780e-02
4.831427335739135742e-02
5.043457448482513428e-02
4.848311096429824829e-02
4.769760370254516602e-02
4.813034459948539734e-02
4.845137894153594971e-02
2.732923626899719238e-01
2.701182365417480469e-01
2.685347199440002441e-01
2.667763829231262207e-01
2.655183672904968262e-01
2.658332884311676025e-01
2.633046805858612061e-01
2.631070017814636230e-01
2.653522789478302002e-01
2.651495635509490967e-01
2.616777122020721436e-01
2.614907026290893555e-01
2.583950161933898926e-01
2.584847509860992432e-01
2.572688460350036621e-01
2.585868835449218750e-01
2.587957382202148438e-01
2.577966153621673584e-01
2.548759281635284424e-01
2.549456059932708740e-01
2.581337094306945801e-01
2.542754709720611572e-01
2.561815679073333740e-01
2.529712021350860596e-01
2.529558241367340088e-01
2.543914318084716797e-01
2.534335851669311523e-01
2.561363279819488525e-01
2.526772618293762207e-01
2.513783574104309082e-01
2.529121935367584229e-01
2.486968785524368286e-01
2.497888654470443726e-01
2.496929913759231567e-01
2.528945505619049072e-01
2.511570453643798828e-01
2.488317489624023438e-01
2.496158629655838013e-01
2.471455335617065430e-01
2.453709989786148071e-01
2.478998750448226929e-01
2.453867048025131226e-01
2.462794929742813110e-01
2.453091293573379517e-01
2.489042580127716064e-01
2.469682842493057251e-01
2.468188554048538208e-01
2.454294115304946899e-01
2.472182363271713257e-01
2.449208647012710571e-01
2.440478950738906860e-01
2.438561767339706421e-01
2.431102991104125977e-01
2.439037561416625977e-01
2.438094019889831543e-01
2.432093322277069092e-01
2.444444298744201660e-01
2.434264719486236572e-01
2.394665777683258057e-01
2.443736195564270020e-01
2.445160895586013794e-01
2.409838289022445679e-01
2.416856735944747925e-01
2.398087233304977417e-01
2.431673109531402588e-01
2.412392050027847290e-01
2.373993992805480957e-01
2.400378882884979248e-01
2.410719245672225952e-01
2.382090240716934204e-01
2.388526499271392822e-01
2.401024103164672852e-01
2.385226190090179443e-01
2.393044680356979370e-01
2.381883710622787476e-01
2.393182516098022461e-01
2.386203706264495850e-01
2.367034703493118286e-01
2.403289675712585449e-01
2.415729463100433350e-01
2.382182627916336060e-01
2.370420098304748535e-01
2.357994318008422852e-01
2.371465712785720825e-01
2.376669049263000488e-01
2.364729642868041992e-01
2.350657582283020020e-01
2.400505244731903076e-01
2.365170270204544067e-01
2.364524304866790771e-01
2.370671629905700684e-01
2.364552766084671021e-01
2.362332195043563843e-01
2.340899407863616943e-01
2.372386753559112549e-01
2.353386431932449341e-01
2.359178066253662109e-01
2.351931482553482056e-01
2.352413237094879150e-01
2.365646660327911377e-01
2.354644685983657837e-01
2.320765256881713867e-01
2.317331880331039429e-01
2.341032326221466064e-01
2.346710413694381714e-01
2.336431741714477539e-01
2.320228517055511475e-01
2.338266521692276001e-01
2.355378419160842896e-01
2.334616333246231079e-01
2.353535145521163940e-01
2.377973198890686035e-01
2.313349545001983643e-01
2.324006706476211548e-01
2.334590554237365723e-01
2.323935180902481079e-01
2.329177558422088623e-01
2.316147238016128540e-01
2.289488166570663452e-01
2.331388890743255615e-01
2.320546358823776245e-01
2.348605096340179443e-01
2.313575148582458496e-01
2.324440926313400269e-01
2.312777340412139893e-01
2.309237569570541382e-01
2.309911549091339111e-01
2.330866158008575439e-01
2.314451336860656738e-01
2.325860857963562012e-01
2.317218035459518433e-01
2.319783419370651245e-01
2.317675799131393433e-01
2.317729890346527100e-01
2.281218171119689941e-01
2.316576689481735229e-01
2.305559664964675903e-01
2.297056615352630615e-01
2.294495701789855957e-01
2.279645055532455444e-01
2.303950935602188110e-01
2.279876917600631714e-01
2.285932749509811401e-01
2.300202697515487671e-01
2.278756648302078247e-01
2.286888211965560913e-01
2.287702262401580811e-01
2.297538369894027710e-01
2.296859622001647949e-01
2.287475019693374634e-01
2.281509190797805786e-01
2.280538380146026611e-01
2.291974127292633057e-01
2.282982766628265381e-01
2.272546142339706421e-01
2.265406101942062378e-01
2.297713458538055420e-01
2.265347689390182495e-01
2.275250703096389771e-01
2.294155061244964600e-01
2.300094515085220337e-01
2.250301539897918701e-01
2.279605418443679810e-01
2.259342819452285767e-01
2.280122786760330200e-01
2.276457995176315308e-01
2.277877181768417358e-01
2.239099889993667603e-01
2.227128893136978149e-01
2.259185761213302612e-01
2.242326587438583374e-01
2.249991893768310547e-01
2.243833094835281372e-01
2.253136336803436279e-01
2.272789180278778076e-01
2.266711145639419556e-01
2.250387221574783325e-01
2.260226458311080933e-01
2.258623391389846802e-01
2.226802706718444824e-01
2.254415005445480347e-01
2.264271676540374756e-01
2.251554727554321289e-01
2.246948331594467163e-01
2.259101271629333496e-01
2.271006256341934204e-01
2.262063771486282349e-01
2.271817177534103394e-01
2.218968272209167480e-01
2.221136093139648438e-01
2.257347404956817627e-01
2.255419939756393433e-01
2.253080904483795166e-01
2.229534387588500977e-01
2.218058109283447266e-01
2.225012183189392090e-01
2.269392907619476318e-01
2.250484228134155273e-01
2.212515473365783691e-01
2.232954055070877075e-01
2.243728935718536377e-01
2.203614264726638794e-01
2.237253040075302124e-01
2.234065681695938110e-01
2.232460677623748779e-01
2.234459817409515381e-01
2.228177487850189209e-01
2.234512120485305786e-01
2.244487702846527100e-01
2.236499488353729248e-01
2.234584391117095947e-01
2.217330336570739746e-01
2.218464761972427368e-01
2.215297073125839233e-01
2.233700603246688843e-01
2.235270887613296509e-01
2.222957164049148560e-01
2.221233397722244263e-01
2.207538336515426636e-01
2.235657721757888794e-01
2.195859551429748535e-01
2.210061997175216675e-01
2.219804823398590088e-01
2.218406200408935547e-01
2.241542488336563110e-01
2.219308912754058838e-01
2.211198359727859497e-01
2.230048328638076782e-01
2.203006595373153687e-01
2.186428904533386230e-01
2.193262875080108643e-01
2.215559929609298706e-01
2.238413542509078979e-01
2.201899737119674683e-01
2.207760512828826904e-01
2.221622914075851440e-01
2.216919660568237305e-01
2.189333736896514893e-01
2.235674560070037842e-01
2.202208489179611206e-01
2.211289554834365845e-01
2.182126045227050781e-01
2.198854684829711914e-01
2.188742160797119141e-01
2.192312330007553101e-01
2.185236513614654541e-01
2.205663621425628662e-01
2.187572121620178223e-01
2.209189087152481079e-01
2.189634144306182861e-01
2.189001291990280151e-01
2.201462239027023315e-01
2.199048995971679688e-01
2.202148139476776123e-01
2.190876454114913940e-01
2.207454890012741089e-01
2.211250364780426025e-01
2.185680121183395386e-01
2.163314819335937500e-01
2.195900529623031616e-01
2.169306874275207520e-01
2.186289578676223755e-01
2.164474725723266602e-01
2.193787395954132080e-01
2.182186245918273926e-01
2.187369018793106079e-01
2.192517071962356567e-01
2.179077267646789551e-01
2.189064621925354004e-01
2.182000577449798584e-01
2.158114165067672729e-01
2.186547517776489258e-01
2.184092849493026733e-01
2.187425047159194946e-01
2.188584953546524048e-01
2.182357311248779297e-01
2.178548127412796021e-01
2.199911028146743774e-01
2.179980278015136719e-01
2.175905257463455200e-01
2.181438356637954712e-01
2.158554792404174805e-01
2.143238782882690430e-01
2.164688855409622192e-01
2.162481248378753662e-01
2.173264026641845703e-01
2.183581441640853882e-01
2.155476957559585571e-01
2.148492485284805298e-01
2.165810763835906982e-01
2.161049991846084595e-01
2.146142423152923584e-01
2.163181155920028687e-01
2.170462310314178467e-01
2.185488641262054443e-01
2.173597216606140137e-01
2.162924408912658691e-01
2.152850329875946045e-01
2.162946015596389771e-01
2.172402590513229370e-01
2.178518921136856079e-01
2.148743420839309692e-01
2.167410403490066528e-01
2.172560840845108032e-01
2.180483341217041016e-01
2.166614383459091187e-01
2.177688479423522949e-01
2.125811576843261719e-01
2.144681811332702637e-01
2.156452089548110962e-01
2.177194654941558838e-01
2.150573730468750000e-01
2.167341858148574829e-01
2.150923609733581543e-01
2.152798026800155640e-01
2.155363708734512329e-01
2.137888371944427490e-01
2.156533002853393555e-01
2.139360606670379639e-01
2.141279727220535278e-01
2.153420299291610718e-01
2.139668166637420654e-01
2.149536013603210449e-01
2.133597731590270996e-01
2.131657898426055908e-01
2.153898626565933228e-01
2.113624811172485352e-01
2.171852737665176392e-01
2.126909345388412476e-01
2.158560007810592651e-01
2.152590304613113403e-01
2.161486446857452393e-01
2.130524963140487671e-01
2.162337452173233032e-01
2.135265171527862549e-01
2.146510630846023560e-01
2.125577628612518311e-01
2.138427495956420898e-01
2.130112051963806152e-01
2.139430046081542969e-01
2.125876694917678833e-01
2.143347114324569702e-01
2.139712274074554443e-01
2.143828123807907104e-01
2.146890312433242798e-01
2.134538739919662476e-01
2.142598927021026611e-01
2.135904282331466675e-01
2.130323648452758789e-01
2.145199179649353027e-01
2.126302719116210938e-01
2.124795913696289062e-01
2.145116031169891357e-01
2.127531915903091431e-01
2.123750150203704834e-01
2.144491821527481079e-01
2.136770188808441162e-01
2.125536054372787476e-01
2.125540971755981445e-01
2.137704938650131226e-01
2.124688774347305298e-01
2.105051726102828979e-01
2.146315425634384155e-01
2.105568945407867432e-01
2.142310887575149536e-01
2.122018635272979736e-01
2.123478949069976807e-01
2.140267640352249146e-01
2.127410173416137695e-01
2.115126252174377441e-01
2.111891508102416992e-01
2.145535200834274292e-01
2.108693718910217285e-01
2.125757187604904175e-01
2.129272371530532837e-01
2.145346254110336304e-01
2.112099528312683105e-01
2.117479294538497925e-01
2.122107744216918945e-01
2.142705917358398438e-01
2.120659351348876953e-01
2.103676050901412964e-01
2.095445245504379272e-01
2.118912339210510254e-01
2.102934569120407104e-01
2.107513546943664551e-01
2.119228988885879517e-01
2.125309556722640991e-01
2.087162882089614868e-01
2.120855003595352173e-01
2.117497175931930542e-01
2.112030535936355591e-01
2.102589607238769531e-01
2.107213437557220459e-01
2.118075489997863770e-01
2.119816839694976807e-01
2.119742035865783691e-01
2.111883759498596191e-01
2.098523825407028198e-01
2.112375050783157349e-01
2.090639472007751465e-01
2.086780965328216553e-01
2.105968147516250610e-01
2.125657498836517334e-01
2.094668596982955933e-01
2.101406157016754150e-01
2.103427350521087646e-01
2.117385268211364746e-01
2.084096819162368774e-01
2.090926617383956909e-01
2.103854715824127197e-01
2.113068699836730957e-01
2.126844227313995361e-01
2.119454443454742432e-01
2.122402340173721313e-01
2.096200436353683472e-01
2.114389538764953613e-01
2.121697813272476196e-01
2.119403630495071411e-01
2.085037529468536377e-01
2.089859098196029663e-01
2.100941836833953857e-01
2.085289806127548218e-01
2.075469493865966797e-01
2.091728299856185913e-01
2.085970044136047363e-01
2.112457752227783203e-01
2.092264145612716675e-01
2.091539949178695679e-01
2.085715383291244507e-01
2.085690200328826904e-01
2.085570245981216431e-01
2.082871645689010620e-01
2.104953229427337646e-01
2.102589607238769531e-01
2.076425701379776001e-01
2.082881033420562744e-01
2.095989286899566650e-01
2.094392329454421997e-01
2.102329879999160767e-01
2.062452137470245361e-01
2.096930891275405884e-01
2.076321095228195190e-01
2.090473622083663940e-01
2.086880058050155640e-01
2.069278061389923096e-01
2.107862681150436401e-01
2.069748342037200928e-01
2.086890190839767456e-01
2.074743807315826416e-01
2.084499299526214600e-01
2.091637253761291504e-01
2.099346816539764404e-01
2.068880647420883179e-01
2.120748758316040039e-01
2.086989730596542358e-01
2.078952640295028687e-01
2.093075215816497803e-01
2.074753642082214355e-01
2.097670882940292358e-01
2.077920883893966675e-01
2.090497463941574097e-01
2.061047554016113281e-01
2.065787166357040405e-01
2.095229327678680420e-01
2.060685455799102783e-01
2.084703892469406128e-01
2.066878080368041992e-01
2.081734240055084229e-01
2.089026719331741333e-01
2.098022252321243286e-01
2.070979326963424683e-01
2.089097201824188232e-01
2.044232487678527832e-01
2.068762630224227905e-01
2.068199366331100464e-01
2.089497894048690796e-01
2.064394056797027588e-01
2.080693989992141724e-01
2.030374407768249512e-01
2.088823169469833374e-01
2.076085656881332397e-01
2.041037827730178833e-01
2.083079218864440918e-01
2.047014087438583374e-01
2.076458334922790527e-01
2.079259604215621948e-01
2.058440744876861572e-01
2.082664370536804199e-01
2.074062973260879517e-01
2.049883455038070679e-01
2.039887756109237671e-01
2.087615430355072021e-01
2.061616480350494385e-01
2.082371860742568970e-01
2.027255147695541382e-01
2.063564062118530273e-01
2.076879143714904785e-01
2.056729346513748169e-01
2.068307846784591675e-01
2.053471505641937256e-01
2.067292928695678711e-01
2.045702040195465088e-01
2.060410529375076294e-01
2.047773748636245728e-01
2.059497982263565063e-01
2.057610452175140381e-01
2.063607126474380493e-01
2.051419913768768311e-01
2.063997834920883179e-01
2.057408541440963745e-01
2.043357044458389282e-01
2.060978561639785767e-01
2.103471010923385620e-01
2.049254179000854492e-01
2.050009667873382568e-01
2.060243934392929077e-01
2.080804109573364258e-01
2.065931260585784912e-01
2.040884792804718018e-01
2.059514820575714111e-01
2.054744362831115723e-01
2.072047740221023560e-01
2.055481076240539551e-01
2.055666595697402954e-01
2.037983834743499756e-01
2.056887000799179077e-01
2.051708698272705078e-01
2.056771069765090942e-01
2.030355185270309448e-01
2.047345340251922607e-01
2.040521502494812012e-01
2.022973299026489258e-01
2.029604315757751465e-01
2.050045281648635864e-01
2.064326107501983643e-01
2.057067006826400757e-01
2.041229903697967529e-01
2.050972729921340942e-01
2.056486755609512329e-01
2.050032168626785278e-01
2.047532796859741211e-01
2.048765122890472412e-01
2.053172886371612549e-01
2.039259970188140869e-01
2.050800770521163940e-01
2.043667584657669067e-01
2.045951336622238159e-01
2.038675993680953979e-01
2.035496085882186890e-01
2.041235864162445068e-01
2.023827284574508667e-01
2.027627825736999512e-01
2.025735676288604736e-01
2.042778879404067993e-01
2.019890248775482178e-01
2.024147510528564453e-01
2.023700326681137085e-01
2.054083645343780518e-01
2.030064612627029419e-01
2.047993242740631104e-01
2.055026143789291382e-01
2.027238458395004272e-01
2.042291760444641113e-01
2.009243369102478027e-01
2.028379142284393311e-01
2.035566866397857666e-01
2.026216089725494385e-01
2.020252197980880737e-01
2.037538886070251465e-01
2.030842304229736328e-01
2.021788209676742554e-01
2.035843282938003540e-01
2.055088132619857788e-01
2.040556669235229492e-01
2.035051435232162476e-01
2.016495466232299805e-01
2.019985616207122803e-01
2.028308361768722534e-01
2.036510407924652100e-01
2.026450932025909424e-01
2.017149180173873901e-01
2.026329338550567627e-01
2.020636796951293945e-01
2.036557495594024658e-01
2.028528451919555664e-01
2.022188305854797363e-01
2.044589966535568237e-01
2.039413601160049438e-01
1.999115198850631714e-01
2.045693546533584595e-01
2.016095221042633057e-01
2.021313160657882690e-01
2.020819336175918579e-01
2.019029408693313599e-01
2.044506818056106567e-01
2.046199738979339600e-01
2.014068812131881714e-01
2.033426463603973389e-01
2.015292197465896606e-01
2.012834995985031128e-01
1.990105360746383667e-01
2.033095508813858032e-01
2.008095234632492065e-01
2.011809200048446655e-01
2.023920863866806030e-01
2.019318044185638428e-01
2.018551230430603027e-01
2.022153884172439575e-01
2.040286064147949219e-01
2.023088037967681885e-01
2.031569033861160278e-01
2.019762396812438965e-01
2.001652717590332031e-01
2.006382793188095093e-01
1.993934512138366699e-01
2.001526206731796265e-01
2.005327194929122925e-01
2.011402398347854614e-01
2.013473212718963623e-01
2.007329165935516357e-01
2.017667293548583984e-01
2.009999155998229980e-01
2.005054801702499390e-01
2.012446671724319458e-01
2.014904469251632690e-01
1.992704421281814575e-01
2.009848058223724365e-01
1.996028572320938110e-01
1.987782269716262817e-01
2.013037502765655518e-01
2.013602703809738159e-01
2.041933238506317139e-01
2.015741318464279175e-01
1.995569169521331787e-01
2.033692598342895508e-01
2.006032764911651611e-01
2.008681446313858032e-01
1.995225995779037476e-01
1.993613094091415405e-01
1.999369412660598755e-01
1.978321671485900879e-01
2.004571855068206787e-01
2.001573741436004639e-01
1.983770877122879028e-01
2.023673355579376221e-01
2.027253210544586182e-01
2.021883726119995117e-01
2.019512355327606201e-01
2.011109590530395508e-01
1.994496136903762817e-01
2.027952671051025391e-01
1.984564960002899170e-01
2.007499486207962036e-01
2.034922838211059570e-01
1.992106139659881592e-01
1.990030854940414429e-01
2.015651166439056396e-01
2.004711776971817017e-01
1.985327601432800293e-01
1.995603442192077637e-01
2.039291560649871826e-01
2.006527036428451538e-01
1.998488605022430420e-01
1.991805434226989746e-01
1.977493017911911011e-01
1.989373713731765747e-01
2.006582468748092651e-01
2.000722289085388184e-01
2.024526000022888184e-01
1.988972574472427368e-01
2.020157724618911743e-01
1.987796127796173096e-01
1.994677037000656128e-01
1.976360976696014404e-01
1.973276585340499878e-01
1.971880048513412476e-01
1.997460126876831055e-01
1.974672079086303711e-01
1.979973912239074707e-01
2.022148966789245605e-01
1.976296007633209229e-01
1.994577199220657349e-01
2.005590051412582397e-01
2.008670270442962646e-01
2.011279761791229248e-01
1.978626549243927002e-01
2.004240453243255615e-01
1.987578570842742920e-01
1.994421333074569702e-01
1.993649601936340332e-01
1.999375969171524048e-01
2.001069188117980957e-01
2.013126909732818604e-01
1.982096433639526367e-01
1.976387500762939453e-01
1.983663588762283325e-01
1.996843069791793823e-01
1.985249221324920654e-01
1.991731673479080200e-01
