7.919825378060341148e-01
3.938829432427883304e-01
3.324755302071571439e-01
3.022444410622119881e-01
2.798751531541347481e-01
2.537645724415779069e-01
2.566656166315078869e-01
2.401160112023353610e-01
2.362275674194097563e-01
2.204130958765745107e-01
1.947124273329973176e-01
1.893552940338850132e-01
1.797674028575420302e-01
1.761761052906513081e-01
1.806237696856260178e-01
1.767204169929027513e-01
1.660751200467348032e-01
1.686769938096404076e-01
1.524202672392129809e-01
1.494893765076995007e-01
1.569017110764980294e-01
1.512631353363394771e-01
1.453231066092848800e-01
1.438371405005454962e-01
1.422541713342070635e-01
1.458727086335420697e-01
1.464927427470684163e-01
1.248827732726931622e-01
1.229448688775301030e-01
1.376268897578120098e-01
1.281625644117593832e-01
1.100287667289376325e-01
1.243288955837488219e-01
1.273436355590820412e-01
1.155174265988171134e-01
1.295337245985865582e-01
1.051318483613431498e-01
1.072290531173348410e-01
1.106203976646065734e-01
1.076337799802422474e-01
1.143758312612772055e-01
1.093960292637348175e-01
1.195751347020268390e-01
1.106830199062824316e-01
1.093327540718019020e-01
9.101859943941235931e-02
9.306404694914817421e-02
9.888751897960901260e-02
9.656815759837628077e-02
1.023264537565410082e-01
1.023507546260952888e-01
9.417571134865283800e-02
9.608842130750418209e-02
1.003958224505186042e-01
8.469594566151500414e-02
7.745988238602877218e-02
8.869080960750580500e-02
9.116976626217365709e-02
8.722968507558107043e-02
9.145809505134820661e-02
9.265134125947951937e-02
8.677212839946150946e-02
9.210552927106618881e-02
7.870275951921940072e-02
7.775423305109142869e-02
7.733519103378057313e-02
8.275677340105175306e-02
7.911303088068961931e-02
8.134127864614129622e-02
8.512702468782663845e-02
8.007204852998256461e-02
8.308468617498875053e-02
7.182479472830891054e-02
7.265721609815954662e-02
7.577183395624161044e-02
7.188572319224477425e-02
7.416195034980774259e-02
7.649807477369904851e-02
7.508824631571769936e-02
8.003297690302133005e-02
8.186061901971697363e-02
6.862791206687689216e-02
6.582397110760211667e-02
7.127259919419884349e-02
6.739197142422198583e-02
7.155859734863043164e-02
7.639681782573461144e-02
7.210879154503345434e-02
7.133474916219711970e-02
7.215481584891676736e-02
6.329541606828570366e-02
6.512471493333578387e-02
6.600411312654613782e-02
6.697838978841900992e-02
6.829528020694851376e-02
6.268626553006470536e-02
6.736704753711819649e-02
6.945962993428110577e-02
7.003774873912334276e-02
7.978253544308244738e-02
8.859186208806932306e-02
8.701322486624121777e-02
9.084184553474188017e-02
9.119251400697976628e-02
9.002891659736633745e-02
9.444311002735047977e-02
8.911825203336774803e-02
8.278868264518678133e-02
5.105496742296963819e-02
5.061542486073448976e-02
5.030452556675300141e-02
5.445667317137121988e-02
5.229921227088198121e-02
6.367672247346491121e-02
7.369786229915917253e-02
6.495331067591905705e-02
6.042078072205185613e-02
4.140930928057059979e-02
3.477645251317881131e-02
4.160638491855934290e-02
4.132573678158223823e-02
4.957253177417442203e-02
5.171906242379918639e-02
4.586211366404313594e-02
5.419033349258825516e-02
4.981560056097805722e-02
3.436465177452191488e-02
2.994144244468770893e-02
3.024049369370913898e-02
4.421982052968814747e-02
4.905440473812631985e-02
4.819070355268195022e-02
3.642490877013188078e-02
4.159862138913013319e-02
5.012399825500324368e-02
