1.109268545508384607e+00
7.101120656728744374e-01
5.844391584396362305e-01
4.871964216232299583e-01
4.223408612608909873e-01
3.733278924226761109e-01
3.642261037230491438e-01
2.872778162360191123e-01
2.936081801354885057e-01
2.834899319708347187e-01
2.812391972541808949e-01
2.710551330447196761e-01
2.700659926235675634e-01
2.758937329053878784e-01
2.255172219872474682e-01
2.295026926696300540e-01
2.296664190292358465e-01
2.252381314337253693e-01
2.294765628874301799e-01
2.251494352519512188e-01
2.196492403745651245e-01
1.940142025053501196e-01
1.923489253222942230e-01
1.974305830895900782e-01
1.996514104306697790e-01
1.955306307971477475e-01
2.016497698426246710e-01
2.000554887950420357e-01
1.711163524538278635e-01
1.719188190996646937e-01
1.825058162212371826e-01
1.783579611778259300e-01
1.726771803200244926e-01
1.778531135618686698e-01
1.828716364502906699e-01
1.567660782486200444e-01
1.606032452732324700e-01
1.636764614284038633e-01
1.602520927786827143e-01
1.626120553910732347e-01
1.671300457417964902e-01
1.712652591615915210e-01
1.499639639258384671e-01
1.476237305998802096e-01
1.486006164550781328e-01
1.475235592573881094e-01
1.544503612816333638e-01
1.556108155101537660e-01
1.609714986383914970e-01
1.392405737191438619e-01
1.411298435181379263e-01
1.406032357364893071e-01
1.448219662159681287e-01
1.449015891551971302e-01
1.483322783559560820e-01
1.536967593431472767e-01
1.352442324161529652e-01
1.338927540183067200e-01
1.361447855830192621e-01
1.397439742088317782e-01
1.430586412549018915e-01
1.451047520339489028e-01
1.411805994063615732e-01
1.337672847509384089e-01
1.307931458950042647e-01
1.315487472712993655e-01
1.339453048259019730e-01
1.389008723199367523e-01
1.336353194713592596e-01
1.356965145468711775e-01
1.258062751591205730e-01
1.277419148385524617e-01
1.313166483491659264e-01
1.299939257651567537e-01
1.322313492000103119e-01
1.344918592274189084e-01
1.309200623631477378e-01
6.999511200189590943e-01
6.829140320420264976e-01
6.044882953166961226e-01
6.031588310003280773e-01
5.738594394922256203e-01
5.572481328248977128e-01
5.433408090472221508e-01
3.312782302498817333e-01
3.144191367924213387e-01
3.185931280255317466e-01
3.303992882370948569e-01
3.345829810202121668e-01
3.385237845778465426e-01
3.427042809128761358e-01
1.879583866894245225e-01
1.928602708503603935e-01
1.939251739159226495e-01
2.063829104974865825e-01
2.170274790376424678e-01
2.096431937441229909e-01
2.197106851264834515e-01
1.225852435827255310e-01
1.177940070442855397e-01
1.261320535093545803e-01
1.370020679011940967e-01
1.472626665420830316e-01
1.529399942234158649e-01
1.576008812710642804e-01
