9.019230604171752930e-01
8.912150859832763672e-01
8.804351687431335449e-01
8.696771860122680664e-01
8.563991785049438477e-01
8.454999923706054688e-01
8.290929794311523438e-01
8.127630949020385742e-01
7.916298508644104004e-01
7.729325294494628906e-01
7.491936683654785156e-01
7.227451205253601074e-01
6.978780031204223633e-01
6.713137626647949219e-01
6.403660774230957031e-01
6.103949546813964844e-01
5.874400138854980469e-01
5.622694492340087891e-01
5.347008109092712402e-01
5.143416523933410645e-01
4.984668493270874023e-01
4.930014312267303467e-01
4.790646433830261230e-01
4.755648672580718994e-01
4.654422402381896973e-01
4.642512500286102295e-01
4.582898020744323730e-01
4.525882601737976074e-01
4.473860561847686768e-01
4.403701722621917725e-01
4.359654188156127930e-01
4.505735039710998535e-01
4.212570786476135254e-01
4.144577980041503906e-01
4.100975096225738525e-01
4.035698473453521729e-01
4.105534255504608154e-01
4.042515754699707031e-01
4.091146290302276611e-01
3.991378545761108398e-01
3.996985554695129395e-01
3.923003375530242920e-01
3.909767568111419678e-01
3.901844024658203125e-01
3.807876408100128174e-01
3.813474774360656738e-01
3.775583207607269287e-01
3.702909350395202637e-01
3.803305625915527344e-01
3.775595128536224365e-01
3.709277808666229248e-01
3.622566163539886475e-01
3.632807135581970215e-01
3.577076196670532227e-01
3.676905930042266846e-01
3.549383282661437988e-01
3.582341074943542480e-01
3.516846895217895508e-01
3.535771965980529785e-01
3.506896793842315674e-01
3.505907654762268066e-01
3.400201201438903809e-01
3.432853817939758301e-01
3.448336124420166016e-01
3.381222784519195557e-01
3.384814560413360596e-01
3.373246490955352783e-01
3.319924473762512207e-01
3.317294418811798096e-01
3.326683640480041504e-01
3.310352563858032227e-01
3.299475908279418945e-01
3.301662504673004150e-01
3.259315490722656250e-01
3.265945911407470703e-01
3.234986662864685059e-01
3.199554681777954102e-01
3.194822072982788086e-01
3.181163668632507324e-01
3.134552538394927979e-01
3.187780976295471191e-01
3.111536204814910889e-01
3.144768476486206055e-01
3.109299838542938232e-01
3.114700615406036377e-01
3.076739311218261719e-01
3.120460808277130127e-01
3.074674308300018311e-01
3.078461885452270508e-01
3.106273710727691650e-01
3.036450147628784180e-01
3.053721487522125244e-01
3.004788756370544434e-01
2.996516525745391846e-01
2.961774766445159912e-01
2.977698445320129395e-01
2.994466722011566162e-01
3.002443313598632812e-01
2.947317957878112793e-01
2.930849790573120117e-01
2.960230410099029541e-01
2.909237146377563477e-01
2.902393341064453125e-01
2.882415056228637695e-01
2.888630628585815430e-01
2.884546816349029541e-01
2.868872284889221191e-01
2.855563461780548096e-01
2.863477468490600586e-01
2.879919409751892090e-01
2.808819413185119629e-01
2.826189100742340088e-01
2.843712568283081055e-01
2.777238190174102783e-01
2.806638777256011963e-01
2.832232117652893066e-01
2.785113155841827393e-01
2.793404459953308105e-01
2.774911820888519287e-01
2.754401564598083496e-01
2.755162715911865234e-01
2.737604677677154541e-01
2.757299542427062988e-01
2.730856835842132568e-01
2.737370729446411133e-01
2.714872360229492188e-01
2.708370089530944824e-01
2.681944370269775391e-01
2.729587852954864502e-01
2.707236111164093018e-01
2.661042809486389160e-01
2.691585719585418701e-01
2.688308656215667725e-01
2.681805491447448730e-01
2.652191221714019775e-01
2.639012634754180908e-01
2.623534500598907471e-01
2.610317468643188477e-01
2.646521925926208496e-01
2.631382346153259277e-01
2.606782615184783936e-01
2.606842219829559326e-01
2.605730593204498291e-01
2.598501145839691162e-01
2.597597837448120117e-01
2.606269121170043945e-01
2.563183605670928955e-01
2.596194148063659668e-01
2.587848305702209473e-01
2.605583071708679199e-01
2.563939988613128662e-01
2.541944086551666260e-01
2.590967416763305664e-01
2.521116733551025391e-01
2.549944519996643066e-01
2.544682025909423828e-01
2.541246712207794189e-01
2.516983151435852051e-01
2.542578279972076416e-01
2.539634406566619873e-01
2.483421862125396729e-01
2.530437707901000977e-01
2.478869110345840454e-01
2.499177008867263794e-01
2.498994469642639160e-01
2.484576106071472168e-01
2.460386157035827637e-01
2.458318173885345459e-01
2.471493184566497803e-01
2.454929947853088379e-01
2.448454499244689941e-01
2.459896653890609741e-01
2.414539307355880737e-01
2.470162957906723022e-01
2.446239888668060303e-01
2.445201128721237183e-01
2.421967834234237671e-01
2.402105778455734253e-01
2.415265142917633057e-01
2.409673929214477539e-01
2.371418476104736328e-01
2.411121875047683716e-01
2.378706932067871094e-01
2.381174564361572266e-01
2.364890575408935547e-01
2.416927367448806763e-01
2.405704557895660400e-01
2.361368238925933838e-01
2.417690753936767578e-01
2.373324185609817505e-01
2.357807159423828125e-01
2.354002892971038818e-01
2.324825227260589600e-01
2.354683578014373779e-01
2.336171716451644897e-01
2.361276000738143921e-01
2.330067008733749390e-01
2.337534278631210327e-01
2.304782122373580933e-01
2.330137640237808228e-01
2.306508123874664307e-01
2.315786033868789673e-01
2.297348529100418091e-01
2.303265482187271118e-01
2.297980785369873047e-01
2.316340655088424683e-01
2.298306971788406372e-01
2.280998378992080688e-01
2.300750166177749634e-01
2.272416949272155762e-01
2.290931344032287598e-01
2.278072386980056763e-01
2.271018922328948975e-01
2.270378470420837402e-01
2.243083864450454712e-01
2.267156988382339478e-01
2.282223850488662720e-01
2.284362167119979858e-01
2.246369272470474243e-01
2.265412360429763794e-01
2.235783487558364868e-01
2.275228351354598999e-01
2.202964127063751221e-01
2.221570461988449097e-01
2.239974737167358398e-01
2.220585495233535767e-01
2.226364612579345703e-01
2.216129750013351440e-01
2.229534685611724854e-01
2.196255028247833252e-01
2.226379215717315674e-01
2.209468632936477661e-01
2.180117070674896240e-01
2.215314060449600220e-01
2.204288691282272339e-01
2.195234000682830811e-01
2.208953797817230225e-01
2.198516726493835449e-01
2.161311656236648560e-01
2.204535156488418579e-01
2.184818387031555176e-01
2.156231701374053955e-01
2.160348594188690186e-01
2.180356979370117188e-01
2.144470810890197754e-01
2.145443111658096313e-01
2.147726714611053467e-01
2.162260413169860840e-01
2.149804383516311646e-01
2.149926275014877319e-01
2.152632325887680054e-01
2.119701951742172241e-01
2.128741294145584106e-01
2.135164290666580200e-01
2.111175656318664551e-01
2.113040983676910400e-01
2.120057046413421631e-01
2.105607241392135620e-01
2.098536938428878784e-01
2.102910876274108887e-01
2.095454931259155273e-01
2.094280719757080078e-01
2.120245993137359619e-01
2.101503014564514160e-01
2.098584175109863281e-01
2.099352329969406128e-01
2.086571455001831055e-01
2.100146710872650146e-01
2.071943134069442749e-01
2.065873593091964722e-01
2.078917026519775391e-01
2.079563140869140625e-01
2.075692117214202881e-01
2.061240077018737793e-01
2.050617635250091553e-01
2.073124796152114868e-01
2.038431763648986816e-01
2.076711356639862061e-01
2.060771882534027100e-01
2.051606774330139160e-01
2.049349844455718994e-01
2.060197591781616211e-01
2.073164433240890503e-01
2.053830921649932861e-01
2.048157900571823120e-01
2.029166370630264282e-01
2.042954266071319580e-01
2.039852887392044067e-01
2.018948197364807129e-01
2.039831429719924927e-01
2.007173150777816772e-01
2.020544260740280151e-01
2.005580067634582520e-01
2.000159323215484619e-01
2.031660526990890503e-01
2.008920162916183472e-01
2.012748867273330688e-01
2.021022439002990723e-01
2.014452069997787476e-01
1.986121088266372681e-01
1.993977278470993042e-01
1.995908617973327637e-01
2.005629986524581909e-01
1.991920471191406250e-01
2.018545269966125488e-01
1.977238208055496216e-01
2.003795206546783447e-01
1.969904005527496338e-01
1.964949369430541992e-01
1.967826187610626221e-01
1.994332671165466309e-01
1.974561661481857300e-01
1.982453912496566772e-01
1.974414139986038208e-01
1.969349533319473267e-01
1.965289711952209473e-01
1.978526711463928223e-01
1.968677043914794922e-01
1.956804990768432617e-01
1.960136294364929199e-01
1.966232210397720337e-01
1.959201395511627197e-01
1.963487863540649414e-01
1.947632282972335815e-01
1.985540241003036499e-01
1.924479901790618896e-01
1.941306442022323608e-01
1.945254206657409668e-01
1.953308582305908203e-01
1.929595023393630981e-01
1.920361071825027466e-01
1.927148103713989258e-01
1.933467686176300049e-01
1.921661645174026489e-01
1.927699297666549683e-01
1.923177987337112427e-01
1.920390874147415161e-01
1.922385543584823608e-01
1.924984902143478394e-01
1.912964582443237305e-01
1.907793730497360229e-01
1.904916018247604370e-01
1.906131207942962646e-01
1.897709965705871582e-01
1.901495158672332764e-01
1.901176869869232178e-01
1.916762739419937134e-01
1.913093924522399902e-01
1.902092248201370239e-01
1.898281425237655640e-01
1.902638822793960571e-01
1.900006085634231567e-01
1.897114366292953491e-01
1.900773197412490845e-01
1.876876801252365112e-01
1.884760558605194092e-01
1.900388747453689575e-01
1.867384016513824463e-01
1.898587197065353394e-01
1.894160211086273193e-01
1.891657710075378418e-01
1.887253522872924805e-01
1.873333007097244263e-01
1.880575865507125854e-01
1.886003315448760986e-01
1.866159737110137939e-01
1.888739466667175293e-01
1.877956390380859375e-01
1.889524012804031372e-01
1.865691542625427246e-01
1.875926405191421509e-01
1.863094717264175415e-01
1.843359917402267456e-01
1.882685124874114990e-01
1.837751120328903198e-01
1.848856657743453979e-01
1.861242204904556274e-01
1.852521747350692749e-01
1.856650859117507935e-01
1.863876134157180786e-01
1.839715540409088135e-01
1.837832629680633545e-01
1.836941242218017578e-01
1.857484579086303711e-01
1.832535564899444580e-01
1.843860894441604614e-01
1.862229853868484497e-01
1.840492933988571167e-01
1.830483973026275635e-01
1.810231208801269531e-01
1.841347068548202515e-01
1.826302111148834229e-01
1.837839484214782715e-01
1.828368008136749268e-01
1.836647242307662964e-01
1.836151629686355591e-01
1.832752674818038940e-01
1.813183724880218506e-01
1.834143996238708496e-01
1.839455813169479370e-01
1.813520044088363647e-01
1.818407177925109863e-01
1.833540499210357666e-01
1.820255070924758911e-01
1.818732172250747681e-01
1.828232407569885254e-01
1.804049611091613770e-01
1.809677183628082275e-01
1.821064800024032593e-01
1.799891591072082520e-01
1.803817152976989746e-01
1.816677451133728027e-01
1.809807121753692627e-01
1.812160462141036987e-01
1.821723580360412598e-01
1.790466755628585815e-01
1.807914674282073975e-01
1.805382221937179565e-01
1.804518699645996094e-01
1.806125342845916748e-01
1.792243421077728271e-01
1.802546381950378418e-01
1.773728877305984497e-01
1.793486475944519043e-01
1.783063560724258423e-01
1.785393506288528442e-01
1.793191134929656982e-01
1.792824864387512207e-01
1.781452447175979614e-01
1.777594387531280518e-01
1.787955909967422485e-01
1.792545020580291748e-01
1.792324781417846680e-01
1.784491986036300659e-01
1.774275898933410645e-01
1.780218780040740967e-01
1.778462380170822144e-01
1.774834692478179932e-01
1.777210831642150879e-01
1.773122847080230713e-01
1.763545870780944824e-01
1.767565906047821045e-01
1.779121905565261841e-01
1.786392182111740112e-01
1.775846779346466064e-01
1.767225116491317749e-01
1.764434725046157837e-01
1.762854009866714478e-01
1.742725521326065063e-01
1.760401576757431030e-01
1.751279532909393311e-01
1.763001680374145508e-01
1.757255643606185913e-01
1.766285002231597900e-01
1.764318197965621948e-01
1.758399754762649536e-01
1.744171679019927979e-01
1.761649399995803833e-01
1.751940697431564331e-01
1.768375337123870850e-01
1.754589974880218506e-01
1.763212680816650391e-01
1.741582900285720825e-01
1.734925508499145508e-01
1.747505664825439453e-01
1.749904751777648926e-01
1.749516874551773071e-01
1.743786931037902832e-01
1.754092127084732056e-01
1.745783090591430664e-01
1.739161163568496704e-01
1.741610467433929443e-01
1.746017038822174072e-01
1.743119955062866211e-01
1.733087897300720215e-01
1.739048957824707031e-01
1.723204106092453003e-01
1.759108006954193115e-01
1.750384569168090820e-01
1.748649030923843384e-01
1.744665354490280151e-01
1.734029203653335571e-01
1.725706309080123901e-01
1.732437163591384888e-01
1.725472062826156616e-01
1.759146302938461304e-01
1.721483767032623291e-01
1.746832281351089478e-01
1.715700775384902954e-01
1.721635460853576660e-01
1.725729256868362427e-01
1.725675761699676514e-01
1.719906777143478394e-01
1.724593639373779297e-01
1.719922572374343872e-01
1.730020493268966675e-01
1.722686588764190674e-01
1.717543751001358032e-01
1.696673631668090820e-01
1.719802767038345337e-01
1.718516498804092407e-01
1.721761524677276611e-01
1.734659522771835327e-01
1.705510318279266357e-01
1.710505932569503784e-01
1.736626625061035156e-01
1.706901043653488159e-01
1.712705940008163452e-01
1.718176752328872681e-01
1.716721802949905396e-01
1.690344512462615967e-01
1.725464612245559692e-01
1.711424589157104492e-01
1.689373552799224854e-01
1.704742461442947388e-01
1.714925765991210938e-01
1.700253188610076904e-01
1.689855158329010010e-01
1.716093868017196655e-01
1.707271784543991089e-01
1.706568002700805664e-01
1.709694415330886841e-01
1.697895079851150513e-01
1.700550764799118042e-01
1.701504141092300415e-01
1.700057983398437500e-01
1.723652631044387817e-01
1.692984998226165771e-01
1.704466938972473145e-01
1.683994829654693604e-01
1.697227805852890015e-01
1.694319248199462891e-01
1.678719222545623779e-01
1.707444936037063599e-01
1.692868322134017944e-01
1.698131859302520752e-01
1.691140830516815186e-01
1.691368222236633301e-01
1.687204837799072266e-01
1.681119799613952637e-01
1.679152846336364746e-01
1.688736081123352051e-01
1.679025888442993164e-01
1.685741841793060303e-01
1.690886467695236206e-01
1.690547615289688110e-01
1.691240817308425903e-01
1.681703031063079834e-01
1.669853031635284424e-01
1.682476848363876343e-01
1.697975397109985352e-01
1.695680767297744751e-01
1.677452325820922852e-01
1.695688962936401367e-01
1.673673540353775024e-01
1.671485155820846558e-01
1.693661957979202271e-01
1.655879914760589600e-01
1.677739620208740234e-01
1.706534773111343384e-01
1.682078838348388672e-01
1.677248775959014893e-01
1.674901098012924194e-01
1.679814010858535767e-01
1.664238274097442627e-01
1.684596389532089233e-01
1.670293360948562622e-01
1.655564010143280029e-01
1.661118865013122559e-01
1.656935662031173706e-01
1.678519099950790405e-01
1.668697595596313477e-01
1.670957356691360474e-01
1.667335927486419678e-01
1.663268059492111206e-01
1.665673106908798218e-01
1.658462285995483398e-01
1.656487882137298584e-01
1.667165458202362061e-01
1.667283177375793457e-01
1.662411242723464966e-01
1.656810492277145386e-01
1.666350960731506348e-01
1.661122292280197144e-01
1.654178053140640259e-01
1.650300174951553345e-01
1.645883619785308838e-01
1.650287210941314697e-01
1.655139476060867310e-01
1.653850078582763672e-01
1.635831594467163086e-01
1.641582399606704712e-01
1.663015037775039673e-01
1.650259345769882202e-01
1.654444634914398193e-01
1.669396907091140747e-01
1.650629937648773193e-01
1.646402925252914429e-01
1.648420095443725586e-01
1.664402037858963013e-01
1.638386845588684082e-01
1.653379499912261963e-01
1.656018495559692383e-01
1.632016897201538086e-01
1.643121093511581421e-01
1.646644920110702515e-01
1.651588976383209229e-01
1.647629588842391968e-01
1.647519767284393311e-01
1.636967808008193970e-01
1.650643050670623779e-01
1.645571142435073853e-01
1.637118905782699585e-01
1.648434102535247803e-01
1.633960604667663574e-01
1.641452759504318237e-01
1.640581488609313965e-01
1.642040312290191650e-01
1.631326228380203247e-01
1.644754856824874878e-01
1.652002781629562378e-01
1.643575876951217651e-01
1.649641692638397217e-01
1.637317240238189697e-01
1.648454815149307251e-01
1.642288714647293091e-01
1.643117666244506836e-01
1.642264723777770996e-01
1.647447347640991211e-01
1.656242311000823975e-01
1.630237549543380737e-01
1.634457707405090332e-01
1.623017787933349609e-01
1.625232696533203125e-01
1.638963967561721802e-01
1.623689979314804077e-01
1.629507243633270264e-01
1.635967791080474854e-01
1.627482771873474121e-01
1.632769107818603516e-01
1.628129631280899048e-01
1.645394563674926758e-01
1.615568399429321289e-01
1.615193784236907959e-01
1.623340845108032227e-01
1.630337983369827271e-01
1.612307876348495483e-01
1.625823527574539185e-01
1.629111915826797485e-01
1.645339876413345337e-01
1.607287228107452393e-01
1.631228476762771606e-01
1.625985801219940186e-01
1.632659733295440674e-01
1.606525629758834839e-01
1.623310744762420654e-01
1.622839272022247314e-01
1.619160175323486328e-01
1.621688902378082275e-01
1.615424752235412598e-01
1.638048440217971802e-01
1.609319001436233521e-01
1.626086980104446411e-01
1.617888361215591431e-01
1.625071465969085693e-01
1.589609682559967041e-01
1.621842682361602783e-01
1.622565090656280518e-01
1.620297431945800781e-01
1.613427996635437012e-01
1.606506407260894775e-01
1.609782576560974121e-01
1.608242094516754150e-01
1.621846705675125122e-01
1.598905920982360840e-01
1.620738804340362549e-01
1.618310213088989258e-01
1.604205220937728882e-01
1.631868034601211548e-01
1.607472002506256104e-01
1.615272164344787598e-01
1.608387678861618042e-01
1.611977964639663696e-01
1.606259346008300781e-01
1.604271084070205688e-01
1.626428812742233276e-01
1.609987318515777588e-01
1.613065898418426514e-01
1.603306680917739868e-01
1.613621860742568970e-01
1.619495302438735962e-01
1.626368314027786255e-01
1.620667278766632080e-01
1.598047465085983276e-01
1.608325242996215820e-01
1.609715223312377930e-01
1.598621010780334473e-01
1.599300056695938110e-01
1.613484621047973633e-01
1.618555635213851929e-01
2.378622442483901978e-01
2.371147871017456055e-01
2.368594855070114136e-01
2.355057150125503540e-01
2.371541857719421387e-01
2.388397306203842163e-01
2.382777482271194458e-01
2.364172786474227905e-01
2.377981990575790405e-01
2.359774410724639893e-01
2.360837459564208984e-01
2.337930053472518921e-01
2.343739271163940430e-01
2.355637848377227783e-01
2.342077493667602539e-01
2.338991910219192505e-01
2.332165390253067017e-01
2.371563017368316650e-01
2.334036827087402344e-01
2.311277836561203003e-01
2.357923090457916260e-01
2.323922663927078247e-01
2.334017157554626465e-01
2.317941337823867798e-01
2.318175584077835083e-01
2.330449074506759644e-01
2.339022159576416016e-01
2.324119508266448975e-01
2.313725054264068604e-01
2.316967546939849854e-01
2.326215058565139771e-01
2.337243407964706421e-01
2.314595133066177368e-01
2.315836399793624878e-01
2.324088513851165771e-01
2.330418378114700317e-01
2.321770936250686646e-01
2.294090539216995239e-01
2.294541001319885254e-01
2.315164953470230103e-01
2.311543077230453491e-01
2.314532250165939331e-01
2.300254404544830322e-01
2.328221201896667480e-01
2.310550212860107422e-01
2.323003858327865601e-01
2.301141023635864258e-01
2.292907536029815674e-01
2.290898114442825317e-01
2.290611863136291504e-01
2.282348275184631348e-01
2.282875776290893555e-01
2.285668998956680298e-01
2.302199751138687134e-01
2.318501174449920654e-01
2.306023538112640381e-01
2.291515916585922241e-01
2.269205451011657715e-01
2.287759035825729370e-01
2.306595295667648315e-01
2.289232462644577026e-01
2.265847325325012207e-01
2.290383130311965942e-01
2.283969819545745850e-01
2.299758493900299072e-01
2.271571755409240723e-01
2.282973229885101318e-01
2.269515991210937500e-01
2.293145805597305298e-01
2.290106862783432007e-01
2.254333198070526123e-01
2.343062460422515869e-01
2.248571515083312988e-01
2.301811426877975464e-01
2.261849045753479004e-01
2.273332178592681885e-01
2.265695929527282715e-01
2.280514091253280640e-01
2.275555878877639771e-01
2.273361980915069580e-01
2.272328138351440430e-01
2.255713641643524170e-01
2.269740700721740723e-01
2.265108227729797363e-01
2.262006103992462158e-01
2.247293889522552490e-01
2.252974063158035278e-01
2.266068011522293091e-01
2.263533174991607666e-01
2.242053747177124023e-01
2.234942615032196045e-01
2.264237403869628906e-01
2.295361906290054321e-01
2.249172925949096680e-01
2.275707274675369263e-01
2.232862263917922974e-01
2.248454242944717407e-01
2.267268002033233643e-01
2.238935232162475586e-01
2.256740927696228027e-01
2.273343950510025024e-01
2.200398445129394531e-01
2.211587429046630859e-01
2.238208949565887451e-01
2.235886007547378540e-01
2.241174727678298950e-01
2.204820513725280762e-01
2.256414890289306641e-01
2.243554741144180298e-01
2.246547639369964600e-01
2.259535938501358032e-01
2.223522216081619263e-01
2.209791988134384155e-01
2.267235517501831055e-01
2.256612777709960938e-01
2.239054590463638306e-01
2.250899374485015869e-01
2.243388146162033081e-01
2.229623645544052124e-01
2.253265976905822754e-01
2.248385548591613770e-01
2.223818004131317139e-01
2.249037772417068481e-01
2.226019650697708130e-01
2.243221253156661987e-01
2.238434255123138428e-01
2.240208536386489868e-01
2.235418260097503662e-01
2.213815003633499146e-01
2.199779003858566284e-01
2.212211489677429199e-01
2.223438322544097900e-01
2.227234095335006714e-01
2.182423174381256104e-01
2.223760634660720825e-01
2.234471440315246582e-01
2.226765304803848267e-01
2.226085513830184937e-01
2.220169007778167725e-01
2.255519032478332520e-01
2.233090847730636597e-01
2.235090136528015137e-01
2.219728529453277588e-01
2.207112908363342285e-01
2.212063819169998169e-01
2.205763757228851318e-01
2.237508147954940796e-01
2.215023189783096313e-01
2.213384658098220825e-01
2.194780111312866211e-01
2.200804799795150757e-01
2.216776162385940552e-01
2.213551253080368042e-01
2.195674329996109009e-01
2.165220081806182861e-01
2.214321494102478027e-01
2.198748737573623657e-01
2.201189696788787842e-01
2.191041260957717896e-01
2.210450023412704468e-01
2.196938842535018921e-01
2.199861407279968262e-01
2.213884145021438599e-01
2.187668532133102417e-01
2.215722352266311646e-01
2.236730307340621948e-01
2.204976528882980347e-01
2.215518504381179810e-01
2.180001288652420044e-01
2.200964689254760742e-01
2.207197695970535278e-01
2.208769172430038452e-01
2.192531228065490723e-01
2.181452959775924683e-01
2.210565954446792603e-01
2.190434336662292480e-01
2.179062217473983765e-01
2.178229093551635742e-01
2.179201096296310425e-01
2.196347117424011230e-01
2.222805470228195190e-01
2.203254550695419312e-01
2.195551395416259766e-01
2.186770737171173096e-01
2.171023935079574585e-01
2.200975418090820312e-01
2.176395058631896973e-01
2.178801596164703369e-01
2.165456414222717285e-01
2.174795567989349365e-01
2.200426459312438965e-01
2.175101339817047119e-01
2.186425924301147461e-01
2.185447812080383301e-01
2.168163359165191650e-01
2.183043807744979858e-01
2.155239880084991455e-01
2.181631922721862793e-01
2.177602499723434448e-01
2.174404710531234741e-01
2.156904935836791992e-01
2.160699218511581421e-01
2.169832438230514526e-01
2.169419229030609131e-01
2.173564881086349487e-01
2.154847979545593262e-01
2.183691561222076416e-01
2.149513065814971924e-01
2.195530682802200317e-01
2.170109450817108154e-01
2.161092162132263184e-01
2.155010551214218140e-01
2.138238996267318726e-01
2.144862860441207886e-01
2.145431339740753174e-01
2.175003290176391602e-01
2.174202054738998413e-01
2.145661413669586182e-01
2.175431996583938599e-01
2.150357067584991455e-01
2.168492227792739868e-01
2.186120748519897461e-01
2.168572545051574707e-01
2.161127179861068726e-01
2.162018120288848877e-01
2.180030941963195801e-01
2.174734622240066528e-01
2.152574211359024048e-01
2.183928787708282471e-01
2.158885002136230469e-01
2.145498096942901611e-01
2.171490043401718140e-01
2.161407917737960815e-01
2.159092724323272705e-01
2.143684476613998413e-01
2.154147326946258545e-01
2.153483480215072632e-01
2.152419835329055786e-01
2.149226516485214233e-01
2.176323831081390381e-01
2.159647941589355469e-01
2.150532007217407227e-01
2.158043831586837769e-01
2.155133634805679321e-01
2.136153578758239746e-01
2.153562158346176147e-01
2.124573141336441040e-01
2.133930027484893799e-01
2.157760113477706909e-01
2.127569913864135742e-01
2.129485160112380981e-01
2.150450348854064941e-01
2.148108035326004028e-01
2.156444191932678223e-01
2.161826193332672119e-01
2.115321308374404907e-01
2.134940326213836670e-01
2.138475477695465088e-01
2.161660343408584595e-01
2.125632762908935547e-01
2.124317735433578491e-01
2.134128808975219727e-01
2.141581624746322632e-01
2.156417965888977051e-01
2.157009989023208618e-01
2.133137434720993042e-01
2.154962271451950073e-01
2.146962881088256836e-01
2.130023688077926636e-01
2.106045782566070557e-01
2.149280905723571777e-01
2.149268984794616699e-01
2.125077992677688599e-01
2.154144197702407837e-01
2.128571271896362305e-01
2.151308208703994751e-01
2.135766148567199707e-01
2.132362425327301025e-01
2.132252305746078491e-01
2.133006304502487183e-01
2.118576765060424805e-01
2.123683393001556396e-01
2.161132693290710449e-01
2.118835896253585815e-01
2.122746855020523071e-01
2.134607285261154175e-01
2.147412896156311035e-01
2.141552567481994629e-01
2.116372585296630859e-01
2.126418352127075195e-01
2.114468365907669067e-01
2.112055420875549316e-01
2.111908942461013794e-01
2.114521563053131104e-01
2.155471891164779663e-01
2.110058069229125977e-01
2.135423868894577026e-01
2.108589708805084229e-01
2.131393849849700928e-01
2.123519480228424072e-01
2.120385766029357910e-01
2.131763249635696411e-01
2.097787410020828247e-01
2.086757570505142212e-01
2.124388068914413452e-01
2.110315412282943726e-01
2.105771005153656006e-01
2.120024561882019043e-01
2.082390040159225464e-01
2.090823948383331299e-01
2.103654742240905762e-01
2.126531600952148438e-01
2.112008482217788696e-01
2.095133513212203979e-01
2.116026878356933594e-01
2.080842107534408569e-01
2.103065401315689087e-01
2.099437564611434937e-01
2.136034667491912842e-01
2.112286686897277832e-01
2.113586813211441040e-01
2.106190770864486694e-01
2.096770107746124268e-01
2.103702276945114136e-01
2.103667557239532471e-01
2.093094438314437866e-01
2.107385843992233276e-01
2.107217460870742798e-01
2.097595334053039551e-01
2.111611962318420410e-01
2.107847034931182861e-01
2.116297483444213867e-01
2.119243294000625610e-01
2.125517725944519043e-01
2.103631645441055298e-01
2.110192924737930298e-01
2.082139849662780762e-01
2.104209810495376587e-01
2.098951339721679688e-01
2.127006947994232178e-01
2.126888632774353027e-01
2.096157222986221313e-01
2.083477079868316650e-01
2.105738669633865356e-01
2.104192823171615601e-01
2.073918431997299194e-01
2.108773440122604370e-01
2.113553583621978760e-01
2.083164602518081665e-01
2.108730673789978027e-01
2.119714617729187012e-01
2.097154557704925537e-01
2.093301862478256226e-01
2.050528079271316528e-01
2.100539952516555786e-01
2.106392085552215576e-01
2.090454399585723877e-01
2.060428261756896973e-01
2.085115313529968262e-01
2.060998380184173584e-01
2.060157358646392822e-01
2.095802724361419678e-01
2.093902081251144409e-01
2.082871943712234497e-01
2.086808383464813232e-01
2.086094170808792114e-01
2.096067667007446289e-01
2.083872407674789429e-01
2.085997313261032104e-01
2.087565660476684570e-01
2.078734338283538818e-01
2.104805707931518555e-01
2.086041569709777832e-01
2.058680951595306396e-01
2.050643265247344971e-01
2.080548703670501709e-01
2.105635702610015869e-01
2.070396840572357178e-01
2.095548659563064575e-01
2.095936089754104614e-01
2.073316723108291626e-01
2.050586342811584473e-01
2.079549133777618408e-01
2.073057740926742554e-01
2.080476135015487671e-01
2.102801948785781860e-01
2.069817334413528442e-01
2.082537114620208740e-01
2.087724506855010986e-01
2.076991796493530273e-01
2.051617801189422607e-01
2.052405029535293579e-01
2.084191739559173584e-01
2.076567113399505615e-01
2.048187106847763062e-01
2.072955667972564697e-01
2.073072046041488647e-01
2.093860357999801636e-01
2.084254771471023560e-01
2.073452770709991455e-01
2.068063020706176758e-01
2.058787643909454346e-01
2.088314443826675415e-01
2.098880708217620850e-01
2.055014371871948242e-01
2.078949064016342163e-01
2.065041065216064453e-01
2.076812535524368286e-01
2.055383771657943726e-01
2.058818489313125610e-01
2.061089277267456055e-01
2.078137397766113281e-01
2.055044472217559814e-01
2.064534276723861694e-01
2.054188847541809082e-01
2.065770030021667480e-01
2.040905952453613281e-01
2.048573344945907593e-01
2.051644921302795410e-01
2.096976488828659058e-01
2.059578299522399902e-01
2.062848359346389771e-01
2.061186879873275757e-01
2.073164284229278564e-01
2.064775973558425903e-01
2.057763934135437012e-01
2.044707685708999634e-01
2.061599344015121460e-01
2.065574079751968384e-01
2.074138075113296509e-01
2.064787745475769043e-01
2.069861143827438354e-01
2.062679529190063477e-01
2.031650841236114502e-01
2.047578394412994385e-01
2.074917107820510864e-01
2.115700542926788330e-01
2.041976749897003174e-01
2.062247991561889648e-01
2.027628123760223389e-01
2.048681527376174927e-01
2.035080045461654663e-01
2.064301520586013794e-01
2.021741867065429688e-01
2.050546109676361084e-01
2.078747749328613281e-01
2.046221494674682617e-01
2.050303518772125244e-01
2.057794332504272461e-01
2.034165114164352417e-01
2.042431682348251343e-01
2.044349759817123413e-01
2.066515386104583740e-01
2.054066658020019531e-01
2.054508179426193237e-01
2.035387158393859863e-01
2.052609473466873169e-01
2.013487368822097778e-01
2.045639306306838989e-01
2.049935907125473022e-01
2.045977115631103516e-01
2.047360539436340332e-01
2.039572000503540039e-01
2.034957557916641235e-01
2.046018838882446289e-01
2.017636746168136597e-01
2.062681913375854492e-01
2.027614861726760864e-01
2.040181607007980347e-01
2.050831317901611328e-01
2.072746902704238892e-01
2.021514177322387695e-01
2.053703814744949341e-01
2.015884518623352051e-01
2.047241628170013428e-01
2.015792727470397949e-01
2.046415358781814575e-01
2.030280083417892456e-01
2.026406228542327881e-01
2.049729228019714355e-01
2.060191780328750610e-01
2.038960456848144531e-01
2.039091885089874268e-01
2.017656564712524414e-01
2.032233178615570068e-01
2.004365175962448120e-01
2.030557096004486084e-01
2.040885090827941895e-01
2.048866152763366699e-01
2.051698714494705200e-01
2.048625200986862183e-01
2.034496217966079712e-01
2.013454139232635498e-01
2.017225772142410278e-01
2.035748362541198730e-01
2.020938396453857422e-01
2.023071646690368652e-01
2.012839019298553467e-01
2.056913375854492188e-01
2.024388462305068970e-01
2.023743540048599243e-01
2.033393979072570801e-01
2.021282166242599487e-01
2.031828165054321289e-01
2.042364329099655151e-01
2.017143368721008301e-01
2.022009938955307007e-01
2.016305476427078247e-01
2.009385228157043457e-01
2.014967948198318481e-01
2.030736356973648071e-01
2.032077461481094360e-01
2.019580155611038208e-01
2.021033465862274170e-01
2.019420266151428223e-01
2.010485082864761353e-01
2.038676738739013672e-01
2.021322846412658691e-01
2.000714093446731567e-01
2.010934203863143921e-01
2.011443376541137695e-01
2.011743336915969849e-01
2.018366307020187378e-01
2.002809196710586548e-01
2.026499062776565552e-01
2.021083682775497437e-01
1.995213478803634644e-01
2.010689228773117065e-01
2.010082900524139404e-01
2.014622986316680908e-01
2.040409296751022339e-01
2.036988288164138794e-01
2.002472430467605591e-01
2.005896121263504028e-01
2.033839523792266846e-01
2.028392553329467773e-01
2.010101526975631714e-01
1.997443735599517822e-01
2.007727026939392090e-01
2.022806704044342041e-01
2.002905309200286865e-01
2.010784596204757690e-01
2.001943588256835938e-01
2.034470289945602417e-01
2.008474469184875488e-01
2.028539180755615234e-01
2.035052925348281860e-01
2.016869485378265381e-01
2.023951113224029541e-01
2.024197578430175781e-01
2.034336328506469727e-01
2.021216154098510742e-01
2.017017900943756104e-01
2.010037302970886230e-01
2.022290676832199097e-01
2.012409865856170654e-01
2.015961557626724243e-01
2.034669518470764160e-01
1.985635608434677124e-01
1.996124684810638428e-01
2.014913707971572876e-01
2.016507387161254883e-01
1.996865570545196533e-01
2.000910788774490356e-01
1.996729373931884766e-01
2.023628354072570801e-01
1.998120397329330444e-01
2.022098004817962646e-01
2.018002122640609741e-01
2.026600539684295654e-01
2.011504024267196655e-01
2.026912719011306763e-01
1.994838565587997437e-01
2.002291381359100342e-01
2.002277374267578125e-01
1.992620080709457397e-01
1.997388601303100586e-01
2.001795470714569092e-01
2.013777047395706177e-01
2.010798305273056030e-01
2.000827491283416748e-01
2.016214728355407715e-01
1.995519846677780151e-01
2.016254961490631104e-01
1.998086124658584595e-01
1.991313993930816650e-01
1.992059499025344849e-01
1.979738920927047729e-01
2.009295076131820679e-01
2.025505751371383667e-01
2.033068984746932983e-01
1.999279409646987915e-01
2.011495232582092285e-01
1.996827572584152222e-01
1.989069581031799316e-01
2.014791816473007202e-01
2.006956934928894043e-01
2.001283317804336548e-01
1.998410075902938843e-01
1.996329277753829956e-01
1.987454742193222046e-01
1.987048834562301636e-01
2.012328952550888062e-01
2.029803842306137085e-01
1.964096277952194214e-01
1.998559236526489258e-01
2.015992254018783569e-01
2.004913389682769775e-01
2.004917860031127930e-01
1.964357644319534302e-01
2.014301270246505737e-01
1.968978941440582275e-01
2.008822560310363770e-01
1.976011693477630615e-01
2.000742107629776001e-01
1.977379322052001953e-01
1.978513151407241821e-01
2.009827941656112671e-01
1.986035555601119995e-01
1.986378729343414307e-01
1.996195614337921143e-01
1.984723657369613647e-01
1.981156170368194580e-01
1.995759606361389160e-01
1.978957653045654297e-01
1.975228339433670044e-01
1.998119503259658813e-01
1.991894096136093140e-01
1.987974494695663452e-01
2.004967629909515381e-01
1.974049955606460571e-01
1.980387121438980103e-01
1.983894258737564087e-01
2.010916173458099365e-01
1.983980834484100342e-01
1.988043636083602905e-01
1.988420337438583374e-01
1.975472867488861084e-01
1.988398283720016479e-01
2.005089819431304932e-01
1.984013468027114868e-01
1.975710988044738770e-01
2.000286728143692017e-01
2.006800770759582520e-01
2.012970745563507080e-01
1.999303549528121948e-01
2.001935392618179321e-01
1.992272585630416870e-01
1.967352479696273804e-01
1.996240019798278809e-01
1.978517323732376099e-01
1.965716779232025146e-01
1.981271505355834961e-01
1.991906911134719849e-01
1.990609467029571533e-01
1.971517801284790039e-01
1.992855519056320190e-01
1.962126195430755615e-01
1.991225779056549072e-01
1.976745128631591797e-01
1.979051083326339722e-01
1.961217075586318970e-01
2.007054239511489868e-01
1.972112804651260376e-01
1.991818100214004517e-01
1.999546289443969727e-01
1.966448873281478882e-01
1.979433447122573853e-01
1.964566856622695923e-01
1.986730098724365234e-01
1.937757730484008789e-01
1.951739042997360229e-01
1.964852958917617798e-01
1.997543573379516602e-01
1.961449831724166870e-01
1.968577355146408081e-01
1.952530294656753540e-01
1.966429352760314941e-01
1.994115561246871948e-01
1.992015689611434937e-01
1.966618150472640991e-01
1.988611966371536255e-01
1.991955935955047607e-01
1.978834122419357300e-01
1.970751583576202393e-01
1.965135335922241211e-01
1.953303664922714233e-01
1.950180530548095703e-01
1.940496414899826050e-01
1.965537369251251221e-01
1.965747773647308350e-01
2.002093493938446045e-01
1.950259506702423096e-01
1.992979198694229126e-01
1.986138373613357544e-01
1.967876553535461426e-01
1.971475183963775635e-01
1.967562735080718994e-01
2.012858688831329346e-01
1.964198499917984009e-01
1.955528706312179565e-01
1.963022500276565552e-01
1.983433514833450317e-01
1.985784620046615601e-01
1.993003785610198975e-01
1.982025653123855591e-01
1.965201348066329956e-01
1.968133300542831421e-01
1.961863636970520020e-01
1.972881555557250977e-01
2.001170367002487183e-01
1.964750289916992188e-01
1.975289881229400635e-01
1.975280046463012695e-01
1.971747279167175293e-01
1.923321038484573364e-01
1.955172270536422729e-01
1.950128227472305298e-01
1.976289004087448120e-01
1.953538358211517334e-01
1.957340389490127563e-01
1.971963047981262207e-01
1.940328627824783325e-01
1.961181461811065674e-01
1.953828185796737671e-01
1.954476982355117798e-01
1.927862763404846191e-01
1.936690658330917358e-01
1.984954327344894409e-01
1.960335671901702881e-01
1.965818256139755249e-01
1.975273638963699341e-01
1.960470527410507202e-01
1.955627948045730591e-01
1.944855451583862305e-01
1.999370902776718140e-01
1.969285160303115845e-01
1.967146247625350952e-01
1.966818422079086304e-01
1.966851204633712769e-01
1.950613111257553101e-01
1.964330524206161499e-01
1.989087015390396118e-01
1.945378333330154419e-01
1.970711350440979004e-01
1.962748616933822632e-01
1.980956494808197021e-01
1.973285824060440063e-01
1.970581114292144775e-01
1.935974955558776855e-01
1.935343742370605469e-01
1.967376023530960083e-01
1.944991350173950195e-01
1.960172951221466064e-01
1.939539611339569092e-01
1.973983198404312134e-01
1.983733028173446655e-01
1.966232210397720337e-01
1.970203667879104614e-01
1.945526897907257080e-01
1.978669017553329468e-01
1.937311738729476929e-01
1.986720412969589233e-01
1.946257948875427246e-01
1.943016946315765381e-01
1.944744139909744263e-01
1.959111094474792480e-01
1.968183666467666626e-01
1.957434713840484619e-01
1.950323432683944702e-01
1.985080987215042114e-01
1.940618157386779785e-01
1.949351131916046143e-01
1.959371864795684814e-01
1.920134425163269043e-01
1.960141658782958984e-01
1.949988454580307007e-01
1.962175518274307251e-01
1.954034268856048584e-01
1.933072358369827271e-01
1.949957758188247681e-01
1.942329704761505127e-01
1.948131024837493896e-01
1.921240389347076416e-01
1.952570974826812744e-01
1.958421319723129272e-01
1.939890384674072266e-01
1.921379864215850830e-01
1.934456080198287964e-01
1.959029138088226318e-01
1.949426382780075073e-01
1.936747580766677856e-01
1.953368633985519409e-01
1.957288533449172974e-01
1.944514364004135132e-01
1.954585313796997070e-01
1.965906322002410889e-01
1.947714537382125854e-01
1.954958289861679077e-01
1.959653645753860474e-01
