9.996524453163146973e-02
9.892442077398300171e-02
9.777621179819107056e-02
9.647750109434127808e-02
9.520422667264938354e-02
9.363719820976257324e-02
9.206029772758483887e-02
9.015576541423797607e-02
8.823404461145401001e-02
8.623100817203521729e-02
8.396584540605545044e-02
8.144456148147583008e-02
7.864258438348770142e-02
7.627268135547637939e-02
7.335403561592102051e-02
7.142962515354156494e-02
6.799876689910888672e-02
6.632488965988159180e-02
6.408634781837463379e-02
6.225359067320823669e-02
6.212815642356872559e-02
6.070390343666076660e-02
5.977035686373710632e-02
5.969080328941345215e-02
5.885599181056022644e-02
5.943684652447700500e-02
5.880800634622573853e-02
5.841553211212158203e-02
5.852276086807250977e-02
5.641799047589302063e-02
5.648202821612358093e-02
5.553801730275154114e-02
5.399658158421516418e-02
5.408774688839912415e-02
5.324864014983177185e-02
5.277423933148384094e-02
5.316059663891792297e-02
5.254496261477470398e-02
5.142040178179740906e-02
5.210771039128303528e-02
5.089392140507698059e-02
5.068216472864151001e-02
5.107258632779121399e-02
5.038919672369956970e-02
4.995555803179740906e-02
4.998911544680595398e-02
4.919973760843276978e-02
4.855795577168464661e-02
4.887982830405235291e-02
4.838822409510612488e-02
4.833724349737167358e-02
4.778020456433296204e-02
4.786013811826705933e-02
4.721307754516601562e-02
4.847047477960586548e-02
4.698200151324272156e-02
4.687235876917839050e-02
4.641553759574890137e-02
4.580705240368843079e-02
4.573414474725723267e-02
4.575584828853607178e-02
4.564888775348663330e-02
4.477241635322570801e-02
4.525140672922134399e-02
4.501815885305404663e-02
4.455678910017013550e-02
4.521492868661880493e-02
4.505173116922378540e-02
4.400710761547088623e-02
4.403715953230857849e-02
4.419379681348800659e-02
4.295821487903594971e-02
4.347036406397819519e-02
4.317935928702354431e-02
4.318841919302940369e-02
4.263887181878089905e-02
4.275035485625267029e-02
4.211723431944847107e-02
4.187713935971260071e-02
4.189907759428024292e-02
4.193266853690147400e-02
4.196795448660850525e-02
4.173351079225540161e-02
4.150059446692466736e-02
4.092126712203025818e-02
4.102337360382080078e-02
4.196795821189880371e-02
4.083942621946334839e-02
4.104393720626831055e-02
4.031369462609291077e-02
4.047641530632972717e-02
4.024197161197662354e-02
4.047852382063865662e-02
4.047859460115432739e-02
3.967884182929992676e-02
3.987607732415199280e-02
3.984738886356353760e-02
3.979849442839622498e-02
3.954098373651504517e-02
3.953830152750015259e-02
3.952713310718536377e-02
3.906387835741043091e-02
3.863547369837760925e-02
3.921401500701904297e-02
3.888209164142608643e-02
3.907377272844314575e-02
3.914104774594306946e-02
3.810657188296318054e-02
3.859971836209297180e-02
3.783743083477020264e-02
3.842062130570411682e-02
3.827628120779991150e-02
3.797537088394165039e-02
3.872984647750854492e-02
3.770222887396812439e-02
3.783303126692771912e-02
3.802669048309326172e-02
3.772144019603729248e-02
3.756832703948020935e-02
3.775872662663459778e-02
3.709743544459342957e-02
3.726659715175628662e-02
3.706459328532218933e-02
3.727923333644866943e-02
3.725087270140647888e-02
3.693076595664024353e-02
3.761595487594604492e-02
3.674437850713729858e-02
3.701545670628547668e-02
3.703996539115905762e-02
3.656927496194839478e-02
3.654209896922111511e-02
3.647622093558311462e-02
3.602476418018341064e-02
3.627096116542816162e-02
3.650697693228721619e-02
3.611500561237335205e-02
3.609105199575424194e-02
3.595340251922607422e-02
3.601446375250816345e-02
3.605724126100540161e-02
3.576440736651420593e-02
3.553767502307891846e-02
3.573337942361831665e-02
3.514696285128593445e-02
3.552685305476188660e-02
3.530997782945632935e-02
3.566574305295944214e-02
3.506787493824958801e-02
3.541789948940277100e-02
3.512678667902946472e-02
3.496973961591720581e-02
3.500137478113174438e-02
3.546619042754173279e-02
3.428687527775764465e-02
3.500478342175483704e-02
3.538632765412330627e-02
3.492028266191482544e-02
3.475380316376686096e-02
3.438871726393699646e-02
3.489549085497856140e-02
3.412749990820884705e-02
3.471125289797782898e-02
3.461015224456787109e-02
3.451453149318695068e-02
3.429614007472991943e-02
3.441018611192703247e-02
3.418622910976409912e-02
3.432500734925270081e-02
3.431120142340660095e-02
3.424456343054771423e-02
3.443394601345062256e-02
3.414976969361305237e-02
3.407729044556617737e-02
3.425632044672966003e-02
3.370760381221771240e-02
3.368007019162178040e-02
3.403234481811523438e-02
3.319701179862022400e-02
3.380384668707847595e-02
3.313519060611724854e-02
3.369292244315147400e-02
3.377765044569969177e-02
3.359035775065422058e-02
3.335765376687049866e-02
3.388829156756401062e-02
3.358181193470954895e-02
3.316927328705787659e-02
3.335401043295860291e-02
3.324067592620849609e-02
3.328074142336845398e-02
3.327591344714164734e-02
3.287684172391891479e-02
3.297536075115203857e-02
3.292964026331901550e-02
3.314977511763572693e-02
3.306308016180992126e-02
3.298376128077507019e-02
3.280160203576087952e-02
3.263945132493972778e-02
3.287187963724136353e-02
3.269993141293525696e-02
3.232706710696220398e-02
3.240968659520149231e-02
3.229678794741630554e-02
3.263680264353752136e-02
3.255092725157737732e-02
3.238068893551826477e-02
3.224729374051094055e-02
3.228481113910675049e-02
3.266900032758712769e-02
3.259406238794326782e-02
3.229513391852378845e-02
3.233446180820465088e-02
3.202230110764503479e-02
3.241853415966033936e-02
3.197247534990310669e-02
3.260600939393043518e-02
3.192971274256706238e-02
3.173580393195152283e-02
3.192301839590072632e-02
3.213024139404296875e-02
3.193162009119987488e-02
3.183238953351974487e-02
3.207453340291976929e-02
3.194315731525421143e-02
3.143758699297904968e-02
3.139913082122802734e-02
3.157572820782661438e-02
3.160168603062629700e-02
3.127306327223777771e-02
3.146709874272346497e-02
3.130267187952995300e-02
3.160536289215087891e-02
3.118900768458843231e-02
3.142026066780090332e-02
3.154209256172180176e-02
3.096140362322330475e-02
3.116973116993904114e-02
3.106396831572055817e-02
3.136615455150604248e-02
3.109441511332988739e-02
3.103795088827610016e-02
3.102414123713970184e-02
3.127961233258247375e-02
3.169898316264152527e-02
3.114640712738037109e-02
3.054969944059848785e-02
3.063988499343395233e-02
3.096501529216766357e-02
3.063766099512577057e-02
3.084659390151500702e-02
3.072619810700416565e-02
3.042734600603580475e-02
3.037300519645214081e-02
3.071072138845920563e-02
3.058395348489284515e-02
3.068605624139308929e-02
3.062309138476848602e-02
3.014715015888214111e-02
3.027620725333690643e-02
3.039357997477054596e-02
3.059089183807373047e-02
3.037984669208526611e-02
3.065956570208072662e-02
3.035323135554790497e-02
3.013757430016994476e-02
3.026056848466396332e-02
2.985618822276592255e-02
3.005259670317173004e-02
3.008762374520301819e-02
3.029834292829036713e-02
2.982954494655132294e-02
3.010217845439910889e-02
2.981031499803066254e-02
3.032016567885875702e-02
3.000892698764801025e-02
2.963062562048435211e-02
2.995858527719974518e-02
2.967620454728603363e-02
2.948860265314579010e-02
2.934984304010868073e-02
2.986649610102176666e-02
2.970344200730323792e-02
2.957213297486305237e-02
2.935461141169071198e-02
2.943998947739601135e-02
2.971937693655490875e-02
2.937835827469825745e-02
2.934189699590206146e-02
2.962366677820682526e-02
2.951936423778533936e-02
2.948352694511413574e-02
2.960382401943206787e-02
2.919119969010353088e-02
2.903313376009464264e-02
2.938362024724483490e-02
2.940108440816402435e-02
2.939567901194095612e-02
2.882270514965057373e-02
2.902870252728462219e-02
2.895599603652954102e-02
2.886131219565868378e-02
2.895028889179229736e-02
2.908860705792903900e-02
2.870775759220123291e-02
2.897113002836704254e-02
2.902947925031185150e-02
2.869981899857521057e-02
2.869035676121711731e-02
2.845141291618347168e-02
2.878192067146301270e-02
2.875959314405918121e-02
2.860621176660060883e-02
2.876879647374153137e-02
2.852444909512996674e-02
2.877076528966426849e-02
2.879411540925502777e-02
2.825929783284664154e-02
2.852871082723140717e-02
2.869665063917636871e-02
2.834337763488292694e-02
2.862914279103279114e-02
2.823626808822154999e-02
2.813052013516426086e-02
2.833284251391887665e-02
2.847814559936523438e-02
2.805611304938793182e-02
2.820589579641819000e-02
2.807152271270751953e-02
2.811949886381626129e-02
2.819334343075752258e-02
2.802158705890178680e-02
2.828193642199039459e-02
2.814232371747493744e-02
2.810153737664222717e-02
2.793848328292369843e-02
2.768923155963420868e-02
2.783524803817272186e-02
2.788675762712955475e-02
2.770948223769664764e-02
2.811715938150882721e-02
2.746391296386718750e-02
2.780733443796634674e-02
2.809583023190498352e-02
2.773636393249034882e-02
2.773212827742099762e-02
2.760945819318294525e-02
2.777860127389431000e-02
2.742852084338665009e-02
2.751540206372737885e-02
2.747809886932373047e-02
2.741547301411628723e-02
2.744838409125804901e-02
2.742726169526576996e-02
2.707207016646862030e-02
2.751014940440654755e-02
2.762975171208381653e-02
2.777607738971710205e-02
2.705338969826698303e-02
2.703967504203319550e-02
2.724229171872138977e-02
2.720501460134983063e-02
2.688875608146190643e-02
2.717186510562896729e-02
2.727336250245571136e-02
2.689404785633087158e-02
2.707576751708984375e-02
2.693150937557220459e-02
2.696204744279384613e-02
2.701923064887523651e-02
2.691949903964996338e-02
2.685727179050445557e-02
2.694070152938365936e-02
2.682871185243129730e-02
2.676956355571746826e-02
2.666904032230377197e-02
2.702199853956699371e-02
2.683109603822231293e-02
2.665632963180541992e-02
2.641487494111061096e-02
2.649766765534877777e-02
2.669174969196319580e-02
2.658937871456146240e-02
2.658611908555030823e-02
2.665144205093383789e-02
2.660170570015907288e-02
2.655575983226299286e-02
2.624900639057159424e-02
2.641356550157070160e-02
2.635498717427253723e-02
2.641972340643405914e-02
2.650275826454162598e-02
2.629453502595424652e-02
2.626659534871578217e-02
2.594221942126750946e-02
2.610319852828979492e-02
2.601692639291286469e-02
2.596796862781047821e-02
2.605997584760189056e-02
2.664021216332912445e-02
2.614930272102355957e-02
2.626886032521724701e-02
2.608604170382022858e-02
2.616441249847412109e-02
2.600450813770294189e-02
2.595388703048229218e-02
2.577327005565166473e-02
2.628166414797306061e-02
2.569474279880523682e-02
2.589863538742065430e-02
2.576221898198127747e-02
2.618019655346870422e-02
2.588359825313091278e-02
2.601887285709381104e-02
2.584058046340942383e-02
2.583310008049011230e-02
2.567151747643947601e-02
2.566609345376491547e-02
2.582325413823127747e-02
2.571361325681209564e-02
2.559383772313594818e-02
2.542402781546115875e-02
2.578474581241607666e-02
2.571692131459712982e-02
2.553901076316833496e-02
2.541818656027317047e-02
2.538462355732917786e-02
2.552339993417263031e-02
2.520506456494331360e-02
2.547522820532321930e-02
2.534865215420722961e-02
2.540684118866920471e-02
2.522130683064460754e-02
2.531722560524940491e-02
2.526730857789516449e-02
2.517334930598735809e-02
2.535269036889076233e-02
2.511518076062202454e-02
2.504403330385684967e-02
2.506293356418609619e-02
2.518751658499240875e-02
2.519825100898742676e-02
2.498692087829113007e-02
2.514434792101383209e-02
2.498240582644939423e-02
2.513496391475200653e-02
2.506198547780513763e-02
2.495644055306911469e-02
2.492071501910686493e-02
2.491993270814418793e-02
2.508842945098876953e-02
2.515643835067749023e-02
2.465049177408218384e-02
2.501588501036167145e-02
2.501488104462623596e-02
2.495290525257587433e-02
2.517391741275787354e-02
2.478366531431674957e-02
2.499420009553432465e-02
2.463870868086814880e-02
2.470715157687664032e-02
2.449641935527324677e-02
2.452393807470798492e-02
2.471153810620307922e-02
2.449788153171539307e-02
2.480314858257770538e-02
2.469881996512413025e-02
2.462586387991905212e-02
2.467741817235946655e-02
2.472232095897197723e-02
2.490700595080852509e-02
2.473234944045543671e-02
2.442244626581668854e-02
2.435370720922946930e-02
2.496600523591041565e-02
2.456318773329257965e-02
2.462492883205413818e-02
2.439039014279842377e-02
2.448729053139686584e-02
2.403377927839756012e-02
2.453617751598358154e-02
2.450724132359027863e-02
2.439639531075954437e-02
2.453304268419742584e-02
2.454066090285778046e-02
2.425253018736839294e-02
2.439215779304504395e-02
2.469081990420818329e-02
2.425702475011348724e-02
2.455730922520160675e-02
2.452310174703598022e-02
2.423368766903877258e-02
2.438922226428985596e-02
2.435228042304515839e-02
2.396742440760135651e-02
2.413362078368663788e-02
2.415261417627334595e-02
2.403014712035655975e-02
2.410381846129894257e-02
2.381354384124279022e-02
2.413597516715526581e-02
2.446112595498561859e-02
2.416173741221427917e-02
2.398880757391452789e-02
2.406620420515537262e-02
2.396160177886486053e-02
2.404103614389896393e-02
2.395560406148433685e-02
2.414862997829914093e-02
2.426720038056373596e-02
2.412701770663261414e-02
2.419986762106418610e-02
2.417414262890815735e-02
2.390477620065212250e-02
2.404709719121456146e-02
2.400106191635131836e-02
2.396973595023155212e-02
2.388801611959934235e-02
2.389067970216274261e-02
2.384122088551521301e-02
2.401880361139774323e-02
2.416559122502803802e-02
2.398156374692916870e-02
2.412825077772140503e-02
2.403280511498451233e-02
2.376560680568218231e-02
2.382381819188594818e-02
2.388478629291057587e-02
2.380611374974250793e-02
2.393384277820587158e-02
2.375456131994724274e-02
2.368750423192977905e-02
2.376934513449668884e-02
2.391944453120231628e-02
2.383344434201717377e-02
2.373564802110195160e-02
2.393979392945766449e-02
2.391755394637584686e-02
2.425847761332988739e-02
2.361646853387355804e-02
2.388519793748855591e-02
2.404044382274150848e-02
2.340147458016872406e-02
2.397135086357593536e-02
2.382097393274307251e-02
2.347660809755325317e-02
2.364658191800117493e-02
2.377566695213317871e-02
2.393337152898311615e-02
2.401208691298961639e-02
2.342700026929378510e-02
2.353750169277191162e-02
2.360884845256805420e-02
2.358326129615306854e-02
2.341429889202117920e-02
2.347298897802829742e-02
2.314407005906105042e-02
2.372681163251399994e-02
2.334979735314846039e-02
2.331615425646305084e-02
2.340536378324031830e-02
2.356569841504096985e-02
2.343967184424400330e-02
2.353511564433574677e-02
2.314465679228305817e-02
2.332217246294021606e-02
2.334619686007499695e-02
2.339553646743297577e-02
2.349467948079109192e-02
2.356299571692943573e-02
2.354339882731437683e-02
2.336489781737327576e-02
2.338301204144954681e-02
2.343041449785232544e-02
2.343309484422206879e-02
2.304004505276679993e-02
2.327795699238777161e-02
2.311732620000839233e-02
2.325791493058204651e-02
2.324969880282878876e-02
2.316818013787269592e-02
2.303989045321941376e-02
2.314509078860282898e-02
2.336989156901836395e-02
2.323120646178722382e-02
2.330524288117885590e-02
2.330715581774711609e-02
2.332539483904838562e-02
2.328014001250267029e-02
2.339911647140979767e-02
2.315795421600341797e-02
2.328119426965713501e-02
2.299317158758640289e-02
2.298044972121715546e-02
2.333977073431015015e-02
2.341529168188571930e-02
2.331840060651302338e-02
2.345492504537105560e-02
2.310083061456680298e-02
2.339034900069236755e-02
2.296349965035915375e-02
2.292176149785518646e-02
2.312788181006908417e-02
2.320314198732376099e-02
2.323811501264572144e-02
2.282872237265110016e-02
2.286096848547458649e-02
2.308288775384426117e-02
2.290704473853111267e-02
2.312641963362693787e-02
2.307079546153545380e-02
2.305115573108196259e-02
2.287772856652736664e-02
2.299279160797595978e-02
2.281331829726696014e-02
2.327466942369937897e-02
2.273440174758434296e-02
2.294558845460414886e-02
2.304074726998806000e-02
2.299730852246284485e-02
2.304293774068355560e-02
2.293586172163486481e-02
2.271583676338195801e-02
2.282072603702545166e-02
2.292095497250556946e-02
2.291089855134487152e-02
2.311019226908683777e-02
2.258813753724098206e-02
2.314695157110691071e-02
2.306336350739002228e-02
2.271350845694541931e-02
2.299232222139835358e-02
2.282491326332092285e-02
2.298750542104244232e-02
2.264183945953845978e-02
2.289925888180732727e-02
2.314569614827632904e-02
2.269938401877880096e-02
2.247351594269275665e-02
2.274770103394985199e-02
2.280034497380256653e-02
2.292464859783649445e-02
2.238773368299007416e-02
2.278914302587509155e-02
2.269828133285045624e-02
2.241681329905986786e-02
2.293975464999675751e-02
2.265474945306777954e-02
2.256904169917106628e-02
2.272883430123329163e-02
2.249419502913951874e-02
2.268687076866626740e-02
2.245205454528331757e-02
2.255826629698276520e-02
2.294308692216873169e-02
2.267118729650974274e-02
2.261113189160823822e-02
2.258641086518764496e-02
2.243684232234954834e-02
2.257495932281017303e-02
2.290002256631851196e-02
2.253701351583003998e-02
2.223332785069942474e-02
2.269377745687961578e-02
2.266380749642848969e-02
2.269076369702816010e-02
2.238067239522933960e-02
2.268428355455398560e-02
2.268593013286590576e-02
2.266064658761024475e-02
2.242211997509002686e-02
2.231921069324016571e-02
2.271857485175132751e-02
2.256615273654460907e-02
2.235447615385055542e-02
2.256144396960735321e-02
2.259097062051296234e-02
2.237054146826267242e-02
2.248070202767848969e-02
2.242292091250419617e-02
2.240970544517040253e-02
2.246090583503246307e-02
2.227177657186985016e-02
2.255087904632091522e-02
2.242797985672950745e-02
2.231391891837120056e-02
2.271501161158084869e-02
2.247991040349006653e-02
2.224816754460334778e-02
2.224011719226837158e-02
2.234400622546672821e-02
2.232695557177066803e-02
2.239981293678283691e-02
2.258580178022384644e-02
2.229344658553600311e-02
2.239770814776420593e-02
2.214591950178146362e-02
2.236338518559932709e-02
2.256992645561695099e-02
2.211056835949420929e-02
2.248071692883968353e-02
2.223533391952514648e-02
2.232172712683677673e-02
2.231015078723430634e-02
2.224753983318805695e-02
2.244813181459903717e-02
2.220197021961212158e-02
2.212826721370220184e-02
2.246733568608760834e-02
2.230985462665557861e-02
2.215173095464706421e-02
2.219582907855510712e-02
2.221794240176677704e-02
2.210299484431743622e-02
2.226112596690654755e-02
2.223109826445579529e-02
2.223238721489906311e-02
2.246361412107944489e-02
2.199686504900455475e-02
2.221728116273880005e-02
2.219006977975368500e-02
2.213030867278575897e-02
2.188863791525363922e-02
2.205764688551425934e-02
2.168286032974720001e-02
2.216032706201076508e-02
2.204219251871109009e-02
2.212014421820640564e-02
2.196702174842357635e-02
2.196396701037883759e-02
2.225420810282230377e-02
2.206478826701641083e-02
2.213996462523937225e-02
2.198948338627815247e-02
2.205832116305828094e-02
2.219824865460395813e-02
2.219484373927116394e-02
2.178324013948440552e-02
2.204819023609161377e-02
2.201474457979202271e-02
2.215605787932872772e-02
2.210729196667671204e-02
2.212554402649402618e-02
2.208785712718963623e-02
2.203341014683246613e-02
2.199647948145866394e-02
2.170024253427982330e-02
2.216286212205886841e-02
2.184131927788257599e-02
2.202860824763774872e-02
2.193337120115756989e-02
2.199451625347137451e-02
2.184236235916614532e-02
2.189901843667030334e-02
2.206841669976711273e-02
2.170410379767417908e-02
2.199215628206729889e-02
2.189041487872600555e-02
2.205308526754379272e-02
2.184410765767097473e-02
2.168430201709270477e-02
2.203512378036975861e-02
2.172968722879886627e-02
2.204696461558341980e-02
2.156339399516582489e-02
2.189182303845882416e-02
2.195617929100990295e-02
2.176957391202449799e-02
2.196037769317626953e-02
2.187336049973964691e-02
2.150648273527622223e-02
2.191857062280178070e-02
2.193833328783512115e-02
2.176244370639324188e-02
2.182243578135967255e-02
2.164117433130741119e-02
2.184149436652660370e-02
2.160333842039108276e-02
2.168151177465915680e-02
2.175323665142059326e-02
2.174796536564826965e-02
2.171786688268184662e-02
2.175459824502468109e-02
2.149270474910736084e-02
2.178260497748851776e-02
2.191991172730922699e-02
2.154913917183876038e-02
2.166036330163478851e-02
2.194760367274284363e-02
2.155264094471931458e-02
2.160459756851196289e-02
2.148090302944183350e-02
2.167262695729732513e-02
2.171691134572029114e-02
2.161258459091186523e-02
2.160595916211605072e-02
2.150933071970939636e-02
2.164750359952449799e-02
2.184753678739070892e-02
2.170155011117458344e-02
2.155748568475246429e-02
2.173159457743167877e-02
2.161725051701068878e-02
2.139507606625556946e-02
2.174502797424793243e-02
2.155464328825473785e-02
2.195455692708492279e-02
2.146928012371063232e-02
2.161313779652118683e-02
2.149310521781444550e-02
2.132756449282169342e-02
2.133466675877571106e-02
2.153294906020164490e-02
2.159255370497703552e-02
2.165851742029190063e-02
2.151894383132457733e-02
2.158684469759464264e-02
2.131156809628009796e-02
2.170138619840145111e-02
2.151808701455593109e-02
2.149457857012748718e-02
2.130786143243312836e-02
2.147514186799526215e-02
2.171043492853641510e-02
2.141598612070083618e-02
2.151905559003353119e-02
2.166780829429626465e-02
2.129619941115379333e-02
2.157351374626159668e-02
2.145379595458507538e-02
2.179833687841892242e-02
2.121873944997787476e-02
2.140224538743495941e-02
2.124242484569549561e-02
2.129902131855487823e-02
2.142563275992870331e-02
2.139663510024547577e-02
2.160273864865303040e-02
2.146528102457523346e-02
2.150048129260540009e-02
2.116278745234012604e-02
2.139829285442829132e-02
2.147260867059230804e-02
2.150647900998592377e-02
2.153897285461425781e-02
2.126171067357063293e-02
2.106001041829586029e-02
2.150880917906761169e-02
2.142910286784172058e-02
2.139041572809219360e-02
2.135771326720714569e-02
2.134807780385017395e-02
2.125256136059761047e-02
2.143524959683418274e-02
2.131966501474380493e-02
2.138071320950984955e-02
2.110178768634796143e-02
2.144285850226879120e-02
2.131831459701061249e-02
2.122099883854389191e-02
2.110485546290874481e-02
2.123783715069293976e-02
2.167787775397300720e-02
2.123551256954669952e-02
2.121263369917869568e-02
2.146513573825359344e-02
2.131495811045169830e-02
2.136183157563209534e-02
2.107421867549419403e-02
2.136634849011898041e-02
2.125098742544651031e-02
2.148243598639965057e-02
2.133231796324253082e-02
2.129623107612133026e-02
2.124211750924587250e-02
2.116073109209537506e-02
2.119847200810909271e-02
2.115184627473354340e-02
2.121815830469131470e-02
2.129946462810039520e-02
2.120102755725383759e-02
2.117848955094814301e-02
2.128632366657257080e-02
2.121124975383281708e-02
2.149627171456813812e-02
2.117702551186084747e-02
2.116655185818672180e-02
2.109189890325069427e-02
2.123879455029964447e-02
2.096988633275032043e-02
2.109674550592899323e-02
2.128418721258640289e-02
2.121225185692310333e-02
2.135755121707916260e-02
2.122241631150245667e-02
2.128067426383495331e-02
2.128183655440807343e-02
2.100477181375026703e-02
2.126791700720787048e-02
2.104610204696655273e-02
2.117010951042175293e-02
2.099583856761455536e-02
2.146212384104728699e-02
2.096530608832836151e-02
2.095514349639415741e-02
2.100232429802417755e-02
2.117792330682277679e-02
2.096156589686870575e-02
2.115755341947078705e-02
2.099870704114437103e-02
2.110358886420726776e-02
2.127607725560665131e-02
2.081101015210151672e-02
2.099728398025035858e-02
2.085896581411361694e-02
2.102662064135074615e-02
2.106098644435405731e-02
2.118339948356151581e-02
2.098048292100429535e-02
2.113307826220989227e-02
2.117315493524074554e-02
2.092307619750499725e-02
2.102535590529441833e-02
2.094397507607936859e-02
2.081142924726009369e-02
2.097468636929988861e-02
2.082828246057033539e-02
2.107091248035430908e-02
2.083650417625904083e-02
2.110164985060691833e-02
2.116688713431358337e-02
2.073742635548114777e-02
2.099155075848102570e-02
2.147440053522586823e-02
2.102730236947536469e-02
2.117612399160861969e-02
2.113928832113742828e-02
2.099536545574665070e-02
2.086685597896575928e-02
2.098343148827552795e-02
2.088148519396781921e-02
2.105251513421535492e-02
2.093893103301525116e-02
2.076848782598972321e-02
2.077354490756988525e-02
2.108565531671047211e-02
2.102682180702686310e-02
2.110017649829387665e-02
2.086077257990837097e-02
2.094801142811775208e-02
2.061166055500507355e-02
2.077329345047473907e-02
2.082989178597927094e-02
2.090291492640972137e-02
2.095845900475978851e-02
2.081581763923168182e-02
2.099693939089775085e-02
2.091317996382713318e-02
2.097257599234580994e-02
2.085143886506557465e-02
2.086560800671577454e-02
2.069483511149883270e-02
2.073901891708374023e-02
2.064191363751888275e-02
2.085067890584468842e-02
2.083482407033443451e-02
2.075388841331005096e-02
2.078637294471263885e-02
2.059884928166866302e-02
2.071620710194110870e-02
2.047931775450706482e-02
2.068007737398147583e-02
2.087288349866867065e-02
2.084537409245967865e-02
2.074904926121234894e-02
2.082161605358123779e-02
2.061574719846248627e-02
2.066204696893692017e-02
2.069140039384365082e-02
2.078165113925933838e-02
2.117243595421314240e-02
2.079273387789726257e-02
2.082479558885097504e-02
2.064841054379940033e-02
2.060235477983951569e-02
2.058765850961208344e-02
2.066787891089916229e-02
2.054277248680591583e-02
2.050688117742538452e-02
2.061187475919723511e-02
2.058571763336658478e-02
2.061472460627555847e-02
2.068040333688259125e-02
2.044076658785343170e-02
2.081158012151718140e-02
2.069208957254886627e-02
2.066407352685928345e-02
2.065409347414970398e-02
2.072980813682079315e-02
2.083049714565277100e-02
2.055812440812587738e-02
2.072273939847946167e-02
2.071890048682689667e-02
2.058236673474311829e-02
2.071265317499637604e-02
2.034584060311317444e-02
2.073540352284908295e-02
2.073383331298828125e-02
2.067493461072444916e-02
2.047039009630680084e-02
2.034221589565277100e-02
2.049355767667293549e-02
2.049213647842407227e-02
2.084723114967346191e-02
2.059129811823368073e-02
2.075502462685108185e-02
2.047707140445709229e-02
2.054347284138202667e-02
2.072667516767978668e-02
2.038797177374362946e-02
2.053759060800075531e-02
2.042426727712154388e-02
2.043683826923370361e-02
2.021506056189537048e-02
2.029882371425628662e-02
2.019930072128772736e-02
2.051707170903682709e-02
2.067323029041290283e-02
2.031093649566173553e-02
2.052800171077251434e-02
2.034992538392543793e-02
2.057339623570442200e-02
2.065463922917842865e-02
2.022871188819408417e-02
2.063431404531002045e-02
2.030749060213565826e-02
2.052999287843704224e-02
2.043071761727333069e-02
2.024934440851211548e-02
2.052715420722961426e-02
2.061538212001323700e-02
2.036403678357601166e-02
2.035653404891490936e-02
2.021633461117744446e-02
2.022830955684185028e-02
1.996537856757640839e-02
2.034259773790836334e-02
2.034050039947032928e-02
2.045813947916030884e-02
2.061061188578605652e-02
2.044266834855079651e-02
2.047280594706535339e-02
2.044364623725414276e-02
2.028387039899826050e-02
2.044668234884738922e-02
2.022993564605712891e-02
2.025771699845790863e-02
2.043874002993106842e-02
2.044007554650306702e-02
2.012597955763339996e-02
2.023988030850887299e-02
1.993354223668575287e-02
2.015738748013973236e-02
2.019851095974445343e-02
2.020411565899848938e-02
2.032303623855113983e-02
2.011974714696407318e-02
2.014088444411754608e-02
1.988520100712776184e-02
2.015184052288532257e-02
2.032655291259288788e-02
2.030524425208568573e-02
2.033135294914245605e-02
2.005853503942489624e-02
2.015201374888420105e-02
2.035901509225368500e-02
2.015830390155315399e-02
2.030502445995807648e-02
2.015226893126964569e-02
2.019627578556537628e-02
2.031492255628108978e-02
2.029584906995296478e-02
2.034280262887477875e-02
2.024554833769798279e-02
1.991644315421581268e-02
2.024347148835659027e-02
2.008873037993907928e-02
2.019958011806011200e-02
2.031144313514232635e-02
2.026175521314144135e-02
2.008688263595104218e-02
2.017582580447196960e-02
1.996758393943309784e-02
2.048368193209171295e-02
2.010509371757507324e-02
2.018366381525993347e-02
2.015053853392601013e-02
2.053202502429485321e-02
2.041715569794178009e-02
2.032782137393951416e-02
1.996516436338424683e-02
2.006470039486885071e-02
2.005798369646072388e-02
2.026226371526718140e-02
2.023395895957946777e-02
2.015762031078338623e-02
2.016159147024154663e-02
2.008707821369171143e-02
2.028970792889595032e-02
2.019038796424865723e-02
2.016931027173995972e-02
2.013766579329967499e-02
2.014433033764362335e-02
2.036398835480213165e-02
2.013762854039669037e-02
1.995149441063404083e-02
2.022149972617626190e-02
2.030671946704387665e-02
1.992380619049072266e-02
2.019607834517955780e-02
2.007625624537467957e-02
2.007701620459556580e-02
1.998233981430530548e-02
1.970383152365684509e-02
2.004024013876914978e-02
2.029206976294517517e-02
1.991207525134086609e-02
1.984960027039051056e-02
2.041734568774700165e-02
1.976621523499488831e-02
2.015678212046623230e-02
2.036910504102706909e-02
2.009924687445163727e-02
2.008287608623504639e-02
2.007281780242919922e-02
1.990985684096813202e-02
2.009493671357631683e-02
2.008584700524806976e-02
1.990342512726783752e-02
2.026680670678615570e-02
2.007190324366092682e-02
2.000165916979312897e-02
1.992178522050380707e-02
1.997109875082969666e-02
2.010936103761196136e-02
1.985174976289272308e-02
2.001390047371387482e-02
1.990025863051414490e-02
1.976456306874752045e-02
1.990020647644996643e-02
2.005464769899845123e-02
1.998594403266906738e-02
2.000950835645198822e-02
1.992246136069297791e-02
1.985240541398525238e-02
1.994514465332031250e-02
1.980507187545299530e-02
1.991516165435314178e-02
1.975977420806884766e-02
2.009733021259307861e-02
2.006755769252777100e-02
1.983181200921535492e-02
1.992093771696090698e-02
1.996474526822566986e-02
1.996690593659877777e-02
1.997612416744232178e-02
1.975892111659049988e-02
1.986884325742721558e-02
1.968651637434959412e-02
1.988995261490345001e-02
1.985924690961837769e-02
1.985100843012332916e-02
1.992764696478843689e-02
2.013196051120758057e-02
1.998709328472614288e-02
1.994392089545726776e-02
1.995246484875679016e-02
1.989668980240821838e-02
1.993962377309799194e-02
1.956507004797458649e-02
1.988644339144229889e-02
1.989419572055339813e-02
1.985630206763744354e-02
1.975612901151180267e-02
1.986940018832683563e-02
2.006131038069725037e-02
2.002377249300479889e-02
2.000306546688079834e-02
1.990406773984432220e-02
1.978227868676185608e-02
2.010094746947288513e-02
1.980033330619335175e-02
2.007335983216762543e-02
1.967870257794857025e-02
1.972808502614498138e-02
1.973129622638225555e-02
1.980610750615596771e-02
1.994353532791137695e-02
1.996788941323757172e-02
1.979296281933784485e-02
2.009720355272293091e-02
1.994082145392894745e-02
1.994816958904266357e-02
1.985217817127704620e-02
1.963997073471546173e-02
1.970104686915874481e-02
1.960932277143001556e-02
2.006569318473339081e-02
1.967625133693218231e-02
1.977281272411346436e-02
1.996002160012722015e-02
2.003560587763786316e-02
1.970177330076694489e-02
1.987045072019100189e-02
1.973445340991020203e-02
1.967710070312023163e-02
2.001984976232051849e-02
1.972248964011669159e-02
2.027716301381587982e-02
1.985313557088375092e-02
1.973926275968551636e-02
1.977907866239547729e-02
1.986131258308887482e-02
1.974448375403881073e-02
1.966978609561920166e-02
1.992111466825008392e-02
1.966687105596065521e-02
1.964768208563327789e-02
1.969159394502639771e-02
1.956126652657985687e-02
1.966448128223419189e-02
2.005088143050670624e-02
1.979766227304935455e-02
1.973067410290241241e-02
1.978679373860359192e-02
1.982057839632034302e-02
1.992706395685672760e-02
1.968907751142978668e-02
1.954033970832824707e-02
1.986803673207759857e-02
1.961578615009784698e-02
1.971600763499736786e-02
1.940469630062580109e-02
1.963873580098152161e-02
1.976011507213115692e-02
1.968424208462238312e-02
1.985278353095054626e-02
1.942141912877559662e-02
1.960727013647556305e-02
1.989421062171459198e-02
1.966609433293342590e-02
1.963412575423717499e-02
1.976037397980690002e-02
1.985301822423934937e-02
1.942551136016845703e-02
1.946633122861385345e-02
1.960610412061214447e-02
1.961205340921878815e-02
1.962863281369209290e-02
1.969618350267410278e-02
1.971073076128959656e-02
1.952685229480266571e-02
1.986485719680786133e-02
1.974430494010448456e-02
1.958246342837810516e-02
1.960725337266921997e-02
1.955217681825160980e-02
1.987008936703205109e-02
1.962728798389434814e-02
1.947662979364395142e-02
1.982639543712139130e-02
1.963180676102638245e-02
1.941251568496227264e-02
1.952755078673362732e-02
1.941317506134510040e-02
1.955834217369556427e-02
1.946498826146125793e-02
1.942832767963409424e-02
1.927610859274864197e-02
1.949787698686122894e-02
1.944956369698047638e-02
1.966455392539501190e-02
1.985332928597927094e-02
1.965325698256492615e-02
1.940089650452136993e-02
1.972131617367267609e-02
1.994544826447963715e-02
1.956173218786716461e-02
1.951265148818492889e-02
1.977434381842613220e-02
1.951813884079456329e-02
1.957786269485950470e-02
1.957183890044689178e-02
1.963660493493080139e-02
1.952338777482509613e-02
1.956898905336856842e-02
1.948958635330200195e-02
1.937147788703441620e-02
1.972789876163005829e-02
1.967931538820266724e-02
1.921709068119525909e-02
1.947717927396297455e-02
1.966008357703685760e-02
1.938962005078792572e-02
1.960157230496406555e-02
1.952377334237098694e-02
1.923333667218685150e-02
1.931481622159481049e-02
1.952278055250644684e-02
1.963908784091472626e-02
1.957625523209571838e-02
1.972945779561996460e-02
1.973752677440643311e-02
1.952054910361766815e-02
1.924631558358669281e-02
1.961846835911273956e-02
1.941104792058467865e-02
1.930860616266727448e-02
1.945044659078121185e-02
1.931487582623958588e-02
1.962529309093952179e-02
1.914447173476219177e-02
1.966903917491436005e-02
1.938976533710956573e-02
1.931014098227024078e-02
1.945441216230392456e-02
1.933015696704387665e-02
1.937483064830303192e-02
1.930264569818973541e-02
1.954697072505950928e-02
1.954332552850246429e-02
1.946269161999225616e-02
1.959764771163463593e-02
1.936192251741886139e-02
1.921365223824977875e-02
1.958900131285190582e-02
1.920473389327526093e-02
1.940085366368293762e-02
1.934851519763469696e-02
1.954527385532855988e-02
1.922010257840156555e-02
1.953479833900928497e-02
1.935109682381153107e-02
1.932921260595321655e-02
1.934501342475414276e-02
1.926649734377861023e-02
1.921974308788776398e-02
1.953597925603389740e-02
1.924102939665317535e-02
1.936715468764305115e-02
1.936855539679527283e-02
1.929265446960926056e-02
1.945461332798004150e-02
1.927369274199008942e-02
1.934316568076610565e-02
1.942761801183223724e-02
1.951842568814754486e-02
1.936983689665794373e-02
1.924559846520423889e-02
1.948328502476215363e-02
1.938617601990699768e-02
1.950292102992534637e-02
1.925560273230075836e-02
1.899348758161067963e-02
1.941061764955520630e-02
1.936214230954647064e-02
1.928582414984703064e-02
1.935054175555706024e-02
1.943853870034217834e-02
1.928862743079662323e-02
1.936833560466766357e-02
1.933559030294418335e-02
1.928359828889369965e-02
1.922221109271049500e-02
1.976834982633590698e-02
1.909124106168746948e-02
1.954557560384273529e-02
1.938356272876262665e-02
1.934643648564815521e-02
1.945436932146549225e-02
1.941442862153053284e-02
1.948715932667255402e-02
1.926206238567829132e-02
1.945279352366924286e-02
1.896498352289199829e-02
1.927906088531017303e-02
1.917347870767116547e-02
1.946770213544368744e-02
1.930221915245056152e-02
1.937795989215373993e-02
1.936731860041618347e-02
1.940513961017131805e-02
1.939733698964118958e-02
1.923504658043384552e-02
1.920397207140922546e-02
1.887259073555469513e-02
1.897840201854705811e-02
1.923719048500061035e-02
1.931681111454963684e-02
1.902443319559097290e-01
2.024854570627212524e-01
2.721865773200988770e-01
1.985051780939102173e-01
2.499754577875137329e-01
2.168919146060943604e-01
1.995123475790023804e-01
2.275680750608444214e-01
2.120891213417053223e-01
2.020239681005477905e-01
2.120124697685241699e-01
2.080788761377334595e-01
2.042576670646667480e-01
2.050562649965286255e-01
2.053690403699874878e-01
2.011634409427642822e-01
1.974891871213912964e-01
2.003780305385589600e-01
2.007883936166763306e-01
1.948859393596649170e-01
1.972877830266952515e-01
1.990498751401901245e-01
1.974637359380722046e-01
1.936864554882049561e-01
1.927356421947479248e-01
1.964136213064193726e-01
1.998088657855987549e-01
1.928303837776184082e-01
1.952247619628906250e-01
1.950214803218841553e-01
1.932883709669113159e-01
1.939095556735992432e-01
1.947585493326187134e-01
1.922476142644882202e-01
1.924460381269454956e-01
1.911123991012573242e-01
1.938390433788299561e-01
1.901599913835525513e-01
1.908535212278366089e-01
1.924807280302047729e-01
1.893043667078018188e-01
1.886355429887771606e-01
1.930267512798309326e-01
1.925043016672134399e-01
1.916566640138626099e-01
1.889659911394119263e-01
1.904397755861282349e-01
1.913278698921203613e-01
1.910644620656967163e-01
1.888417154550552368e-01
1.916689574718475342e-01
1.910796314477920532e-01
1.915114074945449829e-01
1.915565282106399536e-01
1.881745308637619019e-01
1.901648789644241333e-01
1.918425709009170532e-01
1.882697939872741699e-01
1.898985207080841064e-01
1.897988170385360718e-01
1.889896839857101440e-01
1.910527497529983521e-01
1.899703592061996460e-01
1.895561218261718750e-01
1.899435669183731079e-01
1.892620325088500977e-01
1.890647113323211670e-01
1.925191879272460938e-01
1.896363198757171631e-01
1.877951771020889282e-01
1.894013136625289917e-01
1.895059049129486084e-01
1.882188767194747925e-01
1.927887350320816040e-01
1.917532533407211304e-01
1.883780658245086670e-01
1.863587945699691772e-01
1.923798173666000366e-01
1.897153556346893311e-01
1.892472207546234131e-01
1.888712197542190552e-01
1.909605413675308228e-01
1.897085905075073242e-01
1.919714659452438354e-01
1.895795911550521851e-01
1.882286071777343750e-01
1.890050023794174194e-01
1.853318065404891968e-01
1.887051761150360107e-01
1.916231960058212280e-01
1.863878071308135986e-01
1.893058568239212036e-01
1.890954822301864624e-01
1.900851577520370483e-01
1.891030371189117432e-01
1.867743730545043945e-01
1.888217031955718994e-01
1.894367188215255737e-01
1.900892406702041626e-01
1.893587559461593628e-01
