8.253932729363441245e-01
4.821131023764610446e-01
4.287121753394603774e-01
3.740707799792289956e-01
3.329853349924087325e-01
3.277668334543705209e-01
3.069377358257770472e-01
2.965033327043056222e-01
2.798503392189741201e-01
2.448328078538179464e-01
2.392832460626959923e-01
2.509201092272996814e-01
2.402994304150342930e-01
2.324458640813827637e-01
2.220431535691022862e-01
2.234375248104333855e-01
2.252358347922563675e-01
2.146933567523956199e-01
1.997798439860344055e-01
1.816131446138024297e-01
1.952329452335834492e-01
1.904529868811369042e-01
1.912239348888397084e-01
1.738892809301614828e-01
1.868334057554602579e-01
1.894446524232625828e-01
1.842027682065963679e-01
1.480382887460291452e-01
1.577550997212529282e-01
1.603817185759544295e-01
1.624637171253562051e-01
1.554953559860587087e-01
1.498806491866707669e-01
1.626430372148752190e-01
1.680034361407160837e-01
1.597319455817341749e-01
1.297494285181164664e-01
1.201197261735796884e-01
1.280839476734399740e-01
1.271379620954394274e-01
1.289128734916448471e-01
1.292121436446905247e-01
1.441026680916547842e-01
1.450721407681703490e-01
1.344433183595538095e-01
1.058195539191365275e-01
1.044880370236933170e-01
1.151146676391363172e-01
1.036617026105523115e-01
1.083173701167106651e-01
1.160222575999796391e-01
1.106969826295971931e-01
1.164324431493878320e-01
1.149607141315936998e-01
8.966731509193777427e-02
8.445000713691115657e-02
1.003187116421759145e-01
9.274359580129384883e-02
8.508936962112784164e-02
8.751657472923397851e-02
9.710559399798512903e-02
1.107222036086022848e-01
1.031063597090542266e-01
7.527873793616890463e-02
7.113673768937588127e-02
7.911687817424535585e-02
7.152106653898954169e-02
8.049779642373323940e-02
8.231099454686045813e-02
8.372923117130995352e-02
8.713960813358426205e-02
8.769881518557667843e-02
5.881319731939584072e-02
6.202016799710691197e-02
6.736460784450173933e-02
7.103795078583061140e-02
7.327561115380376577e-02
8.018424146808683650e-02
7.773576544132083932e-02
7.915530744940042773e-02
8.258443960919975568e-02
5.640011034905910436e-02
5.663013280602172128e-02
5.586868514539673758e-02
6.053198547218926334e-02
6.111872201901860646e-02
5.643788726767524910e-02
5.450706572737544497e-02
6.543137942440807597e-02
7.464556045830249287e-02
4.031055087223649191e-02
4.775316347833722525e-02
4.554342170013114810e-02
5.114086900372058486e-02
5.549439741764217865e-02
4.822833427228033487e-02
5.342193343210965145e-02
5.737742837751284158e-02
5.525002274196594981e-02
3.740976874716579748e-02
3.727435628650709737e-02
3.792426186701049889e-02
3.747920589405111941e-02
3.826085927743406306e-02
4.657843948109075677e-02
4.935877763666212531e-02
5.066064501414075522e-02
5.777685059234499709e-02
3.197606491507030968e-02
3.763503368012607181e-02
2.653385479818098219e-02
3.186358888691756541e-02
4.215380673878826173e-02
4.310302722733468095e-02
4.889818599447608161e-02
4.050335898180492528e-02
4.496851500356569692e-02
2.847976936900522421e-02
3.010442870669067031e-02
3.464795267733279671e-02
4.049649825290543848e-02
4.168740468914620273e-02
3.692171740753110581e-02
4.252530372614273663e-02
4.935768289782572343e-02
3.527353491866960788e-02
2.972752929024864016e-02
2.914396606734953946e-02
3.148420257435646102e-02
3.043882918573217328e-02
3.507486308692023269e-02
2.707801216136431280e-02
3.494833530217875128e-02
4.094976600666996175e-02
3.318646808998892278e-02
