7.818873935937881159e-01
4.367489163577556455e-01
3.388800784200429739e-01
3.115322925150394440e-01
2.877282866835594310e-01
2.590832834690809383e-01
2.471449102461338032e-01
2.452120691537857111e-01
2.299308576434850593e-01
2.085375989601016000e-01
2.099936667829752079e-01
2.040988974273204859e-01
1.952358675748109840e-01
1.831638815999031000e-01
1.863287017866969153e-01
1.812776950001716569e-01
1.763792676478624366e-01
1.816448763757944063e-01
1.571799675375223082e-01
1.516218997538089641e-01
1.615817429870367028e-01
1.597109349817037449e-01
1.542896686121821292e-01
1.494018395617604245e-01
1.411597378924488999e-01
1.471028411760926247e-01
1.455486023612320434e-01
1.317453178390860513e-01
1.238704825192689929e-01
1.280309995263815004e-01
1.251426834240555730e-01
1.229624094814062152e-01
1.350235595554113432e-01
1.271721982955932584e-01
1.358919637650251311e-01
1.336538115516305025e-01
1.115921431034803402e-01
1.100094698928296560e-01
1.126009199023246810e-01
1.083681427314877460e-01
1.090900629758834867e-01
1.084934868291020371e-01
1.135925880447030134e-01
1.149640326946973767e-01
1.167363708466291478e-01
9.971293967217206844e-02
9.430028878152370286e-02
9.667775085195899620e-02
9.227568522095680459e-02
9.376212526112795431e-02
1.039020302146673180e-01
9.929163578897715059e-02
1.041843997314572390e-01
1.028607699647545864e-01
9.038433592766523250e-02
8.582586839795112998e-02
8.467494213953613569e-02
8.098218837752937938e-02
8.592233370989560415e-02
8.984776247292756979e-02
9.436628174036741645e-02
8.667455185204744894e-02
9.313020106405019150e-02
7.558362241834401529e-02
7.761519547551870568e-02
7.800915727391838361e-02
8.240684282034635433e-02
8.331378072500228438e-02
8.709459684789180867e-02
8.637976774945854697e-02
8.654354792088270187e-02
9.051072288304568003e-02
1.003095907717943130e-01
9.865420449525118263e-02
1.090114962868392462e-01
1.131605420634150538e-01
1.120046250149607653e-01
1.041566892340779343e-01
1.045001293439418028e-01
1.052465839684009613e-01
1.114196124859154202e-01
7.166781076230108183e-02
5.953975528478622214e-02
7.845263170078396742e-02
7.103459205478429572e-02
8.026016694959253739e-02
7.801145474892109966e-02
7.987704206258058881e-02
7.219073634594679045e-02
7.721675925888121794e-02
5.604048304725438301e-02
5.916364854900166281e-02
5.791999534005299460e-02
5.171711413888260833e-02
5.995344951748848156e-02
6.377751402091234867e-02
6.308163595851511152e-02
6.393333952408283838e-02
6.797993342392145977e-02
4.593630032148212500e-02
4.354213094920851568e-02
4.317359069129451943e-02
5.091295335558242846e-02
5.600819600047543534e-02
5.963423381559550956e-02
5.619756998959928723e-02
5.248533056583255807e-02
6.038514259504154658e-02
4.107090055127628203e-02
3.796375625417567484e-02
4.176199592417106227e-02
4.373834735713898886e-02
4.975928746629506433e-02
5.127946481574326837e-02
5.329417591332458182e-02
5.620591779705137042e-02
5.645571180270053668e-02
4.105730701412539652e-02
3.312691438943147354e-02
3.116475669550709468e-02
3.591321408748626709e-02
4.075820008176379156e-02
5.345155865070409795e-02
4.545323194237425868e-02
5.190407316200434940e-02
5.248925345018506244e-02
2.002840456407284364e-02
2.911908556648995852e-02
4.887021482689306306e-02
5.030841196421533684e-02
4.638240641856100632e-02
4.065758021315559606e-02
4.726471079513430706e-02
3.433989490993553939e-02
4.537034239852801021e-02
