1.677063937187194931e+00
1.295397759079933264e+00
1.129144029617309641e+00
1.041261352896690306e+00
9.482858085632324130e-01
8.647339242696762129e-01
8.395973426103592319e-01
8.239838230609893843e-01
8.073570108413696822e-01
8.401501682400703830e-01
7.911300504207611217e-01
7.828366732597351607e-01
7.522829180955886708e-01
7.803630852699279252e-01
5.840500923991203130e-01
5.431151202321052862e-01
5.791995802521705539e-01
5.996565946936607272e-01
5.775632461905479964e-01
6.078794792294501814e-01
5.797034117579460410e-01
3.834605443477630549e-01
3.970316202938556915e-01
3.972945918142795629e-01
4.085349267721176125e-01
4.116560830175876595e-01
4.437912178039550848e-01
4.404985666275024192e-01
2.567531734704971424e-01
2.637402155995369202e-01
2.720039227604866272e-01
2.629482223093509430e-01
3.129649606347084112e-01
2.919536807388067312e-01
3.132257920503616067e-01
1.751138199120760020e-01
1.619528010487556458e-01
1.981247407943010352e-01
1.964085046947002533e-01
2.047463361918926139e-01
2.017104996368289105e-01
2.041500296443700679e-01
1.125337340310215983e-01
1.374441193230450109e-01
1.373579022288322349e-01
1.583031613007187810e-01
1.565114632621407431e-01
1.676731792651116881e-01
1.931305934116244183e-01
1.077495588734745935e-01
1.211541129462420929e-01
1.301282727718353349e-01
1.245097153447568411e-01
1.139224572852253897e-01
1.496852026507258515e-01
1.359197858162224382e-01
8.898708248510957264e-02
9.373377289623022190e-02
8.745799511671066562e-02
1.060374347679317042e-01
1.171496251318603771e-01
1.063904645666480103e-01
1.333015869557857558e-01
8.712268380448222327e-02
9.110309752635657732e-02
8.614984577521682396e-02
1.047809314914047718e-01
1.151800755597651021e-01
1.005883367080241397e-01
1.035887818410992645e-01
8.801197927445172930e-02
8.472597568295896220e-02
9.020614830777048954e-02
9.034417996183037591e-02
9.843174396548420857e-02
9.479395762085914001e-02
1.046502724662423112e-01
7.022866451647132024e-02
8.649265615735203527e-02
8.994540618266910759e-02
7.349809592124074975e-02
9.038303578738123012e-02
8.989059980958699625e-02
9.622150542214512325e-02
6.519790544640273466e-02
6.973420501220971290e-02
6.980383849469945501e-02
7.307571398559957465e-02
7.689806282520293690e-02
8.931669178884477089e-02
7.983548101969063782e-02
7.086676606442779414e-02
6.444346056028735226e-02
7.398834043182432596e-02
8.731941360048950385e-02
7.246840575942770091e-02
7.514308396028354653e-02
8.308652107603847758e-02
6.579668172867968179e-02
6.257582895224914066e-02
7.291880808770656586e-02
7.684348840732127539e-02
8.339000141248106845e-02
8.578099328558891346e-02
9.954968837089836486e-02
