7.121248245239257812e-01
7.016698122024536133e-01
6.907349824905395508e-01
6.791986823081970215e-01
6.677633523941040039e-01
6.555527448654174805e-01
6.409559845924377441e-01
6.270987987518310547e-01
6.102917194366455078e-01
5.924533605575561523e-01
5.726891756057739258e-01
5.503616333007812500e-01
5.273864865303039551e-01
4.999047815799713135e-01
4.777435958385467529e-01
4.456760585308074951e-01
4.206422865390777588e-01
3.905472755432128906e-01
3.682184219360351562e-01
3.525432646274566650e-01
3.282377421855926514e-01
3.156827986240386963e-01
3.152960538864135742e-01
3.126188516616821289e-01
3.367334306240081787e-01
3.259176313877105713e-01
3.174290955066680908e-01
3.202266097068786621e-01
3.025242686271667480e-01
2.897321283817291260e-01
2.837837338447570801e-01
2.758864760398864746e-01
2.808012366294860840e-01
2.722744047641754150e-01
2.756220698356628418e-01
2.732191979885101318e-01
2.680972814559936523e-01
2.716347575187683105e-01
2.691499888896942139e-01
2.645972669124603271e-01
2.658798098564147949e-01
2.590918242931365967e-01
2.586590051651000977e-01
2.541951239109039307e-01
2.511804699897766113e-01
2.510690391063690186e-01
2.451887130737304688e-01
2.431478500366210938e-01
2.443317025899887085e-01
2.453792989253997803e-01
2.420966327190399170e-01
2.395668774843215942e-01
2.359000593423843384e-01
2.371760606765747070e-01
2.331519424915313721e-01
2.315940111875534058e-01
2.276881933212280273e-01
2.300451844930648804e-01
2.284829616546630859e-01
2.241857796907424927e-01
2.295363247394561768e-01
2.238573431968688965e-01
2.216091006994247437e-01
2.235112488269805908e-01
2.185113131999969482e-01
2.212943285703659058e-01
2.245745360851287842e-01
2.183133363723754883e-01
2.115854024887084961e-01
2.135892361402511597e-01
2.150498032569885254e-01
2.111318558454513550e-01
2.075354158878326416e-01
2.069696038961410522e-01
2.118521779775619507e-01
2.073571532964706421e-01
2.086019814014434814e-01
2.055800259113311768e-01
2.029739320278167725e-01
2.021458148956298828e-01
2.037053406238555908e-01
1.999007165431976318e-01
1.987460553646087646e-01
2.024961709976196289e-01
1.977372765541076660e-01
1.971569955348968506e-01
1.940062493085861206e-01
1.952179074287414551e-01
1.922522038221359253e-01
1.926766186952590942e-01
1.911616325378417969e-01
1.916390955448150635e-01
1.950093209743499756e-01
1.880515068769454956e-01
1.891599446535110474e-01
1.858333349227905273e-01
1.878069639205932617e-01
1.884873807430267334e-01
1.824305951595306396e-01
1.939260363578796387e-01
4.091600477695465088e-01
4.070039391517639160e-01
4.036677777767181396e-01
4.034120738506317139e-01
4.043011963367462158e-01
3.980014920234680176e-01
3.987618982791900635e-01
4.000952541828155518e-01
3.959333598613739014e-01
3.957446515560150146e-01
3.975822925567626953e-01
3.916485011577606201e-01
3.931045830249786377e-01
3.903362154960632324e-01
3.882443904876708984e-01
3.894234597682952881e-01
3.884433507919311523e-01
3.825858533382415771e-01
3.895130157470703125e-01
3.854975700378417969e-01
3.871766030788421631e-01
3.839037716388702393e-01
3.825178444385528564e-01
3.806334435939788818e-01
3.805103600025177002e-01
3.807625472545623779e-01
3.771413266658782959e-01
3.773460090160369873e-01
3.747371733188629150e-01
3.732385635375976562e-01
3.735715150833129883e-01
3.863012790679931641e-01
3.721635937690734863e-01
3.934880197048187256e-01
3.732409179210662842e-01
3.716490864753723145e-01
3.753536641597747803e-01
3.707703053951263428e-01
3.719233572483062744e-01
3.677674233913421631e-01
3.686765432357788086e-01
3.673987686634063721e-01
3.674494922161102295e-01
3.687821030616760254e-01
3.689782321453094482e-01
3.615478277206420898e-01
3.621433377265930176e-01
3.677537441253662109e-01
3.581247329711914062e-01
3.633931875228881836e-01
3.605188131332397461e-01
3.634853065013885498e-01
3.600671887397766113e-01
3.570163846015930176e-01
3.595263957977294922e-01
3.558369576930999756e-01
3.537268936634063721e-01
3.607261478900909424e-01
3.559463620185852051e-01
3.530608117580413818e-01
3.500596284866333008e-01
3.499299287796020508e-01
3.461621403694152832e-01
3.546527624130249023e-01
3.522371351718902588e-01
3.523959815502166748e-01
3.487120270729064941e-01
3.447422683238983154e-01
3.466929197311401367e-01
3.479062318801879883e-01
3.438608944416046143e-01
3.413479328155517578e-01
3.456276655197143555e-01
3.418910801410675049e-01
3.460472822189331055e-01
3.441309332847595215e-01
3.423393964767456055e-01
3.402646481990814209e-01
3.399460315704345703e-01
3.384555578231811523e-01
3.408673703670501709e-01
3.337410390377044678e-01
3.408735394477844238e-01
3.373956084251403809e-01
3.380992412567138672e-01
3.387918472290039062e-01
3.301929831504821777e-01
3.325070738792419434e-01
3.327064812183380127e-01
3.331641256809234619e-01
3.347658216953277588e-01
3.335960209369659424e-01
3.300193846225738525e-01
3.279120624065399170e-01
3.264220356941223145e-01
3.253007531166076660e-01
3.251690268516540527e-01
3.287855088710784912e-01
3.290062248706817627e-01
3.278201520442962646e-01
3.261962234973907471e-01
3.276027143001556396e-01
3.261381089687347412e-01
3.249383866786956787e-01
3.213133215904235840e-01
3.193606436252593994e-01
3.194251060485839844e-01
3.237471580505371094e-01
3.210239112377166748e-01
3.238819241523742676e-01
3.184868395328521729e-01
3.199001848697662354e-01
3.221729993820190430e-01
3.186425566673278809e-01
3.181436955928802490e-01
3.115702271461486816e-01
3.142347931861877441e-01
3.124164640903472900e-01
3.179086446762084961e-01
3.180197775363922119e-01
3.111963570117950439e-01
3.168236911296844482e-01
3.170306980609893799e-01
3.136717081069946289e-01
3.135151565074920654e-01
3.133353888988494873e-01
3.118091821670532227e-01
3.146415352821350098e-01
3.072798252105712891e-01
3.144215345382690430e-01
3.083433508872985840e-01
3.094222247600555420e-01
3.057776689529418945e-01
3.108638525009155273e-01
3.103320300579071045e-01
3.099499940872192383e-01
3.081126809120178223e-01
3.039469122886657715e-01
3.083064556121826172e-01
3.084671199321746826e-01
2.992874383926391602e-01
3.043483495712280273e-01
3.051070570945739746e-01
3.081460893154144287e-01
3.052760958671569824e-01
3.006977438926696777e-01
2.998222708702087402e-01
3.050788938999176025e-01
3.007271289825439453e-01
3.013435006141662598e-01
3.005828857421875000e-01
3.036877512931823730e-01
2.993352115154266357e-01
2.983746826648712158e-01
3.005586862564086914e-01
2.982637286186218262e-01
2.993537485599517822e-01
3.004069626331329346e-01
3.011674582958221436e-01
3.013145923614501953e-01
2.976201474666595459e-01
2.969286441802978516e-01
2.998584806919097900e-01
2.963579893112182617e-01
2.958788275718688965e-01
2.933299839496612549e-01
2.973864078521728516e-01
3.002254664897918701e-01
2.968735992908477783e-01
2.959923148155212402e-01
2.946251332759857178e-01
2.917081117630004883e-01
2.934861779212951660e-01
2.930673062801361084e-01
2.932500839233398438e-01
2.948981523513793945e-01
2.952569723129272461e-01
2.940700352191925049e-01
2.894770205020904541e-01
2.931087911128997803e-01
2.919227778911590576e-01
2.918146550655364990e-01
2.937238216400146484e-01
2.868758141994476318e-01
2.935712337493896484e-01
2.886610329151153564e-01
2.901169359683990479e-01
2.904269099235534668e-01
2.876663208007812500e-01
2.896244823932647705e-01
2.871448695659637451e-01
2.898405194282531738e-01
2.853284478187561035e-01
2.893274724483489990e-01
2.875326275825500488e-01
2.891042232513427734e-01
2.866171300411224365e-01
2.876123189926147461e-01
2.861118614673614502e-01
2.859518826007843018e-01
2.846561670303344727e-01
2.830224335193634033e-01
2.811651229858398438e-01
2.862676680088043213e-01
2.816040217876434326e-01
2.843889296054840088e-01
2.821126878261566162e-01
2.828666567802429199e-01
2.835941314697265625e-01
2.822164893150329590e-01
2.842835783958435059e-01
2.814450562000274658e-01
2.815700471401214600e-01
2.822858095169067383e-01
2.825712263584136963e-01
2.813415527343750000e-01
2.831443548202514648e-01
2.788825929164886475e-01
2.827697098255157471e-01
2.792852222919464111e-01
2.811069190502166748e-01
2.803288996219635010e-01
2.792652845382690430e-01
2.821817994117736816e-01
2.799720466136932373e-01
2.788271605968475342e-01
2.782132029533386230e-01
2.775756418704986572e-01
2.790870070457458496e-01
2.765195965766906738e-01
2.792973518371582031e-01
2.782988846302032471e-01
2.734340131282806396e-01
2.769015431404113770e-01
2.739737331867218018e-01
2.777948379516601562e-01
2.786871194839477539e-01
2.735999524593353271e-01
2.802805602550506592e-01
2.782244086265563965e-01
2.744296193122863770e-01
2.710663676261901855e-01
2.737299501895904541e-01
2.769588232040405273e-01
2.739289402961730957e-01
2.725842893123626709e-01
2.732254266738891602e-01
2.716229259967803955e-01
2.742216289043426514e-01
2.748342454433441162e-01
2.716020941734313965e-01
2.701538503170013428e-01
2.739405333995819092e-01
2.725879848003387451e-01
2.739555835723876953e-01
2.720124423503875732e-01
2.701197266578674316e-01
2.702645659446716309e-01
2.713272273540496826e-01
2.712262868881225586e-01
2.694264352321624756e-01
2.678298950195312500e-01
2.705669403076171875e-01
2.676292955875396729e-01
2.685077786445617676e-01
2.680000364780426025e-01
2.697314023971557617e-01
2.707811594009399414e-01
2.689965963363647461e-01
2.669317722320556641e-01
2.696820199489593506e-01
2.713136374950408936e-01
2.670732140541076660e-01
2.695576250553131104e-01
2.661502957344055176e-01
2.689848244190216064e-01
2.674963176250457764e-01
2.661323249340057373e-01
2.661228179931640625e-01
2.688731551170349121e-01
2.625253200531005859e-01
2.641072571277618408e-01
2.642318010330200195e-01
2.644390463829040527e-01
2.637899219989776611e-01
2.621377110481262207e-01
2.654488086700439453e-01
2.648007869720458984e-01
2.655259668827056885e-01
2.667601108551025391e-01
2.620545625686645508e-01
2.642694413661956787e-01
2.632677853107452393e-01
2.606675028800964355e-01
2.653536498546600342e-01
2.629933059215545654e-01
2.653783857822418213e-01
2.629399299621582031e-01
2.646442651748657227e-01
2.659519314765930176e-01
2.620287835597991943e-01
2.616553008556365967e-01
2.654766142368316650e-01
2.622454166412353516e-01
2.588537037372589111e-01
2.617928087711334229e-01
2.585841417312622070e-01
2.619539201259613037e-01
2.637129127979278564e-01
2.596402466297149658e-01
2.580700516700744629e-01
2.600764632225036621e-01
2.622106969356536865e-01
2.567976117134094238e-01
2.550495862960815430e-01
2.606254816055297852e-01
2.586933076381683350e-01
2.584306597709655762e-01
2.593315243721008301e-01
2.569549381732940674e-01
2.614909708499908447e-01
2.630771100521087646e-01
2.603104412555694580e-01
2.565652430057525635e-01
2.552621662616729736e-01
2.576131224632263184e-01
2.579804658889770508e-01
2.572726011276245117e-01
2.558066248893737793e-01
2.577326595783233643e-01
2.568728923797607422e-01
2.548560202121734619e-01
2.598243653774261475e-01
2.569471299648284912e-01
2.549080550670623779e-01
2.555795013904571533e-01
2.591691017150878906e-01
2.564472258090972900e-01
2.528306841850280762e-01
2.603258788585662842e-01
2.561537325382232666e-01
2.572684586048126221e-01
2.558049559593200684e-01
2.550370693206787109e-01
2.540661394596099854e-01
2.560278773307800293e-01
2.548702061176300049e-01
2.530635595321655273e-01
2.530272305011749268e-01
2.517926096916198730e-01
2.537978291511535645e-01
2.518801391124725342e-01
2.535796761512756348e-01
2.548589706420898438e-01
2.510193884372711182e-01
2.528357803821563721e-01
2.518329918384552002e-01
2.533739805221557617e-01
2.488056719303131104e-01
2.518289387226104736e-01
2.536708712577819824e-01
2.519788444042205811e-01
2.544228434562683105e-01
2.536119818687438965e-01
2.544605135917663574e-01
2.528867423534393311e-01
2.519735991954803467e-01
2.520579099655151367e-01
2.530510127544403076e-01
2.524807453155517578e-01
2.531968951225280762e-01
2.477165311574935913e-01
2.492850571870803833e-01
2.502508163452148438e-01
2.496425956487655640e-01
2.534169554710388184e-01
2.524915039539337158e-01
2.488636374473571777e-01
2.542176842689514160e-01
2.508076131343841553e-01
2.521176934242248535e-01
2.489908486604690552e-01
2.511259913444519043e-01
2.540796697139739990e-01
2.491509765386581421e-01
2.488368749618530273e-01
2.493693083524703979e-01
2.473308593034744263e-01
2.461195290088653564e-01
2.501760125160217285e-01
2.468827068805694580e-01
2.503558695316314697e-01
2.486106455326080322e-01
2.473185509443283081e-01
2.525085508823394775e-01
2.498758584260940552e-01
2.472010403871536255e-01
2.471259087324142456e-01
2.479214370250701904e-01
2.498940676450729370e-01
2.450274527072906494e-01
2.484792321920394897e-01
2.490773797035217285e-01
2.468173056840896606e-01
2.459629625082015991e-01
2.441678941249847412e-01
2.448403984308242798e-01
2.484038621187210083e-01
2.467657476663589478e-01
2.449503988027572632e-01
2.471354901790618896e-01
2.472498714923858643e-01
2.467270493507385254e-01
2.460987716913223267e-01
2.451874762773513794e-01
2.441480159759521484e-01
2.457785308361053467e-01
2.441821694374084473e-01
2.453461885452270508e-01
2.454601228237152100e-01
2.469333410263061523e-01
2.447939515113830566e-01
2.457239180803298950e-01
2.455698102712631226e-01
2.485873848199844360e-01
2.458741813898086548e-01
2.423669993877410889e-01
2.447901517152786255e-01
2.423516511917114258e-01
2.425664365291595459e-01
2.427255809307098389e-01
2.412241548299789429e-01
2.445725053548812866e-01
2.436938881874084473e-01
2.425578236579895020e-01
2.416401654481887817e-01
2.446395754814147949e-01
2.452441304922103882e-01
2.412446886301040649e-01
2.445998340845108032e-01
2.422314435243606567e-01
2.438446581363677979e-01
2.422476708889007568e-01
2.430697232484817505e-01
2.417776435613632202e-01
2.421287298202514648e-01
2.402582764625549316e-01
2.448896914720535278e-01
2.407312840223312378e-01
2.398954927921295166e-01
2.414501756429672241e-01
2.414454966783523560e-01
2.431154102087020874e-01
2.416401654481887817e-01
2.395516932010650635e-01
2.418957054615020752e-01
2.391029149293899536e-01
2.439173012971878052e-01
2.410184293985366821e-01
2.372453659772872925e-01
2.408278435468673706e-01
2.394185960292816162e-01
2.402531206607818604e-01
2.426481842994689941e-01
2.396694421768188477e-01
2.386120557785034180e-01
2.422721683979034424e-01
2.379449307918548584e-01
2.405755668878555298e-01
2.398350089788436890e-01
2.409276366233825684e-01
2.406073659658432007e-01
2.422719448804855347e-01
2.423666417598724365e-01
2.405308634042739868e-01
2.402015030384063721e-01
2.426353842020034790e-01
2.411058694124221802e-01
2.397292107343673706e-01
2.377574443817138672e-01
2.413439154624938965e-01
2.422019243240356445e-01
2.384293228387832642e-01
2.375712096691131592e-01
2.381249219179153442e-01
2.413756549358367920e-01
2.394222915172576904e-01
2.390381842851638794e-01
2.401967644691467285e-01
2.413185238838195801e-01
2.381017804145812988e-01
2.392495721578598022e-01
2.387068420648574829e-01
2.386904060840606689e-01
2.379821091890335083e-01
2.410153001546859741e-01
2.390705943107604980e-01
2.402110546827316284e-01
2.384914457798004150e-01
2.396175116300582886e-01
2.343649715185165405e-01
2.379791736602783203e-01
2.386593520641326904e-01
2.380865961313247681e-01
2.338379621505737305e-01
2.360101491212844849e-01
2.389073371887207031e-01
2.401790171861648560e-01
2.377156019210815430e-01
2.357473969459533691e-01
2.382023334503173828e-01
2.373690605163574219e-01
2.390764504671096802e-01
2.385939508676528931e-01
2.332189381122589111e-01
2.338097691535949707e-01
2.370573431253433228e-01
2.371605038642883301e-01
2.374580353498458862e-01
2.378200441598892212e-01
2.384799867868423462e-01
2.384384125471115112e-01
2.377243041992187500e-01
2.373407781124114990e-01
2.366134971380233765e-01
2.374051362276077271e-01
2.369353622198104858e-01
2.346597313880920410e-01
2.355731576681137085e-01
2.369437515735626221e-01
2.361123412847518921e-01
2.340142577886581421e-01
2.344939410686492920e-01
2.336613535881042480e-01
2.328197360038757324e-01
2.356006056070327759e-01
2.362418621778488159e-01
2.391173690557479858e-01
2.351298183202743530e-01
2.352189123630523682e-01
2.375619858503341675e-01
2.345964014530181885e-01
2.347896248102188110e-01
2.358404695987701416e-01
2.340749353170394897e-01
2.321702539920806885e-01
2.333752065896987915e-01
2.362312525510787964e-01
2.337688952684402466e-01
2.332560569047927856e-01
2.341387122869491577e-01
2.334168702363967896e-01
2.355452328920364380e-01
2.342063486576080322e-01
2.388945817947387695e-01
2.328045517206192017e-01
2.313341349363327026e-01
2.322653234004974365e-01
2.341622263193130493e-01
2.359023243188858032e-01
2.337167710065841675e-01
2.349582910537719727e-01
2.306362241506576538e-01
2.321423441171646118e-01
2.313325852155685425e-01
2.304381579160690308e-01
2.341149896383285522e-01
2.350935190916061401e-01
2.328023910522460938e-01
2.338191419839859009e-01
2.344150990247726440e-01
2.349584400653839111e-01
2.324222624301910400e-01
2.345595508813858032e-01
2.327808588743209839e-01
2.311406731605529785e-01
2.331949919462203979e-01
2.326931804418563843e-01
2.326455861330032349e-01
2.332825958728790283e-01
2.344321906566619873e-01
2.310529649257659912e-01
2.304423451423645020e-01
2.334464937448501587e-01
2.312783151865005493e-01
2.317613959312438965e-01
2.314236909151077271e-01
2.283212989568710327e-01
2.307555228471755981e-01
2.317002564668655396e-01
2.313884794712066650e-01
2.306672930717468262e-01
2.322153151035308838e-01
2.328263521194458008e-01
2.328027784824371338e-01
2.303470373153686523e-01
2.305976152420043945e-01
2.302292287349700928e-01
2.309364825487136841e-01
2.311288863420486450e-01
2.317015826702117920e-01
2.308598458766937256e-01
2.321929782629013062e-01
2.282315045595169067e-01
2.320605367422103882e-01
2.317286729812622070e-01
2.310014516115188599e-01
2.320179641246795654e-01
2.289642989635467529e-01
2.290298342704772949e-01
2.285035401582717896e-01
2.296679317951202393e-01
2.293320894241333008e-01
2.343722581863403320e-01
2.300930470228195190e-01
2.283194214105606079e-01
2.315910607576370239e-01
2.295765429735183716e-01
2.281167358160018921e-01
2.292431741952896118e-01
2.306021451950073242e-01
2.296503037214279175e-01
2.290008664131164551e-01
2.271021902561187744e-01
2.310431003570556641e-01
2.274241894483566284e-01
2.289939671754837036e-01
2.278998792171478271e-01
2.306356430053710938e-01
2.283510267734527588e-01
2.274734973907470703e-01
2.332175225019454956e-01
2.262432128190994263e-01
2.279133200645446777e-01
2.319111227989196777e-01
2.281707674264907837e-01
2.297690063714981079e-01
2.293003648519515991e-01
2.266358286142349243e-01
2.277382612228393555e-01
2.261916399002075195e-01
2.299040853977203369e-01
2.285375744104385376e-01
2.322152256965637207e-01
2.287138253450393677e-01
2.285883724689483643e-01
2.297632843255996704e-01
2.286120802164077759e-01
2.295388728380203247e-01
2.295236438512802124e-01
2.290256321430206299e-01
2.301918268203735352e-01
2.321106940507888794e-01
2.285141497850418091e-01
2.272113263607025146e-01
2.255377620458602905e-01
2.286837697029113770e-01
2.294510304927825928e-01
2.290606796741485596e-01
2.279798239469528198e-01
2.290007174015045166e-01
2.290965169668197632e-01
2.263731211423873901e-01
2.240647822618484497e-01
2.261472940444946289e-01
2.264118492603302002e-01
2.253788262605667114e-01
2.291806340217590332e-01
2.274177819490432739e-01
2.254785895347595215e-01
2.280177623033523560e-01
2.259859144687652588e-01
2.254081666469573975e-01
2.238163203001022339e-01
2.279008030891418457e-01
2.262387871742248535e-01
2.259866148233413696e-01
2.238357365131378174e-01
2.273683696985244751e-01
2.281994819641113281e-01
2.240853458642959595e-01
2.225400060415267944e-01
2.236054539680480957e-01
2.264915406703948975e-01
2.289232313632965088e-01
2.258682996034622192e-01
2.263474315404891968e-01
2.262502610683441162e-01
2.262236326932907104e-01
2.266798019409179688e-01
2.239320427179336548e-01
2.218101918697357178e-01
2.239101678133010864e-01
2.248648405075073242e-01
2.237849384546279907e-01
2.273010462522506714e-01
2.279720604419708252e-01
2.249077260494232178e-01
2.255261391401290894e-01
2.285227179527282715e-01
2.258728444576263428e-01
2.229927927255630493e-01
2.236532270908355713e-01
2.270583808422088623e-01
2.243991345167160034e-01
2.236472964286804199e-01
2.254611998796463013e-01
2.256071716547012329e-01
2.240592092275619507e-01
2.245447039604187012e-01
2.224204093217849731e-01
2.230455726385116577e-01
2.274708151817321777e-01
2.249235957860946655e-01
2.226036190986633301e-01
2.252817004919052124e-01
2.238174378871917725e-01
2.251359820365905762e-01
2.230701595544815063e-01
2.214604169130325317e-01
2.270005047321319580e-01
2.241963446140289307e-01
2.251442670822143555e-01
2.240800112485885620e-01
2.222380787134170532e-01
2.209436595439910889e-01
2.230601608753204346e-01
2.223886400461196899e-01
2.233313620090484619e-01
2.251819223165512085e-01
2.212548702955245972e-01
2.242721170186996460e-01
2.249818593263626099e-01
2.199821770191192627e-01
2.241401672363281250e-01
2.221135944128036499e-01
2.223049104213714600e-01
2.228194773197174072e-01
2.214872092008590698e-01
2.237826734781265259e-01
2.215497195720672607e-01
2.231836169958114624e-01
2.250091433525085449e-01
2.204395234584808350e-01
2.236714512109756470e-01
2.209693193435668945e-01
2.215980738401412964e-01
2.253363728523254395e-01
2.205130159854888916e-01
2.181953936815261841e-01
2.209534943103790283e-01
2.226567715406417847e-01
2.213652729988098145e-01
2.214726060628890991e-01
2.216665297746658325e-01
2.227458804845809937e-01
2.216536253690719604e-01
2.215522527694702148e-01
2.226757407188415527e-01
2.223125547170639038e-01
2.205934375524520874e-01
2.215923964977264404e-01
2.240369319915771484e-01
2.222905158996582031e-01
2.199146151542663574e-01
2.211545258760452271e-01
2.217960655689239502e-01
2.215784341096878052e-01
2.223471105098724365e-01
2.226291596889495850e-01
2.206870019435882568e-01
2.213738560676574707e-01
2.198348194360733032e-01
2.200581282377243042e-01
2.203504443168640137e-01
2.213102132081985474e-01
2.225002050399780273e-01
2.197702080011367798e-01
2.251068651676177979e-01
2.229163050651550293e-01
2.225234210491180420e-01
2.175196111202239990e-01
2.189645469188690186e-01
2.191476374864578247e-01
2.203391343355178833e-01
2.204266637563705444e-01
2.200720459222793579e-01
2.203059494495391846e-01
2.185302376747131348e-01
2.191240936517715454e-01
2.210686653852462769e-01
2.230790704488754272e-01
2.187501639127731323e-01
2.211739867925643921e-01
2.190515398979187012e-01
2.207633554935455322e-01
2.168941199779510498e-01
2.210124135017395020e-01
2.178780436515808105e-01
2.205858826637268066e-01
2.193698137998580933e-01
2.181468904018402100e-01
2.202854156494140625e-01
2.186449915170669556e-01
2.196005880832672119e-01
2.184866070747375488e-01
2.175490707159042358e-01
2.194850444793701172e-01
2.186243236064910889e-01
2.186723798513412476e-01
2.214255779981613159e-01
2.182080745697021484e-01
2.182330638170242310e-01
2.197336107492446899e-01
2.190054804086685181e-01
2.186898142099380493e-01
2.166959494352340698e-01
2.167865484952926636e-01
2.171752899885177612e-01
2.167099118232727051e-01
2.157913893461227417e-01
2.201301157474517822e-01
2.205161452293395996e-01
2.175879031419754028e-01
2.173356264829635620e-01
2.172018885612487793e-01
2.195162475109100342e-01
2.203397601842880249e-01
2.208856344223022461e-01
2.173749953508377075e-01
2.193280458450317383e-01
2.163685709238052368e-01
2.183174341917037964e-01
2.169370055198669434e-01
2.197482436895370483e-01
2.184770405292510986e-01
2.166046947240829468e-01
2.163862735033035278e-01
2.171312123537063599e-01
2.159100323915481567e-01
2.156567573547363281e-01
2.185424864292144775e-01
2.198168784379959106e-01
2.238779515027999878e-01
2.184919267892837524e-01
2.140142917633056641e-01
2.161144912242889404e-01
2.161757647991180420e-01
2.165567427873611450e-01
2.152461856603622437e-01
2.165861129760742188e-01
2.181412130594253540e-01
2.151216268539428711e-01
2.172829061746597290e-01
2.164056301116943359e-01
2.179116457700729370e-01
2.168569564819335938e-01
2.171286791563034058e-01
2.174992561340332031e-01
2.153287529945373535e-01
2.150792628526687622e-01
2.189029604196548462e-01
2.162888646125793457e-01
2.168536782264709473e-01
2.170508056879043579e-01
2.148764878511428833e-01
2.175276428461074829e-01
2.162367999553680420e-01
2.153577655553817749e-01
2.149567455053329468e-01
2.159060686826705933e-01
2.184040993452072144e-01
2.163221240043640137e-01
2.186890542507171631e-01
2.132062911987304688e-01
2.175236940383911133e-01
2.133862227201461792e-01
2.135706841945648193e-01
2.165990769863128662e-01
2.163054496049880981e-01
2.182954251766204834e-01
2.155066430568695068e-01
2.157267183065414429e-01
2.177997529506683350e-01
2.151745855808258057e-01
2.144678384065628052e-01
2.131224721670150757e-01
2.166297137737274170e-01
2.116838991641998291e-01
2.144813388586044312e-01
2.149921357631683350e-01
2.145450413227081299e-01
2.143164575099945068e-01
2.155458629131317139e-01
2.157095670700073242e-01
2.118370532989501953e-01
2.154569327831268311e-01
2.165874838829040527e-01
2.158177196979522705e-01
2.155730724334716797e-01
2.132638990879058838e-01
2.127647995948791504e-01
2.132432311773300171e-01
2.132939398288726807e-01
2.168767601251602173e-01
2.152605205774307251e-01
2.138221412897109985e-01
2.156354635953903198e-01
2.142849266529083252e-01
2.136218994855880737e-01
2.146589159965515137e-01
2.163896113634109497e-01
2.115370482206344604e-01
2.131874263286590576e-01
2.117248922586441040e-01
2.124087661504745483e-01
2.144114226102828979e-01
2.107540369033813477e-01
2.127186506986618042e-01
2.125313431024551392e-01
2.125334292650222778e-01
2.131333798170089722e-01
2.118344306945800781e-01
2.141396701335906982e-01
2.131912559270858765e-01
2.150274813175201416e-01
2.101445198059082031e-01
2.127178460359573364e-01
2.137082219123840332e-01
2.118843197822570801e-01
2.125164121389389038e-01
2.115758806467056274e-01
2.128583341836929321e-01
2.145112454891204834e-01
2.165815830230712891e-01
2.129852920770645142e-01
2.163027673959732056e-01
2.151285111904144287e-01
2.115308195352554321e-01
2.106642574071884155e-01
2.157924324274063110e-01
2.108811885118484497e-01
2.108718305826187134e-01
2.143145948648452759e-01
2.128031551837921143e-01
2.104608714580535889e-01
2.109379470348358154e-01
2.117368429899215698e-01
2.115522474050521851e-01
2.124415189027786255e-01
2.105594277381896973e-01
2.143040299415588379e-01
2.112570554018020630e-01
2.121372073888778687e-01
2.096790671348571777e-01
2.131292074918746948e-01
2.121365219354629517e-01
2.124566882848739624e-01
2.122185230255126953e-01
2.108969539403915405e-01
2.134938240051269531e-01
2.138991951942443848e-01
2.118233442306518555e-01
2.113250046968460083e-01
2.103416621685028076e-01
2.093895673751831055e-01
2.122696638107299805e-01
2.106868326663970947e-01
2.117819190025329590e-01
2.138532847166061401e-01
2.123927623033523560e-01
2.102253139019012451e-01
2.111738920211791992e-01
2.108823210000991821e-01
2.110687643289566040e-01
2.088670879602432251e-01
2.094572186470031738e-01
2.126674652099609375e-01
2.111117094755172729e-01
2.095091938972473145e-01
2.074316143989562988e-01
2.100072503089904785e-01
2.075960636138916016e-01
2.103141844272613525e-01
2.137857526540756226e-01
2.120077162981033325e-01
2.121707946062088013e-01
2.075950652360916138e-01
2.088435590267181396e-01
2.110650688409805298e-01
2.135042846202850342e-01
2.109751105308532715e-01
2.105959355831146240e-01
2.127374410629272461e-01
2.133377045392990112e-01
2.109390050172805786e-01
2.104025781154632568e-01
2.116738557815551758e-01
2.090682834386825562e-01
2.073881924152374268e-01
2.091308683156967163e-01
2.101712673902511597e-01
2.101004570722579956e-01
2.104241698980331421e-01
2.119370996952056885e-01
2.065696418285369873e-01
2.102378755807876587e-01
2.131253927946090698e-01
2.116648852825164795e-01
2.084577679634094238e-01
2.096579074859619141e-01
2.112504243850708008e-01
2.095688581466674805e-01
2.107266485691070557e-01
2.081869393587112427e-01
2.118081003427505493e-01
2.109553217887878418e-01
2.101185619831085205e-01
2.119581848382949829e-01
2.061803191900253296e-01
2.086783647537231445e-01
2.079089432954788208e-01
2.093681693077087402e-01
2.089425772428512573e-01
2.089629024267196655e-01
2.077168226242065430e-01
2.091861218214035034e-01
2.082367241382598877e-01
2.083815932273864746e-01
2.087893038988113403e-01
2.093484252691268921e-01
2.088291198015213013e-01
2.066688835620880127e-01
2.076551467180252075e-01
2.084301263093948364e-01
2.109589427709579468e-01
2.071579992771148682e-01
2.109439522027969360e-01
2.091429978609085083e-01
2.079903334379196167e-01
2.090843766927719116e-01
2.071478515863418579e-01
2.081503421068191528e-01
2.074401676654815674e-01
2.084992676973342896e-01
2.086606472730636597e-01
2.102761268615722656e-01
2.073868662118911743e-01
2.076556533575057983e-01
2.099623531103134155e-01
2.065874785184860229e-01
2.079748958349227905e-01
2.073502689599990845e-01
2.069031447172164917e-01
2.041889429092407227e-01
2.093265503644943237e-01
2.102242410182952881e-01
2.083730101585388184e-01
2.040860652923583984e-01
2.066727578639984131e-01
2.097297757863998413e-01
2.058571428060531616e-01
2.063221037387847900e-01
2.060682624578475952e-01
2.101498246192932129e-01
2.078088074922561646e-01
2.048268616199493408e-01
2.055232524871826172e-01
2.086877077817916870e-01
2.052197754383087158e-01
2.096307426691055298e-01
2.071377038955688477e-01
2.066060602664947510e-01
2.051611840724945068e-01
2.041476368904113770e-01
2.065898627042770386e-01
2.068274170160293579e-01
2.057647854089736938e-01
2.076059132814407349e-01
2.075470834970474243e-01
2.085129469633102417e-01
2.062513977289199829e-01
2.090112417936325073e-01
2.060290277004241943e-01
2.061270475387573242e-01
2.040855884552001953e-01
2.077643871307373047e-01
2.074196040630340576e-01
2.084982693195343018e-01
2.077240496873855591e-01
2.090098410844802856e-01
2.052765190601348877e-01
2.080658823251724243e-01
2.083866894245147705e-01
2.060792446136474609e-01
2.087025642395019531e-01
2.079439759254455566e-01
2.069678604602813721e-01
2.062217593193054199e-01
2.054821848869323730e-01
2.020937651395797729e-01
2.059269547462463379e-01
2.082096338272094727e-01
2.057830691337585449e-01
2.041071206331253052e-01
2.094943374395370483e-01
2.034332752227783203e-01
2.055218964815139771e-01
2.026863694190979004e-01
2.047232240438461304e-01
2.062953412532806396e-01
2.058202773332595825e-01
2.066365629434585571e-01
2.047869265079498291e-01
2.074002623558044434e-01
2.037914842367172241e-01
2.040314227342605591e-01
2.048035562038421631e-01
2.061408907175064087e-01
2.065278291702270508e-01
2.050131857395172119e-01
2.061661779880523682e-01
2.037506997585296631e-01
2.050460129976272583e-01
2.030915766954421997e-01
2.052373588085174561e-01
2.045536786317825317e-01
2.025139927864074707e-01
2.055424004793167114e-01
2.061678022146224976e-01
2.049338817596435547e-01
2.073990255594253540e-01
2.035810500383377075e-01
2.052395492792129517e-01
2.027294635772705078e-01
2.026000469923019409e-01
2.037719637155532837e-01
2.051260024309158325e-01
2.061791568994522095e-01
2.023285627365112305e-01
2.044025659561157227e-01
2.068855166435241699e-01
2.064504474401473999e-01
2.057953625917434692e-01
2.035790979862213135e-01
2.046394348144531250e-01
2.048051804304122925e-01
2.038524597883224487e-01
2.031631618738174438e-01
2.045778036117553711e-01
2.026580870151519775e-01
2.030577659606933594e-01
2.053104639053344727e-01
2.043559402227401733e-01
2.078969180583953857e-01
2.045156806707382202e-01
2.041502892971038818e-01
2.019951492547988892e-01
1.998765617609024048e-01
2.019826024770736694e-01
2.059041708707809448e-01
2.064456194639205933e-01
2.055420875549316406e-01
2.029076516628265381e-01
2.030606567859649658e-01
2.054889351129531860e-01
2.044898271560668945e-01
2.039732486009597778e-01
2.025159597396850586e-01
2.027074247598648071e-01
2.041568607091903687e-01
2.043406516313552856e-01
2.009118050336837769e-01
2.038862407207489014e-01
2.050844281911849976e-01
2.017570286989212036e-01
2.044888436794281006e-01
2.022534161806106567e-01
2.052993178367614746e-01
2.046594172716140747e-01
2.022700458765029907e-01
2.014114409685134888e-01
2.052083313465118408e-01
2.031868249177932739e-01
2.033897191286087036e-01
2.040701210498809814e-01
2.030865550041198730e-01
2.033424824476242065e-01
2.041653245687484741e-01
2.078369855880737305e-01
2.026007920503616333e-01
1.970172524452209473e-01
2.037646323442459106e-01
2.026374340057373047e-01
2.019425630569458008e-01
2.042201459407806396e-01
1.985966712236404419e-01
1.976498216390609741e-01
2.008706629276275635e-01
2.013019621372222900e-01
2.050264179706573486e-01
2.030316591262817383e-01
2.025496810674667358e-01
2.018172740936279297e-01
2.019474953413009644e-01
2.031369507312774658e-01
1.989399641752243042e-01
2.022921890020370483e-01
2.023217678070068359e-01
2.051304578781127930e-01
2.024010270833969116e-01
2.022104561328887939e-01
1.991980820894241333e-01
2.022050917148590088e-01
2.015871107578277588e-01
2.007971256971359253e-01
2.020096331834793091e-01
2.025822103023529053e-01
2.010832428932189941e-01
2.013958990573883057e-01
2.000383138656616211e-01
2.014702409505844116e-01
2.040852606296539307e-01
2.009325176477432251e-01
2.051311284303665161e-01
2.037478834390640259e-01
2.025633454322814941e-01
2.017246037721633911e-01
2.039846628904342651e-01
2.006389796733856201e-01
2.048069834709167480e-01
2.001592218875885010e-01
2.008648663759231567e-01
2.016091942787170410e-01
1.992155611515045166e-01
2.003713399171829224e-01
1.994049549102783203e-01
2.021313756704330444e-01
1.999846845865249634e-01
2.005262374877929688e-01
2.023956775665283203e-01
2.005083858966827393e-01
2.027989476919174194e-01
2.021018564701080322e-01
2.031064331531524658e-01
1.991141587495803833e-01
1.998550295829772949e-01
2.018093317747116089e-01
2.010192573070526123e-01
1.990590989589691162e-01
2.001574337482452393e-01
2.009467035531997681e-01
1.999080479145050049e-01
2.012329697608947754e-01
2.018373459577560425e-01
2.007186710834503174e-01
2.009840160608291626e-01
1.995024234056472778e-01
2.004816830158233643e-01
1.991681158542633057e-01
2.023358345031738281e-01
2.015963345766067505e-01
2.012942135334014893e-01
1.980531662702560425e-01
2.016050964593887329e-01
2.026707828044891357e-01
2.001962065696716309e-01
2.018831074237823486e-01
1.976257115602493286e-01
1.980847418308258057e-01
2.012310773134231567e-01
1.989662051200866699e-01
2.040247619152069092e-01
2.004915177822113037e-01
1.987379491329193115e-01
2.002313286066055298e-01
2.011092454195022583e-01
2.013998478651046753e-01
1.971864253282546997e-01
2.002585530281066895e-01
1.992622464895248413e-01
1.983591914176940918e-01
1.994418948888778687e-01
2.000117301940917969e-01
1.993468850851058960e-01
1.968733966350555420e-01
2.017876654863357544e-01
1.981366574764251709e-01
1.998587399721145630e-01
2.012477219104766846e-01
2.010069787502288818e-01
2.014102339744567871e-01
2.005328536033630371e-01
1.996250301599502563e-01
2.020735144615173340e-01
1.983311921358108521e-01
1.992926001548767090e-01
1.981309354305267334e-01
1.980073302984237671e-01
2.022009044885635376e-01
1.985322833061218262e-01
2.006066441535949707e-01
1.978927403688430786e-01
2.000357806682586670e-01
1.980562955141067505e-01
1.991007328033447266e-01
2.003144323825836182e-01
1.992318481206893921e-01
1.983792781829833984e-01
2.009886354207992554e-01
2.020978629589080811e-01
1.990326046943664551e-01
1.993053704500198364e-01
1.960472911596298218e-01
1.998057514429092407e-01
1.986345946788787842e-01
1.984110623598098755e-01
2.028970569372177124e-01
1.988511681556701660e-01
2.013301998376846313e-01
1.982329040765762329e-01
1.987804323434829712e-01
2.008166313171386719e-01
2.013846635818481445e-01
1.984647214412689209e-01
1.974498182535171509e-01
1.987528055906295776e-01
2.000108212232589722e-01
1.974700540304183960e-01
1.995271742343902588e-01
1.991584002971649170e-01
1.996983587741851807e-01
2.001048326492309570e-01
1.996244639158248901e-01
1.995690912008285522e-01
1.988693922758102417e-01
1.977495402097702026e-01
2.012335360050201416e-01
1.995275616645812988e-01
1.995909661054611206e-01
1.985658109188079834e-01
1.987254470586776733e-01
1.986759901046752930e-01
1.964537203311920166e-01
1.997238248586654663e-01
2.000615000724792480e-01
1.976514309644699097e-01
1.996023505926132202e-01
1.957530528306961060e-01
1.998495906591415405e-01
1.975567191839218140e-01
1.982404738664627075e-01
1.984339803457260132e-01
1.986110657453536987e-01
2.006816267967224121e-01
1.995770037174224854e-01
1.984389722347259521e-01
1.975486874580383301e-01
1.984594762325286865e-01
2.006381750106811523e-01
1.960021555423736572e-01
1.965135037899017334e-01
1.972721070051193237e-01
1.994019448757171631e-01
2.004231959581375122e-01
1.989551931619644165e-01
2.004673928022384644e-01
1.948019415140151978e-01
1.988842040300369263e-01
1.967871189117431641e-01
1.988982856273651123e-01
1.998561918735504150e-01
1.972038745880126953e-01
1.987873315811157227e-01
1.966817677021026611e-01
1.952884197235107422e-01
1.984296143054962158e-01
1.966220587491989136e-01
1.996093243360519409e-01
1.989043056964874268e-01
2.006918489933013916e-01
1.978262811899185181e-01
1.954692602157592773e-01
1.982267796993255615e-01
1.968771368265151978e-01
1.954236328601837158e-01
1.974966973066329956e-01
2.000779211521148682e-01
1.958466172218322754e-01
2.011060416698455811e-01
1.973284929990768433e-01
1.952808350324630737e-01
1.970995813608169556e-01
1.946403086185455322e-01
1.977995485067367554e-01
1.993251144886016846e-01
1.963147819042205811e-01
1.986423432826995850e-01
1.954655647277832031e-01
1.947884410619735718e-01
