1.211648826599120987e+00
9.429731923341750921e-01
8.375140935182571189e-01
7.816399687528610141e-01
7.544375896453857644e-01
7.378671801090240789e-01
7.111678767204284712e-01
6.522037833929061890e-01
6.408634322881698875e-01
6.429696404933928910e-01
6.465483719110488581e-01
6.349809366464614913e-01
6.290504217147827593e-01
6.358418393135071289e-01
5.677689117193222001e-01
5.755347239971161377e-01
5.839818981289863764e-01
5.754231533408165067e-01
5.670756077766418990e-01
5.735760250687599315e-01
5.636281198263168868e-01
5.109222745895385387e-01
5.111803403496741893e-01
5.208245265483856246e-01
5.144562420248984802e-01
5.203238514065742226e-01
5.301071542501449851e-01
5.298454979062080517e-01
4.689913114905357450e-01
4.707243087887764132e-01
4.711660417914390608e-01
4.783332997560501010e-01
4.814967536926269553e-01
4.868199670314788952e-01
4.831669795513153232e-01
4.392815831303596430e-01
4.415676566958427474e-01
4.487645632028579579e-01
4.458896329998969787e-01
4.509764713048934892e-01
4.538294887542724809e-01
4.507994320988655268e-01
4.239257681369781317e-01
4.230777072906494185e-01
4.275536781549453824e-01
4.208167761564254872e-01
4.277846315503120445e-01
4.289615762233733864e-01
4.373052126169204579e-01
4.105498844385147006e-01
4.110225042700767495e-01
4.117874592542648537e-01
4.154193279147148088e-01
4.149906826019287287e-01
4.201498898863792464e-01
4.225289997458457902e-01
4.055823788046836742e-01
4.034309709072113059e-01
4.054342111945152261e-01
4.106372183561324829e-01
4.089051946997642739e-01
4.087535253167152161e-01
4.119650909304619080e-01
3.156232548505067959e-01
3.249791691452264542e-01
2.590061721205711431e-01
2.243233383074402787e-01
1.958914638310670919e-01
1.923434253036975794e-01
2.027441234886646348e-01
8.536809789016842898e-02
8.868232538923620512e-02
7.267838190775365026e-02
9.533453186042606387e-02
9.171247402206063326e-02
8.417793693020940438e-02
1.071181347686797347e-01
6.579520842060446184e-02
5.487248934805392941e-02
7.900761985685676725e-02
6.472305253148079307e-02
8.786785625852644444e-02
9.590773794800043495e-02
7.874251037836074718e-02
4.908529742388054867e-02
6.910981757100671807e-02
5.635699482634663748e-02
5.941605893429368485e-02
6.925619038403965644e-02
6.896461749915033801e-02
8.380960816517472878e-02
4.984192020026966680e-02
5.605143645545467707e-02
6.094835555471945360e-02
7.238388414494693890e-02
5.319048446137458058e-02
8.278963885735719785e-02
9.056237817683722435e-02
5.229811151046306200e-02
5.037829452892765569e-02
5.247309014899656510e-02
6.447340812068431959e-02
7.491998950019479464e-02
6.667620650725439302e-02
7.379456000868231391e-02
