1.018103982806205732e+00
6.447102990746498286e-01
4.920105308294296376e-01
4.186283224821090720e-01
3.769007900357246310e-01
3.449618436396121868e-01
3.269263437390327320e-01
2.707651141285896124e-01
2.673511759936809673e-01
2.586848638951778634e-01
2.624897940456867307e-01
2.584894111752509827e-01
2.558843369781971244e-01
2.591219165921211376e-01
2.118130590021610193e-01
2.092913661897182476e-01
2.070678070187568776e-01
2.183428125083446414e-01
2.077888791263103607e-01
2.186611163616180298e-01
2.114357271790504589e-01
1.820042514801025468e-01
1.761157537996768940e-01
1.781430394202470902e-01
1.834743160009384144e-01
1.851507180929183871e-01
1.840710908174514882e-01
1.851591822504997376e-01
1.594691973179578892e-01
1.602098780125379429e-01
1.585058827698230810e-01
1.620987431704997983e-01
1.601354344934225182e-01
1.640271534025669053e-01
1.602765846997499521e-01
1.422705116868019093e-01
1.443350042402744282e-01
1.484532668441534142e-01
1.503979702293872789e-01
1.479292961210012525e-01
1.537204021960496825e-01
1.562258128076791652e-01
1.381814058125019062e-01
1.371504867076873690e-01
1.379018191248178593e-01
1.381983913481235615e-01
1.378998827934265203e-01
1.451265630125999351e-01
1.426376030594110611e-01
1.323361504077911477e-01
1.294520970433950535e-01
1.289979428052902277e-01
1.318046489357948270e-01
1.338162446022033714e-01
1.348737037926912297e-01
1.351503554731607326e-01
1.233069730550050702e-01
1.274150464683771189e-01
1.236292739212512953e-01
1.301670385897159554e-01
1.282544336467981438e-01
1.290142870694398758e-01
1.293082661926746313e-01
1.233541674166917790e-01
1.214866053313016919e-01
1.226137333363294668e-01
1.236478992551565126e-01
1.248845972120761899e-01
1.269096776843071095e-01
1.270606995373964321e-01
1.216723135858774202e-01
1.168974923342466360e-01
1.193716350197792098e-01
1.184721776843070951e-01
1.193497193604707712e-01
1.203790487349033350e-01
1.222031245380640063e-01
1.154843632876872972e-01
1.171909371018409751e-01
1.125874200463295033e-01
1.175010213255882202e-01
1.194876990467309968e-01
1.186462199687957769e-01
1.175459741801023472e-01
1.115647418797016122e-01
1.149829076975584091e-01
1.173676113784313246e-01
1.134606184065341944e-01
1.116942846029996828e-01
1.154917272925376909e-01
1.163291287422180131e-01
1.148078060895204588e-01
1.110423017293214742e-01
1.115580246597528413e-01
1.116911194473504954e-01
1.146539841592311842e-01
1.118648152053356160e-01
1.137455796450376477e-01
1.110860345512628550e-01
1.100511567294597676e-01
1.083608931303024353e-01
1.121639908105134947e-01
1.111044560372829448e-01
1.086024765670299541e-01
1.080013932287692963e-01
