9.809723496437072754e-01
9.702863097190856934e-01
9.595904350280761719e-01
9.490057229995727539e-01
9.358081817626953125e-01
9.249864816665649414e-01
9.086053371429443359e-01
8.923054933547973633e-01
8.711946606636047363e-01
8.525983095169067383e-01
8.291938304901123047e-01
8.028156757354736328e-01
7.784820199012756348e-01
7.518017292022705078e-01
7.212355136871337891e-01
6.914745569229125977e-01
6.689549684524536133e-01
6.438765525817871094e-01
6.167012453079223633e-01
5.965650677680969238e-01
5.813746452331542969e-01
5.754746794700622559e-01
5.617858171463012695e-01
5.586669445037841797e-01
5.476562976837158203e-01
5.467733740806579590e-01
5.416743755340576172e-01
5.367780923843383789e-01
5.305743813514709473e-01
5.244691371917724609e-01
5.193492770195007324e-01
5.333548784255981445e-01
5.042703747749328613e-01
4.970104694366455078e-01
4.944390654563903809e-01
4.866389334201812744e-01
4.942071735858917236e-01
4.882016777992248535e-01
4.931263327598571777e-01
4.828587174415588379e-01
4.841168820858001709e-01
4.764899015426635742e-01
4.755177497863769531e-01
4.745231270790100098e-01
4.631721377372741699e-01
4.662038981914520264e-01
4.599774479866027832e-01
4.534309208393096924e-01
4.645564258098602295e-01
4.609852135181427002e-01
4.547515213489532471e-01
4.453464150428771973e-01
4.460088312625885010e-01
4.413700699806213379e-01
4.512231647968292236e-01
4.390568137168884277e-01
4.420595467090606689e-01
4.352968633174896240e-01
4.380080103874206543e-01
4.344104528427124023e-01
4.329587221145629883e-01
4.231814742088317871e-01
4.278127253055572510e-01
4.275057017803192139e-01
4.217151999473571777e-01
4.217428863048553467e-01
4.212681055068969727e-01
4.162535071372985840e-01
4.150888621807098389e-01
4.168057441711425781e-01
4.151798784732818604e-01
4.155504107475280762e-01
4.146591424942016602e-01
4.098772406578063965e-01
4.110038578510284424e-01
4.064470231533050537e-01
4.033030867576599121e-01
4.025096297264099121e-01
4.007596969604492188e-01
3.961680531501770020e-01
4.016952216625213623e-01
3.930100500583648682e-01
3.970325589179992676e-01
3.935153186321258545e-01
3.944873213768005371e-01
3.906098008155822754e-01
3.951651453971862793e-01
3.914033174514770508e-01
3.921140134334564209e-01
3.941351771354675293e-01
3.862809240818023682e-01
3.889945447444915771e-01
3.819405138492584229e-01
3.824804723262786865e-01
3.780468106269836426e-01
3.801968395709991455e-01
3.819011747837066650e-01
3.837051987648010254e-01
3.771932125091552734e-01
3.755328655242919922e-01
3.786594271659851074e-01
3.732745945453643799e-01
3.720391988754272461e-01
3.700902462005615234e-01
3.716178238391876221e-01
3.703781068325042725e-01
3.685988485813140869e-01
3.676418066024780273e-01
3.680877685546875000e-01
3.701593577861785889e-01
3.621334433555603027e-01
3.645790219306945801e-01
3.667626082897186279e-01
3.588231801986694336e-01
3.617793023586273193e-01
3.662359714508056641e-01
3.597319424152374268e-01
3.615664839744567871e-01
3.597561120986938477e-01
3.561662435531616211e-01
3.568403124809265137e-01
3.550611734390258789e-01
3.570483028888702393e-01
3.541719913482666016e-01
3.547184467315673828e-01
3.525303006172180176e-01
3.512628972530364990e-01
3.481572270393371582e-01
3.542437255382537842e-01
3.513202667236328125e-01
3.456495106220245361e-01
3.498735427856445312e-01
3.488092720508575439e-01
3.492507934570312500e-01
3.448720574378967285e-01
3.437437415122985840e-01
3.415521085262298584e-01
3.389319479465484619e-01
3.456615507602691650e-01
3.431578874588012695e-01
3.402769267559051514e-01
3.405226767063140869e-01
3.395697772502899170e-01
3.395485877990722656e-01
3.393916487693786621e-01
3.407490849494934082e-01
3.353792130947113037e-01
3.389711380004882812e-01
3.396044373512268066e-01
3.400804400444030762e-01
3.359740972518920898e-01
3.328510522842407227e-01
3.385316431522369385e-01
3.295437395572662354e-01
3.335536420345306396e-01
3.322617411613464355e-01
3.332406878471374512e-01
3.296871483325958252e-01
3.334470987319946289e-01
3.319861888885498047e-01
3.254626095294952393e-01
3.316013813018798828e-01
3.257266283035278320e-01
3.276920318603515625e-01
3.282292485237121582e-01
3.261429071426391602e-01
3.237652480602264404e-01
3.229248225688934326e-01
3.249567747116088867e-01
3.218028247356414795e-01
3.214922249317169189e-01
3.231070339679718018e-01
3.176695704460144043e-01
3.242780566215515137e-01
3.217869102954864502e-01
3.213554024696350098e-01
3.179969489574432373e-01
3.169958889484405518e-01
3.177211582660675049e-01
3.164930045604705811e-01
3.123150765895843506e-01
3.181757628917694092e-01
3.133688569068908691e-01
3.140971958637237549e-01
3.126687109470367432e-01
3.175603449344635010e-01
3.169321119785308838e-01
3.118076920509338379e-01
3.169293999671936035e-01
3.128737509250640869e-01
3.102268278598785400e-01
3.104581832885742188e-01
3.074454963207244873e-01
3.105726838111877441e-01
3.079876303672790527e-01
3.118217885494232178e-01
3.079976439476013184e-01
3.078320324420928955e-01
3.045077621936798096e-01
3.074362874031066895e-01
3.056476116180419922e-01
3.063238859176635742e-01
3.037045598030090332e-01
3.045212030410766602e-01
3.036744296550750732e-01
3.059556484222412109e-01
3.042300045490264893e-01
3.020027577877044678e-01
3.041243255138397217e-01
3.006170392036437988e-01
3.034789860248565674e-01
3.000780344009399414e-01
3.007377088069915771e-01
3.015767037868499756e-01
2.972565889358520508e-01
2.995981574058532715e-01
3.016135394573211670e-01
3.020755946636199951e-01
2.975273728370666504e-01
2.999839484691619873e-01
2.956430315971374512e-01
3.006237447261810303e-01
2.924253642559051514e-01
2.947763204574584961e-01
2.971294224262237549e-01
2.948901653289794922e-01
2.953591942787170410e-01
2.925535738468170166e-01
2.949567139148712158e-01
2.914412021636962891e-01
2.960010170936584473e-01
2.927526831626892090e-01
2.884189188480377197e-01
2.924982607364654541e-01
2.916743755340576172e-01
2.914771437644958496e-01
2.918076813220977783e-01
2.912938594818115234e-01
2.868159115314483643e-01
2.915629148483276367e-01
2.894444167613983154e-01
2.860656678676605225e-01
2.879112064838409424e-01
2.896021902561187744e-01
2.838889956474304199e-01
2.853344380855560303e-01
2.841936945915222168e-01
2.859637737274169922e-01
2.856136560440063477e-01
2.855772376060485840e-01
2.860356569290161133e-01
2.814387679100036621e-01
2.829979360103607178e-01
2.832660079002380371e-01
2.800914049148559570e-01
2.802433669567108154e-01
2.811183929443359375e-01
2.780470848083496094e-01
2.777180969715118408e-01
2.802285850048065186e-01
2.783877849578857422e-01
2.783440947532653809e-01
2.797910571098327637e-01
2.793202996253967285e-01
2.784485220909118652e-01
2.781745195388793945e-01
2.771776914596557617e-01
2.795230746269226074e-01
2.741698324680328369e-01
2.739286422729492188e-01
2.757923007011413574e-01
2.761777341365814209e-01
2.753791809082031250e-01
2.737428545951843262e-01
2.709827423095703125e-01
2.741407155990600586e-01
2.701458334922790527e-01
2.747634649276733398e-01
2.740166485309600830e-01
2.723190486431121826e-01
2.713330090045928955e-01
2.723742127418518066e-01
2.751309871673583984e-01
2.709273397922515869e-01
2.708812952041625977e-01
2.690207660198211670e-01
2.710280120372772217e-01
2.710120081901550293e-01
2.674265503883361816e-01
2.700058221817016602e-01
2.654407322406768799e-01
2.687999308109283447e-01
2.653014063835144043e-01
2.657643854618072510e-01
2.681187093257904053e-01
2.666271030902862549e-01
2.666421532630920410e-01
2.673313021659851074e-01
2.668859362602233887e-01
2.642241120338439941e-01
2.631033957004547119e-01
2.646554410457611084e-01
2.649679183959960938e-01
2.639490365982055664e-01
2.679111361503601074e-01
2.607577741146087646e-01
2.653246819972991943e-01
2.603234350681304932e-01
2.594769895076751709e-01
2.596183717250823975e-01
2.644782364368438721e-01
2.621167898178100586e-01
2.625861465930938721e-01
2.614855468273162842e-01
2.610693573951721191e-01
2.609009444713592529e-01
2.606534957885742188e-01
2.611114680767059326e-01
2.595590651035308838e-01
2.585692107677459717e-01
2.589514553546905518e-01
2.585446238517761230e-01
2.596833407878875732e-01
2.572359144687652588e-01
2.614946365356445312e-01
2.532212138175964355e-01
2.559097111225128174e-01
2.571323513984680176e-01
2.573284804821014404e-01
2.541028857231140137e-01
2.524378299713134766e-01
2.542567551136016846e-01
2.554216384887695312e-01
2.542079687118530273e-01
2.538450658321380615e-01
2.545812427997589111e-01
2.535488903522491455e-01
2.531414926052093506e-01
2.540009617805480957e-01
2.522325217723846436e-01
2.519928216934204102e-01
2.507518529891967773e-01
2.514185011386871338e-01
2.496941238641738892e-01
2.506813406944274902e-01
2.503075599670410156e-01
2.527677714824676514e-01
2.519750595092773438e-01
2.501878440380096436e-01
2.495607286691665649e-01
2.515048980712890625e-01
2.511838674545288086e-01
2.497059106826782227e-01
2.504543662071228027e-01
2.471894770860671997e-01
2.477265298366546631e-01
2.506898045539855957e-01
2.451374530792236328e-01
2.490895688533782959e-01
2.495742440223693848e-01
2.494394928216934204e-01
2.481815367937088013e-01
2.461162656545639038e-01
2.480267137289047241e-01
2.468377947807312012e-01
2.447307705879211426e-01
2.483933418989181519e-01
2.467855066061019897e-01
2.485989481210708618e-01
2.458137273788452148e-01
2.475085258483886719e-01
2.455760985612869263e-01
2.420506328344345093e-01
2.478682845830917358e-01
2.420511841773986816e-01
2.427024245262145996e-01
2.446694821119308472e-01
2.432651817798614502e-01
2.437295168638229370e-01
2.452463656663894653e-01
2.422997355461120605e-01
2.417635321617126465e-01
2.420850247144699097e-01
2.438069283962249756e-01
2.414665967226028442e-01
2.418979555368423462e-01
2.441160082817077637e-01
2.412123084068298340e-01
2.412398755550384521e-01
2.373444586992263794e-01
2.417802661657333374e-01
2.406770884990692139e-01
2.414551526308059692e-01
2.391658127307891846e-01
2.412024289369583130e-01
2.418467700481414795e-01
2.413419187068939209e-01
2.365130931138992310e-01
2.395305484533309937e-01
2.419093698263168335e-01
2.383850812911987305e-01
2.381688356399536133e-01
2.391010522842407227e-01
2.396208941936492920e-01
2.393829226493835449e-01
2.415541857481002808e-01
2.372263222932815552e-01
2.378456294536590576e-01
2.400222271680831909e-01
2.368552088737487793e-01
2.372023016214370728e-01
2.387753427028656006e-01
2.376022785902023315e-01
2.385414838790893555e-01
2.397654354572296143e-01
2.363405972719192505e-01
2.364379167556762695e-01
2.383285164833068848e-01
2.373299300670623779e-01
2.377409487962722778e-01
2.336209714412689209e-01
2.366999685764312744e-01
2.334230840206146240e-01
2.348066270351409912e-01
2.334650754928588867e-01
2.337090373039245605e-01
2.358791381120681763e-01
2.357114702463150024e-01
2.337185442447662354e-01
2.326593399047851562e-01
2.334881126880645752e-01
2.344466298818588257e-01
2.341973781585693359e-01
2.355571091175079346e-01
2.337153553962707520e-01
2.344846427440643311e-01
2.329133749008178711e-01
2.332059890031814575e-01
2.332866936922073364e-01
2.328079491853713989e-01
2.316813021898269653e-01
2.322476953268051147e-01
2.331397384405136108e-01
2.340365201234817505e-01
2.318308800458908081e-01
2.308233827352523804e-01
2.316545099020004272e-01
2.303262203931808472e-01
2.279144823551177979e-01
2.294567525386810303e-01
2.305518835783004761e-01
2.322591245174407959e-01
2.309638410806655884e-01
2.305302768945693970e-01
2.309871912002563477e-01
2.315988093614578247e-01
2.267375141382217407e-01
2.302375137805938721e-01
2.297268956899642944e-01
2.308177053928375244e-01
2.313878387212753296e-01
2.315818816423416138e-01
2.281157821416854858e-01
2.267725467681884766e-01
2.284344285726547241e-01
2.285165637731552124e-01
2.294056415557861328e-01
2.290935516357421875e-01
2.309513688087463379e-01
2.287555336952209473e-01
2.277489006519317627e-01
2.294362336397171021e-01
2.290828675031661987e-01
2.284395545721054077e-01
2.263019233942031860e-01
2.278745919466018677e-01
2.261580526828765869e-01
2.297957986593246460e-01
2.292945235967636108e-01
2.301506102085113525e-01
2.291526943445205688e-01
2.284690737724304199e-01
2.263499200344085693e-01
2.272808104753494263e-01
2.254081070423126221e-01
2.307471781969070435e-01
2.264954298734664917e-01
2.305563390254974365e-01
2.249144166707992554e-01
2.248176485300064087e-01
2.268602102994918823e-01
2.255531102418899536e-01
2.251673638820648193e-01
2.266085892915725708e-01
2.240222245454788208e-01
2.273953706026077271e-01
2.266452461481094360e-01
2.245608270168304443e-01
2.214535027742385864e-01
2.251872569322586060e-01
2.239425033330917358e-01
2.260687053203582764e-01
2.281808108091354370e-01
2.228271067142486572e-01
2.245300710201263428e-01
2.272684276103973389e-01
2.244685739278793335e-01
2.240883111953735352e-01
2.256361991167068481e-01
2.246139496564865112e-01
2.225016355514526367e-01
2.262025028467178345e-01
2.248082160949707031e-01
2.209214866161346436e-01
2.236618697643280029e-01
2.242927998304367065e-01
2.234886884689331055e-01
2.210916876792907715e-01
2.236836552619934082e-01
2.240360230207443237e-01
2.226843237876892090e-01
2.248848527669906616e-01
2.219489067792892456e-01
2.228751480579376221e-01
2.240440845489501953e-01
2.219589203596115112e-01
2.256208062171936035e-01
2.206330299377441406e-01
2.224835753440856934e-01
2.199432700872421265e-01
2.221534550189971924e-01
2.215045988559722900e-01
2.201211303472518921e-01
2.220470309257507324e-01
2.211544811725616455e-01
2.227576375007629395e-01
2.216064929962158203e-01
2.206857800483703613e-01
2.196341603994369507e-01
2.190061658620834351e-01
2.216656655073165894e-01
2.209673672914505005e-01
2.193439602851867676e-01
2.206048369407653809e-01
2.211730331182479858e-01
2.205441892147064209e-01
2.215722501277923584e-01
2.178959250450134277e-01
2.179850339889526367e-01
2.217493057250976562e-01
2.236594557762145996e-01
2.219556719064712524e-01
2.191988974809646606e-01
2.212615609169006348e-01
2.189234048128128052e-01
2.185615897178649902e-01
2.223923504352569580e-01
2.160473465919494629e-01
2.190379947423934937e-01
2.242686897516250610e-01
2.194798439741134644e-01
2.199347168207168579e-01
2.189717739820480347e-01
2.192169278860092163e-01
2.181056439876556396e-01
2.189765572547912598e-01
2.200326472520828247e-01
2.152972817420959473e-01
2.168012857437133789e-01
2.169472724199295044e-01
2.208746075630187988e-01
2.179612666368484497e-01
2.181063443422317505e-01
2.182569503784179688e-01
2.169102132320404053e-01
2.171355038881301880e-01
2.161265015602111816e-01
2.169770896434783936e-01
2.193280309438705444e-01
2.184423953294754028e-01
2.174343168735504150e-01
2.166689038276672363e-01
2.178193479776382446e-01
2.165954262018203735e-01
2.154795378446578979e-01
2.156369537115097046e-01
2.140683233737945557e-01
2.151348143815994263e-01
2.148082554340362549e-01
2.158732265233993530e-01
2.134358584880828857e-01
2.134848237037658691e-01
2.179576307535171509e-01
2.145950347185134888e-01
2.163009196519851685e-01
2.187594622373580933e-01
2.161070704460144043e-01
2.153250277042388916e-01
2.161838263273239136e-01
2.177930176258087158e-01
2.144676297903060913e-01
2.146684527397155762e-01
2.165040075778961182e-01
2.128928154706954956e-01
2.148654162883758545e-01
2.166551053524017334e-01
2.145231962203979492e-01
2.159481495618820190e-01
2.155015021562576294e-01
2.146184891462326050e-01
2.150697559118270874e-01
2.143267989158630371e-01
2.149775177240371704e-01
2.174121141433715820e-01
2.136439234018325806e-01
2.149474322795867920e-01
2.139538824558258057e-01
2.143336981534957886e-01
2.142179757356643677e-01
2.143833041191101074e-01
2.150688022375106812e-01
2.138720005750656128e-01
2.168673276901245117e-01
2.149676680564880371e-01
2.160946577787399292e-01
2.137416899204254150e-01
2.136533558368682861e-01
2.125492691993713379e-01
2.155693918466567993e-01
2.172012478113174438e-01
2.125592231750488281e-01
2.125569880008697510e-01
2.123567909002304077e-01
2.093974500894546509e-01
2.134201377630233765e-01
2.104587107896804810e-01
2.132766991853713989e-01
2.140236198902130127e-01
2.121881991624832153e-01
2.127949893474578857e-01
2.123437821865081787e-01
2.151360362768173218e-01
2.102812230587005615e-01
2.111238688230514526e-01
2.107446342706680298e-01
2.136607021093368530e-01
2.105730324983596802e-01
2.115616053342819214e-01
2.121578752994537354e-01
2.133903503417968750e-01
2.099239677190780640e-01
2.123636901378631592e-01
2.119986414909362793e-01
2.134623229503631592e-01
2.106639444828033447e-01
2.111455351114273071e-01
2.107155621051788330e-01
2.114449739456176758e-01
2.115161865949630737e-01
2.096339911222457886e-01
2.134630978107452393e-01
2.096157670021057129e-01
2.118835598230361938e-01
2.113172113895416260e-01
2.119895070791244507e-01
2.060406506061553955e-01
2.111689895391464233e-01
2.105635106563568115e-01
2.109686136245727539e-01
2.092530429363250732e-01
2.093292623758316040e-01
2.087347209453582764e-01
2.105104327201843262e-01
2.103994786739349365e-01
2.094659656286239624e-01
2.118855565786361694e-01
2.106599211692810059e-01
2.099789083003997803e-01
2.112212628126144409e-01
2.085128128528594971e-01
2.104202657938003540e-01
2.099599093198776245e-01
2.107910811901092529e-01
2.079061716794967651e-01
2.080018222332000732e-01
2.114485800266265869e-01
2.103470861911773682e-01
2.081128060817718506e-01
2.093331515789031982e-01
2.100286781787872314e-01
2.114187180995941162e-01
2.117584943771362305e-01
2.118530422449111938e-01
2.071038931608200073e-01
2.099290341138839722e-01
2.076295316219329834e-01
2.066751569509506226e-01
2.092099785804748535e-01
2.096364051103591919e-01
2.105433642864227295e-01
2.082380801439285278e-01
2.067322731018066406e-01
2.081927508115768433e-01
2.059825807809829712e-01
2.096222043037414551e-01
2.108599841594696045e-01
2.092510461807250977e-01
2.091285288333892822e-01
2.083476483821868896e-01
2.070652395486831665e-01
2.093431204557418823e-01
2.085840106010437012e-01
2.072730511426925659e-01
2.075810283422470093e-01
2.067509740591049194e-01
2.079976201057434082e-01
2.075553536415100098e-01
2.093541473150253296e-01
2.077260464429855347e-01
2.048738598823547363e-01
2.091246545314788818e-01
2.054423242807388306e-01
2.065223902463912964e-01
2.069517076015472412e-01
2.058162838220596313e-01
2.079242616891860962e-01
2.067824006080627441e-01
2.071364372968673706e-01
2.064839303493499756e-01
2.069629579782485962e-01
2.075372040271759033e-01
2.087703198194503784e-01
2.069230377674102783e-01
2.069363296031951904e-01
2.069893926382064819e-01
2.070950567722320557e-01
2.070760726928710938e-01
2.052661180496215820e-01
2.043453603982925415e-01
2.064846605062484741e-01
2.054457068443298340e-01
2.065996676683425903e-01
2.053993046283721924e-01
2.070384472608566284e-01
2.067237198352813721e-01
2.089536935091018677e-01
2.059292346239089966e-01
2.066260129213333130e-01
2.055433839559555054e-01
2.040270417928695679e-01
2.058349549770355225e-01
2.047077715396881104e-01
2.050145268440246582e-01
2.048010230064392090e-01
2.075804769992828369e-01
2.066895663738250732e-01
2.062394171953201294e-01
2.048383951187133789e-01
2.052998095750808716e-01
2.068510651588439941e-01
2.046060860157012939e-01
2.026712894439697266e-01
2.042398303747177124e-01
2.050895839929580688e-01
2.062304168939590454e-01
2.042426615953445435e-01
2.048000991344451904e-01
2.043819576501846313e-01
2.044074088335037231e-01
2.056249976158142090e-01
2.028903961181640625e-01
2.137707322835922241e-01
2.001920044422149658e-01
2.060112655162811279e-01
2.038232237100601196e-01
2.042682766914367676e-01
2.051361948251724243e-01
2.054446935653686523e-01
2.045973986387252808e-01
2.036251276731491089e-01
2.038234472274780273e-01
2.026354223489761353e-01
2.037890851497650146e-01
2.030704766511917114e-01
2.026446759700775146e-01
2.020457983016967773e-01
2.026909440755844116e-01
2.041172087192535400e-01
2.022233605384826660e-01
2.017323076725006104e-01
2.013958245515823364e-01
2.040814608335494995e-01
2.058662474155426025e-01
2.046639025211334229e-01
2.055015712976455688e-01
2.013458609580993652e-01
2.032447010278701782e-01
2.039037942886352539e-01
2.025224566459655762e-01
2.025831788778305054e-01
2.041379064321517944e-01
1.990272551774978638e-01
1.992995291948318481e-01
2.015566378831863403e-01
2.022764384746551514e-01
2.016570419073104858e-01
2.003968209028244019e-01
2.037223279476165771e-01
2.022295296192169189e-01
2.029688507318496704e-01
2.039208412170410156e-01
2.011638581752777100e-01
1.995776742696762085e-01
2.035622596740722656e-01
2.041645944118499756e-01
2.024063616991043091e-01
2.027430087327957153e-01
2.010840773582458496e-01
2.011586874723434448e-01
2.040375322103500366e-01
2.028726190328598022e-01
2.007016092538833618e-01
2.023695856332778931e-01
2.007421851158142090e-01
2.020697295665740967e-01
2.017563581466674805e-01
2.024666965007781982e-01
2.029916346073150635e-01
1.990402042865753174e-01
1.992060244083404541e-01
2.021788805723190308e-01
2.018387019634246826e-01
2.000743597745895386e-01
1.977481096982955933e-01
2.021151781082153320e-01
2.023517042398452759e-01
2.010726183652877808e-01
2.013910263776779175e-01
2.017601281404495239e-01
2.026522308588027954e-01
2.003277391195297241e-01
2.022470086812973022e-01
2.003412395715713501e-01
1.987762451171875000e-01
1.993715614080429077e-01
2.006100565195083618e-01
2.012140601873397827e-01
2.010500282049179077e-01
2.000398337841033936e-01
1.970939040184020996e-01
1.989688724279403687e-01
1.991695612668991089e-01
2.001901268959045410e-01
1.987537145614624023e-01
1.967895776033401489e-01
2.005815953016281128e-01
1.988518983125686646e-01
1.984803825616836548e-01
1.989114284515380859e-01
2.009117752313613892e-01
2.001469284296035767e-01
2.004430890083312988e-01
2.008000761270523071e-01
1.973231583833694458e-01
1.990957558155059814e-01
2.020442485809326172e-01
1.993161886930465698e-01
2.016671746969223022e-01
2.000124901533126831e-01
1.997693330049514771e-01
1.982074975967407227e-01
1.991280019283294678e-01
1.979355216026306152e-01
1.981980204582214355e-01
1.997035741806030273e-01
1.994870007038116455e-01
1.982242763042449951e-01
1.987229436635971069e-01
1.982799768447875977e-01
2.003342807292938232e-01
2.010442912578582764e-01
1.992072910070419312e-01
1.992989480495452881e-01
1.987142562866210938e-01
1.970265656709671021e-01
1.983982324600219727e-01
1.985890567302703857e-01
1.975352019071578979e-01
1.966123878955841064e-01
1.974259614944458008e-01
1.982510834932327271e-01
1.971155554056167603e-01
1.979859769344329834e-01
1.981123834848403931e-01
1.968900859355926514e-01
1.982749104499816895e-01
1.958774924278259277e-01
1.978510767221450806e-01
1.971667855978012085e-01
1.977648884057998657e-01
1.960631310939788818e-01
1.954362690448760986e-01
1.967697590589523315e-01
1.979785114526748657e-01
1.979026794433593750e-01
1.954557150602340698e-01
1.991222053766250610e-01
1.956584006547927856e-01
1.999425143003463745e-01
1.960790008306503296e-01
1.970804929733276367e-01
1.959496438503265381e-01
1.960416138172149658e-01
1.958089619874954224e-01
1.955622881650924683e-01
1.994358003139495850e-01
1.970156431198120117e-01
1.971746534109115601e-01
1.988473534584045410e-01
1.971490383148193359e-01
1.982809752225875854e-01
1.990400850772857666e-01
1.977779120206832886e-01
1.965378969907760620e-01
1.980015486478805542e-01
1.981302201747894287e-01
1.976994872093200684e-01
1.957096159458160400e-01
1.981623321771621704e-01
1.973798573017120361e-01
1.965317875146865845e-01
1.974267512559890747e-01
1.966426819562911987e-01
1.983803957700729370e-01
1.968221664428710938e-01
1.959755122661590576e-01
1.962520331144332886e-01
1.957696825265884399e-01
1.960262358188629150e-01
1.977550685405731201e-01
1.963180899620056152e-01
1.962416172027587891e-01
1.975133419036865234e-01
1.968406736850738525e-01
1.942268908023834229e-01
1.975968331098556519e-01
1.940007060766220093e-01
1.941447257995605469e-01
1.959898322820663452e-01
1.933180838823318481e-01
1.950165033340454102e-01
1.958316415548324585e-01
1.949530988931655884e-01
1.966805905103683472e-01
1.971063762903213501e-01
1.941584050655364990e-01
1.957935690879821777e-01
1.951577812433242798e-01
1.969493627548217773e-01
1.934005171060562134e-01
1.935315281152725220e-01
1.948460787534713745e-01
1.947778761386871338e-01
1.974147707223892212e-01
1.955466866493225098e-01
1.958560049533843994e-01
1.971381753683090210e-01
1.958008110523223877e-01
1.950328201055526733e-01
1.921842545270919800e-01
1.958163678646087646e-01
1.956173330545425415e-01
1.936782300472259521e-01
1.969887167215347290e-01
1.946543157100677490e-01
1.964705735445022583e-01
1.956572234630584717e-01
1.944913119077682495e-01
1.952741444110870361e-01
1.953372955322265625e-01
1.931413561105728149e-01
1.943898499011993408e-01
1.967245787382125854e-01
1.933105736970901489e-01
1.945864558219909668e-01
1.944968104362487793e-01
1.949760168790817261e-01
1.939572691917419434e-01
1.941004097461700439e-01
1.936204135417938232e-01
1.922800987958908081e-01
1.928385049104690552e-01
1.937132775783538818e-01
1.931254714727401733e-01
1.948672086000442505e-01
1.924409270286560059e-01
1.932429969310760498e-01
1.942885667085647583e-01
1.945957243442535400e-01
1.963634192943572998e-01
2.092794477939605713e-01
2.108839750289916992e-01
2.085915207862854004e-01
2.058091908693313599e-01
2.101080566644668579e-01
2.074046730995178223e-01
2.093838900327682495e-01
2.097173184156417847e-01
2.088841944932937622e-01
2.071203142404556274e-01
2.067456692457199097e-01
2.093342393636703491e-01
2.077812999486923218e-01
2.076698988676071167e-01
2.092678397893905640e-01
2.076167911291122437e-01
2.069937437772750854e-01
2.077549248933792114e-01
2.123168259859085083e-01
2.081342339515686035e-01
2.101900428533554077e-01
2.088766247034072876e-01
2.075708359479904175e-01
2.080512195825576782e-01
2.076440900564193726e-01
2.087138593196868896e-01
2.077523171901702881e-01
2.089828997850418091e-01
2.077438533306121826e-01
2.077516913414001465e-01
2.088600844144821167e-01
2.096082270145416260e-01
2.077950388193130493e-01
2.103106230497360229e-01
2.083901613950729370e-01
2.091601341962814331e-01
2.071686685085296631e-01
2.065741866827011108e-01
2.077129781246185303e-01
2.102335095405578613e-01
2.095713466405868530e-01
2.055612504482269287e-01
2.052776962518692017e-01
2.079965919256210327e-01
2.081879079341888428e-01
2.059040665626525879e-01
2.084148228168487549e-01
2.091203331947326660e-01
2.043211311101913452e-01
2.072870880365371704e-01
2.097985893487930298e-01
2.071882486343383789e-01
2.093915343284606934e-01
2.018352001905441284e-01
2.096607536077499390e-01
2.074270546436309814e-01
2.062068581581115723e-01
2.045469284057617188e-01
2.056038230657577515e-01
2.044424563646316528e-01
2.046771347522735596e-01
2.079153954982757568e-01
2.085525542497634888e-01
2.044011801481246948e-01
2.060935497283935547e-01
2.068375051021575928e-01
2.085959613323211670e-01
2.064598947763442993e-01
2.052441537380218506e-01
2.089425176382064819e-01
2.066213935613632202e-01
2.084153592586517334e-01
2.068977653980255127e-01
2.034949362277984619e-01
2.029869407415390015e-01
2.071880698204040527e-01
2.064508795738220215e-01
2.046588361263275146e-01
2.084621489048004150e-01
2.045891880989074707e-01
2.050800174474716187e-01
2.032741010189056396e-01
2.029354125261306763e-01
2.054883390665054321e-01
2.061812430620193481e-01
2.072741538286209106e-01
2.067167162895202637e-01
2.055342048406600952e-01
2.071099430322647095e-01
2.053623646497726440e-01
2.032536417245864868e-01
2.052774876356124878e-01
2.067150026559829712e-01
2.057637721300125122e-01
2.052605003118515015e-01
2.055042386054992676e-01
2.033201456069946289e-01
2.077842056751251221e-01
2.044346481561660767e-01
2.042499333620071411e-01
2.051664143800735474e-01
2.040117084980010986e-01
2.065625041723251343e-01
2.067279368638992310e-01
2.033329159021377563e-01
2.064779400825500488e-01
2.044027447700500488e-01
2.057570517063140869e-01
2.028563022613525391e-01
2.041541785001754761e-01
2.032403498888015747e-01
2.058755159378051758e-01
2.015056014060974121e-01
2.044215649366378784e-01
2.052090018987655640e-01
2.050091624259948730e-01
2.015610635280609131e-01
2.028582245111465454e-01
2.053614556789398193e-01
2.072109282016754150e-01
2.038022875785827637e-01
2.042827755212783813e-01
2.045458704233169556e-01
2.051230072975158691e-01
2.041612863540649414e-01
2.034970372915267944e-01
2.033588439226150513e-01
2.032792419195175171e-01
2.057258337736129761e-01
2.064774483442306519e-01
2.038077116012573242e-01
2.047648727893829346e-01
2.048693746328353882e-01
2.023680806159973145e-01
2.024329900741577148e-01
2.059730887413024902e-01
2.073998898267745972e-01
2.031810134649276733e-01
2.044142931699752808e-01
2.023155391216278076e-01
2.037377059459686279e-01
2.032434493303298950e-01
2.064459770917892456e-01
2.016647756099700928e-01
2.035811245441436768e-01
2.045246213674545288e-01
2.047323435544967651e-01
2.046027928590774536e-01
2.038071155548095703e-01
2.002550661563873291e-01
2.033191621303558350e-01
2.030994147062301636e-01
2.039102911949157715e-01
2.039025723934173584e-01
2.031116038560867310e-01
2.023321390151977539e-01
2.025107145309448242e-01
2.002736181020736694e-01
2.028672844171524048e-01
2.023031860589981079e-01
2.025197595357894897e-01
2.041425406932830811e-01
2.030062526464462280e-01
2.023273259401321411e-01
2.040574103593826294e-01
1.999608725309371948e-01
2.061725705862045288e-01
2.008378356695175171e-01
2.022229880094528198e-01
2.048421800136566162e-01
2.028878629207611084e-01
1.992270946502685547e-01
2.054500579833984375e-01
1.985665857791900635e-01
2.044858634471893311e-01
1.990588605403900146e-01
2.030968219041824341e-01
2.020635902881622314e-01
2.024697810411453247e-01
2.036484479904174805e-01
2.045155614614486694e-01
2.006564736366271973e-01
2.024379521608352661e-01
2.015294432640075684e-01
2.014135271310806274e-01
1.991001218557357788e-01
2.024136036634445190e-01
2.027516514062881470e-01
2.022106498479843140e-01
2.042017281055450439e-01
2.013268172740936279e-01
2.023912966251373291e-01
1.995711177587509155e-01
1.983586400747299194e-01
2.028680592775344849e-01
2.006196826696395874e-01
2.015940248966217041e-01
2.012117356061935425e-01
2.025958746671676636e-01
2.015501856803894043e-01
2.017835229635238647e-01
2.016460448503494263e-01
2.010116279125213623e-01
2.009034007787704468e-01
2.002391070127487183e-01
2.015052139759063721e-01
2.017017453908920288e-01
1.991772651672363281e-01
2.005179971456527710e-01
1.983547210693359375e-01
2.011291086673736572e-01
2.007428258657455444e-01
2.011500298976898193e-01
2.003226876258850098e-01
2.012251168489456177e-01
1.996940821409225464e-01
2.027032077312469482e-01
2.025868892669677734e-01
2.000284940004348755e-01
2.005898654460906982e-01
2.004488855600357056e-01
2.013624906539916992e-01
1.998762935400009155e-01
1.989843845367431641e-01
2.018618136644363403e-01
1.995213180780410767e-01
1.975683718919754028e-01
2.000243067741394043e-01
2.001825422048568726e-01
2.013138979673385620e-01
2.008239924907684326e-01
2.024358659982681274e-01
2.001323997974395752e-01
1.964358091354370117e-01
2.012894451618194580e-01
1.986550539731979370e-01
1.989154964685440063e-01
1.982281208038330078e-01
1.999970972537994385e-01
2.010342478752136230e-01
1.992200016975402832e-01
1.993600875139236450e-01
1.999011784791946411e-01
2.013434618711471558e-01
2.002196907997131348e-01
2.011086493730545044e-01
2.013736665248870850e-01
1.993912458419799805e-01
2.002887725830078125e-01
2.007058709859848022e-01
2.010950595140457153e-01
2.008558809757232666e-01
2.013237774372100830e-01
2.016437947750091553e-01
2.005309164524078369e-01
1.998905837535858154e-01
1.991895586252212524e-01
2.018349021673202515e-01
1.995045542716979980e-01
1.999873667955398560e-01
2.005242258310317993e-01
1.990255266427993774e-01
2.007261514663696289e-01
1.972503662109375000e-01
1.970452815294265747e-01
2.025780528783798218e-01
1.989990174770355225e-01
2.007273733615875244e-01
2.022352367639541626e-01
2.020862698554992676e-01
1.993891447782516479e-01
2.004958838224411011e-01
1.981461644172668457e-01
1.984284818172454834e-01
1.988022625446319580e-01
1.989446580410003662e-01
1.974325776100158691e-01
1.990711539983749390e-01
1.987664848566055298e-01
1.988852769136428833e-01
1.986955106258392334e-01
1.996178776025772095e-01
1.973783522844314575e-01
2.008034139871597290e-01
1.994239985942840576e-01
1.973940581083297729e-01
1.993699818849563599e-01
1.961586028337478638e-01
1.986283063888549805e-01
1.998498737812042236e-01
2.025544792413711548e-01
1.986114084720611572e-01
1.991785317659378052e-01
1.992270350456237793e-01
1.976064890623092651e-01
1.975682824850082397e-01
1.970841139554977417e-01
1.987243145704269409e-01
1.971648037433624268e-01
1.981274783611297607e-01
1.975475847721099854e-01
1.981589496135711670e-01
1.972191929817199707e-01
2.014725357294082642e-01
1.977998912334442139e-01
1.977191567420959473e-01
2.005142420530319214e-01
1.984234154224395752e-01
1.999689191579818726e-01
1.974199712276458740e-01
1.999553143978118896e-01
1.961819529533386230e-01
2.008311897516250610e-01
1.957345753908157349e-01
1.979447305202484131e-01
1.964317709207534790e-01
1.959329992532730103e-01
1.987294554710388184e-01
1.979145407676696777e-01
1.982345879077911377e-01
1.977546364068984985e-01
1.987015753984451294e-01
1.959174424409866333e-01
1.983125805854797363e-01
1.992538571357727051e-01
1.949305683374404907e-01
1.994861662387847900e-01
1.987981945276260376e-01
1.970095038414001465e-01
1.968301236629486084e-01
1.944319903850555420e-01
1.982843577861785889e-01
1.955512911081314087e-01
1.981468200683593750e-01
1.947238147258758545e-01
1.972481757402420044e-01
1.987982988357543945e-01
1.954301148653030396e-01
1.985617876052856445e-01
2.002925723791122437e-01
1.970940977334976196e-01
1.942004710435867310e-01
1.976306289434432983e-01
2.009800970554351807e-01
1.997015029191970825e-01
1.974504142999649048e-01
1.973910033702850342e-01
1.987307667732238770e-01
1.948108971118927002e-01
1.972575485706329346e-01
1.955598741769790649e-01
1.956406235694885254e-01
1.960848718881607056e-01
1.976724565029144287e-01
1.980040222406387329e-01
1.976196169853210449e-01
1.969621628522872925e-01
1.966908276081085205e-01
1.976817995309829712e-01
1.969353705644607544e-01
1.958035826683044434e-01
1.939159333705902100e-01
1.996627599000930786e-01
1.965192705392837524e-01
1.986629068851470947e-01
1.981432735919952393e-01
1.950827538967132568e-01
1.982637643814086914e-01
1.936469674110412598e-01
1.970671117305755615e-01
1.928743422031402588e-01
1.940281838178634644e-01
1.928816288709640503e-01
1.984921246767044067e-01
1.951540112495422363e-01
1.975076347589492798e-01
1.945747584104537964e-01
1.950251162052154541e-01
1.985373198986053467e-01
1.955595761537551880e-01
1.962389349937438965e-01
1.956066191196441650e-01
1.970198005437850952e-01
1.961386948823928833e-01
1.959880441427230835e-01
1.961027532815933228e-01
1.930056661367416382e-01
1.919673532247543335e-01
1.933985352516174316e-01
1.954851895570755005e-01
1.954571604728698730e-01
1.958905011415481567e-01
1.949569284915924072e-01
1.956457942724227905e-01
1.958372741937637329e-01
1.974850147962570190e-01
1.955841332674026489e-01
1.942493766546249390e-01
1.988356858491897583e-01
1.957804262638092041e-01
1.947951465845108032e-01
1.960722804069519043e-01
1.960645616054534912e-01
1.961204111576080322e-01
1.968233436346054077e-01
1.973674744367599487e-01
1.932632029056549072e-01
1.943932920694351196e-01
1.949795484542846680e-01
1.967852711677551270e-01
1.958809196949005127e-01
1.960075497627258301e-01
1.936414539813995361e-01
1.971415579319000244e-01
1.955451071262359619e-01
1.919026225805282593e-01
1.942258328199386597e-01
1.938067525625228882e-01
1.976002454757690430e-01
1.932709217071533203e-01
1.963356137275695801e-01
1.965677738189697266e-01
1.920788437128067017e-01
1.933510452508926392e-01
1.972580701112747192e-01
1.939881145954132080e-01
1.916509270668029785e-01
1.918024122714996338e-01
1.980141848325729370e-01
1.938332617282867432e-01
1.942279040813446045e-01
1.970475018024444580e-01
1.955187618732452393e-01
1.928382068872451782e-01
1.928191334009170532e-01
1.942948997020721436e-01
1.960220485925674438e-01
1.920305490493774414e-01
1.964734941720962524e-01
1.934730708599090576e-01
1.965157389640808105e-01
1.956719607114791870e-01
1.967461109161376953e-01
1.954004615545272827e-01
1.951594650745391846e-01
1.958652734756469727e-01
1.967307925224304199e-01
1.939251273870468140e-01
1.941807270050048828e-01
1.925107687711715698e-01
1.925933510065078735e-01
1.968930810689926147e-01
1.932810097932815552e-01
1.953304558992385864e-01
1.948451399803161621e-01
1.953856348991394043e-01
1.966996192932128906e-01
1.951224058866500854e-01
1.962252408266067505e-01
1.936493515968322754e-01
1.953340619802474976e-01
1.925062388181686401e-01
1.964686810970306396e-01
1.948548555374145508e-01
1.945170462131500244e-01
1.942346692085266113e-01
1.957672983407974243e-01
1.953774243593215942e-01
1.966348141431808472e-01
1.931964457035064697e-01
1.963123977184295654e-01
1.947987526655197144e-01
1.947165429592132568e-01
1.941910684108734131e-01
1.919224113225936890e-01
1.937726587057113647e-01
1.938730031251907349e-01
1.938900649547576904e-01
1.929879039525985718e-01
1.933002024888992310e-01
1.913442015647888184e-01
1.939827352762222290e-01
1.940570473670959473e-01
1.912759095430374146e-01
1.936310380697250366e-01
1.941851377487182617e-01
1.915109604597091675e-01
1.926526427268981934e-01
1.933088302612304688e-01
1.939558535814285278e-01
1.929051876068115234e-01
1.924515068531036377e-01
1.936235427856445312e-01
1.932918876409530640e-01
1.936155259609222412e-01
1.959231793880462646e-01
1.950610876083374023e-01
1.918822228908538818e-01
1.920599192380905151e-01
1.957623362541198730e-01
