1.655590347051620448e+00
1.264913611412048278e+00
1.133305044174194309e+00
1.026549506187439009e+00
9.482125872373581288e-01
8.611429792642593117e-01
8.001200109720230103e-01
6.432192531228065890e-01
6.686252781748771579e-01
6.662864533066749084e-01
6.276453539729118791e-01
6.225756406784057617e-01
6.220798096060753402e-01
6.138389000296592402e-01
4.465683332085609303e-01
4.608582626283168615e-01
4.553661745786666826e-01
4.846322578191757380e-01
4.594158764183521315e-01
4.534930726885795793e-01
4.624309298396110379e-01
3.223110632598399916e-01
3.171494004130363531e-01
3.298647056519985465e-01
3.277343842387199224e-01
3.401704514026641646e-01
3.265301106870174275e-01
3.539826084673404760e-01
2.180546857416629791e-01
2.130584443360566960e-01
2.202075535058975186e-01
2.359811035543680213e-01
2.457920615375041862e-01
2.555056363344192505e-01
2.496256519854068712e-01
1.695167118310928478e-01
1.634679572284221671e-01
1.696334052830934525e-01
1.627551622688770405e-01
1.661209346354007854e-01
1.858073294907808259e-01
1.964911580085754450e-01
1.358351641148328737e-01
1.365019653737545025e-01
1.415568812936544296e-01
1.484425047039985568e-01
1.422210425883531637e-01
1.428478038311004616e-01
1.583213331550359648e-01
1.173400817811489083e-01
1.195501460134983096e-01
1.207745486870408086e-01
1.224990408122539481e-01
1.323597373440861813e-01
1.318861445784568764e-01
1.346684329956769899e-01
1.177827837690711005e-01
1.137777061015367575e-01
1.159845230355858736e-01
1.190516056492924718e-01
1.224009106308221878e-01
1.224280066043138548e-01
1.197856079041957900e-01
1.012125629931688309e-01
1.069547470286488500e-01
1.068304901570081705e-01
1.097578281164169334e-01
1.086469788849353801e-01
1.059952327609062217e-01
1.186550275981426289e-01
1.040411777421832024e-01
1.007540358975529682e-01
1.053586795926094027e-01
1.019122172519564690e-01
1.134583984315395422e-01
1.095920795947313287e-01
1.124972265213727979e-01
9.900295615196227916e-02
9.638430397957563345e-02
9.729028746485710033e-02
9.973018512129783186e-02
9.648092973977327735e-02
1.014863061904907188e-01
1.085602149367332486e-01
9.249241866171359350e-02
9.054521795362234504e-02
9.134693156927824187e-02
9.323910627514124527e-02
8.994627140462398140e-02
1.025348627567291282e-01
9.400487825274467246e-02
8.805325012654066641e-02
8.814016647636890855e-02
8.929427471011877615e-02
8.823133144527674221e-02
8.657601252198218744e-02
1.008728629350662265e-01
9.744370829313993287e-02
1.463064173050224737e-01
1.954188511148094998e-01
1.622768163308501155e-01
1.757103638723492567e-01
1.730416269600391355e-01
1.768228432349860657e-01
1.823028754070401269e-01
