9.742536544799804688e-01
9.669879674911499023e-01
9.597423672676086426e-01
9.527201652526855469e-01
9.452788829803466797e-01
9.363992214202880859e-01
9.260168075561523438e-01
9.147040247917175293e-01
9.008071422576904297e-01
8.862208127975463867e-01
8.691963553428649902e-01
8.509254455566406250e-01
8.271384835243225098e-01
8.052909374237060547e-01
7.773459553718566895e-01
7.488813400268554688e-01
7.187506556510925293e-01
6.870331764221191406e-01
6.522818207740783691e-01
6.131743788719177246e-01
5.918619632720947266e-01
5.575702786445617676e-01
5.477169156074523926e-01
5.312604904174804688e-01
5.328617691993713379e-01
5.390242934226989746e-01
5.373964309692382812e-01
5.426560640335083008e-01
5.390697717666625977e-01
5.225169658660888672e-01
5.189532041549682617e-01
5.158933401107788086e-01
4.951657056808471680e-01
4.896743893623352051e-01
4.816110432147979736e-01
4.958517849445343018e-01
4.940162301063537598e-01
4.871704578399658203e-01
5.072566866874694824e-01
4.863492548465728760e-01
4.797498881816864014e-01
4.748609066009521484e-01
4.672247469425201416e-01
4.739943742752075195e-01
4.636794924736022949e-01
4.518670141696929932e-01
4.523779153823852539e-01
4.519760310649871826e-01
4.516019821166992188e-01
4.521694779396057129e-01
4.516345858573913574e-01
4.513964951038360596e-01
4.468510746955871582e-01
4.417486488819122314e-01
4.485597312450408936e-01
4.388258159160614014e-01
4.329289793968200684e-01
4.340736865997314453e-01
4.310240149497985840e-01
4.256244599819183350e-01
4.282007515430450439e-01
4.250525236129760742e-01
4.219076335430145264e-01
4.216572344303131104e-01
4.209091067314147949e-01
4.170703291893005371e-01
4.168190360069274902e-01
4.173754453659057617e-01
4.148131906986236572e-01
4.142417609691619873e-01
4.122327268123626709e-01
4.138230979442596436e-01
4.079432785511016846e-01
4.016885757446289062e-01
4.085956811904907227e-01
4.073189496994018555e-01
4.066215455532073975e-01
4.000245332717895508e-01
4.020940661430358887e-01
4.001612961292266846e-01
4.035478830337524414e-01
3.991838097572326660e-01
3.988420963287353516e-01
3.926825225353240967e-01
3.941259682178497314e-01
3.958272933959960938e-01
3.924022614955902100e-01
3.920983672142028809e-01
3.903581500053405762e-01
3.955619335174560547e-01
3.915641903877258301e-01
3.835262358188629150e-01
3.885028958320617676e-01
3.895269036293029785e-01
3.841302394866943359e-01
3.826679289340972900e-01
3.798828721046447754e-01
3.800796568393707275e-01
3.732523620128631592e-01
3.783464729785919189e-01
3.787586092948913574e-01
3.800809979438781738e-01
3.748729825019836426e-01
3.727393746376037598e-01
3.741184473037719727e-01
3.679876923561096191e-01
3.741408288478851318e-01
3.723058402538299561e-01
3.704592287540435791e-01
3.719251453876495361e-01
3.727471232414245605e-01
3.672350645065307617e-01
3.687284588813781738e-01
3.680717051029205322e-01
3.671160340309143066e-01
3.707904815673828125e-01
3.648304939270019531e-01
3.636589944362640381e-01
3.641338646411895752e-01
3.616950213909149170e-01
3.601995110511779785e-01
3.634247183799743652e-01
3.593822419643402100e-01
3.569066524505615234e-01
3.613285124301910400e-01
3.564629256725311279e-01
3.593539595603942871e-01
3.546723425388336182e-01
3.538582623004913330e-01
3.613409101963043213e-01
3.573570847511291504e-01
3.511645793914794922e-01
3.506141901016235352e-01
3.499304652214050293e-01
3.487593829631805420e-01
3.492422103881835938e-01
3.462008535861968994e-01
3.462309539318084717e-01
3.485490381717681885e-01
3.510614931583404541e-01
3.473047316074371338e-01
3.398712277412414551e-01
3.427115380764007568e-01
3.452874720096588135e-01
3.495814800262451172e-01
3.466475009918212891e-01
3.419834375381469727e-01
3.441149592399597168e-01
3.409070372581481934e-01
3.393342792987823486e-01
3.400931358337402344e-01
3.413765132427215576e-01
3.374847471714019775e-01
3.388147354125976562e-01
3.408748507499694824e-01
3.388569355010986328e-01
3.365677893161773682e-01
3.364841341972351074e-01
3.352553844451904297e-01
3.384628891944885254e-01
3.322202563285827637e-01
3.342015743255615234e-01
3.341358602046966553e-01
3.320482671260833740e-01
3.304362893104553223e-01
3.344377279281616211e-01
3.308899998664855957e-01
3.326606154441833496e-01
3.291624486446380615e-01
3.324400484561920166e-01
3.273732066154479980e-01
3.296234905719757080e-01
3.237622380256652832e-01
3.254429697990417480e-01
3.235175311565399170e-01
3.224027454853057861e-01
3.274004161357879639e-01
3.227732777595520020e-01
3.266362547874450684e-01
3.241322934627532959e-01
3.251987099647521973e-01
3.209199309349060059e-01
3.230502009391784668e-01
3.220418393611907959e-01
3.237259984016418457e-01
3.204596936702728271e-01
3.160050213336944580e-01
3.203733265399932861e-01
3.216344416141510010e-01
3.201531469821929932e-01
3.158637881278991699e-01
3.182260692119598389e-01
3.168567717075347900e-01
3.171643316745758057e-01
3.132657110691070557e-01
3.194442987442016602e-01
3.137178719043731689e-01
3.124374151229858398e-01
3.122353255748748779e-01
3.166856467723846436e-01
3.145893812179565430e-01
3.119158744812011719e-01
3.147601783275604248e-01
3.136361539363861084e-01
3.125066459178924561e-01
3.104497492313385010e-01
3.109703958034515381e-01
3.103281259536743164e-01
3.134638965129852295e-01
3.098329007625579834e-01
3.089150488376617432e-01
3.087730407714843750e-01
3.056750595569610596e-01
3.062316179275512695e-01
3.043188750743865967e-01
3.077183663845062256e-01
3.078761398792266846e-01
3.059794008731842041e-01
3.022006750106811523e-01
3.050677776336669922e-01
3.048940896987915039e-01
3.046125173568725586e-01
3.031662106513977051e-01
2.981283962726593018e-01
3.017520904541015625e-01
3.014557063579559326e-01
2.972197532653808594e-01
3.050628304481506348e-01
3.033580183982849121e-01
2.971370518207550049e-01
2.988968491554260254e-01
2.973805963993072510e-01
2.983231544494628906e-01
2.971254885196685791e-01
2.962402403354644775e-01
3.003949224948883057e-01
2.961615622043609619e-01
2.974817752838134766e-01
2.972542941570281982e-01
2.953386306762695312e-01
2.983158528804779053e-01
2.936557531356811523e-01
2.939831316471099854e-01
2.923368811607360840e-01
2.923757433891296387e-01
2.932330667972564697e-01
2.941846251487731934e-01
2.946648299694061279e-01
2.925383150577545166e-01
2.854966521263122559e-01
2.872980237007141113e-01
2.902861237525939941e-01
2.912951707839965820e-01
2.886115908622741699e-01
2.923971116542816162e-01
2.920304834842681885e-01
2.884209752082824707e-01
2.847367525100708008e-01
2.870466113090515137e-01
2.870480418205261230e-01
2.826216220855712891e-01
2.845054864883422852e-01
2.875741720199584961e-01
2.889710366725921631e-01
2.830905318260192871e-01
2.831507027149200439e-01
2.827707529067993164e-01
2.840400934219360352e-01
2.833625972270965576e-01
2.856032848358154297e-01
2.836890816688537598e-01
2.830169200897216797e-01
2.803787589073181152e-01
2.769964337348937988e-01
2.809880077838897705e-01
2.841610014438629150e-01
2.804907262325286865e-01
2.821837961673736572e-01
2.798235118389129639e-01
2.774207293987274170e-01
2.783580720424652100e-01
2.805087566375732422e-01
2.813434600830078125e-01
2.815780341625213623e-01
2.748902142047882080e-01
2.810403704643249512e-01
2.778024077415466309e-01
2.762797176837921143e-01
2.760244309902191162e-01
2.747000157833099365e-01
2.743855118751525879e-01
2.779643237590789795e-01
2.754650712013244629e-01
2.752390503883361816e-01
2.738388180732727051e-01
2.743337452411651611e-01
2.712802886962890625e-01
2.730371356010437012e-01
2.730800807476043701e-01
2.709966897964477539e-01
2.725877165794372559e-01
2.704836726188659668e-01
2.713270485401153564e-01
2.714211940765380859e-01
2.738521099090576172e-01
2.673693299293518066e-01
2.720019221305847168e-01
2.711706757545471191e-01
2.704264521598815918e-01
2.709123492240905762e-01
2.694427371025085449e-01
2.674995064735412598e-01
2.682223618030548096e-01
2.668041586875915527e-01
2.683579623699188232e-01
2.668327391147613525e-01
2.681155204772949219e-01
2.645974457263946533e-01
2.657319605350494385e-01
2.627347111701965332e-01
2.661859691143035889e-01
2.669248580932617188e-01
2.662136256694793701e-01
2.651388943195343018e-01
2.658886313438415527e-01
2.657510936260223389e-01
2.637083828449249268e-01
2.629635930061340332e-01
2.633132338523864746e-01
2.649526000022888184e-01
2.601689100265502930e-01
2.623361051082611084e-01
2.649416923522949219e-01
2.610228359699249268e-01
2.593048214912414551e-01
2.588982284069061279e-01
2.615410387516021729e-01
2.621272504329681396e-01
2.601657807826995850e-01
2.590406835079193115e-01
2.579641640186309814e-01
2.592973113059997559e-01
2.598571181297302246e-01
2.603605985641479492e-01
2.590967416763305664e-01
2.614248096942901611e-01
2.578233182430267334e-01
2.566270828247070312e-01
2.513504624366760254e-01
2.565914094448089600e-01
2.548634707927703857e-01
2.603780925273895264e-01
2.576431632041931152e-01
2.563781738281250000e-01
2.548606693744659424e-01
2.549873888492584229e-01
2.593552470207214355e-01
2.556883394718170166e-01
2.511771321296691895e-01
2.545802295207977295e-01
2.568067908287048340e-01
2.550612092018127441e-01
2.516106665134429932e-01
2.555289864540100098e-01
2.543860971927642822e-01
2.522968649864196777e-01
2.528825402259826660e-01
2.521254122257232666e-01
2.510938644409179688e-01
2.523882985115051270e-01
2.501121163368225098e-01
2.498938292264938354e-01
2.491078227758407593e-01
2.514676153659820557e-01
2.475043833255767822e-01
2.507291138172149658e-01
2.479346245527267456e-01
2.465502619743347168e-01
2.495830953121185303e-01
2.497881352901458740e-01
2.510983645915985107e-01
2.455231100320816040e-01
2.459725141525268555e-01
2.461472749710083008e-01
2.482167482376098633e-01
2.431189119815826416e-01
2.442845851182937622e-01
2.478338181972503662e-01
2.465242147445678711e-01
2.465451210737228394e-01
2.437534034252166748e-01
2.453643083572387695e-01
2.418795228004455566e-01
2.456736564636230469e-01
2.462305873632431030e-01
2.456884980201721191e-01
2.423024326562881470e-01
2.432242631912231445e-01
2.429979741573333740e-01
2.450160682201385498e-01
2.435493320226669312e-01
2.408488690853118896e-01
2.447099089622497559e-01
2.442421615123748779e-01
2.468716800212860107e-01
2.400618046522140503e-01
2.412472069263458252e-01
2.405640780925750732e-01
2.444111406803131104e-01
2.427969872951507568e-01
2.418577224016189575e-01
2.383998632431030273e-01
2.414970099925994873e-01
2.410750091075897217e-01
2.389729470014572144e-01
2.403638213872909546e-01
2.399848550558090210e-01
2.409758567810058594e-01
2.395406216382980347e-01
2.414342314004898071e-01
2.391734421253204346e-01
2.385914027690887451e-01
2.393115311861038208e-01
2.362644374370574951e-01
2.358431369066238403e-01
2.383148670196533203e-01
2.385275661945343018e-01
2.358523160219192505e-01
2.356496602296829224e-01
2.380034178495407104e-01
2.380273342132568359e-01
2.376247644424438477e-01
2.366872280836105347e-01
2.354118973016738892e-01
2.403297275304794312e-01
2.368174493312835693e-01
2.339490801095962524e-01
2.378976643085479736e-01
2.362097054719924927e-01
2.367038130760192871e-01
2.372336536645889282e-01
2.327642142772674561e-01
2.381213456392288208e-01
2.367959767580032349e-01
2.332766950130462646e-01
2.371452450752258301e-01
2.352155148983001709e-01
2.353271991014480591e-01
2.329351752996444702e-01
2.353959828615188599e-01
2.345254272222518921e-01
2.354539930820465088e-01
2.349038720130920410e-01
2.317257225513458252e-01
2.322293817996978760e-01
2.328809052705764771e-01
2.338065207004547119e-01
2.351760715246200562e-01
2.318698763847351074e-01
2.321638762950897217e-01
2.341523468494415283e-01
2.307051569223403931e-01
2.308014929294586182e-01
2.344877123832702637e-01
2.303986549377441406e-01
2.300386428833007812e-01
2.264773994684219360e-01
2.308328449726104736e-01
2.285678684711456299e-01
2.295518964529037476e-01
2.291525751352310181e-01
2.276119142770767212e-01
2.290326952934265137e-01
2.304200828075408936e-01
2.267794013023376465e-01
2.327448725700378418e-01
2.302184700965881348e-01
2.288916409015655518e-01
2.292582839727401733e-01
2.312379479408264160e-01
2.316425591707229614e-01
2.283745110034942627e-01
2.296530008316040039e-01
2.278495728969573975e-01
2.283167541027069092e-01
2.275656759738922119e-01
2.293058335781097412e-01
2.284870743751525879e-01
2.314651608467102051e-01
2.282951325178146362e-01
2.299124449491500854e-01
2.293609827756881714e-01
2.267373949289321899e-01
2.271668314933776855e-01
2.296389341354370117e-01
2.284760922193527222e-01
2.240551114082336426e-01
2.300059348344802856e-01
2.277433425188064575e-01
2.290413826704025269e-01
2.453999817371368408e-01
2.460652142763137817e-01
2.461700886487960815e-01
2.468542754650115967e-01
2.471790909767150879e-01
2.466516941785812378e-01
2.477392554283142090e-01
2.468303889036178589e-01
2.458122968673706055e-01
2.479755580425262451e-01
2.463708668947219849e-01
2.454521059989929199e-01
2.434827089309692383e-01
2.478632330894470215e-01
2.470637708902359009e-01
2.435218095779418945e-01
2.458250224590301514e-01
2.417518198490142822e-01
2.445803731679916382e-01
2.438888847827911377e-01
2.433583736419677734e-01
2.421042770147323608e-01
2.435092031955718994e-01
2.424914538860321045e-01
2.437644749879837036e-01
2.436015307903289795e-01
2.420131415128707886e-01
2.424509376287460327e-01
2.443860620260238647e-01
2.458822876214981079e-01
2.442795336246490479e-01
2.417676448822021484e-01
2.444024682044982910e-01
2.433930337429046631e-01
2.438972443342208862e-01
2.443734109401702881e-01
2.460372447967529297e-01
2.430476993322372437e-01
2.438069432973861694e-01
2.436901032924652100e-01
2.437948137521743774e-01
2.448036372661590576e-01
2.405596226453781128e-01
2.435731440782546997e-01
2.425015717744827271e-01
2.395520806312561035e-01
2.431334257125854492e-01
2.440456748008728027e-01
2.413799613714218140e-01
2.419003695249557495e-01
2.417964488267898560e-01
2.417649328708648682e-01
2.386375218629837036e-01
2.423954755067825317e-01
2.398686707019805908e-01
2.390462160110473633e-01
2.404514253139495850e-01
2.421919107437133789e-01
2.409143894910812378e-01
2.411201149225234985e-01
2.386048436164855957e-01
2.410032898187637329e-01
2.393880188465118408e-01
2.387667149305343628e-01
2.407897114753723145e-01
2.374459356069564819e-01
2.396194338798522949e-01
2.408090680837631226e-01
2.386469841003417969e-01
2.388297021389007568e-01
2.418252825736999512e-01
2.363591343164443970e-01
2.413299083709716797e-01
2.387217879295349121e-01
2.403334081172943115e-01
2.380589246749877930e-01
2.405795156955718994e-01
2.412491142749786377e-01
2.436970472335815430e-01
2.368232011795043945e-01
2.359604537487030029e-01
2.384466677904129028e-01
2.366227209568023682e-01
2.379496693611145020e-01
2.391863614320755005e-01
2.399611175060272217e-01
2.345964014530181885e-01
2.390787452459335327e-01
2.377703189849853516e-01
2.370551973581314087e-01
2.388408482074737549e-01
2.376692295074462891e-01
2.385770529508590698e-01
2.399906367063522339e-01
2.370388656854629517e-01
2.394236624240875244e-01
2.401204109191894531e-01
2.371569573879241943e-01
2.395235747098922729e-01
2.384197562932968140e-01
2.369182854890823364e-01
2.371347695589065552e-01
2.369254529476165771e-01
2.369842529296875000e-01
2.353288978338241577e-01
2.356896102428436279e-01
2.365153133869171143e-01
2.391850799322128296e-01
2.341078519821166992e-01
2.372840344905853271e-01
2.381811141967773438e-01
2.372437715530395508e-01
2.329160124063491821e-01
2.355000078678131104e-01
2.360901385545730591e-01
2.331382930278778076e-01
2.349291592836380005e-01
2.329176068305969238e-01
2.333097755908966064e-01
2.359634935855865479e-01
2.346973717212677002e-01
2.339726537466049194e-01
2.350659668445587158e-01
2.324142754077911377e-01
2.362733483314514160e-01
2.351909279823303223e-01
2.338921129703521729e-01
2.382863163948059082e-01
2.331648170948028564e-01
2.312201112508773804e-01
2.352246344089508057e-01
2.343188524246215820e-01
2.370762825012207031e-01
2.346390336751937866e-01
2.335146963596343994e-01
2.364715784788131714e-01
2.323993891477584839e-01
2.326278686523437500e-01
2.336464226245880127e-01
2.325268536806106567e-01
2.320413440465927124e-01
2.330011129379272461e-01
2.336833477020263672e-01
2.349344044923782349e-01
2.342228144407272339e-01
2.315374016761779785e-01
2.326554208993911743e-01
2.308624982833862305e-01
2.295829206705093384e-01
2.330021113157272339e-01
2.313649356365203857e-01
2.314767837524414062e-01
2.311091870069503784e-01
2.304390072822570801e-01
2.327103465795516968e-01
2.320328652858734131e-01
2.331659346818923950e-01
2.319956421852111816e-01
2.315877079963684082e-01
2.311005443334579468e-01
2.329271286725997925e-01
2.340799272060394287e-01
2.329147756099700928e-01
2.336186170578002930e-01
2.319152653217315674e-01
2.319950461387634277e-01
2.283807545900344849e-01
2.298250347375869751e-01
2.288249880075454712e-01
2.316873818635940552e-01
2.305844575166702271e-01
2.305934578180313110e-01
2.290543615818023682e-01
2.301034778356552124e-01
2.301734238862991333e-01
2.293342798948287964e-01
2.269758284091949463e-01
2.298796325922012329e-01
2.315929830074310303e-01
2.330880612134933472e-01
2.342612594366073608e-01
2.268329262733459473e-01
2.296921610832214355e-01
2.338562607765197754e-01
2.319827973842620850e-01
2.300433963537216187e-01
2.312726080417633057e-01
2.325074225664138794e-01
2.336363792419433594e-01
2.266690433025360107e-01
2.285461127758026123e-01
2.268270701169967651e-01
2.293432652950286865e-01
2.295953929424285889e-01
2.297446429729461670e-01
2.289323955774307251e-01
2.312205433845520020e-01
2.279262244701385498e-01
2.292311340570449829e-01
2.286563813686370850e-01
2.303260415792465210e-01
2.290363609790802002e-01
2.296003997325897217e-01
2.284886389970779419e-01
2.298347800970077515e-01
2.273509055376052856e-01
2.264060378074645996e-01
2.277039736509323120e-01
2.289910167455673218e-01
2.270369082689285278e-01
2.275413125753402710e-01
2.290461659431457520e-01
2.292411178350448608e-01
2.266830056905746460e-01
2.277333140373229980e-01
2.274658679962158203e-01
2.281078994274139404e-01
2.276562005281448364e-01
2.250339835882186890e-01
2.260507047176361084e-01
2.268427163362503052e-01
2.283104062080383301e-01
2.272786051034927368e-01
2.292813211679458618e-01
2.282137572765350342e-01
2.266334295272827148e-01
2.283575981855392456e-01
2.257839739322662354e-01
2.281335592269897461e-01
2.262622267007827759e-01
2.276161611080169678e-01
2.286899089813232422e-01
2.287047952413558960e-01
2.252989709377288818e-01
2.269478887319564819e-01
2.269557863473892212e-01
2.254582196474075317e-01
2.293838858604431152e-01
2.257154136896133423e-01
2.262472808361053467e-01
2.252107262611389160e-01
2.269953936338424683e-01
2.260414659976959229e-01
2.275398969650268555e-01
2.251906096935272217e-01
2.247696667909622192e-01
2.261217683553695679e-01
2.245836406946182251e-01
2.282363921403884888e-01
2.258660942316055298e-01
2.262462079524993896e-01
2.265055775642395020e-01
2.249133735895156860e-01
2.262239009141921997e-01
2.240785658359527588e-01
2.228219956159591675e-01
2.265923619270324707e-01
2.256843745708465576e-01
2.243857085704803467e-01
2.271500229835510254e-01
2.240952253341674805e-01
2.249091565608978271e-01
2.278947979211807251e-01
2.252507209777832031e-01
2.269576042890548706e-01
2.276471108198165894e-01
2.245387285947799683e-01
2.267318069934844971e-01
2.218971252441406250e-01
2.258049100637435913e-01
2.226571887731552124e-01
2.230590134859085083e-01
2.268216907978057861e-01
2.248054593801498413e-01
2.239746004343032837e-01
2.263359427452087402e-01
2.248850315809249878e-01
2.256363779306411743e-01
2.241073995828628540e-01
2.247113585472106934e-01
2.219497859477996826e-01
2.238430678844451904e-01
2.224993407726287842e-01
2.254318445920944214e-01
2.245073020458221436e-01
2.211027741432189941e-01
2.225010544061660767e-01
2.218039184808731079e-01
2.224548757076263428e-01
2.245092689990997314e-01
2.240648716688156128e-01
2.226454466581344604e-01
2.244496941566467285e-01
2.224060446023941040e-01
2.244192063808441162e-01
2.228026539087295532e-01
2.222217023372650146e-01
2.225505858659744263e-01
2.211974114179611206e-01
2.239808142185211182e-01
2.240054458379745483e-01
2.214306443929672241e-01
2.210705280303955078e-01
2.240349501371383667e-01
2.219497412443161011e-01
2.215478569269180298e-01
2.213255017995834351e-01
2.224837839603424072e-01
2.213736176490783691e-01
2.231495827436447144e-01
2.200920432806015015e-01
2.210433483123779297e-01
2.227201759815216064e-01
2.233072817325592041e-01
2.227297872304916382e-01
2.236845344305038452e-01
2.211131155490875244e-01
2.191086411476135254e-01
2.238423824310302734e-01
2.221519201993942261e-01
2.209097146987915039e-01
2.198258936405181885e-01
2.246665060520172119e-01
2.216056436300277710e-01
2.229476720094680786e-01
2.224892973899841309e-01
2.219854891300201416e-01
2.199851274490356445e-01
2.208345681428909302e-01
2.203297615051269531e-01
2.193685472011566162e-01
2.196083664894104004e-01
2.200887203216552734e-01
2.194830477237701416e-01
2.207545787096023560e-01
2.200931459665298462e-01
2.220888137817382812e-01
2.216453850269317627e-01
2.196107357740402222e-01
2.214765548706054688e-01
2.218320369720458984e-01
2.218172997236251831e-01
2.204694747924804688e-01
2.205602377653121948e-01
2.209277302026748657e-01
2.207915186882019043e-01
2.199131697416305542e-01
2.179922759532928467e-01
2.199531644582748413e-01
2.194088250398635864e-01
2.240522801876068115e-01
2.214714437723159790e-01
2.183026373386383057e-01
2.218737602233886719e-01
2.186664044857025146e-01
2.188763767480850220e-01
2.180744558572769165e-01
2.188510000705718994e-01
2.194347828626632690e-01
2.208549380302429199e-01
2.175137400627136230e-01
2.185282707214355469e-01
2.188503295183181763e-01
2.193571925163269043e-01
2.188655585050582886e-01
2.157147973775863647e-01
2.195045202970504761e-01
2.198926657438278198e-01
2.196050286293029785e-01
2.182742655277252197e-01
2.199628651142120361e-01
2.212179303169250488e-01
2.204330265522003174e-01
2.185690104961395264e-01
2.161332666873931885e-01
2.181377857923507690e-01
2.210547924041748047e-01
2.180609554052352905e-01
2.194669842720031738e-01
2.179846465587615967e-01
2.183543890714645386e-01
2.199255824089050293e-01
2.162369489669799805e-01
2.200202345848083496e-01
2.193087786436080933e-01
2.180341631174087524e-01
2.190270870923995972e-01
2.177901417016983032e-01
2.168850898742675781e-01
2.188002467155456543e-01
2.187022417783737183e-01
2.182199656963348389e-01
2.155935913324356079e-01
2.178080379962921143e-01
2.194182872772216797e-01
2.218643873929977417e-01
2.178101986646652222e-01
2.198218405246734619e-01
2.191052883863449097e-01
2.168561369180679321e-01
2.187773287296295166e-01
2.163495421409606934e-01
2.195844203233718872e-01
2.177784740924835205e-01
2.156339883804321289e-01
2.180034965276718140e-01
2.186011224985122681e-01
2.155835926532745361e-01
2.194226384162902832e-01
2.183329463005065918e-01
2.179790437221527100e-01
2.194381803274154663e-01
2.162432670593261719e-01
2.179141640663146973e-01
2.135646939277648926e-01
2.148676663637161255e-01
2.192068099975585938e-01
2.167434394359588623e-01
2.168855369091033936e-01
2.174230813980102539e-01
2.171240895986557007e-01
2.152895033359527588e-01
2.173182517290115356e-01
2.189940512180328369e-01
2.179780900478363037e-01
2.173025459051132202e-01
2.178124338388442993e-01
2.163874655961990356e-01
2.168430387973785400e-01
2.164182662963867188e-01
2.156424969434738159e-01
2.172110378742218018e-01
2.164576351642608643e-01
2.156219035387039185e-01
2.157862633466720581e-01
2.160325199365615845e-01
2.169193029403686523e-01
2.159641683101654053e-01
2.166167795658111572e-01
2.165514379739761353e-01
2.142514288425445557e-01
2.152781635522842407e-01
2.155248969793319702e-01
2.149570137262344360e-01
2.185469865798950195e-01
2.171560972929000854e-01
2.172016948461532593e-01
2.181701660156250000e-01
2.167798727750778198e-01
2.127962112426757812e-01
2.136674970388412476e-01
2.156798690557479858e-01
2.150632739067077637e-01
2.160799205303192139e-01
2.135209441184997559e-01
2.119767814874649048e-01
2.136673778295516968e-01
2.148603349924087524e-01
2.157348394393920898e-01
2.122056186199188232e-01
2.146520316600799561e-01
2.123473286628723145e-01
2.140969187021255493e-01
2.152510285377502441e-01
2.149116396903991699e-01
2.118924558162689209e-01
2.140701562166213989e-01
2.163368016481399536e-01
2.149028033018112183e-01
2.165555655956268311e-01
2.130705714225769043e-01
2.110972255468368530e-01
2.135702073574066162e-01
2.145283371210098267e-01
2.149273157119750977e-01
2.163152098655700684e-01
2.129563689231872559e-01
2.141551226377487183e-01
2.135851979255676270e-01
2.140318304300308228e-01
2.132803797721862793e-01
2.147607356309890747e-01
2.187245041131973267e-01
2.141430377960205078e-01
2.150550037622451782e-01
2.134144753217697144e-01
2.129235714673995972e-01
2.145671397447586060e-01
2.155011743307113647e-01
2.129481732845306396e-01
2.122576981782913208e-01
2.155807167291641235e-01
2.160687446594238281e-01
2.143299132585525513e-01
2.125308662652969360e-01
2.140261083841323853e-01
2.170319259166717529e-01
2.144598960876464844e-01
2.132531106472015381e-01
2.132526934146881104e-01
2.130682021379470825e-01
2.144423425197601318e-01
2.138064801692962646e-01
2.127394825220108032e-01
2.134152203798294067e-01
2.157599031925201416e-01
2.127050012350082397e-01
2.133128494024276733e-01
2.159142941236495972e-01
2.153137326240539551e-01
2.125579714775085449e-01
2.130132466554641724e-01
2.116875797510147095e-01
2.127063721418380737e-01
2.141000181436538696e-01
2.143329083919525146e-01
2.147115767002105713e-01
2.158195674419403076e-01
2.122016251087188721e-01
2.114686369895935059e-01
2.122580260038375854e-01
2.138352990150451660e-01
2.118199318647384644e-01
2.118264734745025635e-01
2.095086127519607544e-01
2.129159271717071533e-01
2.122009396553039551e-01
2.117729932069778442e-01
2.116765677928924561e-01
2.151367813348770142e-01
2.116557359695434570e-01
2.159427702426910400e-01
2.123509496450424194e-01
2.106388211250305176e-01
2.094662040472030640e-01
2.147441357374191284e-01
2.115530520677566528e-01
2.145952284336090088e-01
2.122121751308441162e-01
2.123984843492507935e-01
2.125210613012313843e-01
2.119635343551635742e-01
2.117005437612533569e-01
2.102549374103546143e-01
2.103848159313201904e-01
2.117985785007476807e-01
2.123131453990936279e-01
2.101430296897888184e-01
2.115752696990966797e-01
2.124741971492767334e-01
2.134248763322830200e-01
2.103523612022399902e-01
2.106538712978363037e-01
2.145170569419860840e-01
2.121862620115280151e-01
2.119228541851043701e-01
2.101023495197296143e-01
2.097357213497161865e-01
2.125228345394134521e-01
2.102829813957214355e-01
2.129538953304290771e-01
2.109460383653640747e-01
2.076516598463058472e-01
2.108573913574218750e-01
2.105556726455688477e-01
2.107377797365188599e-01
2.101016044616699219e-01
2.076947987079620361e-01
2.088161706924438477e-01
2.097057700157165527e-01
2.090997844934463501e-01
2.131828218698501587e-01
2.129603326320648193e-01
2.121419161558151245e-01
2.085612267255783081e-01
2.108108997344970703e-01
2.111891508102416992e-01
2.098047137260437012e-01
2.074494808912277222e-01
2.090049237012863159e-01
2.099158167839050293e-01
2.080895453691482544e-01
2.105167657136917114e-01
2.106637507677078247e-01
2.089116424322128296e-01
2.083874195814132690e-01
2.098170965909957886e-01
2.085709273815155029e-01
2.081242054700851440e-01
2.094202637672424316e-01
2.100131809711456299e-01
2.097576111555099487e-01
2.108277827501296997e-01
2.089432328939437866e-01
2.087362706661224365e-01
2.116907089948654175e-01
2.098037302494049072e-01
2.078696936368942261e-01
2.099307775497436523e-01
2.102067619562149048e-01
2.108786553144454956e-01
2.085807025432586670e-01
2.111697196960449219e-01
2.068948298692703247e-01
2.100196331739425659e-01
2.108709067106246948e-01
2.113067060708999634e-01
2.074989825487136841e-01
2.086604833602905273e-01
2.103735357522964478e-01
2.090451419353485107e-01
2.086644470691680908e-01
2.105915397405624390e-01
2.074417322874069214e-01
2.072644531726837158e-01
2.084998488426208496e-01
2.082910090684890747e-01
2.089771330356597900e-01
2.091499716043472290e-01
2.077656984329223633e-01
2.066080570220947266e-01
2.101516425609588623e-01
2.095244526863098145e-01
2.094099372625350952e-01
2.098515331745147705e-01
2.105943262577056885e-01
2.088811397552490234e-01
2.097372263669967651e-01
2.095955759286880493e-01
2.091916650533676147e-01
2.088865488767623901e-01
2.098900228738784790e-01
2.083688527345657349e-01
2.081292569637298584e-01
2.071428596973419189e-01
2.113477438688278198e-01
2.081311643123626709e-01
2.077372968196868896e-01
2.076300978660583496e-01
2.051629871129989624e-01
2.076665908098220825e-01
2.083259522914886475e-01
2.087451964616775513e-01
2.091534584760665894e-01
2.058340311050415039e-01
2.055127322673797607e-01
2.065711468458175659e-01
2.081139385700225830e-01
2.071168571710586548e-01
2.077691704034805298e-01
2.077175229787826538e-01
2.073163390159606934e-01
2.059730440378189087e-01
2.058005779981613159e-01
2.058398723602294922e-01
2.076088339090347290e-01
2.078349590301513672e-01
2.061559259891510010e-01
2.046612054109573364e-01
2.065993398427963257e-01
2.087402194738388062e-01
2.081815004348754883e-01
2.050773203372955322e-01
2.064565271139144897e-01
2.072938084602355957e-01
2.063978612422943115e-01
2.128756046295166016e-01
2.068894803524017334e-01
2.063296735286712646e-01
2.099159359931945801e-01
2.059327512979507446e-01
2.088530510663986206e-01
2.073806971311569214e-01
2.113597840070724487e-01
2.062347680330276489e-01
2.091363072395324707e-01
2.056913673877716064e-01
2.102920413017272949e-01
2.075122147798538208e-01
2.073127329349517822e-01
2.079659402370452881e-01
2.047220617532730103e-01
2.072072923183441162e-01
2.062613964080810547e-01
2.052998840808868408e-01
2.056292891502380371e-01
2.073106765747070312e-01
2.059118002653121948e-01
2.059639394283294678e-01
2.062631845474243164e-01
2.070565074682235718e-01
2.056117057800292969e-01
2.064979374408721924e-01
2.054107934236526489e-01
2.046973407268524170e-01
2.077356725931167603e-01
2.047422081232070923e-01
2.049791663885116577e-01
2.065181881189346313e-01
2.042098641395568848e-01
2.041006237268447876e-01
2.048867344856262207e-01
2.045939415693283081e-01
2.060429453849792480e-01
2.053890228271484375e-01
2.052115797996520996e-01
2.037059813737869263e-01
2.044507116079330444e-01
2.062000036239624023e-01
2.039959281682968140e-01
2.061257660388946533e-01
2.084083259105682373e-01
2.057348787784576416e-01
2.032141685485839844e-01
2.074010074138641357e-01
2.036421149969100952e-01
2.024445980787277222e-01
2.074650079011917114e-01
2.045577615499496460e-01
2.047346532344818115e-01
2.069926857948303223e-01
2.027422487735748291e-01
2.041653692722320557e-01
2.036259174346923828e-01
2.048012465238571167e-01
2.044742554426193237e-01
2.072823941707611084e-01
2.042303383350372314e-01
2.022017538547515869e-01
2.029576599597930908e-01
2.055792361497879028e-01
2.069803625345230103e-01
2.040566354990005493e-01
2.062745541334152222e-01
2.051754742860794067e-01
2.050578445196151733e-01
2.032750397920608521e-01
2.018352448940277100e-01
2.033550292253494263e-01
2.057060748338699341e-01
2.008409202098846436e-01
2.052696347236633301e-01
2.024264633655548096e-01
2.060713618993759155e-01
2.039338499307632446e-01
2.053849548101425171e-01
2.040579020977020264e-01
2.024751752614974976e-01
2.035538405179977417e-01
2.034609764814376831e-01
2.041329592466354370e-01
2.026953697204589844e-01
2.066457867622375488e-01
2.033490240573883057e-01
2.029119729995727539e-01
2.046729475259780884e-01
1.998966038227081299e-01
2.036529928445816040e-01
2.056188285350799561e-01
2.030567526817321777e-01
2.048488855361938477e-01
2.033213824033737183e-01
2.032171487808227539e-01
2.046175450086593628e-01
2.044937759637832642e-01
2.028576135635375977e-01
2.012500315904617310e-01
2.036529630422592163e-01
2.039832174777984619e-01
2.080529034137725830e-01
2.045333385467529297e-01
2.041132748126983643e-01
2.012968808412551880e-01
2.038552612066268921e-01
2.029888778924942017e-01
2.029739320278167725e-01
2.036618143320083618e-01
2.072544842958450317e-01
2.033015787601470947e-01
2.011585980653762817e-01
2.048338949680328369e-01
2.034925371408462524e-01
2.015431225299835205e-01
2.045014500617980957e-01
2.010375410318374634e-01
2.028065323829650879e-01
2.025518417358398438e-01
2.019577920436859131e-01
2.033458352088928223e-01
1.997170150279998779e-01
2.019001245498657227e-01
2.020641565322875977e-01
2.034237831830978394e-01
2.043419629335403442e-01
2.036804407835006714e-01
2.027064412832260132e-01
1.997566074132919312e-01
2.012149840593338013e-01
1.996681094169616699e-01
2.039733082056045532e-01
1.994174122810363770e-01
2.039007544517517090e-01
2.030500918626785278e-01
2.035283297300338745e-01
2.036034613847732544e-01
2.013675123453140259e-01
2.005857974290847778e-01
2.036713510751724243e-01
2.015266269445419312e-01
2.023624032735824585e-01
2.019216865301132202e-01
2.025998979806900024e-01
2.021602839231491089e-01
2.004815191030502319e-01
2.031229287385940552e-01
2.020355015993118286e-01
2.012393921613693237e-01
2.032233029603958130e-01
2.037233710289001465e-01
2.020475417375564575e-01
2.017292529344558716e-01
2.013697326183319092e-01
2.020211070775985718e-01
2.010804414749145508e-01
2.033888995647430420e-01
2.020832896232604980e-01
2.003405541181564331e-01
2.011898308992385864e-01
2.028687000274658203e-01
2.018244564533233643e-01
1.987011730670928955e-01
2.016181647777557373e-01
2.029455006122589111e-01
2.021993696689605713e-01
2.009268105030059814e-01
2.006182819604873657e-01
2.036244571208953857e-01
2.027783691883087158e-01
2.028888761997222900e-01
2.020935863256454468e-01
1.997221410274505615e-01
1.999433040618896484e-01
2.019821852445602417e-01
2.032612711191177368e-01
2.017991840839385986e-01
1.998586654663085938e-01
2.011121660470962524e-01
2.003868222236633301e-01
2.002398967742919922e-01
1.983725875616073608e-01
2.009670734405517578e-01
2.035886198282241821e-01
2.020683288574218750e-01
2.006677091121673584e-01
1.998024284839630127e-01
2.000955939292907715e-01
2.001811712980270386e-01
2.005730867385864258e-01
2.008057832717895508e-01
2.029599100351333618e-01
2.022732347249984741e-01
2.009477764368057251e-01
2.019747942686080933e-01
2.007802724838256836e-01
1.988196521997451782e-01
2.028143107891082764e-01
2.015706449747085571e-01
2.024272233247756958e-01
2.003349512815475464e-01
2.014836668968200684e-01
1.999682635068893433e-01
1.993992030620574951e-01
2.002673447132110596e-01
2.013514339923858643e-01
1.983723044395446777e-01
1.996884196996688843e-01
1.992036402225494385e-01
2.008825838565826416e-01
1.975153237581253052e-01
1.980958133935928345e-01
2.026412785053253174e-01
2.001405507326126099e-01
1.995225995779037476e-01
2.004748731851577759e-01
2.010272741317749023e-01
1.998643279075622559e-01
1.983442008495330811e-01
1.976791322231292725e-01
2.029751539230346680e-01
2.002843022346496582e-01
1.994853019714355469e-01
1.994132548570632935e-01
1.992340087890625000e-01
1.980189383029937744e-01
2.023023515939712524e-01
1.981704235076904297e-01
2.024765610694885254e-01
2.003236413002014160e-01
2.004495263099670410e-01
1.964593380689620972e-01
2.019987404346466064e-01
2.000232934951782227e-01
2.017578333616256714e-01
1.988051384687423706e-01
1.985545456409454346e-01
2.000986784696578979e-01
1.993168443441390991e-01
2.013310045003890991e-01
2.003296315670013428e-01
1.977761834859848022e-01
2.006630450487136841e-01
2.001702934503555298e-01
1.987923830747604370e-01
1.991441100835800171e-01
2.011719197034835815e-01
2.006146907806396484e-01
1.992106437683105469e-01
1.990004777908325195e-01
2.008708864450454712e-01
1.985168457031250000e-01
1.992522776126861572e-01
1.991517394781112671e-01
1.968665271997451782e-01
2.007065862417221069e-01
2.002872824668884277e-01
1.992059946060180664e-01
2.014584243297576904e-01
1.993845254182815552e-01
2.008871734142303467e-01
1.996290087699890137e-01
1.982331126928329468e-01
1.990530043840408325e-01
1.979916542768478394e-01
1.993840783834457397e-01
1.992840170860290527e-01
2.019187808036804199e-01
1.999127566814422607e-01
2.005771398544311523e-01
1.942705214023590088e-01
2.010865509510040283e-01
2.010228633880615234e-01
1.988388895988464355e-01
1.977399438619613647e-01
1.966858953237533569e-01
2.006982862949371338e-01
1.945048123598098755e-01
2.000290155410766602e-01
1.968639940023422241e-01
1.970086842775344849e-01
1.989222019910812378e-01
1.965712904930114746e-01
1.992924213409423828e-01
2.007801532745361328e-01
1.992661207914352417e-01
1.985893100500106812e-01
1.995114386081695557e-01
2.001926451921463013e-01
2.003411054611206055e-01
1.991366147994995117e-01
1.996626853942871094e-01
1.980695724487304688e-01
1.970404088497161865e-01
1.987287700176239014e-01
1.977303624153137207e-01
1.958247274160385132e-01
1.968865543603897095e-01
1.959683597087860107e-01
1.974513679742813110e-01
1.947190165519714355e-01
1.963837742805480957e-01
1.977088451385498047e-01
1.962944716215133667e-01
1.990504264831542969e-01
2.009337097406387329e-01
1.984855681657791138e-01
1.970496326684951782e-01
1.995953917503356934e-01
1.956671029329299927e-01
1.954780519008636475e-01
1.977521628141403198e-01
1.974602937698364258e-01
1.976313889026641846e-01
1.961425393819808960e-01
1.979772895574569702e-01
1.961934715509414673e-01
1.958670467138290405e-01
1.987140029668807983e-01
1.980244219303131104e-01
1.975247263908386230e-01
1.966897547245025635e-01
1.965015977621078491e-01
1.966369450092315674e-01
1.971201598644256592e-01
1.953273117542266846e-01
1.981263160705566406e-01
1.986751705408096313e-01
1.937400102615356445e-01
1.954268068075180054e-01
1.960156112909317017e-01
1.986957192420959473e-01
