6.133668422698974609e-01
6.068636775016784668e-01
6.007812023162841797e-01
5.939562320709228516e-01
5.872914195060729980e-01
5.801895856857299805e-01
5.712696313858032227e-01
5.615100860595703125e-01
5.503739118576049805e-01
5.370817184448242188e-01
5.253862142562866211e-01
5.101849436759948730e-01
4.931469559669494629e-01
4.748448133468627930e-01
4.582491219043731689e-01
4.383160173892974854e-01
4.172483980655670166e-01
4.002074599266052246e-01
3.782093226909637451e-01
3.634794950485229492e-01
3.529493510723114014e-01
3.413033485412597656e-01
3.416894376277923584e-01
3.357240259647369385e-01
3.443284034729003906e-01
3.424205780029296875e-01
3.457430899143218994e-01
3.403059244155883789e-01
3.321487605571746826e-01
3.251712322235107422e-01
3.253166079521179199e-01
3.119828999042510986e-01
3.155684173107147217e-01
3.088953495025634766e-01
3.084927499294281006e-01
3.057712912559509277e-01
3.039556741714477539e-01
3.024549484252929688e-01
3.053621053695678711e-01
2.999381124973297119e-01
3.013337850570678711e-01
2.946454882621765137e-01
2.953774034976959229e-01
2.884314954280853271e-01
2.889408469200134277e-01
2.871052026748657227e-01
2.827554047107696533e-01
2.861149907112121582e-01
2.847976386547088623e-01
2.820176184177398682e-01
2.807533442974090576e-01
2.770495414733886719e-01
2.797741591930389404e-01
2.732621729373931885e-01
2.722218036651611328e-01
2.718362510204315186e-01
2.718194127082824707e-01
2.724651396274566650e-01
2.744210958480834961e-01
2.685729861259460449e-01
2.668438553810119629e-01
2.637759149074554443e-01
2.658277750015258789e-01
2.627169787883758545e-01
2.667163610458374023e-01
2.619681358337402344e-01
2.666181623935699463e-01
2.589823603630065918e-01
2.613333463668823242e-01
2.551943659782409668e-01
2.590527534484863281e-01
2.572727799415588379e-01
2.561600804328918457e-01
2.532033920288085938e-01
2.559531629085540771e-01
2.524542808532714844e-01
2.514951229095458984e-01
2.499046176671981812e-01
2.519589662551879883e-01
2.512341141700744629e-01
2.486803382635116577e-01
2.473309487104415894e-01
2.473224103450775146e-01
2.465196996927261353e-01
2.482068389654159546e-01
2.464074939489364624e-01
2.482001483440399170e-01
2.444333434104919434e-01
2.435380816459655762e-01
2.421358376741409302e-01
2.439633756875991821e-01
2.445134669542312622e-01
2.409727573394775391e-01
2.431101053953170776e-01
2.398926168680191040e-01
2.405830025672912598e-01
2.401393055915832520e-01
2.350051701068878174e-01
2.399719208478927612e-01
2.408109009265899658e-01
2.364249676465988159e-01
2.370916455984115601e-01
2.358023673295974731e-01
2.393047064542770386e-01
2.364876121282577515e-01
2.345915883779525757e-01
2.329772561788558960e-01
2.342014908790588379e-01
2.324471324682235718e-01
2.334884107112884521e-01
2.301979809999465942e-01
2.336762249469757080e-01
2.310750484466552734e-01
2.316535860300064087e-01
2.291360944509506226e-01
2.323577553033828735e-01
2.281457334756851196e-01
2.264684438705444336e-01
2.308546602725982666e-01
2.269517034292221069e-01
2.254499793052673340e-01
2.282129079103469849e-01
2.250850647687911987e-01
2.249530851840972900e-01
2.263236492872238159e-01
2.224700748920440674e-01
2.261604517698287964e-01
2.275425046682357788e-01
2.271834462881088257e-01
2.234420627355575562e-01
2.259681224822998047e-01
2.212275713682174683e-01
2.236945480108261108e-01
2.198134809732437134e-01
2.207203507423400879e-01
2.221685796976089478e-01
2.189795076847076416e-01
2.209820300340652466e-01
2.210847884416580200e-01
2.205508798360824585e-01
2.189969867467880249e-01
2.213355600833892822e-01
2.170872837305068970e-01
2.192538231611251831e-01
2.176468223333358765e-01
2.184772044420242310e-01
2.180690169334411621e-01
2.176887542009353638e-01
2.178962975740432739e-01
2.163880318403244019e-01
2.163772284984588623e-01
2.148078978061676025e-01
2.136153578758239746e-01
2.142782360315322876e-01
2.129974067211151123e-01
2.137277722358703613e-01
2.134597152471542358e-01
2.134073376655578613e-01
2.135518044233322144e-01
2.140668034553527832e-01
2.123211473226547241e-01
2.139592915773391724e-01
2.096094936132431030e-01
2.120256125926971436e-01
2.122968137264251709e-01
2.083463370800018311e-01
2.101411074399948120e-01
2.111941426992416382e-01
2.088691294193267822e-01
2.100498229265213013e-01
2.077601701021194458e-01
2.082232683897018433e-01
2.073243111371994019e-01
2.091422826051712036e-01
2.080860584974288940e-01
2.090947479009628296e-01
2.050604075193405151e-01
2.066616415977478027e-01
2.049178928136825562e-01
2.035689055919647217e-01
2.062335759401321411e-01
2.034927457571029663e-01
2.018779367208480835e-01
2.028766870498657227e-01
2.037048041820526123e-01
2.043600827455520630e-01
2.013893425464630127e-01
2.014674097299575806e-01
2.016043215990066528e-01
2.020707279443740845e-01
2.018460333347320557e-01
2.020234614610671997e-01
2.000843733549118042e-01
2.011659741401672363e-01
2.005019336938858032e-01
1.983986347913742065e-01
2.012162059545516968e-01
1.984685957431793213e-01
1.997012645006179810e-01
1.980742961168289185e-01
1.988828927278518677e-01
1.980598717927932739e-01
1.978292167186737061e-01
1.984317600727081299e-01
1.974451094865798950e-01
1.927882134914398193e-01
1.976953893899917603e-01
1.970709711313247681e-01
1.971248537302017212e-01
1.945644766092300415e-01
1.934649497270584106e-01
1.946564465761184692e-01
1.955219358205795288e-01
1.939363479614257812e-01
1.967488527297973633e-01
1.941493451595306396e-01
1.937740594148635864e-01
1.938809901475906372e-01
1.934544444084167480e-01
1.924506127834320068e-01
1.929624527692794800e-01
1.910634636878967285e-01
1.925572454929351807e-01
1.923793703317642212e-01
1.919088810682296753e-01
1.914519965648651123e-01
1.933558434247970581e-01
1.897073835134506226e-01
1.941447108983993530e-01
1.895843744277954102e-01
1.891658157110214233e-01
1.898238062858581543e-01
1.915160268545150757e-01
1.916782706975936890e-01
1.902958303689956665e-01
1.887885928153991699e-01
1.893976479768753052e-01
1.874944269657135010e-01
1.879624277353286743e-01
1.885841190814971924e-01
1.878606975078582764e-01
1.859625577926635742e-01
1.878791600465774536e-01
1.854865401983261108e-01
1.856949180364608765e-01
1.842367649078369141e-01
1.847619414329528809e-01
1.851086765527725220e-01
1.830921322107315063e-01
1.857100725173950195e-01
1.877770870923995972e-01
1.845119744539260864e-01
1.840504854917526245e-01
1.838691532611846924e-01
1.840421557426452637e-01
1.829038113355636597e-01
1.808036416769027710e-01
1.825748682022094727e-01
1.842116117477416992e-01
1.844884902238845825e-01
1.811390817165374756e-01
1.820983439683914185e-01
1.805935651063919067e-01
1.808484792709350586e-01
1.827748417854309082e-01
1.794953495264053345e-01
1.818417459726333618e-01
1.818228811025619507e-01
1.795388907194137573e-01
1.794146299362182617e-01
1.790239214897155762e-01
1.790974885225296021e-01
1.808093488216400146e-01
1.790249794721603394e-01
1.789161562919616699e-01
1.797805577516555786e-01
1.786158531904220581e-01
1.807617098093032837e-01
1.779829859733581543e-01
1.797102391719818115e-01
1.758169531822204590e-01
1.795585453510284424e-01
1.778124570846557617e-01
1.760375201702117920e-01
1.787459254264831543e-01
1.787455826997756958e-01
1.773495227098464966e-01
1.769993752241134644e-01
1.735991835594177246e-01
1.754201650619506836e-01
1.777876019477844238e-01
1.760108470916748047e-01
1.743668168783187866e-01
1.738331168889999390e-01
1.737900972366333008e-01
1.770036965608596802e-01
1.733215153217315674e-01
1.751643270254135132e-01
1.731715053319931030e-01
1.739432811737060547e-01
1.738474071025848389e-01
1.736545860767364502e-01
1.749552488327026367e-01
1.737304031848907471e-01
1.728213131427764893e-01
1.736632287502288818e-01
1.714747399091720581e-01
1.729063242673873901e-01
1.714622676372528076e-01
1.738840192556381226e-01
1.731784343719482422e-01
1.726882904767990112e-01
1.725945919752120972e-01
1.714597940444946289e-01
1.701240837574005127e-01
1.714250147342681885e-01
1.694235205650329590e-01
1.707901507616043091e-01
1.701868772506713867e-01
1.713599413633346558e-01
1.694102287292480469e-01
1.684144586324691772e-01
1.706932485103607178e-01
1.698544472455978394e-01
1.670044213533401489e-01
1.688188016414642334e-01
1.679127961397171021e-01
1.699833720922470093e-01
1.678623706102371216e-01
1.679078340530395508e-01
1.687115430831909180e-01
1.666286140680313110e-01
1.706521064043045044e-01
1.686884462833404541e-01
1.685200482606887817e-01
1.667329967021942139e-01
1.663949191570281982e-01
1.668254435062408447e-01
1.677170097827911377e-01
1.670711040496826172e-01
1.678228676319122314e-01
1.655157804489135742e-01
1.632800847291946411e-01
1.666952520608901978e-01
1.657629162073135376e-01
1.627210080623626709e-01
1.642185747623443604e-01
1.638925820589065552e-01
1.655039489269256592e-01
1.640191823244094849e-01
1.664895862340927124e-01
1.651692241430282593e-01
1.644850671291351318e-01
1.646822988986968994e-01
1.650531738996505737e-01
1.645239591598510742e-01
1.629851013422012329e-01
1.646562516689300537e-01
1.619914472103118896e-01
1.619199365377426147e-01
1.624104380607604980e-01
1.633903682231903076e-01
1.625226438045501709e-01
1.620472669601440430e-01
1.623595058917999268e-01
1.631376594305038452e-01
1.626678705215454102e-01
1.621039360761642456e-01
1.610995382070541382e-01
1.613506376743316650e-01
1.608248054981231689e-01
1.611797064542770386e-01
1.610985398292541504e-01
1.620639264583587646e-01
1.613503396511077881e-01
1.594202816486358643e-01
1.590129733085632324e-01
1.597015708684921265e-01
1.584810018539428711e-01
1.598836928606033325e-01
1.602125763893127441e-01
1.599237620830535889e-01
1.597810089588165283e-01
1.585894227027893066e-01
1.591271758079528809e-01
1.591042131185531616e-01
1.589390784502029419e-01
1.588924974203109741e-01
1.600190252065658569e-01
1.595658361911773682e-01
1.599132120609283447e-01
1.598363667726516724e-01
1.601260453462600708e-01
1.578692644834518433e-01
1.573559641838073730e-01
1.575175970792770386e-01
1.572094559669494629e-01
1.573348343372344971e-01
1.583720594644546509e-01
1.563619524240493774e-01
1.559240818023681641e-01
1.556740105152130127e-01
1.579201817512512207e-01
1.567588001489639282e-01
1.563172489404678345e-01
1.555154472589492798e-01
1.567678749561309814e-01
1.563906073570251465e-01
1.564320623874664307e-01
1.570856273174285889e-01
1.561972796916961670e-01
1.548837125301361084e-01
1.547527611255645752e-01
1.551025509834289551e-01
1.545915752649307251e-01
1.536321640014648438e-01
1.561124920845031738e-01
1.528009176254272461e-01
1.532858312129974365e-01
1.527881771326065063e-01
1.538477987051010132e-01
1.533760726451873779e-01
1.542482972145080566e-01
1.548065543174743652e-01
1.536017060279846191e-01
1.535345464944839478e-01
1.543181687593460083e-01
1.542603671550750732e-01
1.519528925418853760e-01
1.527859866619110107e-01
1.523840576410293579e-01
1.552136689424514771e-01
1.527747362852096558e-01
1.526644974946975708e-01
1.517103761434555054e-01
1.530319899320602417e-01
1.516815423965454102e-01
1.523970216512680054e-01
1.519795358180999756e-01
1.519153565168380737e-01
1.519743800163269043e-01
1.525194942951202393e-01
1.523463279008865356e-01
1.523728072643280029e-01
1.507094651460647583e-01
1.520285755395889282e-01
1.509371995925903320e-01
1.507979929447174072e-01
1.508959233760833740e-01
1.501027196645736694e-01
1.505417227745056152e-01
1.535895466804504395e-01
1.497739106416702271e-01
1.510239243507385254e-01
1.501946151256561279e-01
1.531171202659606934e-01
1.510820090770721436e-01
1.482953578233718872e-01
1.490805298089981079e-01
1.501024514436721802e-01
1.514526307582855225e-01
1.478963494300842285e-01
1.487648487091064453e-01
1.491513699293136597e-01
1.499660909175872803e-01
1.461698710918426514e-01
1.499057710170745850e-01
1.496793627738952637e-01
1.487537324428558350e-01
1.470057666301727295e-01
1.480264663696289062e-01
1.484147757291793823e-01
1.488563716411590576e-01
1.489636003971099854e-01
1.471479386091232300e-01
1.472142487764358521e-01
1.489261239767074585e-01
1.479972004890441895e-01
1.468678861856460571e-01
1.488004028797149658e-01
1.467381864786148071e-01
1.473689675331115723e-01
1.493101269006729126e-01
1.471382826566696167e-01
1.466552168130874634e-01
1.472784429788589478e-01
1.479224413633346558e-01
1.476226001977920532e-01
1.465625017881393433e-01
1.479247957468032837e-01
1.476329416036605835e-01
1.478973478078842163e-01
1.462608426809310913e-01
1.472317725419998169e-01
1.484241783618927002e-01
1.462664902210235596e-01
1.459867358207702637e-01
1.454571634531021118e-01
1.443167775869369507e-01
1.471627056598663330e-01
1.458899825811386108e-01
1.470580548048019409e-01
1.465289741754531860e-01
1.465058773756027222e-01
1.463754624128341675e-01
1.471337825059890747e-01
1.472246646881103516e-01
1.433359831571578979e-01
1.443172544240951538e-01
1.443618386983871460e-01
1.474292576313018799e-01
1.445215791463851929e-01
1.472355425357818604e-01
1.464249938726425171e-01
1.473354846239089966e-01
1.441542804241180420e-01
1.455443799495697021e-01
1.450870186090469360e-01
1.447675526142120361e-01
1.453114300966262817e-01
1.449499726295471191e-01
1.445461064577102661e-01
1.447659879922866821e-01
1.450194716453552246e-01
1.441473364830017090e-01
1.434953510761260986e-01
1.460096240043640137e-01
1.447469294071197510e-01
1.437948793172836304e-01
1.442543417215347290e-01
1.438788622617721558e-01
1.452173143625259399e-01
1.428036987781524658e-01
1.442792713642120361e-01
1.444542407989501953e-01
1.442387849092483521e-01
1.446241587400436401e-01
1.441288888454437256e-01
1.452306956052780151e-01
1.430752724409103394e-01
1.427714526653289795e-01
1.429146230220794678e-01
1.425337195396423340e-01
1.422799378633499146e-01
1.435261964797973633e-01
1.433144211769104004e-01
1.435573399066925049e-01
1.431996077299118042e-01
1.443142890930175781e-01
1.416119933128356934e-01
1.416326016187667847e-01
1.404742598533630371e-01
1.435703784227371216e-01
1.440896391868591309e-01
1.421153545379638672e-01
1.436470746994018555e-01
1.427996158599853516e-01
1.426049023866653442e-01
1.419903486967086792e-01
1.415469646453857422e-01
1.428472995758056641e-01
1.408840566873550415e-01
1.433448046445846558e-01
1.404695957899093628e-01
1.439737826585769653e-01
1.403837203979492188e-01
1.410402804613113403e-01
1.410991102457046509e-01
1.422273516654968262e-01
1.415557414293289185e-01
1.405656337738037109e-01
1.440587341785430908e-01
1.403465270996093750e-01
1.411690860986709595e-01
1.419209390878677368e-01
1.405338346958160400e-01
1.403752416372299194e-01
1.412987709045410156e-01
1.411264240741729736e-01
1.405133754014968872e-01
1.420294493436813354e-01
1.416516005992889404e-01
1.390157341957092285e-01
1.414366960525512695e-01
1.402175873517990112e-01
1.411055773496627808e-01
1.407755166292190552e-01
1.419040411710739136e-01
1.413865685462951660e-01
1.416742503643035889e-01
1.415963470935821533e-01
1.391338557004928589e-01
1.395202577114105225e-01
1.428215652704238892e-01
1.416773498058319092e-01
1.416112929582595825e-01
1.394974738359451294e-01
1.403308361768722534e-01
1.398792415857315063e-01
1.385488361120223999e-01
1.394880414009094238e-01
1.404459029436111450e-01
1.402135938405990601e-01
1.424165815114974976e-01
1.397415548563003540e-01
1.382787525653839111e-01
1.401683986186981201e-01
1.396721303462982178e-01
1.402561962604522705e-01
1.394861191511154175e-01
1.397322118282318115e-01
1.408968567848205566e-01
1.405531018972396851e-01
1.375456005334854126e-01
1.409341394901275635e-01
1.402894854545593262e-01
1.375164389610290527e-01
1.389756202697753906e-01
1.396472007036209106e-01
1.405981332063674927e-01
1.404456645250320435e-01
1.399375498294830322e-01
1.388403475284576416e-01
1.383427679538726807e-01
1.384361386299133301e-01
1.406552493572235107e-01
1.382852047681808472e-01
1.407317221164703369e-01
1.394604742527008057e-01
1.412559002637863159e-01
1.381973326206207275e-01
1.396651566028594971e-01
1.392425298690795898e-01
1.386643797159194946e-01
1.382338851690292358e-01
1.384641677141189575e-01
1.375098824501037598e-01
1.393869519233703613e-01
1.390224248170852661e-01
1.376446038484573364e-01
1.390086114406585693e-01
1.397139281034469604e-01
1.384832859039306641e-01
1.386804133653640747e-01
1.385118514299392700e-01
1.374576985836029053e-01
1.384841948747634888e-01
1.378494799137115479e-01
1.396816521883010864e-01
1.386803984642028809e-01
1.379461884498596191e-01
1.399305462837219238e-01
1.371964961290359497e-01
1.359081417322158813e-01
1.392570286989212036e-01
1.372236460447311401e-01
1.386397033929824829e-01
1.371326446533203125e-01
1.375374794006347656e-01
1.375193148851394653e-01
1.369472593069076538e-01
1.379003077745437622e-01
1.372625380754470825e-01
1.389921754598617554e-01
1.374995410442352295e-01
1.370487660169601440e-01
1.355679184198379517e-01
1.390555948019027710e-01
1.368053853511810303e-01
1.379189938306808472e-01
1.376778930425643921e-01
1.365964114665985107e-01
1.382364481687545776e-01
1.370033174753189087e-01
1.374592781066894531e-01
1.370065212249755859e-01
1.386933177709579468e-01
1.364668011665344238e-01
1.378316730260848999e-01
1.352873891592025757e-01
1.370596140623092651e-01
1.349004954099655151e-01
1.342956274747848511e-01
1.373765468597412109e-01
1.381166875362396240e-01
1.364754587411880493e-01
1.377229839563369751e-01
1.378567814826965332e-01
1.373336315155029297e-01
1.364841759204864502e-01
1.357670128345489502e-01
1.367623955011367798e-01
1.353538185358047485e-01
1.352514773607254028e-01
1.360422968864440918e-01
1.375778615474700928e-01
1.360528618097305298e-01
1.359125822782516479e-01
1.357373297214508057e-01
1.353817284107208252e-01
1.360864788293838501e-01
1.358810812234878540e-01
1.366928815841674805e-01
1.358029246330261230e-01
1.357508152723312378e-01
1.352899968624114990e-01
1.345364153385162354e-01
1.365822702646255493e-01
1.349095702171325684e-01
1.349055916070938110e-01
1.359139084815979004e-01
1.353457868099212646e-01
1.350762248039245605e-01
1.344345957040786743e-01
1.349666863679885864e-01
1.358316093683242798e-01
1.345757991075515747e-01
1.349930316209793091e-01
1.334409564733505249e-01
1.363951265811920166e-01
1.346150040626525879e-01
1.345292031764984131e-01
1.342274695634841919e-01
1.355185657739639282e-01
1.351059973239898682e-01
1.331618726253509521e-01
1.360323280096054077e-01
1.349252611398696899e-01
1.349568217992782593e-01
1.343246996402740479e-01
1.339241713285446167e-01
1.356086581945419312e-01
1.347814202308654785e-01
1.342770457267761230e-01
1.334989517927169800e-01
1.358360052108764648e-01
1.346817910671234131e-01
1.345887184143066406e-01
1.345967650413513184e-01
1.352506577968597412e-01
1.362438499927520752e-01
1.348488181829452515e-01
1.331468969583511353e-01
1.349887251853942871e-01
1.342340558767318726e-01
1.344270259141921997e-01
1.338622719049453735e-01
1.331422030925750732e-01
1.336019486188888550e-01
1.350595057010650635e-01
1.354196667671203613e-01
1.327309906482696533e-01
1.330541968345642090e-01
1.324079334735870361e-01
1.335513442754745483e-01
1.348901987075805664e-01
1.327209323644638062e-01
1.335957795381546021e-01
1.326800584793090820e-01
1.303669363260269165e-01
1.327044218778610229e-01
1.339230984449386597e-01
1.342021226882934570e-01
1.347417384386062622e-01
1.346890926361083984e-01
1.337316930294036865e-01
1.340172737836837769e-01
1.310283094644546509e-01
1.336302757263183594e-01
1.338774263858795166e-01
1.349389106035232544e-01
1.344638764858245850e-01
1.329559832811355591e-01
1.342950165271759033e-01
1.318749189376831055e-01
1.354820281267166138e-01
1.301729828119277954e-01
1.328220218420028687e-01
1.327406466007232666e-01
1.314142048358917236e-01
1.337251216173171997e-01
1.341100484132766724e-01
1.331249326467514038e-01
1.339668184518814087e-01
1.329168677330017090e-01
1.318621486425399780e-01
1.308068037033081055e-01
1.335667073726654053e-01
1.325379461050033569e-01
1.332607269287109375e-01
1.344485729932785034e-01
1.327843517065048218e-01
1.327235102653503418e-01
1.324415206909179688e-01
1.321312487125396729e-01
1.323057115077972412e-01
1.305682361125946045e-01
1.320771425962448120e-01
1.328718066215515137e-01
1.311385929584503174e-01
1.318435221910476685e-01
1.322413831949234009e-01
1.316826641559600830e-01
1.318344622850418091e-01
1.321955770254135132e-01
1.328436732292175293e-01
1.321091651916503906e-01
1.304031461477279663e-01
1.320897936820983887e-01
1.318757086992263794e-01
1.316157728433609009e-01
1.310771554708480835e-01
1.313144266605377197e-01
1.329374015331268311e-01
1.312410980463027954e-01
1.308185011148452759e-01
1.315460503101348877e-01
1.307974755764007568e-01
1.314459741115570068e-01
1.310305148363113403e-01
1.322833299636840820e-01
1.313367336988449097e-01
1.313836574554443359e-01
1.326287537813186646e-01
1.308993995189666748e-01
1.304459571838378906e-01
1.309206336736679077e-01
1.320064365863800049e-01
1.315060257911682129e-01
1.319669932126998901e-01
1.311220228672027588e-01
1.316908746957778931e-01
1.320261210203170776e-01
1.306849569082260132e-01
1.306045353412628174e-01
1.306908875703811646e-01
1.307835876941680908e-01
1.311688572168350220e-01
1.303568184375762939e-01
1.297807097434997559e-01
1.319508999586105347e-01
1.301002800464630127e-01
1.316026747226715088e-01
1.309244781732559204e-01
1.312780231237411499e-01
1.307560801506042480e-01
1.308456957340240479e-01
1.279222071170806885e-01
1.293484866619110107e-01
1.308543533086776733e-01
1.291877329349517822e-01
1.310782432556152344e-01
1.311253011226654053e-01
1.300016790628433228e-01
1.307587027549743652e-01
1.309793293476104736e-01
1.285266280174255371e-01
1.296073645353317261e-01
1.304934322834014893e-01
1.304470896720886230e-01
1.299157738685607910e-01
1.306903660297393799e-01
1.308092176914215088e-01
1.304647028446197510e-01
1.293134838342666626e-01
1.298462897539138794e-01
1.287139803171157837e-01
1.294601261615753174e-01
1.296661198139190674e-01
1.285456866025924683e-01
1.302091032266616821e-01
1.300031691789627075e-01
1.284350305795669556e-01
1.303224116563796997e-01
1.293179988861083984e-01
1.287538856267929077e-01
1.289777308702468872e-01
1.292022615671157837e-01
1.279039531946182251e-01
1.287758946418762207e-01
1.294387131929397583e-01
1.301465779542922974e-01
1.300457417964935303e-01
1.294708251953125000e-01
1.287309378385543823e-01
1.284859478473663330e-01
1.306787282228469849e-01
1.286434382200241089e-01
1.282892823219299316e-01
1.288348585367202759e-01
1.286081224679946899e-01
1.283211708068847656e-01
1.295121610164642334e-01
1.271313279867172241e-01
1.288112103939056396e-01
1.292374134063720703e-01
1.289139986038208008e-01
1.278879493474960327e-01
1.261828243732452393e-01
1.307170093059539795e-01
1.294652074575424194e-01
1.286041438579559326e-01
1.286491900682449341e-01
1.278122216463088989e-01
1.294413954019546509e-01
1.273285299539566040e-01
1.293663233518600464e-01
1.273281276226043701e-01
1.301475316286087036e-01
1.275048106908798218e-01
1.289519369602203369e-01
1.287186890840530396e-01
1.284094154834747314e-01
1.287175863981246948e-01
1.281160116195678711e-01
1.294692158699035645e-01
1.276938766241073608e-01
1.280951946973800659e-01
1.293528079986572266e-01
1.277913004159927368e-01
1.292390674352645874e-01
1.273801922798156738e-01
1.274652332067489624e-01
1.285619288682937622e-01
1.272920072078704834e-01
1.278639435768127441e-01
1.284738481044769287e-01
1.278947442770004272e-01
1.277317851781845093e-01
1.285964995622634888e-01
1.278104931116104126e-01
1.275964677333831787e-01
1.268023550510406494e-01
1.276409626007080078e-01
1.271695047616958618e-01
1.280162483453750610e-01
1.286117285490036011e-01
1.280128657817840576e-01
1.263633817434310913e-01
1.257239133119583130e-01
1.276096552610397339e-01
1.277133524417877197e-01
1.276728361845016479e-01
1.277465373277664185e-01
1.277203857898712158e-01
1.267573386430740356e-01
1.262963265180587769e-01
1.247967109084129333e-01
1.286566555500030518e-01
1.274660527706146240e-01
1.264049559831619263e-01
1.265223026275634766e-01
1.273122876882553101e-01
1.264097243547439575e-01
1.264244168996810913e-01
1.264548301696777344e-01
1.268179714679718018e-01
1.263388395309448242e-01
1.270123869180679321e-01
1.257447004318237305e-01
1.257902681827545166e-01
1.284108012914657593e-01
1.262426227331161499e-01
1.279763281345367432e-01
1.279628276824951172e-01
1.268581449985504150e-01
1.274390220642089844e-01
1.285829097032546997e-01
1.275687366724014282e-01
1.254430562257766724e-01
1.258417814970016479e-01
1.260360032320022583e-01
1.271201223134994507e-01
1.267655342817306519e-01
1.260152608156204224e-01
1.268614977598190308e-01
1.256719529628753662e-01
1.271612644195556641e-01
1.272206157445907593e-01
1.268082261085510254e-01
1.261157244443893433e-01
1.265478134155273438e-01
1.249280348420143127e-01
1.262563914060592651e-01
1.262489408254623413e-01
1.261742860078811646e-01
1.264472454786300659e-01
1.269303858280181885e-01
1.259777396917343140e-01
1.252517700195312500e-01
1.258404403924942017e-01
1.265293806791305542e-01
1.260699033737182617e-01
1.267717927694320679e-01
1.249530166387557983e-01
1.254211068153381348e-01
1.267604827880859375e-01
1.266738027334213257e-01
1.243754699826240540e-01
1.250004470348358154e-01
1.252348273992538452e-01
1.252288073301315308e-01
1.266093403100967407e-01
1.258784532546997070e-01
1.263434439897537231e-01
1.262574791908264160e-01
1.258774250745773315e-01
1.269501000642776489e-01
1.253972798585891724e-01
1.259395778179168701e-01
1.251589804887771606e-01
1.257693618535995483e-01
1.251570433378219604e-01
1.249614879488945007e-01
1.257593631744384766e-01
1.249468103051185608e-01
1.255284547805786133e-01
1.250427961349487305e-01
1.242816001176834106e-01
1.252023130655288696e-01
1.253822594881057739e-01
1.256541460752487183e-01
1.248991712927818298e-01
1.257782727479934692e-01
1.238522455096244812e-01
1.258501410484313965e-01
1.265463382005691528e-01
1.258812993764877319e-01
1.259129196405410767e-01
1.266628354787826538e-01
1.233502626419067383e-01
1.247208714485168457e-01
1.245705112814903259e-01
1.255776435136795044e-01
1.260941326618194580e-01
1.251140236854553223e-01
1.244765520095825195e-01
1.258990764617919922e-01
1.258754283189773560e-01
1.260183453559875488e-01
1.261257380247116089e-01
1.256617307662963867e-01
1.253517568111419678e-01
1.244917064905166626e-01
1.243649199604988098e-01
1.258085519075393677e-01
1.244258135557174683e-01
1.249488890171051025e-01
1.241587102413177490e-01
1.264548450708389282e-01
1.255708187818527222e-01
1.244293451309204102e-01
1.241731420159339905e-01
1.249390617012977600e-01
1.249928995966911316e-01
1.256555765867233276e-01
1.246666088700294495e-01
1.245414391160011292e-01
1.250966936349868774e-01
1.235293820500373840e-01
1.248388066887855530e-01
1.241907700896263123e-01
1.252260208129882812e-01
1.237348914146423340e-01
1.244571208953857422e-01
1.239623948931694031e-01
1.255171746015548706e-01
1.235044822096824646e-01
1.252705603837966919e-01
1.240594759583473206e-01
1.256396621465682983e-01
1.237401664257049561e-01
1.235873103141784668e-01
1.239912956953048706e-01
1.253703832626342773e-01
1.241881474852561951e-01
1.252295970916748047e-01
1.238916590809822083e-01
1.233609914779663086e-01
1.237510964274406433e-01
1.247263103723526001e-01
1.238732263445854187e-01
1.248655170202255249e-01
1.258781999349594116e-01
1.237639933824539185e-01
1.229171380400657654e-01
1.223220601677894592e-01
1.226646825671195984e-01
1.248291879892349243e-01
1.239284202456474304e-01
1.234252676367759705e-01
1.235341131687164307e-01
1.239023432135581970e-01
1.216773167252540588e-01
1.226090118288993835e-01
1.241877228021621704e-01
1.225619688630104065e-01
1.232905611395835876e-01
1.229937896132469177e-01
1.246861293911933899e-01
1.229486465454101562e-01
1.233959496021270752e-01
1.231025233864784241e-01
1.233700960874557495e-01
1.219374760985374451e-01
1.234819963574409485e-01
1.243895590305328369e-01
1.231223270297050476e-01
1.236522644758224487e-01
1.230625808238983154e-01
1.242718100547790527e-01
1.216804757714271545e-01
1.230642870068550110e-01
1.236064359545707703e-01
1.219205334782600403e-01
1.233031004667282104e-01
1.233297809958457947e-01
1.248008906841278076e-01
1.234486103057861328e-01
1.236297339200973511e-01
1.230253428220748901e-01
1.246571764349937439e-01
1.227874681353569031e-01
1.241030171513557434e-01
1.231622025370597839e-01
1.237409040331840515e-01
1.225154101848602295e-01
1.229569986462593079e-01
1.232304349541664124e-01
1.225034967064857483e-01
1.222257316112518311e-01
1.222782135009765625e-01
1.223592236638069153e-01
1.217853501439094543e-01
1.217902824282646179e-01
1.233200877904891968e-01
1.228127479553222656e-01
1.218551844358444214e-01
1.231249943375587463e-01
1.233198568224906921e-01
1.225582808256149292e-01
1.219926699995994568e-01
1.219632253050804138e-01
1.229017451405525208e-01
1.223817393183708191e-01
1.229346990585327148e-01
1.242149099707603455e-01
1.230180636048316956e-01
1.238770410418510437e-01
1.233700886368751526e-01
1.231449693441390991e-01
1.221894696354866028e-01
1.226288452744483948e-01
1.219630762934684753e-01
1.221270412206649780e-01
1.225730255246162415e-01
1.223937049508094788e-01
1.214761584997177124e-01
1.230788528919219971e-01
1.216872110962867737e-01
1.209889650344848633e-01
1.222600191831588745e-01
1.220504641532897949e-01
1.209521666169166565e-01
1.220126003026962280e-01
1.206064447760581970e-01
1.214920505881309509e-01
1.212556585669517517e-01
1.234158799052238464e-01
1.222282350063323975e-01
1.201421543955802917e-01
1.221949085593223572e-01
1.228326857089996338e-01
1.227594986557960510e-01
1.233597621321678162e-01
1.233821809291839600e-01
1.213357299566268921e-01
1.208584755659103394e-01
1.213980466127395630e-01
1.224477216601371765e-01
1.217988207936286926e-01
1.227651312947273254e-01
1.209548711776733398e-01
1.209980994462966919e-01
1.215064302086830139e-01
1.213996708393096924e-01
1.219001337885856628e-01
1.218619421124458313e-01
1.206291466951370239e-01
1.227782741189002991e-01
1.214318051934242249e-01
1.211555898189544678e-01
1.210020259022712708e-01
1.203660368919372559e-01
1.201551780104637146e-01
1.212395504117012024e-01
1.209366172552108765e-01
1.210397630929946899e-01
1.228915676474571228e-01
1.208374649286270142e-01
1.224138140678405762e-01
1.199909225106239319e-01
1.217820867896080017e-01
1.216845288872718811e-01
1.207987591624259949e-01
1.208418831229209900e-01
1.195082738995552063e-01
1.213540583848953247e-01
1.211285516619682312e-01
1.219521090388298035e-01
1.211624592542648315e-01
1.204325854778289795e-01
1.223765760660171509e-01
1.198961585760116577e-01
1.206061691045761108e-01
1.215771064162254333e-01
1.213310062885284424e-01
1.215998306870460510e-01
1.205106154084205627e-01
1.203705742955207825e-01
1.203131303191184998e-01
1.209119558334350586e-01
1.216014623641967773e-01
1.220872029662132263e-01
1.221944466233253479e-01
1.197291314601898193e-01
1.201601177453994751e-01
1.209721490740776062e-01
1.217442527413368225e-01
1.203881055116653442e-01
1.202036514878273010e-01
1.212408468127250671e-01
1.209406331181526184e-01
1.217301636934280396e-01
1.208277195692062378e-01
1.202728152275085449e-01
1.197918578982353210e-01
1.225055977702140808e-01
1.221771314740180969e-01
1.213420331478118896e-01
1.219153180718421936e-01
1.198617443442344666e-01
1.199662983417510986e-01
1.197017282247543335e-01
1.203068941831588745e-01
1.200754195451736450e-01
1.211969852447509766e-01
1.187990978360176086e-01
1.205631569027900696e-01
1.213268414139747620e-01
1.213065981864929199e-01
1.197222396731376648e-01
1.197837665677070618e-01
1.213823929429054260e-01
1.207340359687805176e-01
1.195515766739845276e-01
1.207917332649230957e-01
1.211104616522789001e-01
1.202876344323158264e-01
1.207628548145294189e-01
1.201240420341491699e-01
1.202739328145980835e-01
1.199093908071517944e-01
1.218746304512023926e-01
1.204185485839843750e-01
1.191826090216636658e-01
1.203860491514205933e-01
1.208038553595542908e-01
1.203243657946586609e-01
1.194551885128021240e-01
1.221693977713584900e-01
1.184719800949096680e-01
1.202072426676750183e-01
1.192989870905876160e-01
1.204025670886039734e-01
1.190904080867767334e-01
1.187573000788688660e-01
1.179912909865379333e-01
1.197414845228195190e-01
1.187222227454185486e-01
1.192650794982910156e-01
1.201510429382324219e-01
1.204242631793022156e-01
1.187200397253036499e-01
1.207281276583671570e-01
1.193513870239257812e-01
1.193201467394828796e-01
1.193031147122383118e-01
1.201498731970787048e-01
1.202181577682495117e-01
1.198983341455459595e-01
1.190021261572837830e-01
1.199411302804946899e-01
1.199904009699821472e-01
1.239657625555992126e-01
1.196828335523605347e-01
1.192499548196792603e-01
1.181728839874267578e-01
1.204267963767051697e-01
1.188682690262794495e-01
1.986819952726364136e-01
1.992345452308654785e-01
2.018759399652481079e-01
1.972471475601196289e-01
2.015358358621597290e-01
1.983533650636672974e-01
2.004468291997909546e-01
2.014546394348144531e-01
1.998553872108459473e-01
1.981873512268066406e-01
2.007922977209091187e-01
1.987985670566558838e-01
1.988701075315475464e-01
2.000948190689086914e-01
1.964879333972930908e-01
2.015621066093444824e-01
1.984757483005523682e-01
1.979566961526870728e-01
1.991826593875885010e-01
1.983506828546524048e-01
1.964768469333648682e-01
2.004472017288208008e-01
2.007677257061004639e-01
2.005981653928756714e-01
1.995272040367126465e-01
2.002219110727310181e-01
2.029213458299636841e-01
1.994002759456634521e-01
1.996477097272872925e-01
1.988997757434844971e-01
1.988747119903564453e-01
1.989316940307617188e-01
1.985958963632583618e-01
1.998010277748107910e-01
1.984262466430664062e-01
2.002115547657012939e-01
2.002067565917968750e-01
1.966942846775054932e-01
1.989385634660720825e-01
1.995639801025390625e-01
1.994339674711227417e-01
1.999423056840896606e-01
1.946534961462020874e-01
1.961023956537246704e-01
1.974205076694488525e-01
1.999936103820800781e-01
1.992135494947433472e-01
1.959404349327087402e-01
1.968135982751846313e-01
1.979403495788574219e-01
1.987866014242172241e-01
1.975427418947219849e-01
1.956406831741333008e-01
1.963739693164825439e-01
1.987430155277252197e-01
1.964509189128875732e-01
1.958232820034027100e-01
1.985003054141998291e-01
1.998343318700790405e-01
1.971136331558227539e-01
1.987924277782440186e-01
1.983266621828079224e-01
1.980042755603790283e-01
1.974178403615951538e-01
1.945685148239135742e-01
1.975915282964706421e-01
1.975868344306945801e-01
1.955513209104537964e-01
2.014766931533813477e-01
1.955361366271972656e-01
1.995323598384857178e-01
1.959188431501388550e-01
1.979918926954269409e-01
2.006230205297470093e-01
1.983952224254608154e-01
1.973212063312530518e-01
1.965654343366622925e-01
1.982966959476470947e-01
1.982659399509429932e-01
1.950513273477554321e-01
1.950705349445343018e-01
1.962315887212753296e-01
1.955690830945968628e-01
1.935864090919494629e-01
1.958968937397003174e-01
1.944547295570373535e-01
1.965201646089553833e-01
1.960282474756240845e-01
1.953285634517669678e-01
1.962664723396301270e-01
1.964005529880523682e-01
1.960125714540481567e-01
1.943517476320266724e-01
1.968427002429962158e-01
1.957737505435943604e-01
1.980797499418258667e-01
1.959894299507141113e-01
1.964787542819976807e-01
1.970663368701934814e-01
1.975994855165481567e-01
1.959886997938156128e-01
1.970137059688568115e-01
1.979911625385284424e-01
1.984670907258987427e-01
1.944192647933959961e-01
1.943902224302291870e-01
1.958481520414352417e-01
1.984155476093292236e-01
1.947969198226928711e-01
1.939242184162139893e-01
1.968711465597152710e-01
1.960979551076889038e-01
1.982167512178421021e-01
1.930143982172012329e-01
1.967729330062866211e-01
1.963677257299423218e-01
1.974571645259857178e-01
1.932095736265182495e-01
1.975462585687637329e-01
1.976504772901535034e-01
1.950021833181381226e-01
1.933103650808334351e-01
1.950743347406387329e-01
1.922362297773361206e-01
1.942292749881744385e-01
1.943581998348236084e-01
1.942044943571090698e-01
1.985130012035369873e-01
1.966178417205810547e-01
1.973901242017745972e-01
1.959284394979476929e-01
1.967510879039764404e-01
1.947658061981201172e-01
1.954037547111511230e-01
1.975298225879669189e-01
1.952179968357086182e-01
1.967478245496749878e-01
1.946517229080200195e-01
1.935248225927352905e-01
1.927242577075958252e-01
1.948570162057876587e-01
1.930382251739501953e-01
1.955388933420181274e-01
1.952427178621292114e-01
1.943573355674743652e-01
1.924649477005004883e-01
1.951678246259689331e-01
1.963039934635162354e-01
1.974733620882034302e-01
1.938825398683547974e-01
1.934706419706344604e-01
1.956779360771179199e-01
1.948457509279251099e-01
1.953999102115631104e-01
1.938092261552810669e-01
1.933747529983520508e-01
1.909151524305343628e-01
1.954028755426406860e-01
1.947325617074966431e-01
1.910468935966491699e-01
1.937616318464279175e-01
1.958619803190231323e-01
1.903475821018218994e-01
1.929907798767089844e-01
1.944466084241867065e-01
1.928044706583023071e-01
1.963379085063934326e-01
1.954778134822845459e-01
1.940780729055404663e-01
1.940811276435852051e-01
1.937246471643447876e-01
1.935481727123260498e-01
1.948734521865844727e-01
1.942757070064544678e-01
1.927241533994674683e-01
1.929832994937896729e-01
1.921537369489669800e-01
1.940749734640121460e-01
1.897661685943603516e-01
1.936786770820617676e-01
1.956108361482620239e-01
1.935318708419799805e-01
1.922044008970260620e-01
1.922725439071655273e-01
1.930997967720031738e-01
1.910442709922790527e-01
1.947572827339172363e-01
1.957733184099197388e-01
1.927188336849212646e-01
1.928994506597518921e-01
1.949869841337203979e-01
1.951868981122970581e-01
1.921919584274291992e-01
1.924639493227005005e-01
1.912785023450851440e-01
1.918889731168746948e-01
1.916642338037490845e-01
1.916335374116897583e-01
1.933323144912719727e-01
1.933188587427139282e-01
