1.291575021147727931e+00
9.733958244323730469e-01
8.881572848558425548e-01
8.083426111936569125e-01
7.799664986133575395e-01
7.396880996227264138e-01
7.362912583351135520e-01
6.799615943431853715e-01
6.606627029180526245e-01
6.552711349725722778e-01
6.608323734998703403e-01
6.567180132865906295e-01
6.438179969787597434e-01
6.440010634064674555e-01
5.953079548478126259e-01
5.946974027156829434e-01
5.789284399151801708e-01
5.910179412364959806e-01
5.858471632003784402e-01
5.907507255673408730e-01
6.055725228786468239e-01
5.384985172748565363e-01
5.380833724141120822e-01
5.424421873688697326e-01
5.513523942232132491e-01
5.503457820415497137e-01
5.467761328816413968e-01
5.390465095639228599e-01
4.964914533495903282e-01
4.960654067993164329e-01
5.041054236888885542e-01
5.047566288709640636e-01
4.993670120835304038e-01
5.127092364430427818e-01
5.242914932966232788e-01
4.687116760015487826e-01
4.634209582209586897e-01
4.667414927482604892e-01
4.758047071099281156e-01
4.783322450518607827e-01
4.806103292107581915e-01
4.777444300055503912e-01
4.489132013916969366e-01
4.461438190937042081e-01
4.475813493132591026e-01
4.503181919455528370e-01
4.517814484238624750e-01
4.560942679643630870e-01
4.598600861430168218e-01
3.791116453707218392e-01
3.840624774992466017e-01
3.319150021672248596e-01
3.385212408006191276e-01
3.204498488456010707e-01
3.139934742450714023e-01
3.043856522440910317e-01
1.294456497579813126e-01
1.259591422975063213e-01
1.374255068227648868e-01
1.430231199599802383e-01
1.510071593523025502e-01
1.558501303754746825e-01
1.553765120171010372e-01
1.063929756358265866e-01
8.765278959646821688e-02
9.241330337710679244e-02
1.008257345855236020e-01
1.012338766921311584e-01
9.528431583195924592e-02
1.256939022894948688e-01
8.443109677173196714e-02
7.896831426769494733e-02
8.410009548999369811e-02
1.051755752321332643e-01
9.443712802603840273e-02
1.060091458167880807e-01
1.261731133610010103e-01
6.328695529839023504e-02
6.088716255966573898e-02
6.990234238095581476e-02
8.594235700555145907e-02
7.913918686099349897e-02
8.770113914273679201e-02
8.830900494009256974e-02
6.646113100927322770e-02
6.415055227931588944e-02
6.922605459112673998e-02
7.445831114426254560e-02
8.572305339388548717e-02
7.691477693617343458e-02
8.695407123304903230e-02
7.611174958292395154e-02
6.107175931800156582e-02
7.694073491729795655e-02
8.431712676305323784e-02
7.234951822087168360e-02
8.095817374298348856e-02
7.877807802055031283e-02
5.890751621685921813e-02
6.724426003172993827e-02
7.215325715194921552e-02
6.198188522830605507e-02
7.139541671145707702e-02
6.984550782479345687e-02
6.857072612270713463e-02
