4.980671885609626592e-01
1.817772499471902725e-01
1.351838528364896763e-01
1.245148280262947105e-01
1.072078573703765803e-01
1.051253429055213906e-01
9.752890903502703379e-02
8.719207976013422512e-02
8.824263453483581487e-02
8.519314911216496755e-02
8.038829021155834142e-02
8.204163469374180229e-02
7.807640533894300017e-02
7.946264728903770780e-02
7.733351852744817234e-02
7.366926684975623474e-02
7.392059750854969302e-02
7.379151143133640123e-02
6.877195190638303590e-02
6.802753902971744870e-02
6.829957809299230798e-02
6.808137800544500351e-02
6.913997214287519177e-02
6.669172327965497415e-02
6.798662837594747488e-02
6.741133205592632349e-02
6.856252837926149479e-02
6.284972950816154758e-02
6.273482825607061553e-02
6.549143519252538514e-02
6.129711937159299656e-02
6.504491057246923613e-02
6.209305934607982358e-02
6.528721183538437056e-02
6.452651817351579000e-02
6.368960510939360165e-02
6.122740235179662677e-02
5.814502179622649952e-02
5.893310450017451990e-02
5.905362665653228482e-02
5.952150791883468323e-02
6.126611217856407082e-02
5.990607526153326340e-02
6.035111417993903327e-02
5.949215725064277427e-02
5.688763862475752775e-02
5.598410287871957020e-02
5.948865713551640400e-02
5.691867411136627281e-02
5.683405023068189427e-02
5.823551507666707011e-02
5.794481925666332411e-02
5.874535210430622406e-02
5.789939031004905784e-02
5.442587317898869848e-02
5.696641433984041270e-02
5.794255334883928465e-02
5.353099569678306663e-02
5.671919103711843546e-02
5.764930054545402277e-02
5.397894453257322256e-02
5.644610073417424823e-02
5.611658629029989132e-02
5.332154231145978113e-02
5.378505881875753070e-02
5.381418230012059017e-02
5.367390733212232257e-02
5.415115538984537069e-02
5.385137317702173854e-02
5.632891448214650404e-02
5.626322444528341488e-02
5.486420348286628890e-02
5.369017621502280430e-02
5.180886428803205268e-02
5.266957871615886994e-02
5.167146496474742806e-02
5.373327452689409534e-02
5.180927762761711880e-02
5.407147187739611005e-02
5.361658684909343525e-02
5.409090530127286939e-02
5.210357382893562178e-02
5.262264404445886334e-02
5.146657109260559249e-02
5.133397087454796143e-02
4.896247604861855840e-02
5.286262994632125178e-02
5.182128077372908509e-02
5.302529571577906803e-02
5.306796569377184025e-02
5.182900998741388210e-02
5.171122636646032639e-02
5.010001402348279731e-02
4.952769408002495599e-02
5.028797708451748089e-02
5.280839264392853116e-02
5.206332417204975749e-02
5.311972349882125577e-02
5.187199853360652951e-02
5.054347835481166895e-02
4.877982866019010821e-02
4.987092152237892345e-02
4.997763346880674390e-02
4.973644129931927005e-02
5.067343823611736298e-02
5.170647319406271314e-02
4.895560069009661369e-02
4.949541430920362250e-02
4.608386909589171077e-02
5.034171203151345531e-02
4.984910566359758433e-02
4.854173053056001774e-02
5.050003472715616087e-02
4.944449169561267177e-02
4.956540640443563711e-02
5.058520559221506285e-02
5.110178947448730524e-02
3.137917778640985644e-01
2.794916748255491523e-01
2.490971270948648397e-01
2.493609565496444636e-01
2.292365619540214505e-01
2.354253837466240007e-01
2.136477860808372597e-01
2.205275626480579509e-01
2.175445985794067505e-01
1.731852289661764965e-01
1.541887592524290029e-01
1.658374635502695982e-01
1.702960637584328696e-01
1.682818777859211024e-01
1.518095282837748639e-01
1.508180855959653788e-01
1.712066365405917057e-01
1.624605427309870620e-01
