7.838523447513580100e-01
4.450160101056098716e-01
3.800470519065857200e-01
3.706410321593284762e-01
3.244776558876037442e-01
2.996752853691577734e-01
2.937552222609520203e-01
2.700054524838924608e-01
2.768915240466594541e-01
2.526825156807899209e-01
2.458290477842092481e-01
2.413097397983074155e-01
2.432188715040683735e-01
2.276260623335838451e-01
2.385862814635038298e-01
2.353805859386920996e-01
2.298018296062946386e-01
2.336666364222765024e-01
1.963946925848722436e-01
2.117342937737703434e-01
2.088484901934862248e-01
1.955259712785482329e-01
2.029668544232845206e-01
1.971264921128749736e-01
2.081412414461374372e-01
1.930749402940273307e-01
2.023801898956298917e-01
1.771122182160616010e-01
1.730180624872446060e-01
1.669527239352464609e-01
1.766653428971767525e-01
1.860536228120326929e-01
1.755370207875966981e-01
1.811739867180585939e-01
1.816184686124324710e-01
1.814868251979351033e-01
1.487157849967479795e-01
1.525199180096387941e-01
1.527504204958677336e-01
1.486140818148851406e-01
1.638600931689143114e-01
1.638051898777485027e-01
1.678916642069816501e-01
1.636163496971130282e-01
1.623999136686325173e-01
1.370598321035504386e-01
1.327089710533618794e-01
1.345701884478330557e-01
1.354995679855346691e-01
1.431402502954006173e-01
1.499458099156618096e-01
1.373965594172477656e-01
1.424019225686788681e-01
1.445664642378687859e-01
1.162617471069097574e-01
1.209936053678393325e-01
1.250101036578416813e-01
1.213864805921912177e-01
1.220959381759166712e-01
1.310777976736426376e-01
1.287267883867025398e-01
1.340208882093429643e-01
1.269852170348167442e-01
1.114016291499137917e-01
1.134418137371540070e-01
1.075934399291872956e-01
1.142831639572978036e-01
1.145535947754979106e-01
1.164301262423396155e-01
1.142234762758016636e-01
1.213099215924739877e-01
1.282843294367194131e-01
9.991606574505568217e-02
9.976013273000716719e-02
1.015244466066360512e-01
1.032210347801446881e-01
1.036897756904363588e-01
1.082601340115070393e-01
1.090517395734787037e-01
1.113938525691628434e-01
1.080577540397644060e-01
9.287510856986046226e-02
9.382728222757577563e-02
9.575633842498064430e-02
9.305356930941342808e-02
9.893146943300962226e-02
9.723345115780830661e-02
9.874078806489705595e-02
1.069821865856647458e-01
1.019978096708655385e-01
9.130128879100084249e-02
8.720063332468271089e-02
9.219518624246120231e-02
9.110244482755661122e-02
8.974899534136056289e-02
9.556726992130279430e-02
9.259906873106955871e-02
1.022175236046314190e-01
9.757823847234249615e-02
8.775220327079295835e-02
8.725622229278087727e-02
8.495099689811468069e-02
8.872836608439683970e-02
8.867616824805736597e-02
8.611586730927228706e-02
8.968311663717030979e-02
9.154596060514449962e-02
9.328711330890655795e-02
8.329820543527603760e-02
8.668538227677345664e-02
8.803582724183797725e-02
8.589462127536534597e-02
8.315972566604613869e-02
8.347189553081989233e-02
8.753040198236704261e-02
8.536225453019141707e-02
8.892590239644050654e-02
8.146568953990936113e-02
8.018948353826998998e-02
8.174469877034425125e-02
8.129954483360052331e-02
8.263680312782525905e-02
8.362927470356225357e-02
8.694817759096622189e-02
8.760181993246078658e-02
8.601196970790624119e-02
7.870803918689489587e-02
7.756845872849225942e-02
7.993590511381626351e-02
7.806546684354544186e-02
8.339119512587785110e-02
8.263777706772089393e-02
8.983318001031875832e-02
8.058756239712237812e-02
7.871383223682641705e-02
