7.555562853813171387e-01
7.469186186790466309e-01
7.392856478691101074e-01
7.315136790275573730e-01
7.224120497703552246e-01
7.126557826995849609e-01
7.014243006706237793e-01
6.885740160942077637e-01
6.727668046951293945e-01
6.558462381362915039e-01
6.383628845214843750e-01
6.203382611274719238e-01
5.914230346679687500e-01
5.623378157615661621e-01
5.335725545883178711e-01
5.065584182739257812e-01
4.758924245834350586e-01
4.400289952754974365e-01
4.114625155925750732e-01
3.750714659690856934e-01
3.477353751659393311e-01
3.255638778209686279e-01
3.079952597618103027e-01
3.172068297863006592e-01
3.090307116508483887e-01
3.446672856807708740e-01
3.428558111190795898e-01
2.977046668529510498e-01
3.195006251335144043e-01
2.898467779159545898e-01
2.882397770881652832e-01
2.651612460613250732e-01
2.579267919063568115e-01
2.587419748306274414e-01
2.474360167980194092e-01
2.487338632345199585e-01
2.449971288442611694e-01
2.527658045291900635e-01
2.449558079242706299e-01
2.401826083660125732e-01
2.433687597513198853e-01
2.352925986051559448e-01
2.425971478223800659e-01
2.280595302581787109e-01
2.249843180179595947e-01
2.269797623157501221e-01
2.197448611259460449e-01
2.165440469980239868e-01
2.157702147960662842e-01
2.163984179496765137e-01
2.102982997894287109e-01
2.178765237331390381e-01
2.068017721176147461e-01
2.062893509864807129e-01
1.984124630689620972e-01
2.145123928785324097e-01
2.075553387403488159e-01
1.961793899536132812e-01
1.928405314683914185e-01
1.977704614400863647e-01
1.890143901109695435e-01
1.883050203323364258e-01
1.981502920389175415e-01
1.900129914283752441e-01
1.845595687627792358e-01
1.813663542270660400e-01
1.782487928867340088e-01
1.810107976198196411e-01
1.782674491405487061e-01
1.818129420280456543e-01
1.711286902427673340e-01
1.748948544263839722e-01
1.841674745082855225e-01
1.745373606681823730e-01
1.676288247108459473e-01
1.684153676033020020e-01
1.632467657327651978e-01
1.640059798955917358e-01
1.684458106756210327e-01
1.682230979204177856e-01
1.622781753540039062e-01
1.611041724681854248e-01
1.623613834381103516e-01
1.600392311811447144e-01
1.604552865028381348e-01
1.563827246427536011e-01
1.557848602533340454e-01
1.552521586418151855e-01
1.534775495529174805e-01
1.525814086198806763e-01
1.564375460147857666e-01
1.515184938907623291e-01
1.543521583080291748e-01
1.495954096317291260e-01
1.512688100337982178e-01
1.513090282678604126e-01
1.476885825395584106e-01
1.442374736070632935e-01
1.455553323030471802e-01
1.455863118171691895e-01
1.442245692014694214e-01
1.417011320590972900e-01
1.409747302532196045e-01
1.453545987606048584e-01
1.456997394561767578e-01
1.392484456300735474e-01
1.393585503101348877e-01
1.390401721000671387e-01
1.385267674922943115e-01
1.382487416267395020e-01
1.359855681657791138e-01
1.401805281639099121e-01
1.358097642660140991e-01
1.361103504896163940e-01
1.337303519248962402e-01
1.357298046350479126e-01
1.309891939163208008e-01
1.330140382051467896e-01
1.311094462871551514e-01
1.280074268579483032e-01
1.289268434047698975e-01
1.323583722114562988e-01
1.301331669092178345e-01
1.286285668611526489e-01
1.252686083316802979e-01
1.284626424312591553e-01
1.287070065736770630e-01
1.284880638122558594e-01
1.299518942832946777e-01
1.263943463563919067e-01
1.273197084665298462e-01
1.226682364940643311e-01
1.235715597867965698e-01
1.246844232082366943e-01
1.196699887514114380e-01
1.227143704891204834e-01
1.210380047559738159e-01
1.215454488992691040e-01
1.211150586605072021e-01
1.202203333377838135e-01
1.176235601305961609e-01
1.189400404691696167e-01
1.178605332970619202e-01
1.162735298275947571e-01
1.164782941341400146e-01
1.149461418390274048e-01
1.159156411886215210e-01
1.155572533607482910e-01
1.146357059478759766e-01
1.144226193428039551e-01
1.154994964599609375e-01
1.153995841741561890e-01
1.148257851600646973e-01
1.131511777639389038e-01
1.129761859774589539e-01
1.100623160600662231e-01
1.113045886158943176e-01
1.118402406573295593e-01
1.105483472347259521e-01
1.101444363594055176e-01
1.095509231090545654e-01
1.088597923517227173e-01
1.088883578777313232e-01
1.085653305053710938e-01
1.123376786708831787e-01
1.095456928014755249e-01
1.067128330469131470e-01
1.048147976398468018e-01
1.061049029231071472e-01
1.051166504621505737e-01
1.047396361827850342e-01
1.092158257961273193e-01
1.051852405071258545e-01
1.046026423573493958e-01
1.044449582695960999e-01
1.025723218917846680e-01
1.032620370388031006e-01
1.034146994352340698e-01
1.026360690593719482e-01
1.017322540283203125e-01
1.026960909366607666e-01
1.018077135086059570e-01
1.004306077957153320e-01
9.946651756763458252e-02
1.035728007555007935e-01
1.007980257272720337e-01
1.005434691905975342e-01
9.832760691642761230e-02
9.901240468025207520e-02
9.688277542591094971e-02
9.915846586227416992e-02
9.787011146545410156e-02
9.788997471332550049e-02
9.854894876480102539e-02
9.647274017333984375e-02
9.516671299934387207e-02
9.833480417728424072e-02
9.542766213417053223e-02
9.809444844722747803e-02
9.775082021951675415e-02
9.456987679004669189e-02
9.469222277402877808e-02
9.497822076082229614e-02
9.526962041854858398e-02
9.448572993278503418e-02
9.295381605625152588e-02
9.243442118167877197e-02
9.472613036632537842e-02
9.032179415225982666e-02
9.105110913515090942e-02
9.029275923967361450e-02
9.156584739685058594e-02
9.162625670433044434e-02
9.084731340408325195e-02
9.055139869451522827e-02
9.070402383804321289e-02
8.940659463405609131e-02
8.946449309587478638e-02
8.904206752777099609e-02
8.993081748485565186e-02
8.902500569820404053e-02
8.737770467996597290e-02
9.043999761343002319e-02
8.715297281742095947e-02
8.915240317583084106e-02
8.866249024868011475e-02
8.800105750560760498e-02
8.807702362537384033e-02
8.794146776199340820e-02
8.846270292997360229e-02
8.624540269374847412e-02
8.518063277006149292e-02
8.743274211883544922e-02
8.612807095050811768e-02
8.487166464328765869e-02
8.596239984035491943e-02
8.594557642936706543e-02
8.659891784191131592e-02
8.481346070766448975e-02
8.690261095762252808e-02
8.598451316356658936e-02
8.396272361278533936e-02
8.341159671545028687e-02
8.396718651056289673e-02
8.419755101203918457e-02
8.706638216972351074e-02
8.436387777328491211e-02
8.256360888481140137e-02
8.349210023880004883e-02
8.353632688522338867e-02
8.349723368883132935e-02
8.249541372060775757e-02
8.154240995645523071e-02
8.107590675354003906e-02
8.265025913715362549e-02
8.255323767662048340e-02
8.216831088066101074e-02
8.259008824825286865e-02
8.012243360280990601e-02
8.158679306507110596e-02
8.191639184951782227e-02
8.141380548477172852e-02
8.134303987026214600e-02
7.897065579891204834e-02
7.973534613847732544e-02
8.064918220043182373e-02
8.082760125398635864e-02
8.021958172321319580e-02
7.935189455747604370e-02
8.024592697620391846e-02
7.749023288488388062e-02
7.809527218341827393e-02
8.051499724388122559e-02
7.974685728549957275e-02
8.041991293430328369e-02
7.824269682168960571e-02
7.960558682680130005e-02
7.748445123434066772e-02
7.705986499786376953e-02
7.867160439491271973e-02
7.808835804462432861e-02
7.733272761106491089e-02
7.749840617179870605e-02
7.846082746982574463e-02
7.568013668060302734e-02
7.815261185169219971e-02
7.635879516601562500e-02
7.700007408857345581e-02
7.609122991561889648e-02
7.567282021045684814e-02
7.625690102577209473e-02
7.617357373237609863e-02
7.630945742130279541e-02
7.669073343276977539e-02
7.564585655927658081e-02
7.710404694080352783e-02
7.458616793155670166e-02
7.440278679132461548e-02
7.741693407297134399e-02
7.571675628423690796e-02
7.500421255826950073e-02
7.579581439495086670e-02
7.591284811496734619e-02
7.403939217329025269e-02
7.471776008605957031e-02
7.449138164520263672e-02
7.431294023990631104e-02
7.413508743047714233e-02
7.473543286323547363e-02
7.332257926464080811e-02
7.236725836992263794e-02
7.250339537858963013e-02
7.203990221023559570e-02
7.349642366170883179e-02
7.543673366308212280e-02
7.259654998779296875e-02
7.264652103185653687e-02
7.277689874172210693e-02
7.136465609073638916e-02
7.363922894001007080e-02
7.180922478437423706e-02
7.320935279130935669e-02
7.068552076816558838e-02
7.076223939657211304e-02
7.263347506523132324e-02
7.194240391254425049e-02
7.287188619375228882e-02
7.144585996866226196e-02
7.122045010328292847e-02
7.128912210464477539e-02
7.105308026075363159e-02
7.222630083560943604e-02
7.128138840198516846e-02
6.981946527957916260e-02
7.089126110076904297e-02
7.231799513101577759e-02
7.110568135976791382e-02
7.066521048545837402e-02
7.183217257261276245e-02
6.969627737998962402e-02
7.004646956920623779e-02
7.014235854148864746e-02
6.964904069900512695e-02
7.143144309520721436e-02
6.934934854507446289e-02
7.050922513008117676e-02
7.059942185878753662e-02
6.863635778427124023e-02
6.971959769725799561e-02
6.797821819782257080e-02
6.999613344669342041e-02
6.869855523109436035e-02
6.801468133926391602e-02
6.854837387800216675e-02
6.824897229671478271e-02
6.938657909631729126e-02
6.910479068756103516e-02
6.904624402523040771e-02
6.837078183889389038e-02
6.776875257492065430e-02
6.768527626991271973e-02
6.737614423036575317e-02
6.745914369821548462e-02
6.758368015289306641e-02
6.658792495727539062e-02
6.753309071063995361e-02
6.776895374059677124e-02
6.729906052350997925e-02
6.767003983259201050e-02
6.692922860383987427e-02
6.687580049037933350e-02
6.681717932224273682e-02
6.688272953033447266e-02
6.665246933698654175e-02
6.642174720764160156e-02
6.738372147083282471e-02
6.650698184967041016e-02
6.689331680536270142e-02
6.660524755716323853e-02
6.683715432882308960e-02
6.663169711828231812e-02
6.631622463464736938e-02
6.539178639650344849e-02
6.681836396455764771e-02
6.586917489767074585e-02
6.603199243545532227e-02
6.705525517463684082e-02
6.572233140468597412e-02
6.708325445652008057e-02
6.567101925611495972e-02
6.556533277034759521e-02
6.516955792903900146e-02
6.600769609212875366e-02
6.470860540866851807e-02
6.484529376029968262e-02
6.511202454566955566e-02
6.532064825296401978e-02
6.483737379312515259e-02
6.494577229022979736e-02
6.600344181060791016e-02
6.458143889904022217e-02
6.440033018589019775e-02
6.589695811271667480e-02
6.624563783407211304e-02
6.471394002437591553e-02
6.523878127336502075e-02
6.379394233226776123e-02
6.590153276920318604e-02
6.406071782112121582e-02
6.406469643115997314e-02
6.442485004663467407e-02
6.492073088884353638e-02
6.296901404857635498e-02
6.434326618909835815e-02
6.341121345758438110e-02
6.349261850118637085e-02
6.312821805477142334e-02
6.363952159881591797e-02
6.514389812946319580e-02
6.443213671445846558e-02
6.383896619081497192e-02
6.229538470506668091e-02
6.249722093343734741e-02
6.263584643602371216e-02
6.308574229478836060e-02
6.319193542003631592e-02
6.306385248899459839e-02
6.166935712099075317e-02
6.257373839616775513e-02
6.239116191864013672e-02
6.161256134510040283e-02
6.243876367807388306e-02
6.237425655126571655e-02
6.289775669574737549e-02
6.184297055006027222e-02
6.091243773698806763e-02
6.154498457908630371e-02
6.232924014329910278e-02
6.174182146787643433e-02
6.207678467035293579e-02
6.464761495590209961e-02
6.209683418273925781e-02
6.217493861913681030e-02
6.184111535549163818e-02
6.198551505804061890e-02
6.184843927621841431e-02
6.176048144698143005e-02
6.378966569900512695e-02
6.061244755983352661e-02
6.130120158195495605e-02
6.192556023597717285e-02
6.054591387510299683e-02
6.122575700283050537e-02
6.071135401725769043e-02
6.169384717941284180e-02
6.077774614095687866e-02
6.153719499707221985e-02
6.025227904319763184e-02
6.057675182819366455e-02
6.038061529397964478e-02
6.067713722586631775e-02
6.046421825885772705e-02
5.997738987207412720e-02
6.256280839443206787e-02
6.075098365545272827e-02
6.017793342471122742e-02
6.102881953120231628e-02
5.975858494639396667e-02
5.986851826310157776e-02
6.058515608310699463e-02
6.091249734163284302e-02
6.017771363258361816e-02
5.951178446412086487e-02
5.972179025411605835e-02
6.105680018663406372e-02
5.953437089920043945e-02
5.946033820509910583e-02
5.885263532400131226e-02
6.054203212261199951e-02
6.021077558398246765e-02
6.004359945654869080e-02
5.943778902292251587e-02
6.004665046930313110e-02
5.981057882308959961e-02
6.006243824958801270e-02
5.834689736366271973e-02
5.987391620874404907e-02
5.900389328598976135e-02
5.799176543951034546e-02
5.968693271279335022e-02
5.820522829890251160e-02
5.927376449108123779e-02
5.922684073448181152e-02
5.842496827244758606e-02
5.853322148323059082e-02
5.850250273942947388e-02
5.913050845265388489e-02
5.867796018719673157e-02
5.871360376477241516e-02
5.736542493104934692e-02
2.853669822216033936e-01
2.844205498695373535e-01
2.844484746456146240e-01
2.782534360885620117e-01
2.803383171558380127e-01
2.797982692718505859e-01
2.781403362751007080e-01
2.770811617374420166e-01
2.756375968456268311e-01
2.776579558849334717e-01
2.757815122604370117e-01
2.756383717060089111e-01
2.737535536289215088e-01
2.722985148429870605e-01
2.732516229152679443e-01
2.740744054317474365e-01
2.727753221988677979e-01
2.733437418937683105e-01
2.691152691841125488e-01
2.672336995601654053e-01
2.692683041095733643e-01
2.687802910804748535e-01
2.684002518653869629e-01
2.675064206123352051e-01
2.685607671737670898e-01
2.652978599071502686e-01
2.658380270004272461e-01
2.692572772502899170e-01
2.598664760589599609e-01
2.622417211532592773e-01
2.606333494186401367e-01
2.646006643772125244e-01
2.622863650321960449e-01
2.615067660808563232e-01
2.637803256511688232e-01
2.655523121356964111e-01
2.599383294582366943e-01
2.579436302185058594e-01
2.599059641361236572e-01
2.611235380172729492e-01
2.570087611675262451e-01
2.610243856906890869e-01
2.586879730224609375e-01
2.599729895591735840e-01
2.602445781230926514e-01
2.565424442291259766e-01
2.575053870677947998e-01
2.552345395088195801e-01
2.580875158309936523e-01
2.603261768817901611e-01
2.574357688426971436e-01
2.556566596031188965e-01
2.581869363784790039e-01
2.570397555828094482e-01
2.599674165248870850e-01
2.545716762542724609e-01
2.578786313533782959e-01
2.584586441516876221e-01
2.539946734905242920e-01
2.571488618850708008e-01
2.557704448699951172e-01
2.542571425437927246e-01
2.523682415485382080e-01
2.534913122653961182e-01
2.545883357524871826e-01
2.520807683467864990e-01
2.529628574848175049e-01
2.526730597019195557e-01
2.531307935714721680e-01
2.535959184169769287e-01
2.549544870853424072e-01
2.498040944337844849e-01
2.542852163314819336e-01
2.502073049545288086e-01
2.502508759498596191e-01
2.534036636352539062e-01
2.499181479215621948e-01
2.499002516269683838e-01
2.505768537521362305e-01
2.508022785186767578e-01
2.522665858268737793e-01
2.503044009208679199e-01
2.486689388751983643e-01
2.534566819667816162e-01
2.470278739929199219e-01
2.490752488374710083e-01
2.497873753309249878e-01
2.511167526245117188e-01
2.488651722669601440e-01
2.487045377492904663e-01
2.442208379507064819e-01
2.461271882057189941e-01
2.458769232034683228e-01
2.488076537847518921e-01
2.477961033582687378e-01
2.483496218919754028e-01
2.468949705362319946e-01
2.495338022708892822e-01
2.494467496871948242e-01
2.445830404758453369e-01
2.458241134881973267e-01
2.478031218051910400e-01
2.485999763011932373e-01
2.469042539596557617e-01
2.457652091979980469e-01
2.435862123966217041e-01
2.448707520961761475e-01
2.466891407966613770e-01
2.477234601974487305e-01
2.480111718177795410e-01
2.444885969161987305e-01
2.455871701240539551e-01
2.441404461860656738e-01
2.456856369972229004e-01
2.436168044805526733e-01
2.451210170984268188e-01
2.423022687435150146e-01
2.445666193962097168e-01
2.434441447257995605e-01
2.436583787202835083e-01
2.415519654750823975e-01
2.415231019258499146e-01
2.451215386390686035e-01
2.405548542737960815e-01
2.461580038070678711e-01
2.442195862531661987e-01
2.451909929513931274e-01
2.434965372085571289e-01
2.404386699199676514e-01
2.409024387598037720e-01
2.430977374315261841e-01
2.421215325593948364e-01
2.444299906492233276e-01
2.415105849504470825e-01
2.384797185659408569e-01
2.410322725772857666e-01
2.406789213418960571e-01
2.403931021690368652e-01
2.415392398834228516e-01
2.374925613403320312e-01
2.420812845230102539e-01
2.382475882768630981e-01
2.423877865076065063e-01
2.410925179719924927e-01
2.431642413139343262e-01
2.388749271631240845e-01
2.381991744041442871e-01
2.409206777811050415e-01
2.396772503852844238e-01
2.390214800834655762e-01
2.352547794580459595e-01
2.390547543764114380e-01
2.372378855943679810e-01
2.377794981002807617e-01
2.386840730905532837e-01
2.370751202106475830e-01
2.393187731504440308e-01
2.393422722816467285e-01
2.397125214338302612e-01
2.391322255134582520e-01
2.364253252744674683e-01
2.399009913206100464e-01
2.352780103683471680e-01
2.351813912391662598e-01
2.345265746116638184e-01
2.363484650850296021e-01
2.377484589815139771e-01
2.367071360349655151e-01
2.349118143320083618e-01
2.393229007720947266e-01
2.351271063089370728e-01
2.381601482629776001e-01
2.365861386060714722e-01
2.352752089500427246e-01
2.360986173152923584e-01
2.371058017015457153e-01
2.372361719608306885e-01
2.377012670040130615e-01
2.380540966987609863e-01
2.330438941717147827e-01
2.379300445318222046e-01
2.348338514566421509e-01
2.377021014690399170e-01
2.357532232999801636e-01
2.341210842132568359e-01
2.352618426084518433e-01
2.363327592611312866e-01
2.347407937049865723e-01
2.365736812353134155e-01
2.318328022956848145e-01
2.321206629276275635e-01
2.328767329454421997e-01
2.331256419420242310e-01
2.336861938238143921e-01
2.349972873926162720e-01
2.314271479845046997e-01
2.298881560564041138e-01
2.335829436779022217e-01
2.317328900098800659e-01
2.328166216611862183e-01
2.354261130094528198e-01
2.321284711360931396e-01
2.322560101747512817e-01
2.329416573047637939e-01
2.309439927339553833e-01
2.338900119066238403e-01
2.323481589555740356e-01
2.302847504615783691e-01
2.309872508049011230e-01
2.330119162797927856e-01
2.329312264919281006e-01
2.317480593919754028e-01
2.321088612079620361e-01
2.294286638498306274e-01
2.329370528459548950e-01
2.332541942596435547e-01
2.303192019462585449e-01
2.309531271457672119e-01
2.288503199815750122e-01
2.318364977836608887e-01
2.316476702690124512e-01
2.314869612455368042e-01
2.326644062995910645e-01
2.302760332822799683e-01
2.315412461757659912e-01
2.319183349609375000e-01
2.298716455698013306e-01
2.300544232130050659e-01
2.292134910821914673e-01
2.292487770318984985e-01
2.279258519411087036e-01
2.309801876544952393e-01
2.309682071208953857e-01
2.283793836832046509e-01
2.282595634460449219e-01
2.278148829936981201e-01
2.272542864084243774e-01
2.279591858386993408e-01
2.265456467866897583e-01
2.297904193401336670e-01
2.275438457727432251e-01
2.279350459575653076e-01
2.269227057695388794e-01
2.269400954246520996e-01
2.264187186956405640e-01
2.269351929426193237e-01
2.266153097152709961e-01
2.265062779188156128e-01
2.296180725097656250e-01
2.280733585357666016e-01
2.271138876676559448e-01
2.283717840909957886e-01
2.270940691232681274e-01
2.273875921964645386e-01
2.286360710859298706e-01
2.283653765916824341e-01
2.275820970535278320e-01
2.282610088586807251e-01
2.259129583835601807e-01
2.284124493598937988e-01
2.288198769092559814e-01
2.273399233818054199e-01
2.308356016874313354e-01
2.291354089975357056e-01
2.260424941778182983e-01
2.267141938209533691e-01
2.246193885803222656e-01
2.271091043949127197e-01
2.245547920465469360e-01
2.276994585990905762e-01
2.248015254735946655e-01
2.266646623611450195e-01
2.259601354598999023e-01
2.271611541509628296e-01
2.289750128984451294e-01
2.267199605703353882e-01
2.256085127592086792e-01
2.274471074342727661e-01
2.254259884357452393e-01
2.258233278989791870e-01
2.228756099939346313e-01
2.248952388763427734e-01
2.265024334192276001e-01
2.223770022392272949e-01
2.266423106193542480e-01
2.261138707399368286e-01
2.267173081636428833e-01
2.243931442499160767e-01
2.244662791490554810e-01
2.247554361820220947e-01
2.287020683288574219e-01
2.236115187406539917e-01
2.263460457324981689e-01
2.263137698173522949e-01
2.241348475217819214e-01
2.206428647041320801e-01
2.224772721529006958e-01
2.235891073942184448e-01
2.219994366168975830e-01
2.233676314353942871e-01
2.239104807376861572e-01
2.228562682867050171e-01
2.238392531871795654e-01
2.242806106805801392e-01
2.228158563375473022e-01
2.248513847589492798e-01
2.226688265800476074e-01
2.230939567089080811e-01
2.238267362117767334e-01
2.223084867000579834e-01
2.247477024793624878e-01
2.213132679462432861e-01
2.242289036512374878e-01
2.221619337797164917e-01
2.206716835498809814e-01
2.231539934873580933e-01
2.239670157432556152e-01
2.238177359104156494e-01
2.238244414329528809e-01
2.200731337070465088e-01
2.221662998199462891e-01
2.237706333398818970e-01
2.227140963077545166e-01
2.224804461002349854e-01
2.207362502813339233e-01
2.213424891233444214e-01
2.210478186607360840e-01
2.243539541959762573e-01
2.225167602300643921e-01
2.202762514352798462e-01
2.227770537137985229e-01
2.235265076160430908e-01
2.205221354961395264e-01
2.201759219169616699e-01
2.235257923603057861e-01
2.225133180618286133e-01
2.219566255807876587e-01
2.196931838989257812e-01
2.204675376415252686e-01
2.195739299058914185e-01
2.205789536237716675e-01
2.212942242622375488e-01
2.215837687253952026e-01
2.214511334896087646e-01
2.174194902181625366e-01
2.225049734115600586e-01
2.217443585395812988e-01
2.194351851940155029e-01
2.228160351514816284e-01
2.202517837285995483e-01
2.199553698301315308e-01
2.171129137277603149e-01
2.209237813949584961e-01
2.206316441297531128e-01
2.179953455924987793e-01
2.218791693449020386e-01
2.199157923460006714e-01
2.176209539175033569e-01
2.204295545816421509e-01
2.171959429979324341e-01
2.179660052061080933e-01
2.215495556592941284e-01
2.175598442554473877e-01
2.204296588897705078e-01
2.164686471223831177e-01
2.170360088348388672e-01
2.202470600605010986e-01
2.193924784660339355e-01
2.171792536973953247e-01
2.190855741500854492e-01
2.184340208768844604e-01
2.207102626562118530e-01
2.192020565271377563e-01
2.172652184963226318e-01
2.193215340375900269e-01
2.171685546636581421e-01
2.194416671991348267e-01
2.177036851644515991e-01
2.175309807062149048e-01
2.217148691415786743e-01
2.202374488115310669e-01
2.194247841835021973e-01
2.207332253456115723e-01
2.180664539337158203e-01
2.191127389669418335e-01
2.165994346141815186e-01
2.163189202547073364e-01
2.183369547128677368e-01
2.198512703180313110e-01
2.188379764556884766e-01
2.173236608505249023e-01
2.211875617504119873e-01
2.186378985643386841e-01
2.174596786499023438e-01
2.175113260746002197e-01
2.157399952411651611e-01
2.183443307876586914e-01
2.170745134353637695e-01
2.184450030326843262e-01
2.159189283847808838e-01
2.201966494321823120e-01
2.190912514925003052e-01
2.183504104614257812e-01
2.175942659378051758e-01
2.160361260175704956e-01
2.164406329393386841e-01
2.185728400945663452e-01
2.150064557790756226e-01
2.164283543825149536e-01
2.176291346549987793e-01
2.155779302120208740e-01
2.172982692718505859e-01
2.147755473852157593e-01
2.150030732154846191e-01
2.169340848922729492e-01
2.169243544340133667e-01
2.147254198789596558e-01
2.158945649862289429e-01
2.190811634063720703e-01
2.144989818334579468e-01
2.167514413595199585e-01
2.152920514345169067e-01
2.152899205684661865e-01
2.150200754404067993e-01
2.165291905403137207e-01
2.164130210876464844e-01
2.168083935976028442e-01
2.156127542257308960e-01
2.170553803443908691e-01
2.144256085157394409e-01
2.172531485557556152e-01
2.133574634790420532e-01
2.153392434120178223e-01
2.153848111629486084e-01
2.144666463136672974e-01
2.147057652473449707e-01
2.169650495052337646e-01
2.168024182319641113e-01
2.150675356388092041e-01
2.145401090383529663e-01
2.134039103984832764e-01
2.142618447542190552e-01
2.142444103956222534e-01
2.144131213426589966e-01
2.180868089199066162e-01
2.183665484189987183e-01
2.146926373243331909e-01
2.127675414085388184e-01
2.129836231470108032e-01
2.141910344362258911e-01
2.117006629705429077e-01
2.160535603761672974e-01
2.164783924818038940e-01
2.148322761058807373e-01
2.126808315515518188e-01
2.123662680387496948e-01
2.120684832334518433e-01
2.115180492401123047e-01
2.147487401962280273e-01
2.145258188247680664e-01
2.116717547178268433e-01
2.146515101194381714e-01
2.127256840467453003e-01
2.128758877515792847e-01
2.116952389478683472e-01
2.116139084100723267e-01
2.113937288522720337e-01
2.150919288396835327e-01
2.146820276975631714e-01
2.119505852460861206e-01
2.128858268260955811e-01
2.131112813949584961e-01
2.141164243221282959e-01
2.144703865051269531e-01
2.150186896324157715e-01
2.124339938163757324e-01
2.131679207086563110e-01
2.129403054714202881e-01
2.125526368618011475e-01
2.144139409065246582e-01
2.113424688577651978e-01
2.145146727561950684e-01
2.148217409849166870e-01
2.112159132957458496e-01
2.131822556257247925e-01
2.119965404272079468e-01
2.119573354721069336e-01
2.098495066165924072e-01
2.129445374011993408e-01
2.149781584739685059e-01
2.113235890865325928e-01
2.141214460134506226e-01
2.109535336494445801e-01
2.105395048856735229e-01
2.128852754831314087e-01
2.138367444276809692e-01
2.130476236343383789e-01
2.132619321346282959e-01
2.114205658435821533e-01
2.112269252538681030e-01
2.121697962284088135e-01
2.125803083181381226e-01
2.102536708116531372e-01
2.110119014978408813e-01
2.106913775205612183e-01
2.115324139595031738e-01
2.140432000160217285e-01
2.107369601726531982e-01
2.114141285419464111e-01
2.114947736263275146e-01
2.116378992795944214e-01
2.118403464555740356e-01
2.109251916408538818e-01
2.091736644506454468e-01
2.103786468505859375e-01
2.119564712047576904e-01
2.108018249273300171e-01
2.097867280244827271e-01
2.098660767078399658e-01
2.096318751573562622e-01
2.088432759046554565e-01
2.097310721874237061e-01
2.098948508501052856e-01
2.097605913877487183e-01
2.069753259420394897e-01
2.087099999189376831e-01
2.114549279212951660e-01
2.117788940668106079e-01
2.125207781791687012e-01
2.094043791294097900e-01
2.109712064266204834e-01
2.097276598215103149e-01
2.090846151113510132e-01
2.071499824523925781e-01
2.105543464422225952e-01
2.100298255681991577e-01
2.095160335302352905e-01
2.098674625158309937e-01
2.122264951467514038e-01
2.109316140413284302e-01
2.103479355573654175e-01
2.089844644069671631e-01
2.100165337324142456e-01
2.082965970039367676e-01
2.131361067295074463e-01
2.099242359399795532e-01
2.077452242374420166e-01
2.119477391242980957e-01
2.114443928003311157e-01
2.090689539909362793e-01
2.082641720771789551e-01
2.107809334993362427e-01
2.114986926317214966e-01
2.096601724624633789e-01
2.076461613178253174e-01
2.093177437782287598e-01
2.083501070737838745e-01
2.100553214550018311e-01
2.098152637481689453e-01
2.103883177042007446e-01
2.079135775566101074e-01
2.083113044500350952e-01
2.103213518857955933e-01
2.105919867753982544e-01
2.092213630676269531e-01
2.085102051496505737e-01
2.069964557886123657e-01
2.087084501981735229e-01
2.062909007072448730e-01
2.092059999704360962e-01
2.069416195154190063e-01
2.068487405776977539e-01
2.084767669439315796e-01
2.101998180150985718e-01
2.105687111616134644e-01
2.078928649425506592e-01
2.078354656696319580e-01
2.067591398954391479e-01
2.053962349891662598e-01
2.055612206459045410e-01
2.082802206277847290e-01
2.059249877929687500e-01
2.063422054052352905e-01
2.089856117963790894e-01
2.073936462402343750e-01
2.098127901554107666e-01
2.075788825750350952e-01
2.098567932844161987e-01
2.071192562580108643e-01
2.086530774831771851e-01
2.053574770689010620e-01
2.086127549409866333e-01
2.080015987157821655e-01
2.064685076475143433e-01
2.082664966583251953e-01
2.083664387464523315e-01
2.049649506807327271e-01
2.078724801540374756e-01
2.081053555011749268e-01
2.072833180427551270e-01
2.095195800065994263e-01
2.088232785463333130e-01
2.031002491712570190e-01
2.083745598793029785e-01
2.088268697261810303e-01
2.060033231973648071e-01
2.064838558435440063e-01
2.073694616556167603e-01
2.083863765001296997e-01
2.042529135942459106e-01
2.103974521160125732e-01
2.048762589693069458e-01
2.068183869123458862e-01
2.072743773460388184e-01
2.014332264661788940e-01
2.051685899496078491e-01
2.077439427375793457e-01
2.073375433683395386e-01
2.060995101928710938e-01
2.075717747211456299e-01
2.059087902307510376e-01
2.042855769395828247e-01
2.041262537240982056e-01
2.034051567316055298e-01
2.064938843250274658e-01
2.035830616950988770e-01
2.082467824220657349e-01
2.063992768526077271e-01
2.029772251844406128e-01
2.063744068145751953e-01
2.073862850666046143e-01
2.054424732923507690e-01
2.051642388105392456e-01
2.043329775333404541e-01
2.056341767311096191e-01
2.052966356277465820e-01
2.068124413490295410e-01
2.058163583278656006e-01
2.036578208208084106e-01
2.051365226507186890e-01
2.060022354125976562e-01
2.078268378973007202e-01
2.042461335659027100e-01
2.078607231378555298e-01
2.050807327032089233e-01
2.022752612829208374e-01
2.015908360481262207e-01
2.068335264921188354e-01
2.064980715513229370e-01
2.051733434200286865e-01
2.049095630645751953e-01
2.045725435018539429e-01
2.048781067132949829e-01
2.053253948688507080e-01
2.054115086793899536e-01
2.039239406585693359e-01
2.079796046018600464e-01
2.036221176385879517e-01
2.029116153717041016e-01
2.025996446609497070e-01
2.058700323104858398e-01
2.050958424806594849e-01
2.013143450021743774e-01
2.023050487041473389e-01
2.040549516677856445e-01
2.035900056362152100e-01
2.031653523445129395e-01
2.034716755151748657e-01
2.029783576726913452e-01
2.052034735679626465e-01
2.020674645900726318e-01
2.035085260868072510e-01
2.023846954107284546e-01
2.043201923370361328e-01
2.045510709285736084e-01
2.056941688060760498e-01
2.033997625112533569e-01
2.015753686428070068e-01
2.054730206727981567e-01
2.026780843734741211e-01
2.052797824144363403e-01
2.033674865961074829e-01
2.024848312139511108e-01
2.033422589302062988e-01
2.023473978042602539e-01
2.015875279903411865e-01
2.047260254621505737e-01
2.026505768299102783e-01
2.029699236154556274e-01
2.040535956621170044e-01
2.044352740049362183e-01
2.009619325399398804e-01
2.018322646617889404e-01
2.034632563591003418e-01
2.051743716001510620e-01
2.038017213344573975e-01
2.026942372322082520e-01
2.054806500673294067e-01
2.030301988124847412e-01
2.026789933443069458e-01
2.037697434425354004e-01
2.030534148216247559e-01
2.047110199928283691e-01
2.021961361169815063e-01
2.007047384977340698e-01
2.010679990053176880e-01
2.025319486856460571e-01
2.042821794748306274e-01
2.039833366870880127e-01
2.029258310794830322e-01
2.028197050094604492e-01
2.036810517311096191e-01
2.020773887634277344e-01
2.032008767127990723e-01
2.016623020172119141e-01
2.009696662425994873e-01
2.018544226884841919e-01
2.031038105487823486e-01
2.003544420003890991e-01
2.045305818319320679e-01
2.037748396396636963e-01
2.021492123603820801e-01
2.019246667623519897e-01
2.059286683797836304e-01
2.028079628944396973e-01
2.019217908382415771e-01
2.034815251827239990e-01
2.018340378999710083e-01
2.005169093608856201e-01
2.022722512483596802e-01
2.012757807970046997e-01
1.990567892789840698e-01
1.999175846576690674e-01
2.004112154245376587e-01
2.018746882677078247e-01
2.014791071414947510e-01
1.998980045318603516e-01
2.010134011507034302e-01
2.018296867609024048e-01
2.021071612834930420e-01
2.016620784997940063e-01
2.008269876241683960e-01
2.017820477485656738e-01
2.031943202018737793e-01
2.033516317605972290e-01
2.037866860628128052e-01
2.005496323108673096e-01
2.040295600891113281e-01
1.998908817768096924e-01
2.021508663892745972e-01
2.032563835382461548e-01
2.019295245409011841e-01
2.031911164522171021e-01
2.017998546361923218e-01
2.019907087087631226e-01
2.025398761034011841e-01
2.005232870578765869e-01
2.029743343591690063e-01
1.987653076648712158e-01
2.003123760223388672e-01
2.006394267082214355e-01
2.006252855062484741e-01
2.008626461029052734e-01
2.011196613311767578e-01
1.971467733383178711e-01
1.981424093246459961e-01
2.029559165239334106e-01
2.007524371147155762e-01
2.008830457925796509e-01
2.021509855985641479e-01
2.013273537158966064e-01
2.013693451881408691e-01
1.994329094886779785e-01
2.004528641700744629e-01
1.998734623193740845e-01
1.991550028324127197e-01
2.011897265911102295e-01
2.006887346506118774e-01
2.003595978021621704e-01
2.016412019729614258e-01
1.986861377954483032e-01
2.003448009490966797e-01
2.020041644573211670e-01
1.984085887670516968e-01
1.986377090215682983e-01
1.980087161064147949e-01
1.995742917060852051e-01
2.003687471151351929e-01
2.012898921966552734e-01
1.993043273687362671e-01
1.998356431722640991e-01
1.978092044591903687e-01
1.999119073152542114e-01
1.987167149782180786e-01
1.983749419450759888e-01
2.004242241382598877e-01
2.010796070098876953e-01
1.989187747240066528e-01
1.998857855796813965e-01
1.984098255634307861e-01
1.977450847625732422e-01
1.974597573280334473e-01
1.982220858335494995e-01
1.995878517627716064e-01
1.975714564323425293e-01
1.982753127813339233e-01
1.993737369775772095e-01
2.018933445215225220e-01
1.998455077409744263e-01
1.958094984292984009e-01
1.973533034324645996e-01
1.980243772268295288e-01
1.997483074665069580e-01
2.005220353603363037e-01
1.967471987009048462e-01
1.948380321264266968e-01
1.966240704059600830e-01
2.001543045043945312e-01
1.991270631551742554e-01
1.991442441940307617e-01
1.985767334699630737e-01
1.995165050029754639e-01
1.964249163866043091e-01
2.000409364700317383e-01
2.005343735218048096e-01
1.979742497205734253e-01
2.012742012739181519e-01
1.990706026554107666e-01
1.978436410427093506e-01
1.977010220289230347e-01
1.969653815031051636e-01
2.001346945762634277e-01
1.984727531671524048e-01
1.990009099245071411e-01
1.948848515748977661e-01
1.995733678340911865e-01
1.980478167533874512e-01
1.988712698221206665e-01
1.977497041225433350e-01
1.963275521993637085e-01
2.008094638586044312e-01
1.965135931968688965e-01
1.987763792276382446e-01
1.957012414932250977e-01
1.963185966014862061e-01
1.998018920421600342e-01
1.975173950195312500e-01
1.972282081842422485e-01
1.976638287305831909e-01
1.973864436149597168e-01
1.983140110969543457e-01
1.989028900861740112e-01
1.976051479578018188e-01
1.967789381742477417e-01
1.968498080968856812e-01
1.959573477506637573e-01
1.987540423870086670e-01
1.969174593687057495e-01
1.983824819326400757e-01
2.003940939903259277e-01
1.966376155614852905e-01
1.944328099489212036e-01
1.961962729692459106e-01
1.949023753404617310e-01
1.958066672086715698e-01
1.960314661264419556e-01
1.982331871986389160e-01
1.973497867584228516e-01
1.943005621433258057e-01
1.958835273981094360e-01
1.988815367221832275e-01
1.973640918731689453e-01
1.986344456672668457e-01
1.982085853815078735e-01
1.971090734004974365e-01
1.985040605068206787e-01
1.966964006423950195e-01
1.965893507003784180e-01
1.939042359590530396e-01
1.960503309965133667e-01
1.964753568172454834e-01
1.971832662820816040e-01
1.963377594947814941e-01
1.979605853557586670e-01
1.942860037088394165e-01
1.981637179851531982e-01
1.950017809867858887e-01
1.954680979251861572e-01
1.941443085670471191e-01
1.944822818040847778e-01
1.974532604217529297e-01
1.976513564586639404e-01
1.971547007560729980e-01
1.942455023527145386e-01
1.965029835700988770e-01
1.958475112915039062e-01
1.955716907978057861e-01
1.938526928424835205e-01
1.958366334438323975e-01
1.928878724575042725e-01
1.969096213579177856e-01
1.950277537107467651e-01
1.953441202640533447e-01
1.952267736196517944e-01
1.942321658134460449e-01
1.960982978343963623e-01
1.955018788576126099e-01
1.971037536859512329e-01
1.952854692935943604e-01
1.961083561182022095e-01
1.949267983436584473e-01
1.967694461345672607e-01
1.931760311126708984e-01
1.933135688304901123e-01
1.962379217147827148e-01
1.956098526716232300e-01
1.943829059600830078e-01
1.923859417438507080e-01
1.953114569187164307e-01
1.972611695528030396e-01
1.944506317377090454e-01
1.971916705369949341e-01
1.947675645351409912e-01
1.975860893726348877e-01
1.955011487007141113e-01
1.960530728101730347e-01
1.969669163227081299e-01
1.961723566055297852e-01
1.932759582996368408e-01
1.938144713640213013e-01
1.962656974792480469e-01
1.943485438823699951e-01
1.935762465000152588e-01
1.918632537126541138e-01
1.990486681461334229e-01
1.948637813329696655e-01
1.943959891796112061e-01
1.943654567003250122e-01
1.966930627822875977e-01
1.924056708812713623e-01
1.939977854490280151e-01
1.960983872413635254e-01
1.956285834312438965e-01
1.949198991060256958e-01
1.970729380846023560e-01
1.951124966144561768e-01
1.925929188728332520e-01
1.923819333314895630e-01
1.944578140974044800e-01
1.927171796560287476e-01
1.934308558702468872e-01
1.933282315731048584e-01
1.956967860460281372e-01
1.966998428106307983e-01
1.950163096189498901e-01
1.901259422302246094e-01
1.937830448150634766e-01
1.927636563777923584e-01
1.966768354177474976e-01
1.939936280250549316e-01
1.968168169260025024e-01
1.961336582899093628e-01
1.914361715316772461e-01
1.931781023740768433e-01
1.953265219926834106e-01
1.949936300516128540e-01
1.926390826702117920e-01
1.933332234621047974e-01
1.906439363956451416e-01
1.951080560684204102e-01
1.944098174571990967e-01
1.954582333564758301e-01
1.914261877536773682e-01
1.936392933130264282e-01
1.944331973791122437e-01
1.890544891357421875e-01
1.935711950063705444e-01
1.940619349479675293e-01
1.923075616359710693e-01
1.915901899337768555e-01
1.921849250793457031e-01
1.927669495344161987e-01
1.927095800638198853e-01
1.944411247968673706e-01
1.934330165386199951e-01
1.957937180995941162e-01
1.944403797388076782e-01
1.925806105136871338e-01
1.943623274564743042e-01
1.939590573310852051e-01
1.908328980207443237e-01
1.938318312168121338e-01
1.927540600299835205e-01
1.937016397714614868e-01
1.949659585952758789e-01
1.929784864187240601e-01
1.915148794651031494e-01
1.937842518091201782e-01
1.911326199769973755e-01
1.902604401111602783e-01
