7.142738699913024902e-01
7.067801356315612793e-01
6.989074945449829102e-01
6.909146904945373535e-01
6.832747459411621094e-01
6.718162298202514648e-01
6.600551605224609375e-01
6.490439772605895996e-01
6.352159380912780762e-01
6.191426515579223633e-01
5.985291004180908203e-01
5.778467655181884766e-01
5.546649098396301270e-01
5.289753079414367676e-01
5.042188167572021484e-01
4.775993227958679199e-01
4.464352428913116455e-01
4.215050935745239258e-01
3.949272334575653076e-01
3.735795021057128906e-01
3.535647094249725342e-01
3.558059930801391602e-01
3.455437719821929932e-01
3.472436070442199707e-01
3.501380980014801025e-01
3.469158411026000977e-01
3.345595896244049072e-01
3.418288528919219971e-01
3.308898210525512695e-01
3.168507516384124756e-01
2.969611883163452148e-01
3.060130178928375244e-01
2.945156991481781006e-01
2.839944064617156982e-01
2.849484384059906006e-01
2.867206037044525146e-01
2.825307250022888184e-01
2.851753532886505127e-01
2.757678925991058350e-01
2.794576287269592285e-01
2.713987529277801514e-01
2.710450291633605957e-01
2.618550658226013184e-01
2.601324617862701416e-01
2.535355091094970703e-01
2.646092176437377930e-01
2.492275536060333252e-01
2.509953677654266357e-01
2.441037595272064209e-01
2.513174712657928467e-01
2.459872961044311523e-01
2.361008524894714355e-01
2.343913465738296509e-01
2.301010638475418091e-01
2.321783602237701416e-01
2.286844104528427124e-01
2.268308401107788086e-01
2.265766859054565430e-01
2.249294817447662354e-01
2.225619852542877197e-01
2.265939712524414062e-01
2.155450880527496338e-01
2.158764451742172241e-01
2.535063028335571289e-01
2.152127623558044434e-01
2.163921594619750977e-01
2.065407633781433105e-01
2.080159336328506470e-01
2.136666774749755859e-01
2.074798941612243652e-01
2.061629742383956909e-01
2.053320407867431641e-01
2.025402188301086426e-01
2.017821669578552246e-01
2.005326598882675171e-01
1.965902298688888550e-01
2.013363242149353027e-01
1.991145759820938110e-01
1.961591243743896484e-01
1.951339542865753174e-01
1.936745047569274902e-01
1.918886005878448486e-01
1.932649314403533936e-01
1.925051510334014893e-01
1.891539394855499268e-01
1.884312629699707031e-01
1.890147477388381958e-01
1.908284425735473633e-01
1.874371170997619629e-01
1.851816624402999878e-01
1.852641999721527100e-01
1.874763667583465576e-01
1.826330423355102539e-01
1.820348799228668213e-01
1.873720288276672363e-01
1.816796362400054932e-01
1.811661571264266968e-01
1.816430389881134033e-01
1.787993609905242920e-01
1.771422028541564941e-01
1.794431060552597046e-01
1.791049391031265259e-01
1.754800826311111450e-01
1.739694774150848389e-01
1.727716475725173950e-01
1.722709834575653076e-01
1.728040575981140137e-01
1.694776713848114014e-01
1.729190498590469360e-01
1.746407300233840942e-01
1.735286712646484375e-01
1.709464192390441895e-01
1.676924079656600952e-01
1.662896573543548584e-01
1.702102422714233398e-01
1.659576147794723511e-01
1.694734692573547363e-01
1.667141914367675781e-01
1.646559983491897583e-01
1.642352044582366943e-01
1.650112569332122803e-01
1.643549352884292603e-01
1.613567769527435303e-01
1.609901785850524902e-01
1.622864305973052979e-01
1.627976149320602417e-01
1.571937948465347290e-01
1.597439348697662354e-01
1.560777872800827026e-01
1.576544046401977539e-01
1.573120206594467163e-01
1.586008369922637939e-01
1.543829888105392456e-01
1.529021263122558594e-01
1.572237014770507812e-01
1.542861908674240112e-01
1.547296941280364990e-01
1.539608687162399292e-01
1.546580791473388672e-01
1.533089131116867065e-01
1.515443027019500732e-01
1.490662395954132080e-01
1.510728448629379272e-01
1.499405503273010254e-01
1.525304615497589111e-01
1.492003500461578369e-01
1.473705023527145386e-01
1.482606232166290283e-01
1.448303908109664917e-01
1.490326821804046631e-01
1.457980275154113770e-01
1.472589969635009766e-01
1.450350731611251831e-01
1.462123095989227295e-01
1.430963724851608276e-01
1.442756950855255127e-01
1.463944017887115479e-01
1.434593498706817627e-01
1.404871046543121338e-01
1.404008567333221436e-01
1.420158594846725464e-01
1.411105990409851074e-01
1.405998021364212036e-01
1.419436931610107422e-01
1.403542011976242065e-01
1.381771415472030640e-01
1.368373781442642212e-01
1.381055414676666260e-01
1.388470679521560669e-01
1.386564075946807861e-01
1.362431198358535767e-01
1.334007084369659424e-01
1.341142207384109497e-01
1.349448114633560181e-01
1.341968923807144165e-01
1.335826218128204346e-01
1.339543610811233521e-01
1.322072446346282959e-01
1.315525472164154053e-01
1.314278542995452881e-01
1.329586654901504517e-01
1.311418563127517700e-01
1.298311054706573486e-01
1.296158730983734131e-01
1.285627633333206177e-01
1.315014809370040894e-01
1.296625733375549316e-01
1.288874596357345581e-01
1.278426498174667358e-01
1.275331377983093262e-01
1.299110054969787598e-01
1.269459277391433716e-01
1.280995011329650879e-01
1.263978332281112671e-01
1.266441047191619873e-01
1.258617490530014038e-01
1.232523173093795776e-01
1.261733621358871460e-01
1.240375488996505737e-01
1.235118061304092407e-01
1.244525536894798279e-01
1.246996819972991943e-01
1.222287714481353760e-01
1.218005418777465820e-01
1.232172772288322449e-01
1.224949955940246582e-01
1.212686002254486084e-01
1.219243258237838745e-01
1.212193667888641357e-01
1.197870001196861267e-01
1.195362359285354614e-01
1.193404868245124817e-01
1.162131577730178833e-01
1.168643757700920105e-01
1.192886084318161011e-01
1.190252453088760376e-01
1.180962622165679932e-01
1.172384694218635559e-01
1.159790456295013428e-01
1.160586550831794739e-01
1.169594526290893555e-01
1.172474250197410583e-01
1.147108376026153564e-01
1.155426502227783203e-01
1.155803203582763672e-01
1.134243905544281006e-01
1.131831929087638855e-01
1.117752194404602051e-01
1.150584816932678223e-01
1.141807436943054199e-01
1.120670065283775330e-01
1.117856055498123169e-01
1.120102554559707642e-01
1.109940707683563232e-01
1.105187684297561646e-01
1.124238073825836182e-01
1.097190380096435547e-01
1.087563186883926392e-01
1.108568087220191956e-01
1.079896390438079834e-01
1.081134527921676636e-01
1.079718768596649170e-01
1.104039996862411499e-01
1.091972440481185913e-01
1.098380386829376221e-01
1.089940294623374939e-01
1.076841950416564941e-01
1.084707975387573242e-01
1.060498803853988647e-01
1.067267432808876038e-01
1.067574769258499146e-01
1.037088781595230103e-01
1.061989814043045044e-01
1.053163111209869385e-01
1.036208420991897583e-01
1.044061779975891113e-01
1.044873520731925964e-01
1.043396741151809692e-01
1.027880460023880005e-01
1.027794182300567627e-01
1.021891385316848755e-01
1.024414375424385071e-01
1.026342883706092834e-01
1.021633744239807129e-01
1.029032617807388306e-01
1.022889465093612671e-01
1.002876386046409607e-01
1.006686761975288391e-01
1.008347570896148682e-01
1.012566536664962769e-01
1.003826558589935303e-01
9.986840188503265381e-02
1.005590185523033142e-01
1.003152877092361450e-01
1.001082584261894226e-01
9.847730398178100586e-02
1.003071218729019165e-01
9.943502396345138550e-02
9.631700068712234497e-02
9.553906321525573730e-02
9.583166986703872681e-02
9.655358642339706421e-02
9.457433223724365234e-02
9.570800513029098511e-02
9.618537127971649170e-02
9.551800042390823364e-02
9.657816588878631592e-02
9.670600295066833496e-02
9.389843046665191650e-02
9.376212954521179199e-02
9.473890066146850586e-02
9.349182248115539551e-02
9.354840219020843506e-02
9.458558261394500732e-02
9.239012002944946289e-02
9.315722435712814331e-02
9.313853085041046143e-02
9.270723164081573486e-02
9.154593199491500854e-02
9.054817259311676025e-02
8.950204402208328247e-02
9.057715535163879395e-02
9.014498442411422729e-02
8.960130810737609863e-02
8.932789415121078491e-02
8.827706426382064819e-02
9.000266343355178833e-02
8.981075137853622437e-02
8.894832432270050049e-02
8.895421773195266724e-02
8.848054707050323486e-02
8.698850870132446289e-02
8.735668659210205078e-02
8.756595104932785034e-02
8.776177465915679932e-02
8.672357350587844849e-02
8.542099595069885254e-02
8.569008857011795044e-02
8.601780235767364502e-02
8.620179444551467896e-02
8.451951295137405396e-02
8.515667170286178589e-02
8.454184234142303467e-02
8.526166528463363647e-02
8.476814627647399902e-02
8.344615995883941650e-02
8.234547078609466553e-02
8.331650495529174805e-02
8.297863602638244629e-02
8.447958528995513916e-02
8.247225731611251831e-02
8.246849477291107178e-02
8.237634599208831787e-02
8.201711624860763550e-02
8.160182833671569824e-02
8.160237967967987061e-02
8.043705672025680542e-02
8.136720955371856689e-02
8.082196116447448730e-02
8.209984749555587769e-02
8.149331808090209961e-02
7.951529324054718018e-02
7.912965863943099976e-02
7.974403351545333862e-02
7.864858210086822510e-02
7.923377305269241333e-02
7.812269032001495361e-02
7.872072607278823853e-02
7.761360704898834229e-02
7.653006166219711304e-02
7.885970175266265869e-02
7.760217040777206421e-02
7.608532905578613281e-02
7.674528658390045166e-02
7.699102163314819336e-02
7.811520248651504517e-02
7.591013610363006592e-02
7.666885107755661011e-02
7.512684166431427002e-02
7.385893911123275757e-02
7.696991413831710815e-02
7.415115833282470703e-02
7.433678209781646729e-02
7.412333786487579346e-02
7.525682449340820312e-02
7.481226325035095215e-02
7.372412830591201782e-02
7.293779402971267700e-02
7.342168688774108887e-02
7.355216890573501587e-02
7.262980937957763672e-02
7.320240139961242676e-02
7.205295562744140625e-02
7.160438597202301025e-02
7.375963032245635986e-02
7.146975398063659668e-02
7.221119850873947144e-02
7.120531797409057617e-02
7.124896347522735596e-02
7.134053111076354980e-02
7.239001244306564331e-02
7.056491076946258545e-02
7.059256732463836670e-02
6.957231462001800537e-02
7.139254361391067505e-02
6.940884888172149658e-02
6.972067058086395264e-02
7.026213407516479492e-02
6.860790401697158813e-02
6.972982734441757202e-02
6.944041699171066284e-02
6.944964081048965454e-02
7.002878189086914062e-02
6.729155778884887695e-02
6.843881309032440186e-02
6.778513640165328979e-02
6.787652522325515747e-02
6.785182654857635498e-02
6.784963607788085938e-02
6.769762188196182251e-02
6.903877854347229004e-02
6.760969758033752441e-02
6.645810604095458984e-02
6.775029748678207397e-02
6.733465194702148438e-02
6.683121621608734131e-02
6.652929633855819702e-02
6.733760982751846313e-02
6.713140010833740234e-02
6.579528003931045532e-02
6.709776073694229126e-02
6.571995466947555542e-02
6.615608930587768555e-02
6.681157648563385010e-02
6.546575576066970825e-02
6.486640125513076782e-02
6.603145599365234375e-02
6.507012248039245605e-02
6.575718522071838379e-02
6.460234522819519043e-02
6.539405882358551025e-02
6.402876228094100952e-02
6.464374065399169922e-02
6.498558074235916138e-02
6.284592300653457642e-02
6.381220370531082153e-02
6.381592154502868652e-02
6.294089555740356445e-02
6.497860699892044067e-02
6.380926817655563354e-02
6.342443078756332397e-02
6.276782602071762085e-02
6.301781535148620605e-02
6.259696930646896362e-02
6.249335035681724548e-02
6.197986751794815063e-02
6.217126175761222839e-02
6.196102872490882874e-02
6.193898618221282959e-02
6.167127192020416260e-02
6.134606897830963135e-02
6.170705705881118774e-02
6.229552999138832092e-02
6.203747540712356567e-02
6.125584989786148071e-02
6.116545945405960083e-02
6.197208166122436523e-02
6.088589131832122803e-02
6.116375327110290527e-02
6.167574599385261536e-02
6.211506575345993042e-02
6.059819459915161133e-02
6.052497029304504395e-02
6.117229536175727844e-02
6.112017855048179626e-02
6.076476722955703735e-02
5.990066379308700562e-02
6.154838204383850098e-02
6.093273311853408813e-02
5.977764725685119629e-02
6.070074811577796936e-02
5.972080677747726440e-02
5.892688035964965820e-02
5.903338640928268433e-02
5.939748883247375488e-02
5.952746048569679260e-02
5.875017493963241577e-02
6.007712334394454956e-02
5.821238458156585693e-02
5.823377519845962524e-02
5.871348828077316284e-02
5.846985429525375366e-02
5.937211215496063232e-02
5.817010253667831421e-02
5.841805040836334229e-02
6.025072187185287476e-02
5.825174599885940552e-02
5.895418673753738403e-02
5.834177881479263306e-02
5.836315453052520752e-02
5.849917232990264893e-02
5.786947906017303467e-02
5.767255276441574097e-02
5.748679488897323608e-02
5.793263763189315796e-02
5.830921232700347900e-02
5.789386481046676636e-02
5.880107730627059937e-02
5.739092826843261719e-02
5.735591053962707520e-02
5.713820829987525940e-02
5.762594565749168396e-02
5.820007622241973877e-02
5.748794972896575928e-02
5.670754611492156982e-02
5.693658813834190369e-02
5.660891532897949219e-02
5.699859559535980225e-02
6.008368730545043945e-02
5.759873986244201660e-02
5.677221342921257019e-02
5.705289170145988464e-02
5.674419924616813660e-02
5.714116990566253662e-02
5.594759434461593628e-02
5.679005011916160583e-02
5.557297170162200928e-02
5.594124644994735718e-02
5.640735104680061340e-02
5.577242001891136169e-02
5.627136304974555969e-02
5.660176277160644531e-02
5.547713115811347961e-02
5.611764639616012573e-02
5.570983514189720154e-02
5.538000166416168213e-02
5.649854615330696106e-02
5.747180432081222534e-02
5.379141122102737427e-02
5.601861700415611267e-02
5.570475757122039795e-02
5.589449405670166016e-02
5.477939918637275696e-02
5.508302897214889526e-02
5.489520356059074402e-02
5.494990199804306030e-02
5.413302034139633179e-02
5.565483495593070984e-02
5.444930493831634521e-02
5.515617132186889648e-02
5.557850003242492676e-02
5.471350252628326416e-02
5.367322266101837158e-02
5.437368899583816528e-02
5.422969907522201538e-02
5.390242487192153931e-02
5.498823150992393494e-02
5.383300036191940308e-02
5.428720265626907349e-02
5.362415313720703125e-02
5.413994565606117249e-02
5.387201160192489624e-02
5.532070994377136230e-02
5.445430800318717957e-02
5.381648242473602295e-02
5.398944020271301270e-02
5.403765290975570679e-02
5.370222777128219604e-02
5.377250537276268005e-02
5.211296305060386658e-02
5.316629260778427124e-02
5.328820645809173584e-02
5.352411419153213501e-02
5.315074697136878967e-02
5.371695756912231445e-02
5.276829376816749573e-02
5.310649424791336060e-02
5.345394089818000793e-02
5.338608473539352417e-02
5.391412228345870972e-02
5.368370562791824341e-02
5.332623794674873352e-02
5.288778617978096008e-02
5.266324430704116821e-02
5.237171053886413574e-02
5.321552604436874390e-02
5.314663797616958618e-02
5.272130295634269714e-02
5.209412425756454468e-02
5.230270326137542725e-02
5.314243584871292114e-02
5.235691741108894348e-02
5.227334797382354736e-02
5.217363685369491577e-02
5.193971097469329834e-02
5.326846987009048462e-02
5.301848053932189941e-02
5.194712430238723755e-02
5.177488178014755249e-02
5.109181255102157593e-02
5.133268237113952637e-02
5.266036838293075562e-02
5.197870731353759766e-02
5.180720984935760498e-02
5.147869884967803955e-02
5.246618762612342834e-02
5.261234939098358154e-02
5.152854695916175842e-02
5.243042483925819397e-02
5.134635046124458313e-02
5.140887945890426636e-02
5.130892246961593628e-02
5.173579603433609009e-02
5.119947344064712524e-02
5.171614140272140503e-02
5.129757523536682129e-02
5.141966417431831360e-02
5.154956132173538208e-02
5.153894424438476562e-02
5.016252771019935608e-02
5.102151632308959961e-02
5.102732405066490173e-02
5.077446252107620239e-02
5.036865919828414917e-02
5.045898258686065674e-02
5.125616490840911865e-02
5.092202872037887573e-02
5.113224685192108154e-02
5.041875690221786499e-02
5.055264756083488464e-02
5.080957710742950439e-02
5.045159161090850830e-02
5.080191045999526978e-02
5.050487443804740906e-02
5.042447149753570557e-02
5.066524073481559753e-02
5.010512471199035645e-02
5.029554292559623718e-02
5.062261968851089478e-02
5.022480711340904236e-02
5.001803487539291382e-02
5.001751333475112915e-02
4.961811751127243042e-02
4.963652044534683228e-02
5.056365579366683960e-02
5.042242258787155151e-02
5.079645663499832153e-02
5.021274089813232422e-02
4.966958612203598022e-02
5.114043876528739929e-02
5.086124688386917114e-02
5.039204657077789307e-02
4.938802123069763184e-02
4.946463927626609802e-02
5.006940662860870361e-02
5.013517290353775024e-02
5.093051493167877197e-02
5.041896551847457886e-02
4.889154434204101562e-02
5.005518347024917603e-02
4.905685409903526306e-02
4.950802400708198547e-02
4.956343770027160645e-02
4.997881501913070679e-02
4.956796020269393921e-02
4.908163845539093018e-02
4.877842962741851807e-02
4.955294728279113770e-02
4.899480193853378296e-02
4.958324879407882690e-02
4.919570684432983398e-02
4.898277670145034790e-02
4.951179400086402893e-02
4.838648065924644470e-02
4.858659952878952026e-02
4.898610338568687439e-02
4.841097071766853333e-02
4.893023520708084106e-02
4.869902878999710083e-02
4.829123988747596741e-02
4.940173774957656860e-02
4.817972332239151001e-02
4.793181270360946655e-02
4.896483570337295532e-02
4.866606742143630981e-02
4.793208464980125427e-02
4.826110973954200745e-02
4.893735423684120178e-02
4.771485924720764160e-02
4.881000891327857971e-02
4.869460314512252808e-02
4.823901504278182983e-02
4.786321520805358887e-02
4.764157906174659729e-02
4.761710017919540405e-02
4.823421314358711243e-02
4.847472161054611206e-02
4.862441122531890869e-02
4.832846298813819885e-02
4.873424023389816284e-02
4.833519086241722107e-02
4.829372093081474304e-02
4.741625487804412842e-02
4.770010709762573242e-02
4.761949926614761353e-02
4.744601994752883911e-02
4.837455600500106812e-02
4.787392914295196533e-02
4.795801267027854919e-02
4.730522632598876953e-02
4.845322668552398682e-02
4.735559970140457153e-02
4.689886048436164856e-02
4.763890057802200317e-02
4.732564091682434082e-02
4.816330224275588989e-02
4.854060336947441101e-02
4.722576588392257690e-02
4.674612358212471008e-02
4.757227003574371338e-02
4.701737686991691589e-02
4.766781255602836609e-02
4.739106073975563049e-02
4.738143831491470337e-02
4.695446789264678955e-02
4.835811257362365723e-02
4.696870595216751099e-02
4.750677570700645447e-02
4.740000516176223755e-02
4.678077250719070435e-02
4.720449820160865784e-02
4.753484204411506653e-02
4.619916528463363647e-02
4.676846787333488464e-02
4.665913432836532593e-02
4.767882823944091797e-02
4.717137292027473450e-02
4.657485336065292358e-02
4.657699540257453918e-02
4.684581607580184937e-02
4.759690165519714355e-02
4.754853248596191406e-02
4.636454582214355469e-02
4.681246727705001831e-02
4.705823957920074463e-02
4.669895023107528687e-02
4.648175835609436035e-02
4.648581892251968384e-02
4.751136153936386108e-02
4.615355283021926880e-02
4.647090286016464233e-02
4.621943831443786621e-02
4.640905186533927917e-02
4.633510857820510864e-02
4.667127504944801331e-02
4.667432606220245361e-02
4.607287049293518066e-02
4.613943025469779968e-02
4.572959244251251221e-02
4.646004736423492432e-02
4.613840952515602112e-02
4.667183756828308105e-02
4.640037566423416138e-02
4.665010422468185425e-02
4.641717672348022461e-02
4.604951292276382446e-02
4.645217955112457275e-02
4.626348242163658142e-02
4.633188992738723755e-02
4.604975134134292603e-02
4.580039530992507935e-02
4.538445919752120972e-02
4.591243714094161987e-02
4.569397121667861938e-02
4.608410596847534180e-02
4.632756114006042480e-02
4.685820639133453369e-02
4.632059484720230103e-02
4.636976122856140137e-02
4.613958299160003662e-02
4.533209651708602905e-02
4.602463543415069580e-02
4.563787207007408142e-02
4.570960998535156250e-02
4.498290270566940308e-02
4.534896463155746460e-02
4.589802771806716919e-02
4.549208283424377441e-02
4.624996334314346313e-02
4.546224325895309448e-02
4.623936116695404053e-02
4.558960348367691040e-02
4.492511600255966187e-02
4.529633373022079468e-02
4.497045278549194336e-02
4.503986239433288574e-02
4.561683535575866699e-02
4.550169408321380615e-02
4.564130306243896484e-02
4.498765617609024048e-02
4.441445320844650269e-02
4.502624273300170898e-02
4.523643851280212402e-02
4.523223638534545898e-02
4.494245350360870361e-02
4.560017585754394531e-02
4.503206908702850342e-02
4.472156614065170288e-02
4.471697658300399780e-02
4.531636834144592285e-02
4.481820389628410339e-02
4.444278776645660400e-02
4.472092539072036743e-02
4.380413889884948730e-02
4.433684796094894409e-02
4.454742744565010071e-02
4.460446536540985107e-02
4.464495927095413208e-02
4.424411058425903320e-02
4.438359290361404419e-02
4.440195113420486450e-02
4.552724957466125488e-02
4.476010799407958984e-02
4.405534639954566956e-02
4.473096877336502075e-02
4.419033229351043701e-02
4.405390471220016479e-02
4.509262368083000183e-02
4.439175128936767578e-02
4.480149596929550171e-02
4.450402408838272095e-02
4.421714693307876587e-02
4.437870532274246216e-02
4.448181390762329102e-02
4.457711428403854370e-02
4.442074149847030640e-02
4.424867033958435059e-02
4.419647157192230225e-02
4.369305446743965149e-02
4.486747831106185913e-02
4.445905983448028564e-02
4.409135505557060242e-02
4.440512508153915405e-02
4.391994327306747437e-02
4.402596503496170044e-02
4.328392446041107178e-02
4.505273699760437012e-02
4.411601275205612183e-02
4.388745129108428955e-02
4.455710202455520630e-02
4.428724944591522217e-02
4.334359243512153625e-02
4.424893856048583984e-02
4.375992715358734131e-02
4.347918927669525146e-02
4.336097091436386108e-02
4.412199556827545166e-02
4.400714486837387085e-02
4.372354596853256226e-02
4.424520581960678101e-02
4.364266991615295410e-02
4.349848628044128418e-02
4.295890033245086670e-02
4.352296143770217896e-02
4.340847581624984741e-02
4.347246512770652771e-02
4.345420002937316895e-02
4.343029856681823730e-02
4.271165654063224792e-02
4.380169510841369629e-02
4.354854673147201538e-02
4.345373064279556274e-02
4.353232681751251221e-02
4.310084134340286255e-02
4.304817318916320801e-02
4.261445999145507812e-02
4.327931255102157593e-02
4.310373589396476746e-02
4.398640990257263184e-02
4.309750348329544067e-02
4.366009682416915894e-02
4.341623932123184204e-02
4.273802042007446289e-02
4.339178651571273804e-02
4.292998462915420532e-02
4.297335445880889893e-02
4.310412332415580750e-02
4.265665262937545776e-02
4.297939315438270569e-02
4.245141893625259399e-02
4.233586043119430542e-02
4.270240664482116699e-02
4.232129454612731934e-02
4.333232343196868896e-02
4.286202788352966309e-02
4.317915439605712891e-02
4.335608333349227905e-02
4.255465790629386902e-02
4.298351332545280457e-02
4.323993250727653503e-02
4.274284094572067261e-02
4.290470480918884277e-02
4.286918044090270996e-02
4.246843606233596802e-02
4.233735799789428711e-02
4.242619127035140991e-02
4.353024065494537354e-02
4.268703982234001160e-02
4.268376529216766357e-02
4.268714785575866699e-02
4.270691797137260437e-02
4.261830449104309082e-02
4.254408553242683411e-02
4.309953376650810242e-02
4.256755858659744263e-02
4.285666346549987793e-02
4.266130924224853516e-02
4.258825629949569702e-02
4.151269048452377319e-02
4.215122759342193604e-02
4.235890507698059082e-02
4.300624877214431763e-02
4.254017397761344910e-02
4.225007072091102600e-02
4.166296869516372681e-02
4.229966551065444946e-02
4.220109432935714722e-02
4.264324903488159180e-02
4.189684242010116577e-02
4.220322519540786743e-02
4.205034673213958740e-02
4.182315617799758911e-02
4.215496033430099487e-02
4.258008301258087158e-02
4.237441718578338623e-02
4.208395630121231079e-02
4.217335581779479980e-02
4.241051524877548218e-02
4.193652421236038208e-02
4.247265309095382690e-02
4.278243333101272583e-02
4.193900525569915771e-02
4.190418496727943420e-02
4.206803441047668457e-02
4.232725873589515686e-02
4.176225885748863220e-02
4.227837920188903809e-02
4.172687977552413940e-02
4.174300283193588257e-02
4.158882051706314087e-02
4.122666269540786743e-02
4.162965714931488037e-02
4.192707687616348267e-02
4.190288484096527100e-02
4.124742746353149414e-02
4.131518676877021790e-02
4.135576635599136353e-02
4.100701212882995605e-02
4.163767397403717041e-02
4.195855185389518738e-02
4.110597074031829834e-02
4.080440104007720947e-02
4.127325117588043213e-02
4.143920540809631348e-02
4.164491966366767883e-02
4.091827943921089172e-02
4.134813696146011353e-02
4.124892875552177429e-02
4.129610210657119751e-02
4.187630116939544678e-02
4.129792749881744385e-02
4.110090434551239014e-02
4.105792194604873657e-02
4.138892516493797302e-02
4.126169532537460327e-02
4.084871336817741394e-02
4.131016880273818970e-02
4.091980308294296265e-02
4.105882346630096436e-02
4.108678549528121948e-02
4.129857197403907776e-02
4.063809663057327271e-02
4.071015864610671997e-02
4.063136875629425049e-02
4.151602089405059814e-02
4.141528159379959106e-02
4.077229648828506470e-02
4.167698323726654053e-02
4.138293117284774780e-02
4.045005142688751221e-02
4.107234999537467957e-02
4.076004028320312500e-02
4.080870002508163452e-02
4.139330610632896423e-02
4.048069193959236145e-02
4.067637398838996887e-02
4.053185880184173584e-02
4.013570398092269897e-02
4.038715735077857971e-02
4.082777723670005798e-02
4.135856777429580688e-02
4.068655148148536682e-02
4.091238975524902344e-02
4.063033312559127808e-02
4.089629650115966797e-02
4.020525515079498291e-02
4.065819829702377319e-02
4.088979586958885193e-02
4.058389365673065186e-02
4.097862541675567627e-02
4.018488526344299316e-02
4.108640551567077637e-02
4.030092805624008179e-02
4.059033468365669250e-02
4.005380347371101379e-02
4.041310399770736694e-02
4.028204828500747681e-02
4.029712080955505371e-02
4.038235545158386230e-02
4.010699689388275146e-02
4.063054919242858887e-02
4.057142138481140137e-02
4.017017781734466553e-02
3.977900743484497070e-02
4.035532474517822266e-02
4.002662003040313721e-02
4.030649363994598389e-02
3.988006711006164551e-02
4.036477953195571899e-02
4.046533256769180298e-02
3.972628712654113770e-02
3.988861292600631714e-02
4.042308032512664795e-02
3.975126892328262329e-02
4.008419811725616455e-02
3.996608033776283264e-02
4.055106267333030701e-02
4.000422358512878418e-02
3.962491452693939209e-02
3.997609019279479980e-02
4.010780155658721924e-02
3.937700390815734863e-02
4.001379758119583130e-02
4.005010053515434265e-02
3.997319936752319336e-02
4.017121344804763794e-02
3.975208848714828491e-02
4.014605283737182617e-02
3.956280648708343506e-02
4.018016904592514038e-02
4.017966240644454956e-02
3.952636569738388062e-02
4.004552587866783142e-02
3.932337090373039246e-02
4.016661643981933594e-02
4.011801630258560181e-02
3.983864188194274902e-02
3.994261100888252258e-02
3.993144258856773376e-02
4.035805165767669678e-02
3.990784287452697754e-02
3.990111500024795532e-02
3.983024507761001587e-02
3.951735794544219971e-02
3.941477462649345398e-02
4.002634808421134949e-02
3.930127620697021484e-02
3.985441476106643677e-02
3.979842737317085266e-02
3.908942639827728271e-02
4.010045528411865234e-02
3.974897786974906921e-02
3.945902734994888306e-02
3.926534205675125122e-02
3.925290703773498535e-02
3.963087499141693115e-02
3.917986154556274414e-02
3.916253149509429932e-02
3.954391181468963623e-02
3.920257836580276489e-02
3.927715122699737549e-02
3.960459679365158081e-02
3.933203965425491333e-02
3.955999761819839478e-02
3.917912766337394714e-02
3.969356417655944824e-02
3.988846391439437866e-02
3.921335190534591675e-02
3.873495757579803467e-02
3.894270956516265869e-02
3.904803097248077393e-02
3.878862410783767700e-02
3.932240605354309082e-02
3.981179371476173401e-02
3.957785665988922119e-02
3.922189772129058838e-02
3.828567266464233398e-02
3.890565782785415649e-02
3.894441947340965271e-02
3.922180831432342529e-02
3.902142494916915894e-02
3.903792053461074829e-02
3.893185406923294067e-02
3.979606181383132935e-02
3.917379304766654968e-02
3.914746642112731934e-02
3.875882551074028015e-02
3.900674358010292053e-02
3.907302767038345337e-02
3.955112025141716003e-02
3.865589201450347900e-02
3.888017684221267700e-02
3.866654634475708008e-02
3.964596986770629883e-02
3.891971707344055176e-02
3.865610063076019287e-02
3.826477378606796265e-02
3.910388797521591187e-02
3.903548046946525574e-02
3.924019634723663330e-02
3.862578794360160828e-02
3.867943584918975830e-02
3.860143944621086121e-02
3.905064985156059265e-02
3.888780623674392700e-02
3.894061595201492310e-02
3.839601576328277588e-02
3.853726759552955627e-02
3.848085179924964905e-02
3.894718736410140991e-02
3.888081759214401245e-02
3.833250701427459717e-02
3.824854642152786255e-02
3.867723792791366577e-02
3.870176151394844055e-02
3.858213126659393311e-02
3.827562555670738220e-02
3.807917609810829163e-02
3.858843445777893066e-02
3.882991895079612732e-02
3.877956792712211609e-02
3.810042142868041992e-02
3.822228312492370605e-02
3.851464390754699707e-02
3.838340938091278076e-02
3.878135979175567627e-02
3.825283423066139221e-02
3.809726983308792114e-02
3.837101161479949951e-02
3.840852528810501099e-02
3.864279389381408691e-02
3.866384923458099365e-02
3.852815926074981689e-02
3.840927034616470337e-02
3.869552910327911377e-02
3.786502406001091003e-02
3.814569860696792603e-02
3.833001852035522461e-02
3.830092027783393860e-02
3.820017352700233459e-02
3.796063363552093506e-02
3.812344372272491455e-02
3.797224536538124084e-02
3.813031315803527832e-02
3.798055648803710938e-02
3.834921866655349731e-02
3.769879043102264404e-02
3.814400732517242432e-02
3.808990865945816040e-02
3.788149729371070862e-02
3.817593306303024292e-02
3.809898346662521362e-02
3.805806487798690796e-02
3.839427232742309570e-02
3.833027184009552002e-02
3.783933818340301514e-02
3.816844895482063293e-02
3.830328956246376038e-02
3.745514526963233948e-02
3.779599070549011230e-02
3.843465074896812439e-02
3.780797868967056274e-02
3.796223178505897522e-02
3.795313090085983276e-02
3.790394589304924011e-02
3.826457262039184570e-02
3.736912831664085388e-02
3.808280825614929199e-02
3.774704784154891968e-02
3.794085979461669922e-02
3.772443905472755432e-02
3.754539415240287781e-02
3.800553455948829651e-02
3.800094872713088989e-02
3.803896158933639526e-02
3.804731369018554688e-02
3.758714720606803894e-02
3.766515105962753296e-02
3.764836117625236511e-02
3.805739060044288635e-02
3.797019273042678833e-02
3.733866661787033081e-02
3.736856579780578613e-02
3.760128095746040344e-02
3.778983652591705322e-02
3.742793947458267212e-02
3.769120201468467712e-02
3.764825314283370972e-02
3.751140832901000977e-02
3.799995407462120056e-02
3.709806129336357117e-02
3.772822022438049316e-02
3.761398419737815857e-02
3.729645907878875732e-02
3.761896491050720215e-02
3.737433627247810364e-02
3.746435418725013733e-02
3.722533583641052246e-02
3.720727935433387756e-02
3.763637691736221313e-02
3.725625574588775635e-02
3.687334805727005005e-02
3.767685592174530029e-02
3.719125688076019287e-02
3.704611584544181824e-02
3.686271980404853821e-02
3.723292425274848938e-02
3.747588396072387695e-02
3.756399452686309814e-02
3.739322721958160400e-02
3.731526434421539307e-02
3.717148303985595703e-02
3.747249022126197815e-02
3.718760609626770020e-02
3.718809410929679871e-02
3.710859268903732300e-02
3.719469532370567322e-02
3.738677129149436951e-02
3.697864338755607605e-02
3.694013506174087524e-02
3.715655580163002014e-02
3.677625581622123718e-02
3.711600229144096375e-02
3.717560693621635437e-02
3.742434456944465637e-02
3.755183145403862000e-02
3.753046318888664246e-02
3.715731203556060791e-02
3.722678869962692261e-02
3.679834306240081787e-02
3.672441095113754272e-02
3.643913194537162781e-02
3.700489923357963562e-02
3.705815598368644714e-02
3.668523579835891724e-02
3.669744357466697693e-02
3.684195131063461304e-02
3.699142858386039734e-02
3.678796067833900452e-02
3.694374486804008484e-02
3.682563081383705139e-02
3.713424503803253174e-02
3.656539320945739746e-02
3.699064999818801880e-02
3.665905073285102844e-02
3.651624917984008789e-02
3.678856417536735535e-02
3.633366897702217102e-02
3.631442412734031677e-02
3.665510937571525574e-02
3.610675409436225891e-02
3.684195503592491150e-02
3.681406006217002869e-02
3.727036342024803162e-02
3.714092448353767395e-02
3.657991066575050354e-02
3.670638799667358398e-02
3.653685748577117920e-02
3.687195852398872375e-02
3.724099323153495789e-02
3.653335198760032654e-02
3.696643933653831482e-02
3.615695983171463013e-02
3.670762106776237488e-02
3.619887307286262512e-02
3.672182187438011169e-02
3.688986971974372864e-02
3.679385408759117126e-02
3.643121942877769470e-02
3.712797537446022034e-02
3.639666736125946045e-02
3.645559400320053101e-02
3.608399629592895508e-02
3.681153059005737305e-02
3.637110814452171326e-02
3.633380681276321411e-02
3.636416792869567871e-02
3.655524924397468567e-02
3.673780709505081177e-02
3.693971410393714905e-02
3.685796633362770081e-02
3.623660653829574585e-02
3.587851673364639282e-02
3.641510009765625000e-02
3.619768470525741577e-02
3.587806969881057739e-02
3.634214028716087341e-02
3.633980080485343933e-02
3.627019748091697693e-02
3.604343906044960022e-02
3.637639060616493225e-02
3.601229563355445862e-02
3.640753030776977539e-02
3.628833591938018799e-02
3.597518801689147949e-02
3.632164746522903442e-02
3.599478304386138916e-02
3.588684648275375366e-02
3.590310737490653992e-02
3.628149628639221191e-02
3.644197434186935425e-02
3.621991351246833801e-02
3.615219891071319580e-02
3.615614026784896851e-02
3.632115572690963745e-02
3.612830862402915955e-02
3.589503467082977295e-02
3.581090271472930908e-02
3.586879372596740723e-02
3.605183213949203491e-02
3.649925068020820618e-02
3.617972880601882935e-02
3.574931621551513672e-02
3.563769161701202393e-02
3.603475913405418396e-02
3.600259870290756226e-02
3.595475852489471436e-02
3.559627011418342590e-02
3.581781685352325439e-02
3.653308749198913574e-02
3.584936261177062988e-02
3.603951260447502136e-02
3.598094731569290161e-02
3.583020716905593872e-02
3.620233386754989624e-02
3.523816913366317749e-02
3.627144172787666321e-02
3.576246276497840881e-02
3.629234805703163147e-02
3.606287762522697449e-02
3.573854640126228333e-02
3.632361441850662231e-02
3.604199737310409546e-02
3.591249138116836548e-02
3.627738356590270996e-02
3.562243282794952393e-02
3.571835160255432129e-02
3.567188233137130737e-02
3.562317043542861938e-02
3.614639118313789368e-02
3.550729155540466309e-02
3.547880426049232483e-02
3.539108484983444214e-02
3.585129231214523315e-02
3.570237755775451660e-02
3.600401431322097778e-02
3.611215949058532715e-02
3.554114326834678650e-02
3.569189086556434631e-02
3.593188896775245667e-02
3.558351099491119385e-02
3.559879958629608154e-02
3.536887466907501221e-02
3.561034426093101501e-02
3.576061874628067017e-02
3.591063991189002991e-02
3.579535707831382751e-02
3.556006401777267456e-02
3.564673662185668945e-02
3.582506999373435974e-02
3.535368666052818298e-02
3.538097813725471497e-02
3.560821712017059326e-02
3.542068973183631897e-02
3.548324108123779297e-02
3.512696921825408936e-02
3.582116216421127319e-02
3.558474779129028320e-02
3.533960878849029541e-02
3.547792881727218628e-02
3.522059321403503418e-02
3.506725654006004333e-02
3.552994132041931152e-02
3.607875481247901917e-02
3.563052415847778320e-02
3.501408547163009644e-02
3.484352305531501770e-02
3.555507585406303406e-02
3.516411781311035156e-02
3.547602891921997070e-02
3.516818583011627197e-02
3.528594970703125000e-02
3.544181585311889648e-02
3.506551682949066162e-02
3.506589308381080627e-02
3.541364520788192749e-02
3.560475260019302368e-02
3.557578474283218384e-02
3.527553752064704895e-02
3.565727919340133667e-02
3.505908325314521790e-02
3.537667170166969299e-02
3.504321724176406860e-02
3.518451005220413208e-02
3.536328673362731934e-02
3.526137024164199829e-02
3.519508242607116699e-02
3.515329957008361816e-02
3.536766022443771362e-02
3.521171584725379944e-02
3.500796481966972351e-02
3.540395200252532959e-02
3.481192141771316528e-02
3.512020781636238098e-02
3.530490398406982422e-02
3.495243936777114868e-02
3.529278934001922607e-02
3.469650819897651672e-02
3.487592935562133789e-02
3.510538116097450256e-02
3.532080352306365967e-02
3.505193069577217102e-02
3.475355729460716248e-02
3.521601855754852295e-02
3.502972051501274109e-02
3.535719215869903564e-02
3.495608270168304443e-02
3.540769219398498535e-02
3.502155840396881104e-02
3.516460955142974854e-02
3.495965525507926941e-02
3.464685007929801941e-02
3.459085151553153992e-02
3.502652794122695923e-02
3.491384908556938171e-02
3.549997508525848389e-02
3.511725366115570068e-02
3.523287177085876465e-02
3.508503362536430359e-02
3.471252322196960449e-02
3.449876233935356140e-02
3.458616137504577637e-02
3.506760299205780029e-02
3.496841713786125183e-02
3.510403260588645935e-02
3.477345407009124756e-02
3.477086126804351807e-02
3.469398617744445801e-02
3.475639596581459045e-02
3.467213362455368042e-02
3.519559651613235474e-02
3.479486703872680664e-02
3.448335826396942139e-02
3.495979309082031250e-02
3.452036529779434204e-02
3.514008224010467529e-02
3.494819998741149902e-02
3.459506109356880188e-02
3.473494946956634521e-02
3.514292836189270020e-02
3.492196276783943176e-02
3.469327837228775024e-02
3.474208712577819824e-02
3.500600904226303101e-02
3.468430787324905396e-02
3.473360836505889893e-02
3.481585532426834106e-02
3.499179705977439880e-02
3.475548326969146729e-02
3.498284146189689636e-02
3.450219705700874329e-02
3.451128304004669189e-02
3.449914976954460144e-02
3.474111482501029968e-02
3.470426797866821289e-02
3.448771685361862183e-02
3.471305966377258301e-02
3.459643572568893433e-02
3.453346714377403259e-02
3.470356017351150513e-02
3.452184051275253296e-02
3.452760726213455200e-02
3.460086882114410400e-02
3.473789617419242859e-02
3.490902855992317200e-02
3.459035977721214294e-02
3.437143564224243164e-02
3.468460589647293091e-02
3.469058871269226074e-02
3.494686633348464966e-02
3.466575965285301208e-02
3.468655794858932495e-02
3.489579632878303528e-02
3.455015271902084351e-02
3.462276607751846313e-02
3.428298234939575195e-02
3.415992856025695801e-02
3.435793891549110413e-02
3.436605259776115417e-02
3.504619374871253967e-02
3.435436636209487915e-02
3.435374796390533447e-02
3.440608084201812744e-02
3.488261997699737549e-02
3.447493910789489746e-02
3.442016243934631348e-02
3.476768732070922852e-02
3.459330275654792786e-02
3.429948166012763977e-02
3.402815014123916626e-02
