9.160410761833190918e-01
9.072924852371215820e-01
8.975199460983276367e-01
8.887786865234375000e-01
8.774455785751342773e-01
8.655992746353149414e-01
8.528437614440917969e-01
8.401375412940979004e-01
8.225504159927368164e-01
8.040859103202819824e-01
7.851827144622802734e-01
7.627699971199035645e-01
7.388910055160522461e-01
7.120252847671508789e-01
6.822890639305114746e-01
6.553302407264709473e-01
6.250205039978027344e-01
5.978952050209045410e-01
5.761256217956542969e-01
5.563156008720397949e-01
5.325888395309448242e-01
5.015584230422973633e-01
4.966411888599395752e-01
4.896782934665679932e-01
4.878629744052886963e-01
4.852825105190277100e-01
5.046207308769226074e-01
4.931833446025848389e-01
4.862247109413146973e-01
5.017912387847900391e-01
4.783877432346343994e-01
4.669449031352996826e-01
4.453528523445129395e-01
4.480392634868621826e-01
4.430574774742126465e-01
4.408242702484130859e-01
4.446343183517456055e-01
4.505483508110046387e-01
4.486472904682159424e-01
4.391353726387023926e-01
4.412062764167785645e-01
4.360811412334442139e-01
4.310283362865447998e-01
4.312866330146789551e-01
4.244599342346191406e-01
4.174792766571044922e-01
4.180576205253601074e-01
4.120924770832061768e-01
4.175704717636108398e-01
4.118226468563079834e-01
4.235855340957641602e-01
4.088511168956756592e-01
4.107518196105957031e-01
4.092520475387573242e-01
4.054681360721588135e-01
3.972406685352325439e-01
3.979851305484771729e-01
4.034608006477355957e-01
3.928559124469757080e-01
3.984680473804473877e-01
4.046599268913269043e-01
3.958289921283721924e-01
3.907125890254974365e-01
3.878663182258605957e-01
3.892279863357543945e-01
3.903540968894958496e-01
3.862366974353790283e-01
3.793925046920776367e-01
3.850244581699371338e-01
3.862150907516479492e-01
3.803557753562927246e-01
3.773747980594635010e-01
3.782478570938110352e-01
3.763053715229034424e-01
3.717456758022308350e-01
3.732069432735443115e-01
3.709526658058166504e-01
3.746928274631500244e-01
3.732744753360748291e-01
3.709857463836669922e-01
3.673316240310668945e-01
3.624025583267211914e-01
3.673553764820098877e-01
3.607110679149627686e-01
3.611557781696319580e-01
3.582852184772491455e-01
3.624829947948455811e-01
3.624364435672760010e-01
3.583361208438873291e-01
3.616847693920135498e-01
3.606869280338287354e-01
3.653939664363861084e-01
3.569518029689788818e-01
3.569494783878326416e-01
3.577987551689147949e-01
3.540358543395996094e-01
3.582721054553985596e-01
3.542240262031555176e-01
3.517498970031738281e-01
3.531231284141540527e-01
3.498895168304443359e-01
3.517023921012878418e-01
3.504869043827056885e-01
3.467668592929840088e-01
3.472288846969604492e-01
3.398175537586212158e-01
3.467619121074676514e-01
3.446898460388183594e-01
3.487400114536285400e-01
3.417909741401672363e-01
3.465664088726043701e-01
3.412134051322937012e-01
3.400243818759918213e-01
3.428096771240234375e-01
3.391491770744323730e-01
3.393296301364898682e-01
3.415888845920562744e-01
3.426866531372070312e-01
3.367021977901458740e-01
3.360975682735443115e-01
3.348727822303771973e-01
3.355239629745483398e-01
3.352696001529693604e-01
3.378951549530029297e-01
3.329059183597564697e-01
3.362796902656555176e-01
3.310830593109130859e-01
3.317211568355560303e-01
3.319431841373443604e-01
3.305352330207824707e-01
3.275435566902160645e-01
3.296564519405364990e-01
3.310399651527404785e-01
3.247559964656829834e-01
3.250917196273803711e-01
3.256952464580535889e-01
3.274937868118286133e-01
3.266041278839111328e-01
3.252981603145599365e-01
3.195001780986785889e-01
3.214704394340515137e-01
3.225689530372619629e-01
3.205213546752929688e-01
3.283181488513946533e-01
3.222331404685974121e-01
3.200653493404388428e-01
3.211024403572082520e-01
3.245803117752075195e-01
3.205478489398956299e-01
3.184954524040222168e-01
3.219271302223205566e-01
3.202784657478332520e-01
3.209390640258789062e-01
3.159894943237304688e-01
3.185718357563018799e-01
3.152680397033691406e-01
3.150249719619750977e-01
3.158475160598754883e-01
3.140320181846618652e-01
3.127473592758178711e-01
3.121776282787322998e-01
3.105049431324005127e-01
3.100806474685668945e-01
3.105752170085906982e-01
3.120845258235931396e-01
3.114020526409149170e-01
3.109011650085449219e-01
3.105590343475341797e-01
3.125617504119873047e-01
3.062780499458312988e-01
3.064426183700561523e-01
3.090345263481140137e-01
3.067938089370727539e-01
3.064382076263427734e-01
3.043130338191986084e-01
3.020650744438171387e-01
3.040828704833984375e-01
3.073372542858123779e-01
3.056512773036956787e-01
3.081927895545959473e-01
3.038187623023986816e-01
3.019529879093170166e-01
3.019731640815734863e-01
3.007319867610931396e-01
3.012301325798034668e-01
3.035088777542114258e-01
3.014547526836395264e-01
2.992978394031524658e-01
3.042089641094207764e-01
3.009877502918243408e-01
3.007473647594451904e-01
3.006312847137451172e-01
2.979620397090911865e-01
3.022309243679046631e-01
2.988832294940948486e-01
2.996363341808319092e-01
2.990713715553283691e-01
2.992938160896301270e-01
2.989380657672882080e-01
2.952385842800140381e-01
2.947572767734527588e-01
2.938600480556488037e-01
2.946969270706176758e-01
2.927748858928680420e-01
2.945257723331451416e-01
2.940798401832580566e-01
2.943162620067596436e-01
2.940544784069061279e-01
2.924247384071350098e-01
2.934030294418334961e-01
2.917205393314361572e-01
2.907696664333343506e-01
2.911784648895263672e-01
2.899633646011352539e-01
2.915515899658203125e-01
2.930378019809722900e-01
2.896362245082855225e-01
2.877780199050903320e-01
2.879855036735534668e-01
2.897590696811676025e-01
2.896521687507629395e-01
2.869779169559478760e-01
2.884629368782043457e-01
2.859863042831420898e-01
2.896569669246673584e-01
2.864498794078826904e-01
2.862886190414428711e-01
2.855047285556793213e-01
2.875890731811523438e-01
2.857209742069244385e-01
2.836943864822387695e-01
2.873966395854949951e-01
2.859815955162048340e-01
2.845245301723480225e-01
2.840234041213989258e-01
2.827309966087341309e-01
2.855949699878692627e-01
2.853927910327911377e-01
2.825680673122406006e-01
2.825561761856079102e-01
2.849055528640747070e-01
2.805496156215667725e-01
2.858109474182128906e-01
2.816911041736602783e-01
2.778125107288360596e-01
2.791264355182647705e-01
2.812110781669616699e-01
2.788976132869720459e-01
2.813031673431396484e-01
2.810054421424865723e-01
2.782633900642395020e-01
2.789727747440338135e-01
2.778798639774322510e-01
2.792215049266815186e-01
2.798319458961486816e-01
2.792558372020721436e-01
2.774296402931213379e-01
2.754999101161956787e-01
2.761639654636383057e-01
2.736302912235260010e-01
2.762344479560852051e-01
2.770977914333343506e-01
2.756187021732330322e-01
2.763216197490692139e-01
2.742604911327362061e-01
2.729770541191101074e-01
2.724491655826568604e-01
2.739377915859222412e-01
2.714571952819824219e-01
2.726032733917236328e-01
2.699654400348663330e-01
2.743672430515289307e-01
2.694809436798095703e-01
2.712862193584442139e-01
2.706308960914611816e-01
2.702362537384033203e-01
2.694884538650512695e-01
2.701384723186492920e-01
2.701186835765838623e-01
2.660975158214569092e-01
2.697413265705108643e-01
2.715893685817718506e-01
2.676831483840942383e-01
2.707630693912506104e-01
2.709625661373138428e-01
2.680961489677429199e-01
2.678803503513336182e-01
2.663059234619140625e-01
2.673361599445343018e-01
2.677046954631805420e-01
2.707158327102661133e-01
2.683259844779968262e-01
2.666346132755279541e-01
2.662005722522735596e-01
2.635586559772491455e-01
2.629989683628082275e-01
2.668046355247497559e-01
2.663421630859375000e-01
2.635657787322998047e-01
2.625117599964141846e-01
2.617786824703216553e-01
2.636866867542266846e-01
2.637226581573486328e-01
2.642734348773956299e-01
2.628310918807983398e-01
2.621083855628967285e-01
2.619293034076690674e-01
2.649867236614227295e-01
2.611473500728607178e-01
2.584552764892578125e-01
2.603610157966613770e-01
2.591457962989807129e-01
2.582562863826751709e-01
2.613370120525360107e-01
2.612280547618865967e-01
2.589423060417175293e-01
2.621607184410095215e-01
2.636866271495819092e-01
2.563624083995819092e-01
2.582480013370513916e-01
2.572820484638214111e-01
2.568390071392059326e-01
2.594954073429107666e-01
2.575047016143798828e-01
2.564903795719146729e-01
2.551860809326171875e-01
2.524402141571044922e-01
2.519320845603942871e-01
2.546801567077636719e-01
2.549687027931213379e-01
2.526938617229461670e-01
2.522760033607482910e-01
2.590903937816619873e-01
2.520132064819335938e-01
2.524626553058624268e-01
2.565507590770721436e-01
2.553104758262634277e-01
2.497870177030563354e-01
2.522029876708984375e-01
2.523763775825500488e-01
2.523760199546813965e-01
2.507911026477813721e-01
2.509235143661499023e-01
2.485073506832122803e-01
2.504601776599884033e-01
2.482375204563140869e-01
2.492438703775405884e-01
2.509417831897735596e-01
2.485745996236801147e-01
2.507973611354827881e-01
2.498707026243209839e-01
2.535121142864227295e-01
2.509221434593200684e-01
2.489495426416397095e-01
2.473779022693634033e-01
2.485634684562683105e-01
2.474891692399978638e-01
2.492593377828598022e-01
2.507017850875854492e-01
2.464993447065353394e-01
2.472620606422424316e-01
2.443405240774154663e-01
2.473350465297698975e-01
2.459483146667480469e-01
2.451745271682739258e-01
2.476716637611389160e-01
2.468661963939666748e-01
2.451310753822326660e-01
2.451138049364089966e-01
2.454445660114288330e-01
2.426363974809646606e-01
2.417205423116683960e-01
2.430340200662612915e-01
2.432653754949569702e-01
2.456344962120056152e-01
2.436278313398361206e-01
2.445029467344284058e-01
2.436738610267639160e-01
2.413228750228881836e-01
2.428012043237686157e-01
2.402997910976409912e-01
2.415420860052108765e-01
2.419030368328094482e-01
2.413200587034225464e-01
2.396124005317687988e-01
2.419999986886978149e-01
2.409636974334716797e-01
2.427873611450195312e-01
2.434194982051849365e-01
2.391931712627410889e-01
2.411773055791854858e-01
2.403919249773025513e-01
2.396048307418823242e-01
2.366627007722854614e-01
2.402938157320022583e-01
2.382561415433883667e-01
2.382018566131591797e-01
2.396978586912155151e-01
2.386486828327178955e-01
2.390184551477432251e-01
2.383766025304794312e-01
2.388117909431457520e-01
2.397591918706893921e-01
2.393490076065063477e-01
2.369780391454696655e-01
2.374217063188552856e-01
2.371412813663482666e-01
2.362331151962280273e-01
2.369835674762725830e-01
2.346177846193313599e-01
2.363866418600082397e-01
2.364707589149475098e-01
2.382884323596954346e-01
2.334460765123367310e-01
2.366787046194076538e-01
2.346314638853073120e-01
2.346256077289581299e-01
2.345501035451889038e-01
2.336898744106292725e-01
2.330242842435836792e-01
2.336767464876174927e-01
2.341104894876480103e-01
2.335978448390960693e-01
2.309186160564422607e-01
2.332807779312133789e-01
2.322004586458206177e-01
2.298879474401473999e-01
2.337432652711868286e-01
2.320432066917419434e-01
2.317713350057601929e-01
2.288724631071090698e-01
2.301587611436843872e-01
2.326883077621459961e-01
2.299825698137283325e-01
2.317927479743957520e-01
2.317203432321548462e-01
2.332094013690948486e-01
2.319948971271514893e-01
2.324521839618682861e-01
2.323756963014602661e-01
2.321044355630874634e-01
2.292273938655853271e-01
2.308825850486755371e-01
2.306797802448272705e-01
2.312967777252197266e-01
2.296909093856811523e-01
2.306485325098037720e-01
2.298398762941360474e-01
2.288192510604858398e-01
2.308918386697769165e-01
2.295116782188415527e-01
2.298448383808135986e-01
2.300343364477157593e-01
2.305090129375457764e-01
2.264628112316131592e-01
2.260733395814895630e-01
2.288228422403335571e-01
2.282615602016448975e-01
2.273390740156173706e-01
2.278381735086441040e-01
2.267652153968811035e-01
2.272448092699050903e-01
2.279837876558303833e-01
2.256364077329635620e-01
2.280762791633605957e-01
2.284026145935058594e-01
2.269396632909774780e-01
2.259079813957214355e-01
2.267745733261108398e-01
2.240357100963592529e-01
2.234240919351577759e-01
2.248409241437911987e-01
2.277982085943222046e-01
2.276804000139236450e-01
2.252314388751983643e-01
2.252212762832641602e-01
2.255230247974395752e-01
2.237079590559005737e-01
2.248256951570510864e-01
2.250767350196838379e-01
2.229414731264114380e-01
2.231649756431579590e-01
2.229231148958206177e-01
2.242846637964248657e-01
2.234925925731658936e-01
2.234960198402404785e-01
2.235200256109237671e-01
2.269856333732604980e-01
2.232785373926162720e-01
2.248275279998779297e-01
2.254193872213363647e-01
2.253778129816055298e-01
2.234477400779724121e-01
2.222251743078231812e-01
2.205768823623657227e-01
2.209537625312805176e-01
2.195378839969635010e-01
2.198727726936340332e-01
2.234892100095748901e-01
2.238959819078445435e-01
2.223681509494781494e-01
2.228071987628936768e-01
2.204336225986480713e-01
2.231794893741607666e-01
2.230114489793777466e-01
2.198278903961181641e-01
2.212691903114318848e-01
2.216981798410415649e-01
2.207897305488586426e-01
2.194845825433731079e-01
2.223752140998840332e-01
2.198164314031600952e-01
2.210828363895416260e-01
2.192006558179855347e-01
2.200140655040740967e-01
2.220371514558792114e-01
2.208189219236373901e-01
2.196133732795715332e-01
2.213615626096725464e-01
2.189632803201675415e-01
2.203967124223709106e-01
2.198100090026855469e-01
2.199592888355255127e-01
2.198120802640914917e-01
2.198683321475982666e-01
2.178680747747421265e-01
2.164929062128067017e-01
2.160178869962692261e-01
2.184437513351440430e-01
2.190180718898773193e-01
2.220945209264755249e-01
2.180634289979934692e-01
2.173227667808532715e-01
2.205715924501419067e-01
2.187826633453369141e-01
2.196782827377319336e-01
2.192546576261520386e-01
2.187242805957794189e-01
2.184544652700424194e-01
2.213510423898696899e-01
2.174181491136550903e-01
2.173167318105697632e-01
2.157963663339614868e-01
2.152296155691146851e-01
2.151814997196197510e-01
2.172671705484390259e-01
2.165833413600921631e-01
2.150755375623703003e-01
2.157357335090637207e-01
2.168893218040466309e-01
2.160005569458007812e-01
2.143807709217071533e-01
2.180971950292587280e-01
2.147738039493560791e-01
2.147168219089508057e-01
2.145315706729888916e-01
2.167140692472457886e-01
2.167083621025085449e-01
2.160349488258361816e-01
2.154763340950012207e-01
2.173934578895568848e-01
2.146221697330474854e-01
2.164997607469558716e-01
2.181448191404342651e-01
2.159264087677001953e-01
2.143889814615249634e-01
2.134873867034912109e-01
2.155968397855758667e-01
2.164473086595535278e-01
2.111677676439285278e-01
2.142393589019775391e-01
2.136233597993850708e-01
2.134909778833389282e-01
2.159597724676132202e-01
2.140619158744812012e-01
2.163566201925277710e-01
2.107812762260437012e-01
2.118207663297653198e-01
2.108574211597442627e-01
2.114108949899673462e-01
2.165541797876358032e-01
2.111451625823974609e-01
2.133519798517227173e-01
2.140827029943466187e-01
2.126161754131317139e-01
2.103642225265502930e-01
2.131165564060211182e-01
2.140848040580749512e-01
2.152766287326812744e-01
2.124006003141403198e-01
2.113170921802520752e-01
2.126474976539611816e-01
2.118760943412780762e-01
2.115911394357681274e-01
2.109385579824447632e-01
2.124361842870712280e-01
2.090351730585098267e-01
2.120010554790496826e-01
2.104195356369018555e-01
2.116805911064147949e-01
2.103842943906784058e-01
2.105962485074996948e-01
2.122764289379119873e-01
2.110348939895629883e-01
2.136461287736892700e-01
2.108909934759140015e-01
2.105338424444198608e-01
2.129733711481094360e-01
2.107729613780975342e-01
2.125094383955001831e-01
2.104801535606384277e-01
2.125741839408874512e-01
2.150088697671890259e-01
2.121129333972930908e-01
2.094638645648956299e-01
2.102068811655044556e-01
2.090182006359100342e-01
2.119540274143218994e-01
2.092375010251998901e-01
2.107267230749130249e-01
2.089150547981262207e-01
2.096642702817916870e-01
2.109948992729187012e-01
2.106845229864120483e-01
2.075229734182357788e-01
2.102728635072708130e-01
2.086114138364791870e-01
2.111697494983673096e-01
2.108151167631149292e-01
2.090560495853424072e-01
2.081487178802490234e-01
2.095742821693420410e-01
2.100645005702972412e-01
2.084523588418960571e-01
2.090602964162826538e-01
2.068875133991241455e-01
2.099590450525283813e-01
2.068407386541366577e-01
2.111133038997650146e-01
2.067256271839141846e-01
2.095966488122940063e-01
2.044953554868698120e-01
2.096512317657470703e-01
2.089809328317642212e-01
2.086980938911437988e-01
2.121093720197677612e-01
2.087384611368179321e-01
2.085725665092468262e-01
2.055725753307342529e-01
2.086646407842636108e-01
2.093423306941986084e-01
2.080559283494949341e-01
2.084948271512985229e-01
2.073017805814743042e-01
2.071419358253479004e-01
2.064755558967590332e-01
2.064126282930374146e-01
2.073260843753814697e-01
2.079677283763885498e-01
2.076662033796310425e-01
2.052199244499206543e-01
2.069686502218246460e-01
2.038333714008331299e-01
2.056546062231063843e-01
2.063643783330917358e-01
2.048792243003845215e-01
2.102107703685760498e-01
2.033232152462005615e-01
2.084254026412963867e-01
2.069309055805206299e-01
2.040455043315887451e-01
2.046647667884826660e-01
2.059878110885620117e-01
2.052422314882278442e-01
2.068861722946166992e-01
2.042457312345504761e-01
2.059657722711563110e-01
2.071517854928970337e-01
2.053690105676651001e-01
2.038402855396270752e-01
2.053871899843215942e-01
2.062207013368606567e-01
2.054673135280609131e-01
2.068071663379669189e-01
2.035720348358154297e-01
2.047349214553833008e-01
2.060424238443374634e-01
2.047439217567443848e-01
2.038248330354690552e-01
2.060483992099761963e-01
2.046213448047637939e-01
2.057550996541976929e-01
2.051283121109008789e-01
2.024964541196823120e-01
2.019183486700057983e-01
2.048354148864746094e-01
2.039754539728164673e-01
2.041067034006118774e-01
2.029403746128082275e-01
2.060866653919219971e-01
2.234006822109222412e-01
2.262782454490661621e-01
2.242318689823150635e-01
2.258467674255371094e-01
2.281211167573928833e-01
2.271354198455810547e-01
2.295197695493698120e-01
2.240051925182342529e-01
2.251795977354049683e-01
2.240778952836990356e-01
2.286056578159332275e-01
2.263085991144180298e-01
2.263296246528625488e-01
2.261104732751846313e-01
2.254350185394287109e-01
2.230953574180603027e-01
2.265375703573226929e-01
2.260152548551559448e-01
2.253828942775726318e-01
2.257240563631057739e-01
2.245655506849288940e-01
2.249349951744079590e-01
2.244357317686080933e-01
2.237931489944458008e-01
2.248387038707733154e-01
2.262311875820159912e-01
2.255706936120986938e-01
2.234819531440734863e-01
2.227534204721450806e-01
2.246309965848922729e-01
2.246202081441879272e-01
2.238666415214538574e-01
2.253268361091613770e-01
2.232605963945388794e-01
2.230324149131774902e-01
2.222382724285125732e-01
2.248391211032867432e-01
2.212314158678054810e-01
2.244221121072769165e-01
2.235796749591827393e-01
2.262629121541976929e-01
2.231245040893554688e-01
2.235184609889984131e-01
2.254643142223358154e-01
2.241092175245285034e-01
2.255249619483947754e-01
2.212082594633102417e-01
2.212121784687042236e-01
2.226149439811706543e-01
2.210973054170608521e-01
2.220523059368133545e-01
2.234311103820800781e-01
2.218344211578369141e-01
2.199802845716476440e-01
2.211793810129165649e-01
2.223714441061019897e-01
2.236562669277191162e-01
2.212402224540710449e-01
2.178138047456741333e-01
2.210561633110046387e-01
2.214087843894958496e-01
2.187748700380325317e-01
2.192616760730743408e-01
2.243540287017822266e-01
2.190074175596237183e-01
2.209180146455764771e-01
2.208148390054702759e-01
2.205271124839782715e-01
2.196679562330245972e-01
2.202382534742355347e-01
2.200869768857955933e-01
2.220176756381988525e-01
2.208614498376846313e-01
2.175959199666976929e-01
2.226904332637786865e-01
2.227914482355117798e-01
2.228990942239761353e-01
2.202719151973724365e-01
2.181730568408966064e-01
2.201457321643829346e-01
2.192004472017288208e-01
2.174822539091110229e-01
2.196897417306900024e-01
2.221186757087707520e-01
2.206008434295654297e-01
2.213957756757736206e-01
2.204582244157791138e-01
2.171381860971450806e-01
2.211824804544448853e-01
2.194254696369171143e-01
2.175875455141067505e-01
2.202721089124679565e-01
2.204959690570831299e-01
2.181584835052490234e-01
2.183273881673812866e-01
2.183672934770584106e-01
2.168224900960922241e-01
2.196662425994873047e-01
2.179109752178192139e-01
2.196605950593948364e-01
2.196667343378067017e-01
2.184465080499649048e-01
2.186232209205627441e-01
2.173269689083099365e-01
2.176206409931182861e-01
2.201478034257888794e-01
2.210873812437057495e-01
2.162966430187225342e-01
2.162753492593765259e-01
2.173654437065124512e-01
2.188592106103897095e-01
2.170298099517822266e-01
2.173772752285003662e-01
2.182489335536956787e-01
2.172503769397735596e-01
2.180914431810379028e-01
2.177009284496307373e-01
2.174016386270523071e-01
2.185964584350585938e-01
2.197193503379821777e-01
2.157977670431137085e-01
2.160795629024505615e-01
2.157937735319137573e-01
2.179640382528305054e-01
2.178910225629806519e-01
2.157788872718811035e-01
2.156512886285781860e-01
2.179937660694122314e-01
2.152826040983200073e-01
2.152735441923141479e-01
2.150867730379104614e-01
2.179600298404693604e-01
2.181692868471145630e-01
2.208637446165084839e-01
2.181372791528701782e-01
2.166027724742889404e-01
2.178280800580978394e-01
2.164158225059509277e-01
2.179720401763916016e-01
2.164652049541473389e-01
2.175955027341842651e-01
2.158478945493698120e-01
2.162110507488250732e-01
2.137077152729034424e-01
2.180546820163726807e-01
2.156776338815689087e-01
2.176188826560974121e-01
2.161776572465896606e-01
2.147057652473449707e-01
2.167916893959045410e-01
2.170914560556411743e-01
2.160304933786392212e-01
2.132934480905532837e-01
2.155479341745376587e-01
2.168202400207519531e-01
2.165237963199615479e-01
2.142284512519836426e-01
2.141995728015899658e-01
2.155872583389282227e-01
2.149535715579986572e-01
2.172197997570037842e-01
2.157639265060424805e-01
2.130675911903381348e-01
2.149671465158462524e-01
2.178390920162200928e-01
2.162947505712509155e-01
2.138374596834182739e-01
2.176004499197006226e-01
2.168838381767272949e-01
2.125926017761230469e-01
2.140433490276336670e-01
2.148803770542144775e-01
2.159021347761154175e-01
2.143855988979339600e-01
2.152056992053985596e-01
2.156636714935302734e-01
2.160127609968185425e-01
2.136749923229217529e-01
2.123963385820388794e-01
2.128934562206268311e-01
2.133158892393112183e-01
2.117482125759124756e-01
2.138597667217254639e-01
2.119812816381454468e-01
2.148039788007736206e-01
2.147969156503677368e-01
2.139045000076293945e-01
2.136117815971374512e-01
2.122230231761932373e-01
2.111020833253860474e-01
2.133205533027648926e-01
2.124727219343185425e-01
2.137638032436370850e-01
2.133204191923141479e-01
2.111690938472747803e-01
2.134198695421218872e-01
2.116408646106719971e-01
2.125309854745864868e-01
2.149977833032608032e-01
2.120340913534164429e-01
2.130477726459503174e-01
2.100660651922225952e-01
2.134045511484146118e-01
2.128719687461853027e-01
2.109342068433761597e-01
2.159826904535293579e-01
2.118916660547256470e-01
2.134708315134048462e-01
2.130059599876403809e-01
2.097893953323364258e-01
2.131765782833099365e-01
2.144851535558700562e-01
2.140214741230010986e-01
2.119326740503311157e-01
2.109738141298294067e-01
2.123029530048370361e-01
2.113531529903411865e-01
2.102627158164978027e-01
2.114940285682678223e-01
2.130753099918365479e-01
2.120290398597717285e-01
2.132952362298965454e-01
2.127002775669097900e-01
2.112714797258377075e-01
2.110178172588348389e-01
2.100645005702972412e-01
2.092126309871673584e-01
2.118784636259078979e-01
2.105775177478790283e-01
2.111638337373733521e-01
2.124964743852615356e-01
2.151495069265365601e-01
2.118844091892242432e-01
2.095545679330825806e-01
2.120918780565261841e-01
2.106103599071502686e-01
2.106507271528244019e-01
2.104101777076721191e-01
2.121883779764175415e-01
2.110774517059326172e-01
2.108269184827804565e-01
2.122106999158859253e-01
2.113172560930252075e-01
2.117611467838287354e-01
2.102139741182327271e-01
2.123003453016281128e-01
2.082905173301696777e-01
2.117853760719299316e-01
2.117270827293395996e-01
2.097182720899581909e-01
2.078165113925933838e-01
2.115940749645233154e-01
2.123701125383377075e-01
2.123899161815643311e-01
2.093572765588760376e-01
2.102396786212921143e-01
2.125395834445953369e-01
2.117675691843032837e-01
2.091495245695114136e-01
2.097177356481552124e-01
2.112902849912643433e-01
2.089605331420898438e-01
2.116491049528121948e-01
2.112735211849212646e-01
2.087109535932540894e-01
2.076760679483413696e-01
2.127185165882110596e-01
2.113915532827377319e-01
2.106270045042037964e-01
2.098232656717300415e-01
2.117609679698944092e-01
2.063897103071212769e-01
2.074934542179107666e-01
2.110574692487716675e-01
2.089356333017349243e-01
2.107964158058166504e-01
2.069004923105239868e-01
2.067254632711410522e-01
2.095951735973358154e-01
2.092989832162857056e-01
2.090599387884140015e-01
2.082596272230148315e-01
2.089959681034088135e-01
2.083800733089447021e-01
2.101481258869171143e-01
2.120738327503204346e-01
2.098983675241470337e-01
2.075193673372268677e-01
2.095607668161392212e-01
2.091711759567260742e-01
2.082724124193191528e-01
2.037638276815414429e-01
2.095548063516616821e-01
2.066335678100585938e-01
2.083883732557296753e-01
2.059658616781234741e-01
2.085941284894943237e-01
2.096848636865615845e-01
2.088626325130462646e-01
2.089556306600570679e-01
2.074192166328430176e-01
2.059846818447113037e-01
2.060107886791229248e-01
2.082477211952209473e-01
2.084693312644958496e-01
2.092719525098800659e-01
2.051367014646530151e-01
2.064338177442550659e-01
2.042954266071319580e-01
2.068524956703186035e-01
2.055937200784683228e-01
2.068439275026321411e-01
2.071603834629058838e-01
2.072034180164337158e-01
2.083330303430557251e-01
2.081299126148223877e-01
2.102671563625335693e-01
2.064763754606246948e-01
2.073747813701629639e-01
2.076820880174636841e-01
2.057376205921173096e-01
2.073940038681030273e-01
2.074142992496490479e-01
2.055402100086212158e-01
2.069851160049438477e-01
2.088967412710189819e-01
2.065464705228805542e-01
2.041450589895248413e-01
2.067342400550842285e-01
2.057995796203613281e-01
2.115574330091476440e-01
2.058132439851760864e-01
2.065652906894683838e-01
2.041175663471221924e-01
2.042854130268096924e-01
2.033257931470870972e-01
2.059737741947174072e-01
2.056433558464050293e-01
2.078905701637268066e-01
2.056469917297363281e-01
2.050954550504684448e-01
2.064111381769180298e-01
2.084176391363143921e-01
2.047886550426483154e-01
2.034631818532943726e-01
2.055707573890686035e-01
2.035049647092819214e-01
2.047816365957260132e-01
2.066691070795059204e-01
2.054566890001296997e-01
2.012907713651657104e-01
2.059354335069656372e-01
2.047804445028305054e-01
2.055735737085342407e-01
2.077818810939788818e-01
2.023443132638931274e-01
2.046223431825637817e-01
2.047308385372161865e-01
2.057273983955383301e-01
2.040334641933441162e-01
2.082570940256118774e-01
2.044589668512344360e-01
2.038578987121582031e-01
2.048042118549346924e-01
2.046773284673690796e-01
2.061972469091415405e-01
2.042450904846191406e-01
2.004220485687255859e-01
2.064422369003295898e-01
2.050761282444000244e-01
2.041158825159072876e-01
2.051388174295425415e-01
2.039472907781600952e-01
2.035355716943740845e-01
2.043300867080688477e-01
2.048092633485794067e-01
2.033933401107788086e-01
2.052166461944580078e-01
2.058920115232467651e-01
2.060367316007614136e-01
2.034275680780410767e-01
2.062134146690368652e-01
2.029753178358078003e-01
2.045276165008544922e-01
2.043173462152481079e-01
2.031804323196411133e-01
2.038629502058029175e-01
2.039215862751007080e-01
2.029474526643753052e-01
2.019248455762863159e-01
2.019797116518020630e-01
2.032802850008010864e-01
2.048140913248062134e-01
2.036784887313842773e-01
2.028260380029678345e-01
2.029960751533508301e-01
2.042503356933593750e-01
2.048314809799194336e-01
2.051673531532287598e-01
2.041626870632171631e-01
2.034761905670166016e-01
2.033270895481109619e-01
2.055406123399734497e-01
2.027501314878463745e-01
2.023694515228271484e-01
2.027327567338943481e-01
2.034378349781036377e-01
2.010624408721923828e-01
2.039788663387298584e-01
2.026525735855102539e-01
2.039416432380676270e-01
2.015559226274490356e-01
2.031835764646530151e-01
2.015700340270996094e-01
2.031097710132598877e-01
2.015820592641830444e-01
2.048149108886718750e-01
2.018516212701797485e-01
2.021771520376205444e-01
2.024552971124649048e-01
2.052179872989654541e-01
2.035645842552185059e-01
2.058693915605545044e-01
2.031592875719070435e-01
2.023868560791015625e-01
1.996461153030395508e-01
2.018488794565200806e-01
2.017979621887207031e-01
2.013055831193923950e-01
2.017821371555328369e-01
2.019045501947402954e-01
2.037342339754104614e-01
1.992215067148208618e-01
2.029316276311874390e-01
2.033200412988662720e-01
2.023988068103790283e-01
2.011539489030838013e-01
1.992443799972534180e-01
2.036014199256896973e-01
2.012395262718200684e-01
2.008667886257171631e-01
2.017402350902557373e-01
2.010876387357711792e-01
2.018413543701171875e-01
2.012878209352493286e-01
2.022344470024108887e-01
2.017967998981475830e-01
2.020674645900726318e-01
2.012294977903366089e-01
2.003958076238632202e-01
2.036867290735244751e-01
2.017870396375656128e-01
2.015254348516464233e-01
2.011401057243347168e-01
2.022160291671752930e-01
2.015737295150756836e-01
2.005956470966339111e-01
2.006251364946365356e-01
2.022287249565124512e-01
2.016664892435073853e-01
2.003330886363983154e-01
2.032990902662277222e-01
1.989982128143310547e-01
2.016038596630096436e-01
2.040200680494308472e-01
2.025607526302337646e-01
2.009009718894958496e-01
1.991406530141830444e-01
2.014486193656921387e-01
2.020737677812576294e-01
1.978945583105087280e-01
2.030575424432754517e-01
2.000219225883483887e-01
2.001451998949050903e-01
2.013917565345764160e-01
2.023454159498214722e-01
2.006335854530334473e-01
1.992182433605194092e-01
1.999767869710922241e-01
2.020272761583328247e-01
2.018978148698806763e-01
2.043454051017761230e-01
2.001580744981765747e-01
2.005473226308822632e-01
1.986965537071228027e-01
2.020364552736282349e-01
1.996186375617980957e-01
1.995113939046859741e-01
1.999169886112213135e-01
1.991334706544876099e-01
1.998520493507385254e-01
2.025051862001419067e-01
2.022878229618072510e-01
2.012480199337005615e-01
2.005437761545181274e-01
2.019841670989990234e-01
1.993345618247985840e-01
1.979048103094100952e-01
2.026072889566421509e-01
2.015001624822616577e-01
2.002093642950057983e-01
1.998760849237442017e-01
1.992714405059814453e-01
1.994657367467880249e-01
2.008185684680938721e-01
2.006396800279617310e-01
2.011184096336364746e-01
2.010147571563720703e-01
2.003091275691986084e-01
1.998870372772216797e-01
2.048555910587310791e-01
1.990526914596557617e-01
1.990340501070022583e-01
1.998021602630615234e-01
2.028582692146301270e-01
2.000146359205245972e-01
2.004466950893402100e-01
1.986410915851593018e-01
1.998692005872726440e-01
1.994852721691131592e-01
2.024798393249511719e-01
2.005308121442794800e-01
1.980676352977752686e-01
1.994290947914123535e-01
1.970967054367065430e-01
1.982885301113128662e-01
1.974964737892150879e-01
1.986656039953231812e-01
1.981202065944671631e-01
1.988475769758224487e-01
1.978171318769454956e-01
1.975193917751312256e-01
1.999696642160415649e-01
1.991338282823562622e-01
1.992890983819961548e-01
1.991345882415771484e-01
1.976862400770187378e-01
1.987650096416473389e-01
1.982844322919845581e-01
1.991531252861022949e-01
1.975316405296325684e-01
2.016973346471786499e-01
1.986926496028900146e-01
1.997574418783187866e-01
1.964899152517318726e-01
1.980008035898208618e-01
1.983607113361358643e-01
1.962107867002487183e-01
1.991158723831176758e-01
2.018852829933166504e-01
1.961515247821807861e-01
2.019751816987991333e-01
1.966647058725357056e-01
1.998018324375152588e-01
1.981991380453109741e-01
1.970684081315994263e-01
1.978341042995452881e-01
1.972589492797851562e-01
2.007254064083099365e-01
1.978285461664199829e-01
1.968260705471038818e-01
1.982750296592712402e-01
1.998062282800674438e-01
1.986293047666549683e-01
1.969173699617385864e-01
1.953057795763015747e-01
1.998821645975112915e-01
1.970800608396530151e-01
1.955534964799880981e-01
1.975529044866561890e-01
1.982034295797348022e-01
2.007546424865722656e-01
1.987086832523345947e-01
1.941768229007720947e-01
1.960630863904953003e-01
1.971853077411651611e-01
1.964978128671646118e-01
1.975313276052474976e-01
1.992226243019104004e-01
1.968029439449310303e-01
1.964835524559020996e-01
2.001108229160308838e-01
1.980339735746383667e-01
1.967494338750839233e-01
1.973165273666381836e-01
1.980640292167663574e-01
1.961509734392166138e-01
1.999555528163909912e-01
1.961987763643264771e-01
1.959310173988342285e-01
1.983220130205154419e-01
1.962291449308395386e-01
1.985182762145996094e-01
1.991241425275802612e-01
1.969559788703918457e-01
1.958400309085845947e-01
1.956048458814620972e-01
1.962576210498809814e-01
1.952538639307022095e-01
1.950772851705551147e-01
1.931107938289642334e-01
1.976316124200820923e-01
1.942613273859024048e-01
1.961822509765625000e-01
2.002738863229751587e-01
1.980660259723663330e-01
1.967465132474899292e-01
1.975388675928115845e-01
1.943557858467102051e-01
1.982557028532028198e-01
1.955079734325408936e-01
1.971451789140701294e-01
1.954243928194046021e-01
1.952240467071533203e-01
1.953717172145843506e-01
1.951816231012344360e-01
1.945789456367492676e-01
1.936636120080947876e-01
1.960398256778717041e-01
1.957099139690399170e-01
1.969611793756484985e-01
1.966185718774795532e-01
1.965684741735458374e-01
1.978114843368530273e-01
1.982679814100265503e-01
1.956897675991058350e-01
1.970219612121582031e-01
1.965412199497222900e-01
1.958608627319335938e-01
1.972656399011611938e-01
1.945561021566390991e-01
1.970318108797073364e-01
1.966134011745452881e-01
1.960243433713912964e-01
1.988557130098342896e-01
1.990913003683090210e-01
1.961743086576461792e-01
1.971034705638885498e-01
1.935710310935974121e-01
1.945296376943588257e-01
1.954948008060455322e-01
1.951648294925689697e-01
1.975559145212173462e-01
1.972056925296783447e-01
1.951951980590820312e-01
1.953966021537780762e-01
1.969146132469177246e-01
1.977822333574295044e-01
1.961144953966140747e-01
1.960568726062774658e-01
1.962814331054687500e-01
1.931143105030059814e-01
1.955057531595230103e-01
1.951054632663726807e-01
1.967708319425582886e-01
1.963219493627548218e-01
1.978193223476409912e-01
1.960751414299011230e-01
1.948162466287612915e-01
1.975611895322799683e-01
1.964176744222640991e-01
1.960715204477310181e-01
1.964517980813980103e-01
1.951762586832046509e-01
1.969271153211593628e-01
1.968577057123184204e-01
1.959197819232940674e-01
1.968598365783691406e-01
1.946897208690643311e-01
1.934315413236618042e-01
1.950009614229202271e-01
1.949920654296875000e-01
1.951768398284912109e-01
1.956639885902404785e-01
1.969899535179138184e-01
1.951869726181030273e-01
1.954589486122131348e-01
1.961022466421127319e-01
1.943269371986389160e-01
1.975975930690765381e-01
1.930857747793197632e-01
1.946600824594497681e-01
1.971296966075897217e-01
1.975498497486114502e-01
1.937743872404098511e-01
1.947375386953353882e-01
1.949691176414489746e-01
1.945816725492477417e-01
1.965019106864929199e-01
1.923875659704208374e-01
1.921688616275787354e-01
1.951174437999725342e-01
1.928412914276123047e-01
1.959023773670196533e-01
1.946354061365127563e-01
1.955497562885284424e-01
1.938136965036392212e-01
1.944582611322402954e-01
1.961868703365325928e-01
1.952520012855529785e-01
1.953968703746795654e-01
1.948725134134292603e-01
1.938494294881820679e-01
1.954117417335510254e-01
1.923094093799591064e-01
1.949529796838760376e-01
1.944508999586105347e-01
1.932720392942428589e-01
1.945293545722961426e-01
1.947752237319946289e-01
1.928902268409729004e-01
1.917266249656677246e-01
1.968558132648468018e-01
1.949675530195236206e-01
1.934226751327514648e-01
1.942835450172424316e-01
1.949269473552703857e-01
1.930746287107467651e-01
1.946070939302444458e-01
1.926761567592620850e-01
1.932801306247711182e-01
1.907453536987304688e-01
1.939111202955245972e-01
1.930270195007324219e-01
1.928584724664688110e-01
1.952288895845413208e-01
1.940751820802688599e-01
1.960110217332839966e-01
1.955332309007644653e-01
1.928235143423080444e-01
1.929594278335571289e-01
1.939934492111206055e-01
1.934267580509185791e-01
1.946947872638702393e-01
1.914615184068679810e-01
1.909019351005554199e-01
1.934539675712585449e-01
1.921102851629257202e-01
1.928627192974090576e-01
1.943549513816833496e-01
1.944413334131240845e-01
1.913419365882873535e-01
1.929898113012313843e-01
1.924401670694351196e-01
1.957697123289108276e-01
1.943098604679107666e-01
1.945995688438415527e-01
1.928475499153137207e-01
1.936841905117034912e-01
1.927366703748703003e-01
1.939906775951385498e-01
1.908757835626602173e-01
1.920919418334960938e-01
1.925724297761917114e-01
1.926099658012390137e-01
1.942545473575592041e-01
1.936125457286834717e-01
1.943626105785369873e-01
1.922744363546371460e-01
1.905640959739685059e-01
1.919933706521987915e-01
1.934247463941574097e-01
1.936063319444656372e-01
1.903475224971771240e-01
1.928139179944992065e-01
1.936725080013275146e-01
1.920750290155410767e-01
1.943992078304290771e-01
1.915886402130126953e-01
1.920060217380523682e-01
1.906408816576004028e-01
1.944681704044342041e-01
1.924885958433151245e-01
1.895232647657394409e-01
1.894097030162811279e-01
1.941454112529754639e-01
1.939449757337570190e-01
1.937569230794906616e-01
1.917750686407089233e-01
1.896450072526931763e-01
1.933591663837432861e-01
1.910680681467056274e-01
1.931129246950149536e-01
1.924998611211776733e-01
1.913826465606689453e-01
1.936557143926620483e-01
1.927299499511718750e-01
1.902998089790344238e-01
1.932670623064041138e-01
1.906240582466125488e-01
1.895132958889007568e-01
1.909523010253906250e-01
1.927205175161361694e-01
1.933972537517547607e-01
1.939879953861236572e-01
1.932888478040695190e-01
1.921657025814056396e-01
1.932724416255950928e-01
1.900269389152526855e-01
1.890899538993835449e-01
