9.979342222213745117e-01
9.884817600250244141e-01
9.794173240661621094e-01
9.686254262924194336e-01
9.581552743911743164e-01
9.464198350906372070e-01
9.344415664672851562e-01
9.214417934417724609e-01
9.060232043266296387e-01
8.900177478790283203e-01
8.730951547622680664e-01
8.537980914115905762e-01
8.334676027297973633e-01
8.118542432785034180e-01
7.836732864379882812e-01
7.576043605804443359e-01
7.297231554985046387e-01
7.057750821113586426e-01
6.799434423446655273e-01
6.549376845359802246e-01
6.245120763778686523e-01
6.059198975563049316e-01
5.910806655883789062e-01
5.749856829643249512e-01
5.664097666740417480e-01
5.644722580909729004e-01
5.522625446319580078e-01
5.564033389091491699e-01
5.457695722579956055e-01
5.365225672721862793e-01
5.458787679672241211e-01
5.329504013061523438e-01
5.116665959358215332e-01
5.008003115653991699e-01
4.924110174179077148e-01
4.901340007781982422e-01
4.951136410236358643e-01
4.893178641796112061e-01
4.889287054538726807e-01
4.953758716583251953e-01
4.849668741226196289e-01
4.756360948085784912e-01
4.834514260292053223e-01
4.760206937789916992e-01
4.742093980312347412e-01
4.669079482555389404e-01
4.587028324604034424e-01
4.623386561870574951e-01
4.612443745136260986e-01
4.550203084945678711e-01
4.579696357250213623e-01
4.453483819961547852e-01
4.397187232971191406e-01
4.415365755558013916e-01
4.390451610088348389e-01
4.385975003242492676e-01
4.331702589988708496e-01
4.319521784782409668e-01
4.323076307773590088e-01
4.259562194347381592e-01
4.262731671333312988e-01
4.233956336975097656e-01
4.197965264320373535e-01
4.209133386611938477e-01
4.184793233871459961e-01
4.263197481632232666e-01
4.137032628059387207e-01
4.068750143051147461e-01
4.178338050842285156e-01
4.107381403446197510e-01
4.039939343929290771e-01
4.058757424354553223e-01
4.000734984874725342e-01
4.031034111976623535e-01
4.002439081668853760e-01
3.991593718528747559e-01
3.969671726226806641e-01
3.952077627182006836e-01
3.956572413444519043e-01
3.886314630508422852e-01
3.916601240634918213e-01
3.859198689460754395e-01
3.876317739486694336e-01
3.897060453891754150e-01
3.862708210945129395e-01
3.811616003513336182e-01
3.848105370998382568e-01
3.845909237861633301e-01
3.847721219062805176e-01
3.823763728141784668e-01
3.811365962028503418e-01
3.805164098739624023e-01
3.778659701347351074e-01
3.759769499301910400e-01
3.775002062320709229e-01
3.737444877624511719e-01
3.739220499992370605e-01
3.740131258964538574e-01
3.705919086933135986e-01
3.716100156307220459e-01
3.682126104831695557e-01
3.651488721370697021e-01
3.620672821998596191e-01
3.644356727600097656e-01
3.586386144161224365e-01
3.614105880260467529e-01
3.615945279598236084e-01
3.665869832038879395e-01
3.667919933795928955e-01
3.629713058471679688e-01
3.580326139926910400e-01
3.598189055919647217e-01
3.607967495918273926e-01
3.627858459949493408e-01
3.572020828723907471e-01
3.573089241981506348e-01
3.527274727821350098e-01
3.512389063835144043e-01
3.532356023788452148e-01
3.510586917400360107e-01
3.518562614917755127e-01
3.494631350040435791e-01
3.513567745685577393e-01
3.499128222465515137e-01
3.464795649051666260e-01
3.462633788585662842e-01
3.412257432937622070e-01
3.485560417175292969e-01
3.446399569511413574e-01
3.441627919673919678e-01
3.431701958179473877e-01
3.395816981792449951e-01
3.441074490547180176e-01
3.391076922416687012e-01
3.412407338619232178e-01
3.414831757545471191e-01
3.389638066291809082e-01
3.385038971900939941e-01
3.400733172893524170e-01
3.373720943927764893e-01
3.370786309242248535e-01
3.384009301662445068e-01
3.303297162055969238e-01
3.312803506851196289e-01
3.353962302207946777e-01
3.358061015605926514e-01
3.330724537372589111e-01
3.340307176113128662e-01
3.311242461204528809e-01
3.323175609111785889e-01
3.286162614822387695e-01
3.283880650997161865e-01
3.284531235694885254e-01
3.293673992156982422e-01
3.266482055187225342e-01
3.267448544502258301e-01
3.248283863067626953e-01
3.270555138587951660e-01
3.253374695777893066e-01
3.244813084602355957e-01
3.295573890209197998e-01
3.218431174755096436e-01
3.239522278308868408e-01
3.240820169448852539e-01
3.235237300395965576e-01
3.229207396507263184e-01
3.182323873043060303e-01
3.177824914455413818e-01
3.199003040790557861e-01
3.212009668350219727e-01
3.158534169197082520e-01
3.146722316741943359e-01
3.167270123958587646e-01
3.168351948261260986e-01
3.153373003005981445e-01
3.141062855720520020e-01
3.178456723690032959e-01
3.175551593303680420e-01
3.245481252670288086e-01
3.132986128330230713e-01
3.155508935451507568e-01
3.161817193031311035e-01
3.108189105987548828e-01
3.102619647979736328e-01
3.124710917472839355e-01
3.138771355152130127e-01
3.149278759956359863e-01
3.116846382617950439e-01
3.109907805919647217e-01
3.067826628684997559e-01
3.084726929664611816e-01
3.095243573188781738e-01
3.047519922256469727e-01
3.063358962535858154e-01
3.057626783847808838e-01
3.069391548633575439e-01
3.053731620311737061e-01
3.027091026306152344e-01
3.021915853023529053e-01
3.054426014423370361e-01
3.023920059204101562e-01
2.995886206626892090e-01
3.055107891559600830e-01
3.009045422077178955e-01
2.994917333126068115e-01
2.994078993797302246e-01
2.970857620239257812e-01
2.971366941928863525e-01
2.957317531108856201e-01
2.982799708843231201e-01
2.991238832473754883e-01
2.983321845531463623e-01
2.958716750144958496e-01
2.967140376567840576e-01
2.981842756271362305e-01
2.958934605121612549e-01
2.922414243221282959e-01
2.989348173141479492e-01
2.941206693649291992e-01
2.912455201148986816e-01
2.944694757461547852e-01
2.908192574977874756e-01
2.914834320545196533e-01
2.932001352310180664e-01
2.905533611774444580e-01
2.868309915065765381e-01
2.910906970500946045e-01
2.907060980796813965e-01
2.900966703891754150e-01
2.892021238803863525e-01
2.854218780994415283e-01
2.870871722698211670e-01
2.880159914493560791e-01
2.876163423061370850e-01
2.877069115638732910e-01
2.899549007415771484e-01
2.869135737419128418e-01
2.848277390003204346e-01
2.863102853298187256e-01
2.853260636329650879e-01
2.825892567634582520e-01
2.808991074562072754e-01
2.836017310619354248e-01
2.831203639507293701e-01
2.807937562465667725e-01
2.783197164535522461e-01
2.790005505084991455e-01
2.794191241264343262e-01
2.813761532306671143e-01
2.811363935470581055e-01
2.808417677879333496e-01
2.779406905174255371e-01
2.771396040916442871e-01
2.805576622486114502e-01
2.755839824676513672e-01
2.776106894016265869e-01
2.781992852687835693e-01
2.773541510105133057e-01
2.723848819732666016e-01
2.756623923778533936e-01
2.744518816471099854e-01
2.769583463668823242e-01
2.741210758686065674e-01
2.742490768432617188e-01
2.721086442470550537e-01
2.757807970046997070e-01
2.724975049495697021e-01
2.683481276035308838e-01
2.681314647197723389e-01
2.705336213111877441e-01
2.700834274291992188e-01
2.754470407962799072e-01
2.679903209209442139e-01
2.707316577434539795e-01
2.663944065570831299e-01
2.697616219520568848e-01
2.720206081867218018e-01
2.696408629417419434e-01
2.668673396110534668e-01
2.680479288101196289e-01
2.655651569366455078e-01
2.658858597278594971e-01
2.627579271793365479e-01
2.660644650459289551e-01
2.665338814258575439e-01
2.660204470157623291e-01
2.646189630031585693e-01
2.649071514606475830e-01
2.649829387664794922e-01
2.621555030345916748e-01
2.628784179687500000e-01
2.649460434913635254e-01
2.624841928482055664e-01
2.592177987098693848e-01
2.625956833362579346e-01
2.609323859214782715e-01
2.623468339443206787e-01
2.579535543918609619e-01
2.588607370853424072e-01
2.587612569332122803e-01
2.599541544914245605e-01
2.574738264083862305e-01
2.599050700664520264e-01
2.578055858612060547e-01
2.548331618309020996e-01
2.582446634769439697e-01
2.579222917556762695e-01
2.560484111309051514e-01
2.569763660430908203e-01
2.556783556938171387e-01
2.580460309982299805e-01
2.554609775543212891e-01
2.555758357048034668e-01
2.560756504535675049e-01
2.543244361877441406e-01
2.575256228446960449e-01
2.537035942077636719e-01
2.530194520950317383e-01
2.533231675624847412e-01
2.530348896980285645e-01
2.539355456829071045e-01
2.544063329696655273e-01
2.535626888275146484e-01
2.523300647735595703e-01
2.516630887985229492e-01
2.504966855049133301e-01
2.544602751731872559e-01
2.490347474813461304e-01
2.504562139511108398e-01
2.469397932291030884e-01
2.498655021190643311e-01
2.540132999420166016e-01
2.513595223426818848e-01
2.500993609428405762e-01
2.496792078018188477e-01
2.522371411323547363e-01
2.514037787914276123e-01
2.481733858585357666e-01
2.472464442253112793e-01
2.528223395347595215e-01
2.495545595884323120e-01
2.450960427522659302e-01
2.482973933219909668e-01
2.457443773746490479e-01
2.523302137851715088e-01
2.490276098251342773e-01
2.467181235551834106e-01
2.431874573230743408e-01
2.498814016580581665e-01
2.478754222393035889e-01
2.485841810703277588e-01
2.449787110090255737e-01
2.453496903181076050e-01
2.424323260784149170e-01
2.470206469297409058e-01
2.466647624969482422e-01
2.466420382261276245e-01
2.443356513977050781e-01
2.431389093399047852e-01
2.448341697454452515e-01
2.441024929285049438e-01
2.444576025009155273e-01
2.437552064657211304e-01
2.442790716886520386e-01
2.409630268812179565e-01
2.420564889907836914e-01
2.431727051734924316e-01
2.439197003841400146e-01
2.437291592359542847e-01
2.412396073341369629e-01
2.422911226749420166e-01
2.376100718975067139e-01
2.441436201333999634e-01
2.421610802412033081e-01
2.420581132173538208e-01
2.400948554277420044e-01
2.405601590871810913e-01
2.418451607227325439e-01
2.425523996353149414e-01
2.406592369079589844e-01
2.402798384428024292e-01
2.407109737396240234e-01
2.412366569042205811e-01
2.420283704996109009e-01
2.406252324581146240e-01
2.410712987184524536e-01
2.377871721982955933e-01
2.380500435829162598e-01
2.397321313619613647e-01
2.386036813259124756e-01
2.392552793025970459e-01
2.403992265462875366e-01
2.366538196802139282e-01
2.385989278554916382e-01
2.394114434719085693e-01
2.396791279315948486e-01
2.339033037424087524e-01
2.358680218458175659e-01
2.377687394618988037e-01
2.370755970478057861e-01
2.370397150516510010e-01
2.360282689332962036e-01
2.351287305355072021e-01
2.374166995286941528e-01
2.398921400308609009e-01
2.363830059766769409e-01
2.341763526201248169e-01
2.345598191022872925e-01
2.357851266860961914e-01
2.403101325035095215e-01
2.335627675056457520e-01
2.367234230041503906e-01
2.367997616529464722e-01
2.354525476694107056e-01
2.354041486978530884e-01
2.366594374179840088e-01
2.352496981620788574e-01
2.368277758359909058e-01
2.369920462369918823e-01
2.326888293027877808e-01
2.336101979017257690e-01
2.350960969924926758e-01
2.363497167825698853e-01
2.324662804603576660e-01
2.340280115604400635e-01
2.332364320755004883e-01
2.325908243656158447e-01
2.376369833946228027e-01
2.346928268671035767e-01
2.364096194505691528e-01
2.342819720506668091e-01
2.365998923778533936e-01
2.320280969142913818e-01
2.327905893325805664e-01
2.322407960891723633e-01
2.283170521259307861e-01
2.331362813711166382e-01
2.321046143770217896e-01
2.328888177871704102e-01
2.314484566450119019e-01
2.338602840900421143e-01
2.321600168943405151e-01
2.326183915138244629e-01
2.321004420518875122e-01
2.316020727157592773e-01
2.310073673725128174e-01
2.310373634099960327e-01
2.300497740507125854e-01
2.313798516988754272e-01
2.303407341241836548e-01
2.335018068552017212e-01
2.307839542627334595e-01
2.286027669906616211e-01
2.293813377618789673e-01
2.307392507791519165e-01
2.315465807914733887e-01
2.300132513046264648e-01
2.318495959043502808e-01
2.306412309408187866e-01
2.325453013181686401e-01
2.262508124113082886e-01
2.262665629386901855e-01
2.284274697303771973e-01
2.295834273099899292e-01
2.288820445537567139e-01
2.289533764123916626e-01
2.275806665420532227e-01
2.268733531236648560e-01
2.317286580801010132e-01
2.286212444305419922e-01
2.301037907600402832e-01
2.282483130693435669e-01
2.277258336544036865e-01
2.288089543581008911e-01
2.307432144880294800e-01
2.273204475641250610e-01
2.276870012283325195e-01
2.289070636034011841e-01
2.273707687854766846e-01
2.259158194065093994e-01
2.227463126182556152e-01
2.277649641036987305e-01
2.270231097936630249e-01
2.244475632905960083e-01
2.255057096481323242e-01
2.280584424734115601e-01
2.261863499879837036e-01
2.281137555837631226e-01
2.262324243783950806e-01
2.279575467109680176e-01
2.255355566740036011e-01
2.260225862264633179e-01
2.229343354701995850e-01
2.237817347049713135e-01
2.259950786828994751e-01
2.235579192638397217e-01
2.221953570842742920e-01
2.250670939683914185e-01
2.251328229904174805e-01
2.227569520473480225e-01
2.260120511054992676e-01
2.267483919858932495e-01
2.246644794940948486e-01
2.245703041553497314e-01
2.241074889898300171e-01
2.249455749988555908e-01
2.243410646915435791e-01
2.254851609468460083e-01
2.230840623378753662e-01
2.240359485149383545e-01
2.228943258523941040e-01
2.284975647926330566e-01
2.232860922813415527e-01
2.237102538347244263e-01
2.210335880517959595e-01
2.229402214288711548e-01
2.231565713882446289e-01
2.232295125722885132e-01
2.230297774076461792e-01
2.226807922124862671e-01
2.244013845920562744e-01
2.223215252161026001e-01
2.247499376535415649e-01
2.222005426883697510e-01
2.233506888151168823e-01
2.207795232534408569e-01
2.218351811170578003e-01
2.217702567577362061e-01
2.248163223266601562e-01
2.209037989377975464e-01
2.187689989805221558e-01
2.203741669654846191e-01
2.211092859506607056e-01
2.212817668914794922e-01
2.213445752859115601e-01
2.232936918735504150e-01
2.229649722576141357e-01
2.240825742483139038e-01
2.201240211725234985e-01
2.224392592906951904e-01
2.233030647039413452e-01
2.214373201131820679e-01
2.197887301445007324e-01
2.202643454074859619e-01
2.189629673957824707e-01
2.209335565567016602e-01
2.192799896001815796e-01
2.204373627901077271e-01
2.178749889135360718e-01
2.188958078622817993e-01
2.212575972080230713e-01
2.197598665952682495e-01
2.195820361375808716e-01
2.221665233373641968e-01
2.196190655231475830e-01
2.198613584041595459e-01
2.202612608671188354e-01
2.206561565399169922e-01
2.214369475841522217e-01
2.201208472251892090e-01
2.199551016092300415e-01
2.184966206550598145e-01
2.181912958621978760e-01
2.185840606689453125e-01
2.187779992818832397e-01
2.179943919181823730e-01
2.183566242456436157e-01
2.198961079120635986e-01
2.213032990694046021e-01
2.187502086162567139e-01
2.187424749135971069e-01
2.185276448726654053e-01
2.186317145824432373e-01
2.201187759637832642e-01
2.171598970890045166e-01
2.173761427402496338e-01
2.173786312341690063e-01
2.191085368394851685e-01
2.153325825929641724e-01
2.189676314592361450e-01
2.162573486566543579e-01
2.159322947263717651e-01
2.190828770399093628e-01
2.153530865907669067e-01
2.173126935958862305e-01
2.157526761293411255e-01
2.177764624357223511e-01
2.174064368009567261e-01
2.171723246574401855e-01
2.164519578218460083e-01
2.159130126237869263e-01
2.163861244916915894e-01
2.179945856332778931e-01
2.168842852115631104e-01
2.160557657480239868e-01
2.178735584020614624e-01
2.162434756755828857e-01
2.181753218173980713e-01
2.149147540330886841e-01
2.140600979328155518e-01
2.141425758600234985e-01
2.168947309255599976e-01
2.171229720115661621e-01
2.160435318946838379e-01
2.156854122877120972e-01
2.170184999704360962e-01
2.149077951908111572e-01
2.151166498661041260e-01
2.171682417392730713e-01
2.173359394073486328e-01
2.151280194520950317e-01
2.161251455545425415e-01
2.171197086572647095e-01
2.137120515108108521e-01
2.140845060348510742e-01
2.146607190370559692e-01
2.141990959644317627e-01
2.177924364805221558e-01
2.148745059967041016e-01
2.147117704153060913e-01
2.144621759653091431e-01
2.150213867425918579e-01
2.184389233589172363e-01
2.165005803108215332e-01
2.145230025053024292e-01
2.141199558973312378e-01
2.128088176250457764e-01
2.162668406963348389e-01
2.161258906126022339e-01
2.142439335584640503e-01
2.141670137643814087e-01
2.160844057798385620e-01
2.134162187576293945e-01
2.130486965179443359e-01
2.159567028284072876e-01
2.130647450685501099e-01
2.134114056825637817e-01
2.159108817577362061e-01
2.121444344520568848e-01
2.151914387941360474e-01
2.131835371255874634e-01
2.154353708028793335e-01
2.130429744720458984e-01
2.132475674152374268e-01
2.113420218229293823e-01
2.151452898979187012e-01
2.154783457517623901e-01
2.117801010608673096e-01
2.108217179775238037e-01
2.135385125875473022e-01
2.124874293804168701e-01
2.123242020606994629e-01
2.142600119113922119e-01
2.113991975784301758e-01
2.102531045675277710e-01
2.126869559288024902e-01
2.127499729394912720e-01
2.129247486591339111e-01
2.115446329116821289e-01
2.124203592538833618e-01
2.111759036779403687e-01
2.105955779552459717e-01
2.102525234222412109e-01
2.122150361537933350e-01
2.109457105398178101e-01
2.123296409845352173e-01
2.105471342802047729e-01
2.097849398851394653e-01
2.121258676052093506e-01
2.108471840620040894e-01
2.091617882251739502e-01
2.135886251926422119e-01
2.113641798496246338e-01
2.102093398571014404e-01
2.085211724042892456e-01
2.092122137546539307e-01
2.125505805015563965e-01
2.108473032712936401e-01
2.129127830266952515e-01
2.116710394620895386e-01
2.073104679584503174e-01
2.099213600158691406e-01
2.099085897207260132e-01
2.104203104972839355e-01
2.096518874168395996e-01
2.092397361993789673e-01
2.111858725547790527e-01
2.096762806177139282e-01
2.129030227661132812e-01
2.083759903907775879e-01
2.086456716060638428e-01
2.120724320411682129e-01
2.095854729413986206e-01
2.112989574670791626e-01
2.127628922462463379e-01
2.115597128868103027e-01
2.097890973091125488e-01
2.084367275238037109e-01
2.088221162557601929e-01
2.106008380651473999e-01
2.107912749052047729e-01
2.092736065387725830e-01
2.089198380708694458e-01
2.087180167436599731e-01
2.096486836671829224e-01
2.085898965597152710e-01
2.087220549583435059e-01
2.085238099098205566e-01
2.101277410984039307e-01
2.084465920925140381e-01
2.089499533176422119e-01
2.079970538616180420e-01
2.071490436792373657e-01
2.096777558326721191e-01
2.080435901880264282e-01
2.079363912343978882e-01
2.059634625911712646e-01
2.071805894374847412e-01
2.090425640344619751e-01
2.085211873054504395e-01
2.088302075862884521e-01
2.071708887815475464e-01
2.086159586906433105e-01
2.068552970886230469e-01
2.080217152833938599e-01
2.078031599521636963e-01
2.084798365831375122e-01
2.076347023248672485e-01
2.093560844659805298e-01
2.060234099626541138e-01
2.068259567022323608e-01
2.075559198856353760e-01
2.078852504491806030e-01
2.068708539009094238e-01
2.103208154439926147e-01
2.078994959592819214e-01
2.045144140720367432e-01
2.084292471408843994e-01
2.084424644708633423e-01
2.075076848268508911e-01
2.078827768564224243e-01
2.068197876214981079e-01
2.082881033420562744e-01
2.048156708478927612e-01
2.070641070604324341e-01
2.061321139335632324e-01
2.066818624734878540e-01
2.065250128507614136e-01
2.096696794033050537e-01
2.072384804487228394e-01
2.073218375444412231e-01
2.078979760408401489e-01
2.051569670438766479e-01
2.056070715188980103e-01
2.074006795883178711e-01
2.053811401128768921e-01
2.043636590242385864e-01
2.071293890476226807e-01
2.041010558605194092e-01
2.058692276477813721e-01
2.041026651859283447e-01
2.063481360673904419e-01
2.079758346080780029e-01
2.067960798740386963e-01
2.060622870922088623e-01
2.076878398656845093e-01
2.042365074157714844e-01
2.063234150409698486e-01
2.071355581283569336e-01
2.034235298633575439e-01
2.029924839735031128e-01
2.045100927352905273e-01
2.029407024383544922e-01
2.053870260715484619e-01
2.059394568204879761e-01
2.025029957294464111e-01
2.034298479557037354e-01
2.077703773975372314e-01
2.037026584148406982e-01
2.056967616081237793e-01
2.058056592941284180e-01
2.044015973806381226e-01
2.083516120910644531e-01
2.044390588998794556e-01
2.067141830921173096e-01
2.048462629318237305e-01
2.045639157295227051e-01
2.040932029485702515e-01
2.041668742895126343e-01
2.037540078163146973e-01
2.034743130207061768e-01
2.049353867769241333e-01
2.013186067342758179e-01
2.045811861753463745e-01
2.040156871080398560e-01
2.031233459711074829e-01
2.055964618921279907e-01
2.053846120834350586e-01
2.027737498283386230e-01
2.037535309791564941e-01
2.057496607303619385e-01
2.048882395029067993e-01
2.027276903390884399e-01
2.027908265590667725e-01
2.024212330579757690e-01
2.051398605108261108e-01
2.034177929162979126e-01
2.057220637798309326e-01
2.035638093948364258e-01
2.036391049623489380e-01
2.060499191284179688e-01
2.030460387468338013e-01
2.060561776161193848e-01
2.020046859979629517e-01
2.012169212102890015e-01
2.031675577163696289e-01
1.997689306735992432e-01
2.037035673856735229e-01
2.015145421028137207e-01
2.025612890720367432e-01
2.027945816516876221e-01
2.015106379985809326e-01
2.050960659980773926e-01
2.026082575321197510e-01
2.005834579467773438e-01
2.022956609725952148e-01
2.025188207626342773e-01
2.037061601877212524e-01
2.019373476505279541e-01
2.020715326070785522e-01
2.014316618442535400e-01
2.018436640501022339e-01
2.027129232883453369e-01
2.034873515367507935e-01
2.018695920705795288e-01
2.028123736381530762e-01
2.009707391262054443e-01
2.007529884576797485e-01
2.014520466327667236e-01
2.033669054508209229e-01
2.001312673091888428e-01
2.012173980474472046e-01
2.018498629331588745e-01
1.993383765220642090e-01
2.011721879243850708e-01
2.025520503520965576e-01
2.026812881231307983e-01
2.029813677072525024e-01
2.020659446716308594e-01
2.021236270666122437e-01
1.987156420946121216e-01
2.024514228105545044e-01
1.986166536808013916e-01
2.009710669517517090e-01
2.008260190486907959e-01
2.019398808479309082e-01
1.989243924617767334e-01
2.023098319768905640e-01
2.032152712345123291e-01
2.016546726226806641e-01
2.014813721179962158e-01
1.984242498874664307e-01
2.013544589281082153e-01
2.014424949884414673e-01
1.993819028139114380e-01
2.011673450469970703e-01
1.993378251791000366e-01
2.022150307893753052e-01
2.003445178270339966e-01
2.003942579030990601e-01
1.989480406045913696e-01
1.987729966640472412e-01
2.006363570690155029e-01
1.995077878236770630e-01
1.971737891435623169e-01
1.988037526607513428e-01
2.010857462882995605e-01
1.988646537065505981e-01
1.993913948535919189e-01
1.986085921525955200e-01
1.999181061983108521e-01
1.973312497138977051e-01
2.005993276834487915e-01
1.984755694866180420e-01
2.004023194313049316e-01
1.978143453598022461e-01
2.008089721202850342e-01
1.993197351694107056e-01
1.979737430810928345e-01
1.975258588790893555e-01
1.992790102958679199e-01
2.007292658090591431e-01
1.973659098148345947e-01
1.978023946285247803e-01
1.991601139307022095e-01
1.991072297096252441e-01
1.992431730031967163e-01
1.994525641202926636e-01
1.997407376766204834e-01
1.999539583921432495e-01
1.989900469779968262e-01
2.018517404794692993e-01
1.988470554351806641e-01
1.987175047397613525e-01
1.986252069473266602e-01
1.971654444932937622e-01
2.001043856143951416e-01
1.985342800617218018e-01
1.971647292375564575e-01
1.952824443578720093e-01
1.978524625301361084e-01
2.006874084472656250e-01
1.975501924753189087e-01
1.988051235675811768e-01
1.987711638212203979e-01
1.975158601999282837e-01
1.968424320220947266e-01
1.964161545038223267e-01
1.977328807115554810e-01
1.974862217903137207e-01
1.981315463781356812e-01
1.988754421472549438e-01
1.979102343320846558e-01
1.968299895524978638e-01
1.962568908929824829e-01
1.968801617622375488e-01
1.972566694021224976e-01
1.957477182149887085e-01
1.978883296251296997e-01
1.953224688768386841e-01
1.988531947135925293e-01
1.978028118610382080e-01
1.973612457513809204e-01
1.984888017177581787e-01
1.975387781858444214e-01
1.950042545795440674e-01
1.963473260402679443e-01
1.983875334262847900e-01
1.975986510515213013e-01
1.965169012546539307e-01
1.981413662433624268e-01
1.952800452709197998e-01
1.964161992073059082e-01
1.977624744176864624e-01
1.980544179677963257e-01
1.985688805580139160e-01
1.990937441587448120e-01
1.978922933340072632e-01
1.971826404333114624e-01
1.971770226955413818e-01
1.975951492786407471e-01
1.974475085735321045e-01
1.986344903707504272e-01
1.955676972866058350e-01
1.998514980077743530e-01
1.956375241279602051e-01
1.970909535884857178e-01
1.982901394367218018e-01
1.939233541488647461e-01
1.975264549255371094e-01
1.968096345663070679e-01
1.955296695232391357e-01
1.957063376903533936e-01
1.967324614524841309e-01
1.949686706066131592e-01
1.942201852798461914e-01
1.953823417425155640e-01
1.974398493766784668e-01
1.959799379110336304e-01
1.949156969785690308e-01
1.949845552444458008e-01
1.959713995456695557e-01
1.980027258396148682e-01
1.967910379171371460e-01
1.964610368013381958e-01
1.947842687368392944e-01
1.941024363040924072e-01
1.975819319486618042e-01
1.958196610212326050e-01
1.957685947418212891e-01
1.961842179298400879e-01
1.958713233470916748e-01
1.943752616643905640e-01
1.966004818677902222e-01
1.948884129524230957e-01
1.954612135887145996e-01
1.958710253238677979e-01
1.938849985599517822e-01
1.962110400199890137e-01
1.944451928138732910e-01
1.969700306653976440e-01
1.963911354541778564e-01
1.951058804988861084e-01
1.966669559478759766e-01
1.952091604471206665e-01
1.951758712530136108e-01
1.957396417856216431e-01
1.940702348947525024e-01
1.952653080224990845e-01
1.947578489780426025e-01
1.932221800088882446e-01
1.958156824111938477e-01
1.944396793842315674e-01
1.960434615612030029e-01
1.924272030591964722e-01
1.937483698129653931e-01
1.941391974687576294e-01
1.917010843753814697e-01
1.915336400270462036e-01
1.937447339296340942e-01
1.925825029611587524e-01
1.940927505493164062e-01
1.959319263696670532e-01
1.941336244344711304e-01
1.939418017864227295e-01
1.927587985992431641e-01
1.941160708665847778e-01
1.954453289508819580e-01
1.949053108692169189e-01
1.926585584878921509e-01
1.921111643314361572e-01
1.972881853580474854e-01
1.924996227025985718e-01
1.941003948450088501e-01
1.933270096778869629e-01
1.946617513895034790e-01
1.945156753063201904e-01
1.939880102872848511e-01
1.944752335548400879e-01
1.931748539209365845e-01
1.948125213384628296e-01
1.931982934474945068e-01
1.948423087596893311e-01
1.913393288850784302e-01
1.933535337448120117e-01
1.942234486341476440e-01
1.932545304298400879e-01
1.957445740699768066e-01
1.943533867597579956e-01
1.922350376844406128e-01
1.928026527166366577e-01
1.938522607088088989e-01
1.949582397937774658e-01
1.924305111169815063e-01
1.932926476001739502e-01
1.936272233724594116e-01
1.951500922441482544e-01
1.910683661699295044e-01
1.941109150648117065e-01
1.935427039861679077e-01
1.943001598119735718e-01
1.932243108749389648e-01
1.929121315479278564e-01
1.938216090202331543e-01
1.915442794561386108e-01
1.908132284879684448e-01
1.935863047838211060e-01
1.927314549684524536e-01
1.914955526590347290e-01
1.913828849792480469e-01
1.946301758289337158e-01
1.921661347150802612e-01
1.923110336065292358e-01
1.937260925769805908e-01
1.927305161952972412e-01
1.912873089313507080e-01
1.908417493104934692e-01
1.927205026149749756e-01
1.928033232688903809e-01
1.929986923933029175e-01
1.913593411445617676e-01
1.947694420814514160e-01
1.928675323724746704e-01
1.919400393962860107e-01
1.940876841545104980e-01
1.928609758615493774e-01
1.937190890312194824e-01
1.931420266628265381e-01
1.917910724878311157e-01
1.925934255123138428e-01
1.913008540868759155e-01
1.924030035734176636e-01
1.918972134590148926e-01
1.916694343090057373e-01
1.913546174764633179e-01
1.939322948455810547e-01
1.938087493181228638e-01
1.901371926069259644e-01
1.934501081705093384e-01
1.931663304567337036e-01
1.931260675191879272e-01
1.905083805322647095e-01
1.911502480506896973e-01
1.914538741111755371e-01
1.932944506406784058e-01
1.911264061927795410e-01
1.933308392763137817e-01
1.917860060930252075e-01
1.919254213571548462e-01
1.928232908248901367e-01
1.913285404443740845e-01
1.915385872125625610e-01
1.918513178825378418e-01
1.936226040124893188e-01
1.939431130886077881e-01
1.917220801115036011e-01
1.928347051143646240e-01
1.904671341180801392e-01
1.905345469713211060e-01
1.900955140590667725e-01
1.890011876821517944e-01
1.908869445323944092e-01
1.918748468160629272e-01
1.917712986469268799e-01
1.913760602474212646e-01
1.915608644485473633e-01
1.911564022302627563e-01
1.928681880235671997e-01
1.910498440265655518e-01
1.886915117502212524e-01
1.912178099155426025e-01
1.895045787096023560e-01
1.933370977640151978e-01
1.916094720363616943e-01
1.904995143413543701e-01
1.911511868238449097e-01
1.908974200487136841e-01
1.909738779067993164e-01
1.911391913890838623e-01
1.889642179012298584e-01
1.897296905517578125e-01
1.913091838359832764e-01
1.908082962036132812e-01
1.896292716264724731e-01
1.903882771730422974e-01
1.890055537223815918e-01
1.888436526060104370e-01
1.929121315479278564e-01
1.908999383449554443e-01
1.916317790746688843e-01
1.892434954643249512e-01
1.905207037925720215e-01
1.933350563049316406e-01
1.915453672409057617e-01
1.891620308160781860e-01
1.892823725938796997e-01
1.904401481151580811e-01
1.896400004625320435e-01
1.898020803928375244e-01
1.924366205930709839e-01
1.884174495935440063e-01
1.922728121280670166e-01
1.908065974712371826e-01
1.882971227169036865e-01
1.903903931379318237e-01
1.869525164365768433e-01
1.919418424367904663e-01
1.906766146421432495e-01
1.882774978876113892e-01
1.903556436300277710e-01
1.893363595008850098e-01
1.900181025266647339e-01
1.902179121971130371e-01
1.905440390110015869e-01
1.898200213909149170e-01
1.867256760597229004e-01
1.892532408237457275e-01
1.918463706970214844e-01
1.893213689327239990e-01
1.890180259943008423e-01
1.882651448249816895e-01
1.911343634128570557e-01
1.908985674381256104e-01
1.890282183885574341e-01
1.888429671525955200e-01
1.876194328069686890e-01
1.892048716545104980e-01
1.909437179565429688e-01
1.895169913768768311e-01
1.903914958238601685e-01
1.884120404720306396e-01
1.881637126207351685e-01
1.888713836669921875e-01
1.890654712915420532e-01
1.902998834848403931e-01
1.870684921741485596e-01
1.906646788120269775e-01
1.892843842506408691e-01
1.879800707101821899e-01
1.913811117410659790e-01
1.889658123254776001e-01
1.877297610044479370e-01
1.879430860280990601e-01
1.888150274753570557e-01
1.888141632080078125e-01
1.891276836395263672e-01
1.881149709224700928e-01
1.879359781742095947e-01
1.892978698015213013e-01
1.890288591384887695e-01
1.878233700990676880e-01
1.901459991931915283e-01
1.861499398946762085e-01
1.891486048698425293e-01
1.887720674276351929e-01
1.887425184249877930e-01
1.887380182743072510e-01
1.876138001680374146e-01
1.872821152210235596e-01
1.874911040067672729e-01
1.894299834966659546e-01
1.903489381074905396e-01
1.872882544994354248e-01
1.874656230211257935e-01
1.876674294471740723e-01
1.867596358060836792e-01
1.889642179012298584e-01
1.869431734085083008e-01
1.882942467927932739e-01
1.860445439815521240e-01
1.882407367229461670e-01
1.885799616575241089e-01
1.877612024545669556e-01
1.888637095689773560e-01
1.860128641128540039e-01
1.887262314558029175e-01
1.879791617393493652e-01
1.878539174795150757e-01
1.891195923089981079e-01
1.865674704313278198e-01
1.898612976074218750e-01
1.892019063234329224e-01
1.869458258152008057e-01
1.866661161184310913e-01
1.854425817728042603e-01
1.867694556713104248e-01
1.893939971923828125e-01
1.867151111364364624e-01
1.873465627431869507e-01
1.892917603254318237e-01
1.880558133125305176e-01
1.872882395982742310e-01
1.884174048900604248e-01
1.866993904113769531e-01
1.867894679307937622e-01
1.882794797420501709e-01
1.877914667129516602e-01
1.866366118192672729e-01
1.868787854909896851e-01
1.854794025421142578e-01
1.872066259384155273e-01
1.879583597183227539e-01
1.886420845985412598e-01
1.887134611606597900e-01
1.880106776952743530e-01
1.876947581768035889e-01
1.857998669147491455e-01
1.854601949453353882e-01
1.883691400289535522e-01
1.879942417144775391e-01
1.872480958700180054e-01
1.861155331134796143e-01
1.897624582052230835e-01
1.848773211240768433e-01
1.868594884872436523e-01
1.855653226375579834e-01
1.869796365499496460e-01
1.866593360900878906e-01
1.881104260683059692e-01
1.877039223909378052e-01
1.870793551206588745e-01
1.851156651973724365e-01
1.862055063247680664e-01
1.856584548950195312e-01
1.851459294557571411e-01
1.849082857370376587e-01
1.846367567777633667e-01
1.864686608314514160e-01
1.885423511266708374e-01
1.866511702537536621e-01
1.879467070102691650e-01
1.849062144756317139e-01
1.860307753086090088e-01
1.859184354543685913e-01
1.849561780691146851e-01
1.843043565750122070e-01
1.882738620042800903e-01
1.858609616756439209e-01
1.867848634719848633e-01
1.862534582614898682e-01
1.861332654953002930e-01
1.876543164253234863e-01
1.877927780151367188e-01
1.864829808473587036e-01
1.858142167329788208e-01
1.878627091646194458e-01
1.858470141887664795e-01
1.849224120378494263e-01
1.859672665596008301e-01
1.870808452367782593e-01
1.836175471544265747e-01
1.861988157033920288e-01
1.875104010105133057e-01
1.863854378461837769e-01
1.854765266180038452e-01
1.860142499208450317e-01
1.876120716333389282e-01
1.862508803606033325e-01
1.849555969238281250e-01
1.831378638744354248e-01
1.868517994880676270e-01
1.856391727924346924e-01
1.857571005821228027e-01
1.854453831911087036e-01
1.834865957498550415e-01
1.839416176080703735e-01
1.847365647554397583e-01
1.844256520271301270e-01
1.860121190547943115e-01
1.842754781246185303e-01
1.835155934095382690e-01
1.859476715326309204e-01
1.842718869447708130e-01
1.867140531539916992e-01
1.845210194587707520e-01
1.856769025325775146e-01
1.858537346124649048e-01
1.843931972980499268e-01
1.850233972072601318e-01
1.852508783340454102e-01
1.843875050544738770e-01
1.840826869010925293e-01
1.848448514938354492e-01
1.846379190683364868e-01
1.839050650596618652e-01
1.860982030630111694e-01
1.862086057662963867e-01
1.840969175100326538e-01
1.835124939680099487e-01
1.861104071140289307e-01
1.859559714794158936e-01
1.837274581193923950e-01
1.843019127845764160e-01
1.852032095193862915e-01
1.850712299346923828e-01
1.834490299224853516e-01
1.836602687835693359e-01
1.846609413623809814e-01
1.859800964593887329e-01
1.848412752151489258e-01
1.837226748466491699e-01
1.830650717020034790e-01
1.839345991611480713e-01
1.865432113409042358e-01
1.832532882690429688e-01
1.858457475900650024e-01
1.844190955162048340e-01
1.847530156373977661e-01
1.816863417625427246e-01
1.838088631629943848e-01
1.859632581472396851e-01
1.864812225103378296e-01
1.835024207830429077e-01
1.849572509527206421e-01
1.838861107826232910e-01
1.848165690898895264e-01
1.852328777313232422e-01
1.845743954181671143e-01
1.868781894445419312e-01
1.835884451866149902e-01
1.853535175323486328e-01
1.847900301218032837e-01
1.835392117500305176e-01
1.846042275428771973e-01
1.840836852788925171e-01
1.841658502817153931e-01
1.871165782213211060e-01
1.857379376888275146e-01
1.824645400047302246e-01
1.831712424755096436e-01
1.866153776645660400e-01
1.843642890453338623e-01
1.829016208648681641e-01
1.843387335538864136e-01
1.830256134271621704e-01
1.843883842229843140e-01
1.848237812519073486e-01
1.822161972522735596e-01
1.814603358507156372e-01
1.849143654108047485e-01
1.838112175464630127e-01
1.829740107059478760e-01
1.848275959491729736e-01
1.856224536895751953e-01
1.819968223571777344e-01
1.838497966527938843e-01
1.841653138399124146e-01
1.835394948720932007e-01
1.834942698478698730e-01
1.820849776268005371e-01
1.848769783973693848e-01
1.836491227149963379e-01
1.815711408853530884e-01
1.821915358304977417e-01
1.815208494663238525e-01
1.831704378128051758e-01
1.842010617256164551e-01
1.839809417724609375e-01
1.828768998384475708e-01
1.825026273727416992e-01
1.811663508415222168e-01
1.816037893295288086e-01
1.821809411048889160e-01
1.831099241971969604e-01
1.834680885076522827e-01
1.830897629261016846e-01
1.825301200151443481e-01
1.841097772121429443e-01
1.819245964288711548e-01
1.839718669652938843e-01
1.823016405105590820e-01
1.820269525051116943e-01
1.835202723741531372e-01
1.816855520009994507e-01
1.838195770978927612e-01
1.840349286794662476e-01
1.819640994071960449e-01
1.836000978946685791e-01
1.814860701560974121e-01
1.850061863660812378e-01
1.813873499631881714e-01
1.800123006105422974e-01
1.828652769327163696e-01
1.826087385416030884e-01
1.827305853366851807e-01
1.842876523733139038e-01
1.843775659799575806e-01
1.824371963739395142e-01
1.819666028022766113e-01
1.827111244201660156e-01
1.835300028324127197e-01
1.845950931310653687e-01
1.810884773731231689e-01
1.821886301040649414e-01
1.844769716262817383e-01
1.833596974611282349e-01
1.818780452013015747e-01
1.823527663946151733e-01
1.846060901880264282e-01
1.819792091846466064e-01
1.827012300491333008e-01
1.823658794164657593e-01
1.821649521589279175e-01
1.830367296934127808e-01
1.778316646814346313e-01
1.823582351207733154e-01
1.809675246477127075e-01
1.826203018426895142e-01
1.826360672712326050e-01
1.815597116947174072e-01
1.827335506677627563e-01
1.842296719551086426e-01
1.846579760313034058e-01
1.824359446763992310e-01
1.806327402591705322e-01
1.810673922300338745e-01
1.820735484361648560e-01
1.801161915063858032e-01
1.825421452522277832e-01
1.801677942276000977e-01
1.830328106880187988e-01
1.806816458702087402e-01
1.817154139280319214e-01
1.808171570301055908e-01
1.838845759630203247e-01
1.811161488294601440e-01
1.841209977865219116e-01
1.802325397729873657e-01
1.827591955661773682e-01
1.826604902744293213e-01
1.803097873926162720e-01
1.823084056377410889e-01
1.844569742679595947e-01
1.813228279352188110e-01
1.831302344799041748e-01
1.826370358467102051e-01
1.812193244695663452e-01
1.812921315431594849e-01
1.807379722595214844e-01
1.829963475465774536e-01
1.818412244319915771e-01
1.822372078895568848e-01
1.803088933229446411e-01
1.796588599681854248e-01
1.798934936523437500e-01
1.842714846134185791e-01
1.819526553153991699e-01
1.814227998256683350e-01
1.816325336694717407e-01
1.833090633153915405e-01
