6.725983035564422341e-01
3.397182296216487707e-01
2.894040523469448289e-01
2.742745526134967582e-01
2.509339900314808136e-01
2.471046505868434995e-01
2.241166584938764639e-01
2.245003474503755592e-01
2.168106395006179909e-01
2.088740150630473968e-01
1.991263703256845596e-01
1.963578101992607128e-01
1.899982926249504100e-01
1.979794231802225191e-01
1.935064279288053468e-01
1.921537781506776899e-01
1.992154725641012147e-01
1.975861112028360345e-01
1.825011929869651828e-01
1.828369963914155960e-01
1.745630306750536043e-01
1.688201256841421194e-01
1.859242268651723762e-01
1.807561998814344317e-01
1.829764719307422627e-01
1.804788765311241272e-01
1.716060079634189606e-01
2.134953545778989770e-01
2.196902468800544794e-01
2.151334141194820304e-01
2.080449711531400792e-01
2.034079129993915658e-01
2.039809543639421463e-01
1.971710823662579104e-01
1.968221268802881341e-01
2.021574859321117468e-01
1.481343711167573962e-01
1.502762581408023934e-01
1.589673325046896957e-01
1.656355525180697452e-01
1.471339292638003948e-01
1.448911482095718295e-01
1.700180143862962678e-01
1.429377299547195390e-01
1.590422650426626117e-01
1.152485686168074619e-01
1.192744754441082411e-01
1.140592340938746951e-01
1.206773469038307650e-01
1.303920370526611694e-01
1.305303694307804185e-01
1.226705770380795008e-01
1.244372478872537574e-01
1.182091919891536252e-01
8.973944311961531972e-02
9.435441222041845988e-02
9.053030122071505092e-02
9.921193086542189066e-02
9.700471555814146885e-02
1.039415353536605885e-01
1.041011887416243564e-01
9.764604184776544404e-02
1.013405382633209284e-01
7.888638349249958714e-02
6.944814307149499433e-02
7.542152016423642191e-02
7.427085016388446093e-02
8.006564549170434864e-02
7.610851722769439165e-02
7.665129564702510834e-02
8.818098345771431534e-02
8.152569484896958485e-02
5.276430831756442896e-02
6.036805305629968504e-02
5.639367204159498326e-02
6.282240460626781209e-02
6.098843933548778184e-02
6.035093934275209682e-02
7.268912787083536831e-02
7.089992706198244843e-02
7.368039065971970780e-02
5.105230471119284741e-02
4.484612991102039647e-02
5.776641889475286201e-02
5.072925124783068951e-02
5.769955254625529217e-02
5.027143227634951750e-02
6.424588014371693245e-02
5.379899381194263447e-02
6.289223569910973310e-02
3.902558280387893180e-02
3.351690694573335183e-02
4.388617895543575620e-02
4.152113973628729360e-02
4.217136838589794628e-02
5.227817902574315861e-02
5.916369030252099231e-02
5.179014837834983870e-02
5.629718991927802618e-02
3.407433757442049349e-02
3.559215951594524308e-02
4.390144399367272576e-02
4.138661540113389159e-02
4.232212785398587612e-02
4.155003232648596390e-02
4.300554571673274179e-02
4.386124555487185689e-02
5.142458867630921027e-02
3.554168747039512105e-02
3.029076628969050791e-02
2.762080421613063649e-02
4.132452909456332812e-02
4.189035087241790856e-02
4.218740216223523104e-02
4.975696855806745894e-02
4.071166497888043662e-02
4.180211850674822593e-02
2.935324489837512485e-02
3.832176772295497330e-02
2.988136228086659546e-02
3.421937267412431677e-02
3.707785526989027663e-02
4.005632779269945043e-02
3.055278432089835253e-02
3.848049044259824192e-02
4.336843504250282449e-02
2.766110319411382162e-02
2.604561423417180860e-02
2.982292392494855296e-02
3.356400778706301880e-02
3.265868081682128665e-02
3.381795421359129472e-02
3.391634761122986480e-02
3.958933080764836382e-02
4.156228027131873837e-02
