8.075134339928626837e-01
4.477910731732845373e-01
3.737485073506832123e-01
3.573390290141105763e-01
3.277255707979202515e-01
3.037149620056152077e-01
2.985564202070236095e-01
2.825774616003036699e-01
2.677114711701870098e-01
2.419610089808702513e-01
2.432412628829479229e-01
2.454518624395131965e-01
2.453690583258867353e-01
2.412037891149520774e-01
2.442020333558320988e-01
2.277735327184200187e-01
2.385155721753835778e-01
2.280753734707832436e-01
2.078072327375412032e-01
2.072449418902397034e-01
2.021591906994581189e-01
2.168829589337110397e-01
1.983608102798462003e-01
1.921033162623643764e-01
2.053014781326055471e-01
1.958718227595090955e-01
1.938557497411966257e-01
1.773014491051435604e-01
1.768929886072874158e-01
1.748874686658382360e-01
1.789322701096534851e-01
1.797479324787855104e-01
1.756269934773445063e-01
1.750586566329002391e-01
1.745472308248281479e-01
1.802764912694692634e-01
1.532707586139440414e-01
1.447803489118814346e-01
1.588604918867349558e-01
1.673280560225248459e-01
1.533207672089338391e-01
1.571251575648784649e-01
1.552316475659608896e-01
1.679818016290664795e-01
1.610603702068328924e-01
1.298905633389949854e-01
1.329392963647842429e-01
1.402206245809793361e-01
1.382995054870843898e-01
1.361151668056845565e-01
1.412905393168330248e-01
1.377911162376403709e-01
1.463224994018673952e-01
1.541390480101108573e-01
1.184162194654345551e-01
1.169731872901320496e-01
1.195722709596157007e-01
1.210062358528375681e-01
1.269981941953301496e-01
1.330019355937838432e-01
1.249265099316835409e-01
1.309358902275562231e-01
1.342857392504811231e-01
1.086581285297870680e-01
1.060486617311835328e-01
1.162925182282924658e-01
1.078740930557250954e-01
1.158307058736681994e-01
1.157810726016759856e-01
1.149816771969199153e-01
1.161064967513084356e-01
1.190707725286483804e-01
6.360931383445858622e-02
8.056979559361934773e-02
7.851273762062191408e-02
8.074673932977020907e-02
7.730988959781825987e-02
8.615452376194297768e-02
9.180973471142352127e-02
7.605700983665883430e-02
8.026159005239605349e-02
5.081038142787292627e-02
4.910872495500370749e-02
5.678726703859865443e-02
6.203643194399774408e-02
6.106854026205837949e-02
6.099246070720255181e-02
5.102381441276520463e-02
5.938010960351675777e-02
5.995225028600544015e-02
3.796876192674972228e-02
3.925462506711482891e-02
4.784596375888213599e-02
3.684819588204845536e-02
4.753515051910653377e-02
5.202311513712629815e-02
4.584599417401477583e-02
6.096995092928409604e-02
5.889798748772591408e-02
3.352074346388689979e-02
4.231866536894813430e-02
3.626765129505656743e-02
3.977347662410465889e-02
4.007571936701424115e-02
3.900746714556589667e-02
4.197487593395635153e-02
4.594903256976976685e-02
5.022284721257164880e-02
3.198667974444106138e-02
3.479818676132708649e-02
3.783072695543523989e-02
4.050820022879633719e-02
3.545321238692850097e-02
4.032994124630931432e-02
4.108812248334288431e-02
3.433875209535472428e-02
3.847508103819564235e-02
3.338634173036553188e-02
3.184144627186469984e-02
3.262411388102919030e-02
3.130445363058242947e-02
3.759729746379889687e-02
3.352715615648776265e-02
4.086555044050328711e-02
4.829884123173542460e-02
4.506342018867144639e-02
3.322738058282993789e-02
2.621005447959760121e-02
2.965658982167951666e-02
3.132684665557462778e-02
3.328804727934766422e-02
3.332208216772414994e-02
2.894977481104433689e-02
4.322227479020512159e-02
3.713791193440556249e-02
