1.049946416020393292e+00
6.841541793942451655e-01
5.535410648584365711e-01
4.574309077858924599e-01
3.863427597284316839e-01
3.604937598109245189e-01
3.401283381879329770e-01
2.875534810125827678e-01
2.839500953257083626e-01
2.738861496746540225e-01
2.762576083838939600e-01
2.596890425682067960e-01
2.634077131748199241e-01
2.626705633103847415e-01
2.174510324001312223e-01
2.180281104147434312e-01
2.121605558693409055e-01
2.112965795397758473e-01
2.196326193213462841e-01
2.249628996849060147e-01
2.218770888447761658e-01
1.858252741396427266e-01
1.767682065069675346e-01
1.812151832878589608e-01
1.842522729933261938e-01
1.869564795494079723e-01
1.916885441541671675e-01
1.925009962916374162e-01
1.628293292224407274e-01
1.635180601477622953e-01
1.664199399948119995e-01
1.633583334088325456e-01
1.711571483314037190e-01
1.660943782329559193e-01
1.670891765505075344e-01
1.449159660190343923e-01
1.482325903326272842e-01
1.494096331298351288e-01
1.557591140270233043e-01
1.537680605053901584e-01
1.552504684031009718e-01
1.592517867684364319e-01
1.411099646240472905e-01
1.410934718698263202e-01
1.412383542209863785e-01
1.414341462403535810e-01
1.437032194435596544e-01
1.443721029907464870e-01
1.496536485850810949e-01
1.316945547610521294e-01
1.298565565049648318e-01
1.334221127629280079e-01
1.348205553740262908e-01
1.352634248137473960e-01
1.403384622931480308e-01
1.414340866357088056e-01
1.288297886401414960e-01
1.295188052207231488e-01
1.300449144095182363e-01
1.315625375509262007e-01
1.300991069525480326e-01
1.311824686825275310e-01
1.313670610636472613e-01
1.269467597454786434e-01
1.250930655002593928e-01
1.232044340670108845e-01
1.242900279909372324e-01
1.286935476213693641e-01
1.276907008886337402e-01
1.305396598577499290e-01
7.152168527245521545e-01
6.570499894022941989e-01
6.158657473325729326e-01
5.652782088518142345e-01
5.619082713127135920e-01
5.602846804261207847e-01
5.251307225227356268e-01
2.994044879823923311e-01
2.836799095571040930e-01
2.860269276797771654e-01
2.900470783561467925e-01
3.092850109934806579e-01
3.129601499438285916e-01
2.985011504590511233e-01
1.523531125858426094e-01
1.661257113516330652e-01
1.583276671916246381e-01
1.726257404685020425e-01
1.719092229753732548e-01
1.789638115465641000e-01
1.757947671785950738e-01
1.065264702588319817e-01
1.029171578772365980e-01
1.204920006170868835e-01
1.137978248670697273e-01
1.199550703912973387e-01
1.188700999319553392e-01
1.263399154134094704e-01
8.822083996608853784e-02
8.359985544346272557e-02
9.028106129728258322e-02
8.684380529448390562e-02
8.747621423564851117e-02
1.063097202964127103e-01
1.075348040089011137e-01
