1.491830695867538470e+00
1.126233690977096469e+00
9.684657770395278531e-01
8.661282885074615967e-01
7.853205364942550393e-01
7.247734576463699119e-01
6.893293726444243985e-01
6.160706731677055847e-01
6.003361281752586098e-01
5.925109860301017717e-01
5.836063897609711226e-01
5.802134770154953047e-01
5.575986528396605912e-01
5.742541345953940946e-01
4.901141554117202648e-01
4.766043177247047402e-01
4.781936895847320734e-01
4.705300858616828785e-01
4.756718364357948037e-01
4.743764519691467396e-01
4.736814790964126720e-01
5.363907992839813677e-01
5.621355989575386181e-01
5.449688541889190496e-01
5.687788110971451205e-01
5.308604001998901145e-01
5.799678182601928356e-01
5.485690793395042730e-01
3.469588059186935469e-01
3.387402370572090149e-01
3.508514390885830170e-01
3.635277399420738242e-01
3.775785239040851393e-01
3.733780048787593842e-01
3.938835220038890972e-01
2.023193150758743342e-01
2.162471017241477944e-01
2.280895005166530543e-01
2.294899566099047605e-01
2.676404048502445399e-01
2.778454446792602561e-01
2.603248472511768274e-01
1.520629538223147448e-01
1.575687240064144179e-01
1.622354405745863870e-01
1.686705389432608948e-01
1.844122581928968330e-01
1.963947142660617817e-01
2.058555345982313045e-01
1.264652648195624396e-01
1.247270210832357451e-01
1.407869878783822026e-01
1.421491800993680832e-01
1.578272914700210028e-01
1.655798144266009408e-01
1.463963741064071566e-01
1.052341223694384098e-01
1.076352307945489944e-01
1.067694623675197324e-01
1.022782123368233403e-01
1.100025080516934400e-01
1.190402322635054633e-01
1.389194288104772523e-01
9.807270325720310322e-02
9.900590529665351247e-02
9.482278139330446720e-02
1.203737732954323347e-01
1.203554391115903843e-01
1.241351601295173218e-01
1.175258752796798922e-01
9.286966982297599482e-02
7.454720363020897467e-02
1.017329170368611868e-01
1.102945231646299401e-01
9.653706930577754530e-02
1.158927278313785780e-01
1.231816268712282170e-01
7.226231297012418453e-02
8.401135091669857669e-02
9.531711934134363962e-02
8.092260232195258585e-02
1.027849642839282762e-01
9.833297795616090242e-02
1.088855800312012456e-01
7.832718227291479707e-02
7.544080447871237549e-02
6.631305442191660904e-02
8.131324963644147308e-02
8.557481584139167707e-02
7.470396823715418078e-02
1.011573320208117299e-01
6.665872192243113559e-02
7.386975378263742342e-02
7.453903915593400320e-02
8.026485013309865579e-02
1.025380807928741034e-01
9.073477250058203936e-02
1.120291971787810287e-01
7.413919068640098531e-02
7.155630377586931490e-02
7.192527597071603218e-02
8.343545455136336386e-02
7.746936548035592007e-02
8.780872175004333924e-02
8.797475649043917656e-02
