9.800862073898315430e-01
9.720331430435180664e-01
9.650167226791381836e-01
9.563192129135131836e-01
9.481567144393920898e-01
9.388806223869323730e-01
9.282834529876708984e-01
9.152691960334777832e-01
9.010136127471923828e-01
8.839042186737060547e-01
8.649429082870483398e-01
8.444045186042785645e-01
8.226265907287597656e-01
7.998094558715820312e-01
7.712312936782836914e-01
7.429509758949279785e-01
7.101395130157470703e-01
6.786962747573852539e-01
6.516982913017272949e-01
6.228207349777221680e-01
5.937140583992004395e-01
5.845286250114440918e-01
5.703707933425903320e-01
5.473530292510986328e-01
5.306023955345153809e-01
5.343973636627197266e-01
5.995298027992248535e-01
5.450066328048706055e-01
5.304542183876037598e-01
5.408929586410522461e-01
5.193697214126586914e-01
5.008882880210876465e-01
4.881497323513031006e-01
4.968043863773345947e-01
4.783595800399780273e-01
4.748535752296447754e-01
4.848312437534332275e-01
4.707696437835693359e-01
4.801941514015197754e-01
4.730844795703887939e-01
4.741373956203460693e-01
4.725415408611297607e-01
4.736867547035217285e-01
4.593420028686523438e-01
4.538820385932922363e-01
4.512537121772766113e-01
4.471245706081390381e-01
4.458657205104827881e-01
4.550260603427886963e-01
4.426017999649047852e-01
4.386600255966186523e-01
4.390313327312469482e-01
4.359662234783172607e-01
4.393810629844665527e-01
4.370802640914916992e-01
4.271332919597625732e-01
4.246986508369445801e-01
4.255093038082122803e-01
4.287315607070922852e-01
4.284527301788330078e-01
4.294214546680450439e-01
4.209803044795989990e-01
4.284934997558593750e-01
4.220991432666778564e-01
4.236710667610168457e-01
4.168765842914581299e-01
4.125550687313079834e-01
4.098764061927795410e-01
4.093503952026367188e-01
4.060103595256805420e-01
4.042946994304656982e-01
4.045989811420440674e-01
4.072201550006866455e-01
4.028486013412475586e-01
4.020174741744995117e-01
3.970255851745605469e-01
3.957952558994293213e-01
3.950037956237792969e-01
3.937133848667144775e-01
3.948753774166107178e-01
3.955979347229003906e-01
3.909986019134521484e-01
3.937593102455139160e-01
3.831855058670043945e-01
3.864998817443847656e-01
3.783142864704132080e-01
3.822707533836364746e-01
3.769156038761138916e-01
3.868381083011627197e-01
3.820804357528686523e-01
3.828675746917724609e-01
3.775537014007568359e-01
3.730289340019226074e-01
3.804255723953247070e-01
3.802616596221923828e-01
3.722829222679138184e-01
3.754483163356781006e-01
3.725514709949493408e-01
3.754073977470397949e-01
3.688917756080627441e-01
3.732136785984039307e-01
3.702093958854675293e-01
3.645406961441040039e-01
3.636995851993560791e-01
3.676964938640594482e-01
3.621079325675964355e-01
3.654735684394836426e-01
3.634091913700103760e-01
3.600912392139434814e-01
3.693553507328033447e-01
3.633443415164947510e-01
3.577503561973571777e-01
3.622986674308776855e-01
3.570968806743621826e-01
3.587275743484497070e-01
3.568440973758697510e-01
3.592726588249206543e-01
3.510716557502746582e-01
3.524425923824310303e-01
3.537942469120025635e-01
3.535804152488708496e-01
3.525618016719818115e-01
3.524366617202758789e-01
3.494360446929931641e-01
3.495491445064544678e-01
3.467481136322021484e-01
3.465792536735534668e-01
3.517879247665405273e-01
3.470401763916015625e-01
3.480050861835479736e-01
3.418834507465362549e-01
3.462773561477661133e-01
3.442809581756591797e-01
3.426689803600311279e-01
3.395072519779205322e-01
3.435626626014709473e-01
3.403877317905426025e-01
3.430541753768920898e-01
3.399831652641296387e-01
3.361387252807617188e-01
3.380126059055328369e-01
3.419296145439147949e-01
3.383981287479400635e-01
3.351837396621704102e-01
3.344426751136779785e-01
3.344494402408599854e-01
3.377220034599304199e-01
3.323081731796264648e-01
3.349674344062805176e-01
3.320870995521545410e-01
3.334813714027404785e-01
3.366395831108093262e-01
3.314754068851470947e-01
3.288187682628631592e-01
3.308302462100982666e-01
3.316923677921295166e-01
3.256652951240539551e-01
3.303924202919006348e-01
3.299639821052551270e-01
3.231512308120727539e-01
3.224170207977294922e-01
3.251258730888366699e-01
3.257428705692291260e-01
3.243930935859680176e-01
3.252121210098266602e-01
3.233450055122375488e-01
3.179022967815399170e-01
3.164858222007751465e-01
3.203884065151214600e-01
3.212568163871765137e-01
3.224906921386718750e-01
3.191214501857757568e-01
3.230670094490051270e-01
3.132886588573455811e-01
3.187430202960968018e-01
3.167706429958343506e-01
3.142370879650115967e-01
3.117088675498962402e-01
3.155043423175811768e-01
3.141615688800811768e-01
3.138477802276611328e-01
3.123492300510406494e-01
3.120484352111816406e-01
3.130233585834503174e-01
3.108631968498229980e-01
3.114587962627410889e-01
3.138520121574401855e-01
3.125430643558502197e-01
3.096904754638671875e-01
3.094507455825805664e-01
3.082038760185241699e-01
3.105110228061676025e-01
3.115663826465606689e-01
3.084708154201507568e-01
3.085755705833435059e-01
3.068960309028625488e-01
3.061650395393371582e-01
3.098414838314056396e-01
3.040714561939239502e-01
3.074586093425750732e-01
3.050108253955841064e-01
3.054641187191009521e-01
3.033737540245056152e-01
3.036445975303649902e-01
3.004981875419616699e-01
3.004201352596282959e-01
3.033330440521240234e-01
3.015849292278289795e-01
3.034695088863372803e-01
3.002758920192718506e-01
2.987912595272064209e-01
2.989443242549896240e-01
3.029509782791137695e-01
2.971413433551788330e-01
2.992267310619354248e-01
2.951126098632812500e-01
2.979510426521301270e-01
2.971469461917877197e-01
2.934359610080718994e-01
2.957299649715423584e-01
2.947658896446228027e-01
2.937788069248199463e-01
2.950686812400817871e-01
2.970656454563140869e-01
2.949380874633789062e-01
2.953118681907653809e-01
2.965180873870849609e-01
2.909926772117614746e-01
2.938158214092254639e-01
2.916554808616638184e-01
2.923932969570159912e-01
2.903531789779663086e-01
2.892595231533050537e-01
2.886148393154144287e-01
2.928067743778228760e-01
2.896459996700286865e-01
2.886964976787567139e-01
2.886767089366912842e-01
2.905579209327697754e-01
2.885554730892181396e-01
2.886850535869598389e-01
2.833724021911621094e-01
2.865346968173980713e-01
2.888980805873870850e-01
2.880108058452606201e-01
2.877651751041412354e-01
2.844676971435546875e-01
2.833404839038848877e-01
2.858844399452209473e-01
2.820129990577697754e-01
2.835012376308441162e-01
2.841978073120117188e-01
2.837147712707519531e-01
2.830902040004730225e-01
2.838907539844512939e-01
2.821781337261199951e-01
2.838000357151031494e-01
2.816531658172607422e-01
2.816334068775177002e-01
2.818252444267272949e-01
2.810125648975372314e-01
2.808998525142669678e-01
2.811209857463836670e-01
2.809547483921051025e-01
2.810977995395660400e-01
2.782309055328369141e-01
2.786819934844970703e-01
2.756183743476867676e-01
2.791837155818939209e-01
2.777023315429687500e-01
2.778639197349548340e-01
2.747462987899780273e-01
2.765978276729583740e-01
2.745733559131622314e-01
2.751630246639251709e-01
2.736436724662780762e-01
2.766006588935852051e-01
2.774472832679748535e-01
2.750599980354309082e-01
2.749366462230682373e-01
2.770661413669586182e-01
2.741226553916931152e-01
2.693329155445098877e-01
2.766787707805633545e-01
2.724679708480834961e-01
2.740004360675811768e-01
2.740466892719268799e-01
2.745647430419921875e-01
2.707640528678894043e-01
2.725162208080291748e-01
2.735502421855926514e-01
2.723608314990997314e-01
2.735622227191925049e-01
2.720981240272521973e-01
2.718126475811004639e-01
2.755062878131866455e-01
2.690049707889556885e-01
2.689715325832366943e-01
2.696467041969299316e-01
2.680339813232421875e-01
2.732940316200256348e-01
2.722227573394775391e-01
2.688133716583251953e-01
2.679283022880554199e-01
2.683878242969512939e-01
2.651239335536956787e-01
2.676396071910858154e-01
2.668634355068206787e-01
2.692983746528625488e-01
2.651375532150268555e-01
2.659620046615600586e-01
2.667742371559143066e-01
2.665088772773742676e-01
2.630886733531951904e-01
2.671809792518615723e-01
2.664867937564849854e-01
2.646914422512054443e-01
2.633343636989593506e-01
2.650433480739593506e-01
2.631047368049621582e-01
2.610374093055725098e-01
2.635591626167297363e-01
2.627809345722198486e-01
2.646333277225494385e-01
2.606617808341979980e-01
2.608724236488342285e-01
2.605600655078887939e-01
2.614598572254180908e-01
2.613295316696166992e-01
2.604628503322601318e-01
2.594616115093231201e-01
2.613728344440460205e-01
2.610407173633575439e-01
2.596521973609924316e-01
2.608934938907623291e-01
2.597638964653015137e-01
2.563254535198211670e-01
2.613532543182373047e-01
2.568612694740295410e-01
2.597098052501678467e-01
2.563937306404113770e-01
2.588589191436767578e-01
2.573811113834381104e-01
2.568402290344238281e-01
2.576904892921447754e-01
2.579170167446136475e-01
2.540293633937835693e-01
2.599646151065826416e-01
2.566456496715545654e-01
2.520315647125244141e-01
2.543495297431945801e-01
2.564450800418853760e-01
2.538105845451354980e-01
2.521525025367736816e-01
2.560920417308807373e-01
2.529646158218383789e-01
2.502017319202423096e-01
2.533601820468902588e-01
2.523960471153259277e-01
2.548723518848419189e-01
2.529832422733306885e-01
2.525290548801422119e-01
2.515514492988586426e-01
2.544488608837127686e-01
2.515748143196105957e-01
2.551746368408203125e-01
2.524030506610870361e-01
2.523141503334045410e-01
2.520382404327392578e-01
2.520235776901245117e-01
2.493652999401092529e-01
2.521813809871673584e-01
2.492941468954086304e-01
2.521491348743438721e-01
2.503165304660797119e-01
2.479728311300277710e-01
2.513356804847717285e-01
2.496822625398635864e-01
2.494455873966217041e-01
2.486968636512756348e-01
2.498614192008972168e-01
2.473930716514587402e-01
2.482493221759796143e-01
2.473257184028625488e-01
2.481852918863296509e-01
2.483868598937988281e-01
2.476726025342941284e-01
2.478996068239212036e-01
2.457585781812667847e-01
2.467855811119079590e-01
2.498053610324859619e-01
2.484737187623977661e-01
2.461615055799484253e-01
2.454563975334167480e-01
2.458411753177642822e-01
2.466587424278259277e-01
2.451770156621932983e-01
2.454003244638442993e-01
2.477498948574066162e-01
2.431258261203765869e-01
2.437423467636108398e-01
2.450852096080780029e-01
2.467413097620010376e-01
2.444970905780792236e-01
2.440453171730041504e-01
2.435418814420700073e-01
2.415739595890045166e-01
2.456440329551696777e-01
2.428396642208099365e-01
2.438406497240066528e-01
2.416143119335174561e-01
2.412383854389190674e-01
2.456324994564056396e-01
2.436045110225677490e-01
2.427873760461807251e-01
2.424079626798629761e-01
2.401229590177536011e-01
2.390185594558715820e-01
2.406069040298461914e-01
2.427362054586410522e-01
2.422789037227630615e-01
2.407034635543823242e-01
2.397278994321823120e-01
2.419413626194000244e-01
2.369049936532974243e-01
2.411322295665740967e-01
2.392172962427139282e-01
2.400320321321487427e-01
2.410201132297515869e-01
2.407569289207458496e-01
2.399148643016815186e-01
2.397867143154144287e-01
2.381037175655364990e-01
2.404073625802993774e-01
2.392345070838928223e-01
2.373235970735549927e-01
2.383581548929214478e-01
2.390630394220352173e-01
2.362992763519287109e-01
2.365227192640304565e-01
2.365703284740447998e-01
2.381057441234588623e-01
2.359725087881088257e-01
2.379101365804672241e-01
2.353115975856781006e-01
2.344027459621429443e-01
2.391852587461471558e-01
2.396246492862701416e-01
2.354706823825836182e-01
2.338083386421203613e-01
2.355607151985168457e-01
2.355404943227767944e-01
2.358019202947616577e-01
2.366030067205429077e-01
2.356394529342651367e-01
2.337930798530578613e-01
2.351783066987991333e-01
2.338863909244537354e-01
2.347729504108428955e-01
2.346844524145126343e-01
2.353340536355972290e-01
2.339394241571426392e-01
2.312545925378799438e-01
2.325219660997390747e-01
2.343366593122482300e-01
2.331038862466812134e-01
2.343748360872268677e-01
2.326838970184326172e-01
2.321960180997848511e-01
2.322706431150436401e-01
2.347888350486755371e-01
2.321191728115081787e-01
2.332933098077774048e-01
2.322668284177780151e-01
2.331300973892211914e-01
2.284978479146957397e-01
2.334837913513183594e-01
2.309238314628601074e-01
2.322529703378677368e-01
2.324167191982269287e-01
2.296176403760910034e-01
2.316325008869171143e-01
2.306326031684875488e-01
2.322878688573837280e-01
2.306375056505203247e-01
2.302490919828414917e-01
2.309525460004806519e-01
2.299705445766448975e-01
2.307950407266616821e-01
2.306066453456878662e-01
2.294800728559494019e-01
2.335555255413055420e-01
2.301423400640487671e-01
2.338390797376632690e-01
2.279513925313949585e-01
2.284200936555862427e-01
2.271022349596023560e-01
2.286111414432525635e-01
2.299176901578903198e-01
2.284655272960662842e-01
2.303144335746765137e-01
2.274197787046432495e-01
2.293534278869628906e-01
2.290064841508865356e-01
2.283417135477066040e-01
2.296160459518432617e-01
2.277532815933227539e-01
2.262326776981353760e-01
2.289414256811141968e-01
2.279518395662307739e-01
2.250203192234039307e-01
2.264208197593688965e-01
2.281469404697418213e-01
2.262479364871978760e-01
2.272928655147552490e-01
2.298206090927124023e-01
2.274186015129089355e-01
2.269908487796783447e-01
2.271887362003326416e-01
2.284498065710067749e-01
2.256741821765899658e-01
2.272517830133438110e-01
2.267963886260986328e-01
2.246935069561004639e-01
2.275825738906860352e-01
2.253521978855133057e-01
2.285172790288925171e-01
2.256770879030227661e-01
2.251757234334945679e-01
2.236283719539642334e-01
2.236809283494949341e-01
2.253571599721908569e-01
2.264138311147689819e-01
2.215100526809692383e-01
2.237829864025115967e-01
2.277014553546905518e-01
2.270641922950744629e-01
2.248884141445159912e-01
2.242942154407501221e-01
2.259670644998550415e-01
2.245551049709320068e-01
2.248886674642562866e-01
2.275856286287307739e-01
2.222158610820770264e-01
2.241463363170623779e-01
2.245198339223861694e-01
2.251618355512619019e-01
2.244251221418380737e-01
2.250769287347793579e-01
2.232138067483901978e-01
2.263901233673095703e-01
2.213407754898071289e-01
2.223456650972366333e-01
2.231014668941497803e-01
2.230996787548065186e-01
2.227673977613449097e-01
2.247072458267211914e-01
2.212519198656082153e-01
2.219949662685394287e-01
2.226802110671997070e-01
2.218556255102157593e-01
2.231463342905044556e-01
2.208092808723449707e-01
2.212435007095336914e-01
2.237549573183059692e-01
2.217821478843688965e-01
2.216430753469467163e-01
2.208278626203536987e-01
2.203689068555831909e-01
2.246152758598327637e-01
2.217019796371459961e-01
2.198542803525924683e-01
2.213615626096725464e-01
2.233018577098846436e-01
2.200069427490234375e-01
2.206399738788604736e-01
2.195825874805450439e-01
2.217605412006378174e-01
2.220005691051483154e-01
2.214318513870239258e-01
2.200127840042114258e-01
2.207061648368835449e-01
2.223144024610519409e-01
2.183940112590789795e-01
2.203908115625381470e-01
2.180064916610717773e-01
2.224799096584320068e-01
2.191258817911148071e-01
2.185483574867248535e-01
2.213554680347442627e-01
2.193126529455184937e-01
2.208866029977798462e-01
2.187690138816833496e-01
2.218869030475616455e-01
2.200948894023895264e-01
2.208135873079299927e-01
2.201531380414962769e-01
2.196699678897857666e-01
2.187680900096893311e-01
2.190138548612594604e-01
2.187816053628921509e-01
2.186030894517898560e-01
2.182227820158004761e-01
2.191294878721237183e-01
2.201077044010162354e-01
2.194048911333084106e-01
2.197376936674118042e-01
2.167297154664993286e-01
2.189109176397323608e-01
2.183142751455307007e-01
2.193376868963241577e-01
2.200019508600234985e-01
2.164899408817291260e-01
2.182235419750213623e-01
2.183329761028289795e-01
2.174222171306610107e-01
2.195290923118591309e-01
2.173495441675186157e-01
2.172393500804901123e-01
2.167844027280807495e-01
2.204597443342208862e-01
2.165367454290390015e-01
2.188208848237991333e-01
2.191264778375625610e-01
2.150043994188308716e-01
2.150657624006271362e-01
2.150283604860305786e-01
2.172582745552062988e-01
2.153778672218322754e-01
2.196509987115859985e-01
2.162863165140151978e-01
2.188781201839447021e-01
2.167951315641403198e-01
2.145971506834030151e-01
2.161129713058471680e-01
2.153444886207580566e-01
2.150577306747436523e-01
2.172286808490753174e-01
2.150805443525314331e-01
2.163615971803665161e-01
2.154193371534347534e-01
2.155328541994094849e-01
2.160357981920242310e-01
2.184053659439086914e-01
2.154152840375900269e-01
2.157954871654510498e-01
2.133195698261260986e-01
2.155880033969879150e-01
2.147292345762252808e-01
2.147778272628784180e-01
2.171721905469894409e-01
2.143532037734985352e-01
2.154503315687179565e-01
2.161214798688888550e-01
2.149034440517425537e-01
2.159452587366104126e-01
2.163358032703399658e-01
2.136088311672210693e-01
2.153989374637603760e-01
2.128394246101379395e-01
2.140526473522186279e-01
2.164522707462310791e-01
2.147995084524154663e-01
2.120050638914108276e-01
2.148851901292800903e-01
2.133926302194595337e-01
2.157682478427886963e-01
2.130395770072937012e-01
2.142844647169113159e-01
2.146109193563461304e-01
2.142001837491989136e-01
2.140225470066070557e-01
2.135654389858245850e-01
2.119175940752029419e-01
2.141788601875305176e-01
2.153648734092712402e-01
2.125556170940399170e-01
2.146771252155303955e-01
2.126479893922805786e-01
2.134726494550704956e-01
2.131175696849822998e-01
2.135812938213348389e-01
2.176049947738647461e-01
2.128985375165939331e-01
2.135788202285766602e-01
2.153782397508621216e-01
2.149961739778518677e-01
2.146196812391281128e-01
2.144659012556076050e-01
2.108642011880874634e-01
2.105846256017684937e-01
2.108884751796722412e-01
2.123214304447174072e-01
2.133281081914901733e-01
2.122116833925247192e-01
2.118559628725051880e-01
2.140829414129257202e-01
2.141399085521697998e-01
2.120404392480850220e-01
2.139295041561126709e-01
2.291974723339080811e-01
2.317537665367126465e-01
2.285266816616058350e-01
2.252897769212722778e-01
2.255207300186157227e-01
2.287862300872802734e-01
2.287868410348892212e-01
2.260531932115554810e-01
2.253839373588562012e-01
2.275182753801345825e-01
2.281142473220825195e-01
2.273895144462585449e-01
2.275573909282684326e-01
2.258850038051605225e-01
2.304092794656753540e-01
2.282910943031311035e-01
2.296312898397445679e-01
2.278663218021392822e-01
2.240605950355529785e-01
2.272549718618392944e-01
2.268709093332290649e-01
2.266161739826202393e-01
2.257060259580612183e-01
2.251145392656326294e-01
2.280806899070739746e-01
2.260028123855590820e-01
2.280813306570053101e-01
2.281461060047149658e-01
2.264900058507919312e-01
2.260564714670181274e-01
2.264309227466583252e-01
2.267241477966308594e-01
2.273367494344711304e-01
2.280487567186355591e-01
2.273164540529251099e-01
2.254672050476074219e-01
2.250854521989822388e-01
2.286048382520675659e-01
2.239709049463272095e-01
2.296368479728698730e-01
2.241600900888442993e-01
2.265242189168930054e-01
2.284969091415405273e-01
2.231648117303848267e-01
2.247844338417053223e-01
2.264695167541503906e-01
2.262015789747238159e-01
2.250273227691650391e-01
2.252216488122940063e-01
2.248613983392715454e-01
2.248000800609588623e-01
2.262781262397766113e-01
2.247070521116256714e-01
2.247724533081054688e-01
2.236929535865783691e-01
2.230389118194580078e-01
2.257938981056213379e-01
2.262823879718780518e-01
2.259069979190826416e-01
2.257080972194671631e-01
2.246997505426406860e-01
2.250656932592391968e-01
2.227496206760406494e-01
2.233629673719406128e-01
2.247997522354125977e-01
2.237913459539413452e-01
2.225847691297531128e-01
2.219370752573013306e-01
2.234068214893341064e-01
2.210380136966705322e-01
2.234622687101364136e-01
2.196365147829055786e-01
2.231499403715133667e-01
2.209990918636322021e-01
2.207784205675125122e-01
2.219134420156478882e-01
2.236963063478469849e-01
2.226833701133728027e-01
2.236108034849166870e-01
2.250332981348037720e-01
2.207831144332885742e-01
2.256079614162445068e-01
2.237896174192428589e-01
2.225201576948165894e-01
2.240596711635589600e-01
2.231191396713256836e-01
2.236005216836929321e-01
2.186230719089508057e-01
2.235219776630401611e-01
2.228880524635314941e-01
2.226074934005737305e-01
2.209779620170593262e-01
2.211749106645584106e-01
2.211094647645950317e-01
2.232764959335327148e-01
2.221225202083587646e-01
2.245372384786605835e-01
2.202053964138031006e-01
2.213286906480789185e-01
2.204391062259674072e-01
2.207089811563491821e-01
2.237639278173446655e-01
2.197652012109756470e-01
2.197660952806472778e-01
2.202810496091842651e-01
2.213440835475921631e-01
2.216989994049072266e-01
2.173834890127182007e-01
2.239520400762557983e-01
2.199687957763671875e-01
2.183060199022293091e-01
2.220716029405593872e-01
2.189601659774780273e-01
2.225604802370071411e-01
2.195743471384048462e-01
2.214593142271041870e-01
2.202631980180740356e-01
2.208749502897262573e-01
2.181287109851837158e-01
2.204483896493911743e-01
2.175741791725158691e-01
2.201324999332427979e-01
2.203809469938278198e-01
2.213817387819290161e-01
2.196323871612548828e-01
2.210592627525329590e-01
2.210482805967330933e-01
2.182570099830627441e-01
2.193711102008819580e-01
2.163098305463790894e-01
2.188367247581481934e-01
2.203852832317352295e-01
2.217808812856674194e-01
2.167227119207382202e-01
2.189543098211288452e-01
2.212824076414108276e-01
2.172235548496246338e-01
2.198476195335388184e-01
2.189817726612091064e-01
2.195099592208862305e-01
2.176698148250579834e-01
2.207904756069183350e-01
2.195503115653991699e-01
2.184854000806808472e-01
2.167024761438369751e-01
2.200306504964828491e-01
2.157915085554122925e-01
2.180287241935729980e-01
2.192797809839248657e-01
2.182254940271377563e-01
2.186083793640136719e-01
2.183482199907302856e-01
2.187084555625915527e-01
2.172261029481887817e-01
2.141932398080825806e-01
2.164182960987091064e-01
2.159172743558883667e-01
2.203411459922790527e-01
2.176875174045562744e-01
2.187111526727676392e-01
2.188855707645416260e-01
2.180938124656677246e-01
2.199358642101287842e-01
2.159609496593475342e-01
2.190353572368621826e-01
2.176794856786727905e-01
2.187939137220382690e-01
2.165236026048660278e-01
2.147565037012100220e-01
2.180367708206176758e-01
2.158880233764648438e-01
2.177449315786361694e-01
2.191159725189208984e-01
2.153378278017044067e-01
2.174255847930908203e-01
2.163877934217453003e-01
2.138365507125854492e-01
2.169262617826461792e-01
2.172570079565048218e-01
2.153420746326446533e-01
2.163944691419601440e-01
2.165159285068511963e-01
2.189129143953323364e-01
2.154609262943267822e-01
2.158854901790618896e-01
2.154010236263275146e-01
2.144871503114700317e-01
2.145841568708419800e-01
2.162932753562927246e-01
2.138852626085281372e-01
2.183062285184860229e-01
2.157034128904342651e-01
2.161197215318679810e-01
2.151719331741333008e-01
2.172078937292098999e-01
2.164974957704544067e-01
2.179974168539047241e-01
2.149094790220260620e-01
2.182310670614242554e-01
2.159652411937713623e-01
2.170711755752563477e-01
2.136464416980743408e-01
2.161121964454650879e-01
2.166332155466079712e-01
2.140080630779266357e-01
2.160892039537429810e-01
2.132485508918762207e-01
2.126942574977874756e-01
2.158715873956680298e-01
2.148645073175430298e-01
2.149018049240112305e-01
2.148763984441757202e-01
2.141057103872299194e-01
2.174900323152542114e-01
2.156003862619400024e-01
2.138460725545883179e-01
2.130148559808731079e-01
2.135968357324600220e-01
2.180813103914260864e-01
2.138544917106628418e-01
2.157283872365951538e-01
2.118867188692092896e-01
2.142144292593002319e-01
2.158726751804351807e-01
2.139879614114761353e-01
2.123682349920272827e-01
2.128385603427886963e-01
2.114310562610626221e-01
2.148120254278182983e-01
2.133304327726364136e-01
2.140816599130630493e-01
2.105627357959747314e-01
2.141357213258743286e-01
2.120988517999649048e-01
2.122368067502975464e-01
2.125819623470306396e-01
2.116495966911315918e-01
2.132001817226409912e-01
2.123750448226928711e-01
2.130472511053085327e-01
2.135633677244186401e-01
2.131437212228775024e-01
2.124577611684799194e-01
2.119973003864288330e-01
2.138990610837936401e-01
2.129865586757659912e-01
2.132045477628707886e-01
2.132646739482879639e-01
2.150500118732452393e-01
2.123795747756958008e-01
2.121120095252990723e-01
2.129135429859161377e-01
2.115133106708526611e-01
2.119019031524658203e-01
2.128615379333496094e-01
2.106160521507263184e-01
2.133322954177856445e-01
2.123578935861587524e-01
2.151400893926620483e-01
2.123225033283233643e-01
2.115085572004318237e-01
2.139280736446380615e-01
2.142043262720108032e-01
2.084917724132537842e-01
2.099929302930831909e-01
2.124473750591278076e-01
2.103265523910522461e-01
2.132078707218170166e-01
2.112582921981811523e-01
2.115767449140548706e-01
2.131679207086563110e-01
2.123663872480392456e-01
2.127407640218734741e-01
2.089697718620300293e-01
2.098574638366699219e-01
2.111697196960449219e-01
2.142958045005798340e-01
2.090950310230255127e-01
2.110468298196792603e-01
2.136538326740264893e-01
2.109087854623794556e-01
2.103919684886932373e-01
2.124167084693908691e-01
2.109887003898620605e-01
2.088577300310134888e-01
2.120756357908248901e-01
2.116721123456954956e-01
2.111389786005020142e-01
2.091637849807739258e-01
2.114257067441940308e-01
2.096171975135803223e-01
2.089299708604812622e-01
2.131835818290710449e-01
2.087925821542739868e-01
2.099768966436386108e-01
2.107637375593185425e-01
2.116118967533111572e-01
2.117263972759246826e-01
2.123796045780181885e-01
2.067052870988845825e-01
2.109224200248718262e-01
2.099595069885253906e-01
2.083760499954223633e-01
2.109807878732681274e-01
2.082351446151733398e-01
2.107426226139068604e-01
2.102155387401580811e-01
2.076920270919799805e-01
2.128390669822692871e-01
2.078269720077514648e-01
2.092967778444290161e-01
2.076853662729263306e-01
2.099603712558746338e-01
2.088668644428253174e-01
2.095993757247924805e-01
2.101874798536300659e-01
2.090112268924713135e-01
2.081947326660156250e-01
2.097050547599792480e-01
2.074846327304840088e-01
2.103796303272247314e-01
2.089240849018096924e-01
2.077408134937286377e-01
2.090547084808349609e-01
2.104369699954986572e-01
2.080795019865036011e-01
2.073696851730346680e-01
2.101393043994903564e-01
2.106027156114578247e-01
2.090616822242736816e-01
2.091523706912994385e-01
2.096277922391891479e-01
2.101992666721343994e-01
2.079979032278060913e-01
2.102363407611846924e-01
2.087652981281280518e-01
2.103357315063476562e-01
2.069504559040069580e-01
2.082241177558898926e-01
2.110647112131118774e-01
2.066182494163513184e-01
2.066412419080734253e-01
2.083807885646820068e-01
2.075891643762588501e-01
2.073763310909271240e-01
2.085099071264266968e-01
2.077303081750869751e-01
2.089202105998992920e-01
2.078694403171539307e-01
2.047277390956878662e-01
2.101579606533050537e-01
2.084938436746597290e-01
2.077003568410873413e-01
2.062533795833587646e-01
2.074340879917144775e-01
2.114491164684295654e-01
2.081643044948577881e-01
2.088975012302398682e-01
2.094931900501251221e-01
2.083497792482376099e-01
2.096372693777084351e-01
2.082680612802505493e-01
2.047007083892822266e-01
2.086174339056015015e-01
2.074335962533950806e-01
2.086470276117324829e-01
2.051989883184432983e-01
2.089334726333618164e-01
2.101637125015258789e-01
2.089772224426269531e-01
2.078229933977127075e-01
2.073335796594619751e-01
2.054400742053985596e-01
2.065290659666061401e-01
2.063139379024505615e-01
2.059857100248336792e-01
2.061623781919479370e-01
2.096434831619262695e-01
2.059468030929565430e-01
2.078505605459213257e-01
2.095417678356170654e-01
2.045046091079711914e-01
2.055176496505737305e-01
2.079613953828811646e-01
2.069861590862274170e-01
2.060505151748657227e-01
2.054108083248138428e-01
2.073583006858825684e-01
2.068130373954772949e-01
2.051714509725570679e-01
2.066333740949630737e-01
2.053226977586746216e-01
2.059592306613922119e-01
2.037910372018814087e-01
2.044568061828613281e-01
2.070987969636917114e-01
2.077864855527877808e-01
2.057219594717025757e-01
2.066285610198974609e-01
2.077777832746505737e-01
2.042973935604095459e-01
2.047619670629501343e-01
2.065935283899307251e-01
2.057987153530120850e-01
2.042447179555892944e-01
2.055802047252655029e-01
2.079954743385314941e-01
2.024440616369247437e-01
2.033896744251251221e-01
2.033372819423675537e-01
2.053196132183074951e-01
2.063727676868438721e-01
2.040174007415771484e-01
2.038587033748626709e-01
2.046260386705398560e-01
2.050810903310775757e-01
1.997168213129043579e-01
2.062596976757049561e-01
2.061055898666381836e-01
2.044161409139633179e-01
2.042039930820465088e-01
2.035347074270248413e-01
2.039016783237457275e-01
2.078282237052917480e-01
2.056115567684173584e-01
2.034056037664413452e-01
2.027354836463928223e-01
2.053771167993545532e-01
2.055105865001678467e-01
2.041783034801483154e-01
2.036256045103073120e-01
2.029674798250198364e-01
2.033143639564514160e-01
2.053726017475128174e-01
2.046579867601394653e-01
2.013020664453506470e-01
2.059315592050552368e-01
2.041941434144973755e-01
2.027353048324584961e-01
2.060235887765884399e-01
2.046221643686294556e-01
2.038760781288146973e-01
2.046315371990203857e-01
2.031702101230621338e-01
2.010923922061920166e-01
2.055581361055374146e-01
2.020867019891738892e-01
2.045524567365646362e-01
2.040575295686721802e-01
2.032548785209655762e-01
2.034038901329040527e-01
2.009701132774353027e-01
2.053702920675277710e-01
2.036146521568298340e-01
2.042935341596603394e-01
2.017487436532974243e-01
2.044584304094314575e-01
2.040403485298156738e-01
2.027347981929779053e-01
2.026247382164001465e-01
2.011444866657257080e-01
2.014322280883789062e-01
2.019661962985992432e-01
2.030335068702697754e-01
2.025496661663055420e-01
2.044366151094436646e-01
2.019736170768737793e-01
2.018374353647232056e-01
2.042310535907745361e-01
2.060536742210388184e-01
2.041414529085159302e-01
2.008731514215469360e-01
2.036824822425842285e-01
2.031487971544265747e-01
1.998926699161529541e-01
2.031503617763519287e-01
2.054883092641830444e-01
2.050882428884506226e-01
2.022060304880142212e-01
2.017022669315338135e-01
2.010516524314880371e-01
2.015775293111801147e-01
2.029292732477188110e-01
2.001730501651763916e-01
2.026091217994689941e-01
2.012339681386947632e-01
2.027826309204101562e-01
2.036945670843124390e-01
2.037501931190490723e-01
2.001515924930572510e-01
2.011262774467468262e-01
1.987692117691040039e-01
1.999734491109848022e-01
2.008224576711654663e-01
2.007360756397247314e-01
2.012233883142471313e-01
2.014847248792648315e-01
2.019013911485671997e-01
2.024139016866683960e-01
2.008975446224212646e-01
2.016624361276626587e-01
2.035219967365264893e-01
2.006328850984573364e-01
2.001213133335113525e-01
2.013739794492721558e-01
2.011157423257827759e-01
2.029898166656494141e-01
1.985879391431808472e-01
2.011319845914840698e-01
1.983633935451507568e-01
2.029834687709808350e-01
1.999570280313491821e-01
1.997090727090835571e-01
1.986942142248153687e-01
2.000416964292526245e-01
2.022684663534164429e-01
2.013995647430419922e-01
1.988137215375900269e-01
2.001155912876129150e-01
2.014951407909393311e-01
1.995727568864822388e-01
2.003013640642166138e-01
1.987491995096206665e-01
2.033392488956451416e-01
1.992010325193405151e-01
1.997862458229064941e-01
1.989043802022933960e-01
2.019153386354446411e-01
2.018401622772216797e-01
2.011008262634277344e-01
2.006352990865707397e-01
1.978716254234313965e-01
2.009665966033935547e-01
2.006755769252777100e-01
2.007262706756591797e-01
1.986076831817626953e-01
2.003258913755416870e-01
1.989869177341461182e-01
2.005414515733718872e-01
2.026303857564926147e-01
2.000838965177536011e-01
1.989481449127197266e-01
1.985066235065460205e-01
2.004799097776412964e-01
1.992093473672866821e-01
1.986809968948364258e-01
2.011072188615798950e-01
2.001834511756896973e-01
2.009937316179275513e-01
2.004535049200057983e-01
2.000660151243209839e-01
2.016699463129043579e-01
2.000695765018463135e-01
1.978459358215332031e-01
2.005866765975952148e-01
1.975729316473007202e-01
1.984101831912994385e-01
1.967747062444686890e-01
1.981425583362579346e-01
1.995799243450164795e-01
2.003917992115020752e-01
2.014666050672531128e-01
2.012042999267578125e-01
1.995093524456024170e-01
1.977523416280746460e-01
2.005808502435684204e-01
1.997630745172500610e-01
1.997721791267395020e-01
2.017974704504013062e-01
1.976989656686782837e-01
1.988557577133178711e-01
2.020919471979141235e-01
1.996391862630844116e-01
1.977504789829254150e-01
2.005653679370880127e-01
1.969724595546722412e-01
1.981830447912216187e-01
1.982159316539764404e-01
2.003777474164962769e-01
2.019605338573455811e-01
1.961633563041687012e-01
1.964341104030609131e-01
1.981167793273925781e-01
1.987953633069992065e-01
1.981269419193267822e-01
1.965247839689254761e-01
1.970592737197875977e-01
2.008211016654968262e-01
1.979035288095474243e-01
1.988412737846374512e-01
1.971893608570098877e-01
1.964037716388702393e-01
1.964174062013626099e-01
1.956652998924255371e-01
1.975671947002410889e-01
1.979798376560211182e-01
1.996767520904541016e-01
1.969405710697174072e-01
1.992853283882141113e-01
1.979461461305618286e-01
1.935315430164337158e-01
1.972385346889495850e-01
2.001287192106246948e-01
1.984372437000274658e-01
1.936846524477005005e-01
1.985223591327667236e-01
1.974761784076690674e-01
2.014551907777786255e-01
1.996428668498992920e-01
1.990510523319244385e-01
1.969324201345443726e-01
1.975151598453521729e-01
1.952962726354598999e-01
1.976653635501861572e-01
1.970321238040924072e-01
1.958019584417343140e-01
1.956497281789779663e-01
1.959687918424606323e-01
1.982585340738296509e-01
1.977353990077972412e-01
1.998210251331329346e-01
1.983253061771392822e-01
1.947156637907028198e-01
1.957777440547943115e-01
1.952195316553115845e-01
1.955085843801498413e-01
1.977906227111816406e-01
1.952624768018722534e-01
1.983970701694488525e-01
1.944363266229629517e-01
1.975745409727096558e-01
1.978809386491775513e-01
1.943014860153198242e-01
1.972792744636535645e-01
1.956625878810882568e-01
1.939132511615753174e-01
1.969925016164779663e-01
1.944054067134857178e-01
1.979645043611526489e-01
1.958001255989074707e-01
1.977113783359527588e-01
1.973165124654769897e-01
1.972897499799728394e-01
1.966138780117034912e-01
1.980006247758865356e-01
1.945561319589614868e-01
1.977065354585647583e-01
1.948098838329315186e-01
1.963938176631927490e-01
1.931211650371551514e-01
1.977701336145401001e-01
1.974645853042602539e-01
1.963339895009994507e-01
1.988869160413742065e-01
1.940003484487533569e-01
1.961718201637268066e-01
1.957274675369262695e-01
1.972353458404541016e-01
1.961249262094497681e-01
1.955901533365249634e-01
1.977539509534835815e-01
1.952227205038070679e-01
1.957381218671798706e-01
1.944493949413299561e-01
1.972059756517410278e-01
1.950742602348327637e-01
1.941028684377670288e-01
1.955498456954956055e-01
1.929986029863357544e-01
1.968212872743606567e-01
1.957415193319320679e-01
1.956043094396591187e-01
1.974664777517318726e-01
1.935193538665771484e-01
1.949015706777572632e-01
1.960912644863128662e-01
1.931698918342590332e-01
1.947959214448928833e-01
1.972069889307022095e-01
1.952240765094757080e-01
1.954168379306793213e-01
1.958352327346801758e-01
1.956667602062225342e-01
1.946362406015396118e-01
1.947620958089828491e-01
1.946641057729721069e-01
1.964961141347885132e-01
1.979526877403259277e-01
1.961538940668106079e-01
1.971444338560104370e-01
1.941352635622024536e-01
1.971634924411773682e-01
1.979254186153411865e-01
1.969780176877975464e-01
1.969813406467437744e-01
1.949532330036163330e-01
1.918460875749588013e-01
1.975356042385101318e-01
1.977813243865966797e-01
1.947794258594512939e-01
1.966203302145004272e-01
1.961420327425003052e-01
1.941466182470321655e-01
1.902502775192260742e-01
1.947166621685028076e-01
1.975748836994171143e-01
1.939717382192611694e-01
1.954956948757171631e-01
1.963696777820587158e-01
1.951056569814682007e-01
1.974602043628692627e-01
1.941822916269302368e-01
1.932240128517150879e-01
1.935731768608093262e-01
1.954205483198165894e-01
1.925907731056213379e-01
1.939754486083984375e-01
1.973230987787246704e-01
1.950032711029052734e-01
1.951973736286163330e-01
1.937705278396606445e-01
1.942376345396041870e-01
1.928688436746597290e-01
1.918888539075851440e-01
1.949541121721267700e-01
1.948166191577911377e-01
1.971874237060546875e-01
1.924278885126113892e-01
1.953599154949188232e-01
1.931930333375930786e-01
1.945570409297943115e-01
1.944061964750289917e-01
1.911488175392150879e-01
1.949169784784317017e-01
1.950251311063766479e-01
1.959811896085739136e-01
1.970432847738265991e-01
1.913081407546997070e-01
1.941326111555099487e-01
1.941778063774108887e-01
1.905617862939834595e-01
1.928699463605880737e-01
1.919697672128677368e-01
1.927102208137512207e-01
1.965171992778778076e-01
1.943235844373703003e-01
1.938822567462921143e-01
1.932563185691833496e-01
1.916393488645553589e-01
1.925339549779891968e-01
1.929715126752853394e-01
1.946024596691131592e-01
1.939172148704528809e-01
1.949309110641479492e-01
1.939482539892196655e-01
1.913968920707702637e-01
1.936105340719223022e-01
1.951969414949417114e-01
1.934746801853179932e-01
1.935833692550659180e-01
1.922778338193893433e-01
1.970949918031692505e-01
1.927756965160369873e-01
1.944407671689987183e-01
1.926150768995285034e-01
1.938128769397735596e-01
1.912854313850402832e-01
1.951335668563842773e-01
1.918925344944000244e-01
1.902728825807571411e-01
1.933702230453491211e-01
1.931541860103607178e-01
1.920416802167892456e-01
1.927366852760314941e-01
1.921328008174896240e-01
1.946845203638076782e-01
1.921389400959014893e-01
1.937637627124786377e-01
1.928935348987579346e-01
1.953627318143844604e-01
1.929412931203842163e-01
1.933054029941558838e-01
1.922862976789474487e-01
1.933273673057556152e-01
1.911803483963012695e-01
1.929787844419479370e-01
1.938838809728622437e-01
1.928766816854476929e-01
1.919746696949005127e-01
1.926207542419433594e-01
1.922240406274795532e-01
1.890701800584793091e-01
1.922065615653991699e-01
1.918710470199584961e-01
1.913990527391433716e-01
1.950478404760360718e-01
1.907105296850204468e-01
1.921043395996093750e-01
1.936736106872558594e-01
1.931853741407394409e-01
