1.477560718059539813e+00
1.117798346877098004e+00
9.860998016595839966e-01
8.366998177766800104e-01
7.631695055961609242e-01
7.342527991533279730e-01
6.940451452136039423e-01
5.984140411019325256e-01
5.916048073768616078e-01
5.766359865665435791e-01
5.948113313317299200e-01
5.693412980437279058e-01
5.727954590320587513e-01
5.468248265981674461e-01
4.882437762618064836e-01
4.642883422970771612e-01
4.743373778462409707e-01
4.657676833868026889e-01
4.604881289601325811e-01
4.648619505763054160e-01
4.683787262439727539e-01
3.906312656402587957e-01
4.053781190514564314e-01
3.976674136519431912e-01
4.064091244339942954e-01
4.193729493021964849e-01
4.118137773871421992e-01
4.100550881028175443e-01
4.249542227387428373e-01
4.657451641559600675e-01
4.620201909542083762e-01
4.630229066312313013e-01
4.734810042381286666e-01
4.472386601567268638e-01
4.686190496385097548e-01
2.429981125891208515e-01
2.545265772938728466e-01
2.668567307293415181e-01
2.740355954319238507e-01
2.657969861477613716e-01
2.919217643141746588e-01
2.866987799108028367e-01
1.589686127007007566e-01
1.600007953494787249e-01
1.794774038344621736e-01
1.618690042197704348e-01
1.901155620813369806e-01
1.983530288562178612e-01
2.016181113570928440e-01
1.069623754266649518e-01
1.146824019029736574e-01
1.173187723569572016e-01
1.395466406457126218e-01
1.334867031499743506e-01
1.561327322199940748e-01
1.533389327675104274e-01
1.134091421216726348e-01
1.027529721707105687e-01
1.248272778745740663e-01
1.279763948544859753e-01
1.076894101407378929e-01
1.382781032379716557e-01
1.290191572345793236e-01
1.128872308135032698e-01
8.751046719029545451e-02
8.745643600821495500e-02
9.960048567503690387e-02
1.132975072599947397e-01
1.106744697131216565e-01
1.202055014669895228e-01
9.069569140672684160e-02
6.966116771101951710e-02
8.935201460262760798e-02
1.160477893287315959e-01
8.538111208938062302e-02
1.114802092779427767e-01
1.066085268743336145e-01
8.281940357293933463e-02
7.513987986370920802e-02
8.504111416172235871e-02
8.036733906716107823e-02
8.292181571014226038e-02
1.109351519763003974e-01
1.015981138404458695e-01
1.008468362130224699e-01
8.516108569689094521e-02
6.940612025326117762e-02
7.225066516082734314e-02
9.022929175756871922e-02
7.878971250727773157e-02
1.051785835204645941e-01
5.933847549371421004e-02
6.482602317351847387e-02
7.209264956414700165e-02
7.852523752022534664e-02
8.153736696112900972e-02
8.394443123601376400e-02
9.370929299853741901e-02
7.221454891376197227e-02
7.073411145247518461e-02
7.143002289347349931e-02
7.241283229552208933e-02
8.648647232446819710e-02
9.613947315141559147e-02
7.350064291153103613e-02
