1.513898195028305027e+00
9.180545216798782215e-01
7.574429404735565363e-01
7.002313730120658386e-01
6.565223842859267966e-01
6.225427982211112488e-01
6.213336756825447171e-01
5.642387619614601668e-01
5.784172084927559077e-01
5.474957591295241954e-01
5.640747556090355275e-01
5.620185923576355158e-01
5.153910741209983826e-01
5.078576384484767559e-01
5.095875999331473949e-01
5.139142990112304243e-01
5.410896135866641865e-01
4.862536123394965992e-01
4.850470933318138389e-01
4.817371520400047236e-01
4.852445709705353050e-01
4.875213754177093461e-01
4.731522746384143607e-01
4.779537466168403692e-01
4.814815324544906572e-01
4.423037917912006622e-01
4.791124200820922607e-01
4.636257386207580655e-01
4.585098512470722198e-01
4.488198709487914995e-01
4.381624987721443043e-01
4.345342440903186554e-01
4.470887215435505047e-01
4.365198349952697510e-01
4.641821619868278237e-01
4.580010526627302236e-01
4.230325293540954656e-01
4.476490536332130565e-01
4.273906764388084589e-01
4.255243694782256947e-01
4.202110047638416557e-01
4.430302628874778770e-01
4.217692467570304804e-01
4.119590182602405615e-01
4.389567911624908669e-01
4.357596789300441920e-01
4.165252029895782360e-01
4.274435153603553528e-01
4.027323898673057512e-01
4.140593495965003701e-01
4.233117851614952021e-01
4.107612663507461681e-01
3.943375837802887141e-01
4.253559096157550901e-01
4.242011673748493084e-01
4.060661520063877372e-01
4.030994915962219372e-01
3.972788880765438235e-01
3.975247468054294853e-01
3.886910115182399816e-01
3.812527990341186279e-01
3.922356255352497101e-01
4.170897011458873926e-01
3.911221022903919042e-01
3.899493764340877799e-01
3.994171820580959542e-01
3.952266187965869926e-01
3.890216585993766518e-01
4.115723237395286782e-01
3.911691813170909970e-01
3.677471718192100725e-01
3.717578692734241352e-01
3.803880184888839833e-01
3.681102015078067669e-01
3.965975755453109985e-01
3.830520960688590937e-01
3.893244066834449790e-01
3.843580020964145749e-01
3.774652409553527765e-01
3.807997637987136641e-01
3.840798720717429893e-01
3.621794125437736711e-01
3.766804569959640303e-01
3.710183300077914970e-01
3.734616857767105169e-01
3.757768142223358310e-01
3.535280200839042708e-01
3.505471545457840010e-01
3.793675273656845204e-01
3.657206402719020977e-01
3.651910752058029064e-01
3.507556734979152546e-01
3.482255318760871798e-01
3.687385991215705872e-01
3.558114637434482419e-01
3.648651562631129996e-01
3.554501686990261256e-01
3.588410273194312938e-01
3.714556349813938341e-01
3.541670551896095032e-01
3.611612552404403487e-01
3.497640757262706623e-01
3.607269388437270852e-01
3.534167549014091692e-01
3.543060915172099867e-01
3.574207770824432417e-01
3.633564099669456260e-01
3.691874723136425174e-01
3.330133375525474726e-01
3.480893355607986295e-01
3.561326701939105943e-01
3.459469969570636572e-01
3.454029761254787667e-01
3.627951399981975689e-01
3.516544304788112862e-01
3.523334302008152008e-01
3.666857680678367593e-01
3.283995875716209656e-01
3.583866114914417422e-01
3.407600764930248105e-01
3.380525901913642994e-01
3.592373521625995547e-01
3.515462332963943393e-01
3.484655711054802096e-01
3.533777885138988384e-01
3.695217807590961412e-01
3.506545130908489405e-01
3.435037167370319500e-01
3.381701301038265162e-01
3.509503071010112718e-01
3.385978598892688818e-01
3.267325049638747925e-01
3.559457854926585951e-01
3.455196544528007507e-01
3.433402232825756295e-01
