9.770438671112060547e-01
9.705694913864135742e-01
9.643295407295227051e-01
9.580668210983276367e-01
9.512447118759155273e-01
9.431926012039184570e-01
9.352788329124450684e-01
9.248061776161193848e-01
9.134891629219055176e-01
9.004636406898498535e-01
8.864445686340332031e-01
8.684000372886657715e-01
8.487060070037841797e-01
8.297048211097717285e-01
8.041563034057617188e-01
7.760460376739501953e-01
7.516909837722778320e-01
7.179841399192810059e-01
6.832081675529479980e-01
6.531019210815429688e-01
6.197345256805419922e-01
6.218808889389038086e-01
5.872327089309692383e-01
5.462266206741333008e-01
5.301645398139953613e-01
5.271981954574584961e-01
5.275908708572387695e-01
5.325530767440795898e-01
5.272368192672729492e-01
5.291391015052795410e-01
5.278013348579406738e-01
5.278165340423583984e-01
5.013585686683654785e-01
4.966881871223449707e-01
4.935181736946105957e-01
4.930636882781982422e-01
4.873453378677368164e-01
4.818953275680541992e-01
4.799373745918273926e-01
4.770484566688537598e-01
4.719687998294830322e-01
4.706646800041198730e-01
4.700102806091308594e-01
4.646947681903839111e-01
4.581914246082305908e-01
4.548695087432861328e-01
4.512701928615570068e-01
4.471131861209869385e-01
4.478232860565185547e-01
4.521886110305786133e-01
4.448619186878204346e-01
4.412636756896972656e-01
4.410989880561828613e-01
4.329489469528198242e-01
4.432446658611297607e-01
4.324550330638885498e-01
4.279955029487609863e-01
4.303236901760101318e-01
4.277547597885131836e-01
4.278011023998260498e-01
4.268890023231506348e-01
4.193260669708251953e-01
4.177009761333465576e-01
4.158333539962768555e-01
4.117459058761596680e-01
4.144549965858459473e-01
4.107955098152160645e-01
4.095244109630584717e-01
4.126835763454437256e-01
4.117755591869354248e-01
3.977170884609222412e-01
4.034416675567626953e-01
4.071167707443237305e-01
4.089072346687316895e-01
3.951553702354431152e-01
3.993386626243591309e-01
3.962025940418243408e-01
3.983501493930816650e-01
3.934851586818695068e-01
3.920241594314575195e-01
3.923430442810058594e-01
3.893900513648986816e-01
3.881027698516845703e-01
3.912480771541595459e-01
3.868496716022491455e-01
3.884991109371185303e-01
3.800350129604339600e-01
3.856817185878753662e-01
3.860569298267364502e-01
3.802613615989685059e-01
3.799401223659515381e-01
3.794760406017303467e-01
3.769373595714569092e-01
3.761519789695739746e-01
3.771007955074310303e-01
3.755422532558441162e-01
3.717247247695922852e-01
3.725448548793792725e-01
3.717427849769592285e-01
3.688451349735260010e-01
3.694979846477508545e-01
3.688492774963378906e-01
3.666824400424957275e-01
3.698866069316864014e-01
3.680431842803955078e-01
3.618512451648712158e-01
3.690054714679718018e-01
3.654970824718475342e-01
3.649198412895202637e-01
3.616902828216552734e-01
3.604794144630432129e-01
3.586550056934356689e-01
3.557229638099670410e-01
3.617053627967834473e-01
3.582918345928192139e-01
3.565718233585357666e-01
3.589040040969848633e-01
3.606206476688385010e-01
3.553214669227600098e-01
3.543769717216491699e-01
3.557226061820983887e-01
3.499103188514709473e-01
3.579367399215698242e-01
3.518890738487243652e-01
3.526471257209777832e-01
3.490376472473144531e-01
3.503442108631134033e-01
3.470780849456787109e-01
3.524710237979888916e-01
3.485162854194641113e-01
3.482019305229187012e-01
3.447749614715576172e-01
3.468211591243743896e-01
3.485894501209259033e-01
3.432483971118927002e-01
3.428031206130981445e-01
3.426763117313385010e-01
3.448620736598968506e-01
3.430759906768798828e-01
3.404938876628875732e-01
3.438529968261718750e-01
3.395284414291381836e-01
3.404164910316467285e-01
3.391443789005279541e-01
3.389500081539154053e-01
3.366461396217346191e-01
3.369716405868530273e-01
3.390901088714599609e-01
3.376275599002838135e-01
3.368450105190277100e-01
3.358183205127716064e-01
3.333920240402221680e-01
3.350544273853302002e-01
3.335783183574676514e-01
3.318701088428497314e-01
3.298584818840026855e-01
3.283940255641937256e-01
3.322526216506958008e-01
3.310726284980773926e-01
3.293301463127136230e-01
3.291385173797607422e-01
3.251137137413024902e-01
3.305096626281738281e-01
3.300538361072540283e-01
3.272774517536163330e-01
3.266188204288482666e-01
3.274530768394470215e-01
3.250635862350463867e-01
3.220513164997100830e-01
3.254432678222656250e-01
3.214968442916870117e-01
3.215627968311309814e-01
3.226152956485748291e-01
3.233442902565002441e-01
3.213678896427154541e-01
3.240624666213989258e-01
3.193736374378204346e-01
3.208692669868469238e-01
3.201032280921936035e-01
3.154258430004119873e-01
3.215100467205047607e-01
3.173983097076416016e-01
3.177810311317443848e-01
3.221454918384552002e-01
3.159827589988708496e-01
3.146020472049713135e-01
3.158405125141143799e-01
3.145039677619934082e-01
3.162770867347717285e-01
3.155004084110260010e-01
3.155638575553894043e-01
3.149767220020294189e-01
3.100281655788421631e-01
3.121775090694427490e-01
3.123793601989746094e-01
3.108571171760559082e-01
3.091575205326080322e-01
3.124454319477081299e-01
3.097258508205413818e-01
3.096698224544525146e-01
3.055589199066162109e-01
3.095693588256835938e-01
3.066079616546630859e-01
3.059599995613098145e-01
3.087223470211029053e-01
3.084339797496795654e-01
3.085886240005493164e-01
3.075045049190521240e-01
3.058241307735443115e-01
3.071613907814025879e-01
3.033359348773956299e-01
3.059513568878173828e-01
3.034084439277648926e-01
3.039688467979431152e-01
3.014957010746002197e-01
3.009790778160095215e-01
3.028690814971923828e-01
3.010044395923614502e-01
3.022921085357666016e-01
2.986583709716796875e-01
3.003954887390136719e-01
2.981858849525451660e-01
2.998174130916595459e-01
3.003150820732116699e-01
2.986387312412261963e-01
2.981477975845336914e-01
2.992886602878570557e-01
2.949930727481842041e-01
2.962713837623596191e-01
2.956495881080627441e-01
2.969944477081298828e-01
2.988409399986267090e-01
2.951550185680389404e-01
2.936519384384155273e-01
2.968622744083404541e-01
2.931378781795501709e-01
2.917672693729400635e-01
2.906690239906311035e-01
2.920561134815216064e-01
2.914155125617980957e-01
2.936809062957763672e-01
2.921044826507568359e-01
2.962715327739715576e-01
2.889846265316009521e-01
2.896662354469299316e-01
2.881112694740295410e-01
2.882462739944458008e-01
2.880300283432006836e-01
2.896136045455932617e-01
2.890102863311767578e-01
2.893007397651672363e-01
2.896457612514495850e-01
2.853955626487731934e-01
2.866595387458801270e-01
2.848470807075500488e-01
2.918788194656372070e-01
2.852989137172698975e-01
2.833707928657531738e-01
2.835396230220794678e-01
2.842205464839935303e-01
2.852718532085418701e-01
2.867730855941772461e-01
2.776252925395965576e-01
2.807572185993194580e-01
2.797982692718505859e-01
2.821744680404663086e-01
2.796183526515960693e-01
2.802850604057312012e-01
2.820826470851898193e-01
2.807062864303588867e-01
2.807519435882568359e-01
2.798831164836883545e-01
2.787943780422210693e-01
2.799809575080871582e-01
2.786417007446289062e-01
2.786795794963836670e-01
2.771075963973999023e-01
2.762928307056427002e-01
2.768002152442932129e-01
2.781284749507904053e-01
2.745457589626312256e-01
2.777071893215179443e-01
2.734784781932830811e-01
2.743540108203887939e-01
2.720360159873962402e-01
2.724135518074035645e-01
2.746236324310302734e-01
2.753393650054931641e-01
2.740101516246795654e-01
2.714108526706695557e-01
2.810268402099609375e-01
2.721731066703796387e-01
2.720358073711395264e-01
2.716287672519683838e-01
2.742599844932556152e-01
2.712211906909942627e-01
2.733410298824310303e-01
2.701733410358428955e-01
2.687406837940216064e-01
2.716149687767028809e-01
2.708687484264373779e-01
2.687999010086059570e-01
2.668216228485107422e-01
2.690162062644958496e-01
2.675297558307647705e-01
2.687035501003265381e-01
2.668302655220031738e-01
2.690797150135040283e-01
2.684822380542755127e-01
2.669021189212799072e-01
2.658854722976684570e-01
2.644733190536499023e-01
2.655952572822570801e-01
2.667636871337890625e-01
2.638087570667266846e-01
2.632218599319458008e-01
2.641140520572662354e-01
2.625953853130340576e-01
2.607287168502807617e-01
2.674625813961029053e-01
2.642153501510620117e-01
2.649353146553039551e-01
2.661448419094085693e-01
2.623186111450195312e-01
2.613551616668701172e-01
2.584272325038909912e-01
2.631937265396118164e-01
2.647086083889007568e-01
2.590355575084686279e-01
2.587282061576843262e-01
2.596691548824310303e-01
2.603006362915039062e-01
2.596387565135955811e-01
2.585383951663970947e-01
2.590274810791015625e-01
2.549830973148345947e-01
2.614013552665710449e-01
2.607202529907226562e-01
2.577113211154937744e-01
2.585707902908325195e-01
2.580883800983428955e-01
2.554950416088104248e-01
2.569902837276458740e-01
2.565005123615264893e-01
2.547087669372558594e-01
2.548394799232482910e-01
2.530331313610076904e-01
2.567608654499053955e-01
2.541016936302185059e-01
2.533210515975952148e-01
2.536669671535491943e-01
2.524003982543945312e-01
2.584531903266906738e-01
2.562999129295349121e-01
2.512609064579010010e-01
2.546190321445465088e-01
2.525974214076995850e-01
2.542614638805389404e-01
2.531718015670776367e-01
2.523057758808135986e-01
2.511818110942840576e-01
2.547133862972259521e-01
2.504171133041381836e-01
2.525227367877960205e-01
2.489764243364334106e-01
2.537551522254943848e-01
2.488329857587814331e-01
2.522018551826477051e-01
2.539421319961547852e-01
2.496832013130187988e-01
2.510604858398437500e-01
2.502169013023376465e-01
2.498631626367568970e-01
2.485088258981704712e-01
2.489987313747406006e-01
2.497893869876861572e-01
2.510756850242614746e-01
2.490362226963043213e-01
2.479535937309265137e-01
2.466745823621749878e-01
2.450323104858398438e-01
2.482644617557525635e-01
2.482335269451141357e-01
2.449381202459335327e-01
2.499798089265823364e-01
2.428644597530364990e-01
2.453599423170089722e-01
2.452989965677261353e-01
2.452212125062942505e-01
2.458861768245697021e-01
2.468264102935791016e-01
2.439009696245193481e-01
2.426536381244659424e-01
2.439207732677459717e-01
2.441617697477340698e-01
2.420125156641006470e-01
2.418458014726638794e-01
2.425373047590255737e-01
2.417489886283874512e-01
2.438716739416122437e-01
2.430295497179031372e-01
2.410256862640380859e-01
2.423227429389953613e-01
2.404604107141494751e-01
2.392332404851913452e-01
2.421165406703948975e-01
2.401294857263565063e-01
2.393830716609954834e-01
2.417300939559936523e-01
2.418075054883956909e-01
2.406910806894302368e-01
2.382684946060180664e-01
2.394822984933853149e-01
2.392253279685974121e-01
2.396582663059234619e-01
2.390202581882476807e-01
2.403203994035720825e-01
2.413648217916488647e-01
2.361513674259185791e-01
2.409420907497406006e-01
2.397249937057495117e-01
2.383960634469985962e-01
2.391104698181152344e-01
2.402721643447875977e-01
2.356792390346527100e-01
2.395167648792266846e-01
2.404282540082931519e-01
2.402150183916091919e-01
2.364220619201660156e-01
2.381213158369064331e-01
2.394904196262359619e-01
2.379076778888702393e-01
2.373699396848678589e-01
2.363389730453491211e-01
2.352279275655746460e-01
2.374314665794372559e-01
2.354316562414169312e-01
2.356133460998535156e-01
2.355114072561264038e-01
2.385552525520324707e-01
2.365312427282333374e-01
2.368941307067871094e-01
2.378707975149154663e-01
2.354373931884765625e-01
2.349936664104461670e-01
2.353448569774627686e-01
2.344011366367340088e-01
2.360747456550598145e-01
2.341584265232086182e-01
2.382552921772003174e-01
2.345923483371734619e-01
2.344091832637786865e-01
2.325744330883026123e-01
2.340375185012817383e-01
2.319521903991699219e-01
2.357683926820755005e-01
2.338416427373886108e-01
2.320054918527603149e-01
2.340142130851745605e-01
2.321028560400009155e-01
2.327280789613723755e-01
2.331932038068771362e-01
2.343069612979888916e-01
2.330625206232070923e-01
2.359512448310852051e-01
2.321368008852005005e-01
2.332049906253814697e-01
2.300345301628112793e-01
2.317852228879928589e-01
2.327933311462402344e-01
2.315150350332260132e-01
2.315256744623184204e-01
2.314665466547012329e-01
2.299479246139526367e-01
2.291179150342941284e-01
2.325258553028106689e-01
2.307879477739334106e-01
2.288191914558410645e-01
2.322647869586944580e-01
2.314962148666381836e-01
2.338339835405349731e-01
2.287896573543548584e-01
2.279431819915771484e-01
2.324518412351608276e-01
2.283058911561965942e-01
2.309293150901794434e-01
2.297280281782150269e-01
2.291571944952011108e-01
2.299880832433700562e-01
2.329606562852859497e-01
2.300486117601394653e-01
2.293272018432617188e-01
2.291073650121688843e-01
2.294052839279174805e-01
2.263624370098114014e-01
2.279706150293350220e-01
2.282938361167907715e-01
2.275121510028839111e-01
2.267248034477233887e-01
2.266389280557632446e-01
2.275034189224243164e-01
2.253805100917816162e-01
2.269178479909896851e-01
2.272664755582809448e-01
2.269950211048126221e-01
2.289082407951354980e-01
2.289146035909652710e-01
2.254125326871871948e-01
2.249155491590499878e-01
2.267834991216659546e-01
2.275615334510803223e-01
2.262820899486541748e-01
2.243487387895584106e-01
2.256135493516921997e-01
2.255660891532897949e-01
2.233350425958633423e-01
2.256770282983779907e-01
2.241894453763961792e-01
2.240262776613235474e-01
2.243804484605789185e-01
2.254735082387924194e-01
2.256676554679870605e-01
2.242776304483413696e-01
2.236189246177673340e-01
2.243232429027557373e-01
2.228244543075561523e-01
2.256756126880645752e-01
2.233248949050903320e-01
2.235355377197265625e-01
2.229501307010650635e-01
2.236491292715072632e-01
2.279771417379379272e-01
2.238409072160720825e-01
2.227772921323776245e-01
2.225577086210250854e-01
2.246741205453872681e-01
2.246456295251846313e-01
2.259597629308700562e-01
2.223327755928039551e-01
2.236624807119369507e-01
2.225913405418395996e-01
2.233643382787704468e-01
2.218608856201171875e-01
2.238399833440780640e-01
2.224132567644119263e-01
2.229476869106292725e-01
2.228534966707229614e-01
2.199632823467254639e-01
2.218688279390335083e-01
2.223691940307617188e-01
2.239085137844085693e-01
2.215380519628524780e-01
2.211994826793670654e-01
2.202387601137161255e-01
2.210711091756820679e-01
2.198514044284820557e-01
2.214652001857757568e-01
2.232057750225067139e-01
2.193558067083358765e-01
2.219499051570892334e-01
2.210261672735214233e-01
2.201478928327560425e-01
2.208290547132492065e-01
2.212018519639968872e-01
2.201241105794906616e-01
2.203426659107208252e-01
2.195171266794204712e-01
2.177941650152206421e-01
2.214089930057525635e-01
2.222144603729248047e-01
2.205799221992492676e-01
2.206686586141586304e-01
2.209974080324172974e-01
2.277630269527435303e-01
2.193940430879592896e-01
2.199225723743438721e-01
2.195146381855010986e-01
2.180947959423065186e-01
2.183740586042404175e-01
2.170496135950088501e-01
2.211944013833999634e-01
2.190252244472503662e-01
2.189765572547912598e-01
2.184829860925674438e-01
2.181390225887298584e-01
2.192047238349914551e-01
2.198006808757781982e-01
2.183335423469543457e-01
2.182377874851226807e-01
2.176968604326248169e-01
2.179918587207794189e-01
2.172296941280364990e-01
2.143930047750473022e-01
2.173687815666198730e-01
2.180866599082946777e-01
2.164265066385269165e-01
2.166664600372314453e-01
2.181689888238906860e-01
2.181997746229171753e-01
2.168430387973785400e-01
2.169232815504074097e-01
2.168138772249221802e-01
2.183101922273635864e-01
2.172943055629730225e-01
2.184653431177139282e-01
2.160148322582244873e-01
2.178177982568740845e-01
2.184391468763351440e-01
2.170678973197937012e-01
2.179195582866668701e-01
2.154188454151153564e-01
2.157223224639892578e-01
2.157439142465591431e-01
2.159121185541152954e-01
2.155246585607528687e-01
2.154308855533599854e-01
2.151832729578018188e-01
2.151580601930618286e-01
2.189803868532180786e-01
2.157920449972152710e-01
2.156308442354202271e-01
2.133328020572662354e-01
2.144250869750976562e-01
2.136211246252059937e-01
2.158653140068054199e-01
2.141316980123519897e-01
2.153316587209701538e-01
2.168060243129730225e-01
2.127768099308013916e-01
2.125860601663589478e-01
2.155756950378417969e-01
2.160860747098922729e-01
2.170259803533554077e-01
2.141848355531692505e-01
2.152885198593139648e-01
2.143306434154510498e-01
2.108527421951293945e-01
2.127798199653625488e-01
2.131542116403579712e-01
2.153223752975463867e-01
2.145124524831771851e-01
2.141076624393463135e-01
2.145188599824905396e-01
2.137177735567092896e-01
2.148215621709823608e-01
2.144736051559448242e-01
2.134874761104583740e-01
2.127856016159057617e-01
2.144685238599777222e-01
2.123497128486633301e-01
2.137192934751510620e-01
2.114466577768325806e-01
2.139379680156707764e-01
2.130481898784637451e-01
2.128832489252090454e-01
2.126734554767608643e-01
2.109594643115997314e-01
2.126665413379669189e-01
2.123755812644958496e-01
2.128012627363204956e-01
2.123573720455169678e-01
2.132422477006912231e-01
2.120235562324523926e-01
2.144107371568679810e-01
2.124022245407104492e-01
2.122882455587387085e-01
2.117151021957397461e-01
2.132638543844223022e-01
2.139434516429901123e-01
2.124645709991455078e-01
2.107259184122085571e-01
2.122954130172729492e-01
2.131510972976684570e-01
2.120026201009750366e-01
2.134530991315841675e-01
2.113696038722991943e-01
2.120670974254608154e-01
2.108107954263687134e-01
2.121736407279968262e-01
2.119753062725067139e-01
2.098403722047805786e-01
2.099250257015228271e-01
2.117811292409896851e-01
2.105102390050888062e-01
2.089163661003112793e-01
2.078076899051666260e-01
2.091676443815231323e-01
2.110428512096405029e-01
2.103322595357894897e-01
2.109013944864273071e-01
2.100419700145721436e-01
2.098735570907592773e-01
2.106272429227828979e-01
2.097163200378417969e-01
2.118190973997116089e-01
2.115251123905181885e-01
2.099806815385818481e-01
2.094767987728118896e-01
2.088128626346588135e-01
2.121338546276092529e-01
2.109303474426269531e-01
2.083633542060852051e-01
2.126187682151794434e-01
2.087173908948898315e-01
2.107212841510772705e-01
2.092653810977935791e-01
2.105761766433715820e-01
2.099054306745529175e-01
2.089477032423019409e-01
2.096436321735382080e-01
2.085548788309097290e-01
2.082856297492980957e-01
2.122543007135391235e-01
2.093562334775924683e-01
2.090053707361221313e-01
2.100100219249725342e-01
2.105672508478164673e-01
2.068371325731277466e-01
2.063636928796768188e-01
2.103574573993682861e-01
2.063709944486618042e-01
2.069353610277175903e-01
2.067349553108215332e-01
2.084160447120666504e-01
2.100898921489715576e-01
2.109690159559249878e-01
2.058048993349075317e-01
2.059971392154693604e-01
2.077113538980484009e-01
2.085243314504623413e-01
2.074711173772811890e-01
2.089879661798477173e-01
2.088917195796966553e-01
2.075142413377761841e-01
2.059861868619918823e-01
2.075889557600021362e-01
2.077735066413879395e-01
2.067941576242446899e-01
2.087584882974624634e-01
2.078561484813690186e-01
2.055946886539459229e-01
2.075847536325454712e-01
2.067433297634124756e-01
2.075045257806777954e-01
2.081114351749420166e-01
2.048716843128204346e-01
2.071341872215270996e-01
2.086737006902694702e-01
2.061394155025482178e-01
2.063561677932739258e-01
2.059366255998611450e-01
2.062845826148986816e-01
2.065294682979583740e-01
2.064602971076965332e-01
2.078179121017456055e-01
2.078636735677719116e-01
2.084719240665435791e-01
2.064674794673919678e-01
2.079606503248214722e-01
2.052986770868301392e-01
2.051993161439895630e-01
2.066271007061004639e-01
2.057143598794937134e-01
2.060242295265197754e-01
2.049038261175155640e-01
2.059686630964279175e-01
2.035197913646697998e-01
2.026590257883071899e-01
2.031874507665634155e-01
2.061572968959808350e-01
2.071616053581237793e-01
2.037819027900695801e-01
2.076858729124069214e-01
2.077147811651229858e-01
2.051886171102523804e-01
2.064029574394226074e-01
2.044568508863449097e-01
2.060570269823074341e-01
2.059664279222488403e-01
2.042661309242248535e-01
2.047397941350936890e-01
2.053892016410827637e-01
2.053474932909011841e-01
2.044020891189575195e-01
2.042097598314285278e-01
2.047364860773086548e-01
2.077950984239578247e-01
2.068456560373306274e-01
2.031531780958175659e-01
2.038737982511520386e-01
2.063735127449035645e-01
2.033497244119644165e-01
2.063123285770416260e-01
2.063444554805755615e-01
2.023191452026367188e-01
2.033342868089675903e-01
2.028957456350326538e-01
2.025019526481628418e-01
2.057742178440093994e-01
2.044448852539062500e-01
2.052319347858428955e-01
2.032235413789749146e-01
2.009940892457962036e-01
2.050173133611679077e-01
2.027392983436584473e-01
2.028374224901199341e-01
2.017270773649215698e-01
2.059895545244216919e-01
2.037556320428848267e-01
2.037057280540466309e-01
2.049840688705444336e-01
2.043245434761047363e-01
2.008426040410995483e-01
2.030180245637893677e-01
2.022562325000762939e-01
2.030484080314636230e-01
2.032648324966430664e-01
2.067989110946655273e-01
2.036310136318206787e-01
2.013124823570251465e-01
2.044731676578521729e-01
2.024022340774536133e-01
2.034004479646682739e-01
2.049660086631774902e-01
2.038767784833908081e-01
2.026342749595642090e-01
1.999718695878982544e-01
2.021517008543014526e-01
2.012671083211898804e-01
2.034055292606353760e-01
2.024997025728225708e-01
2.008878439664840698e-01
2.016221582889556885e-01
2.019721418619155884e-01
1.986464858055114746e-01
2.030980437994003296e-01
2.011925578117370605e-01
2.012997269630432129e-01
2.022784948348999023e-01
2.006158977746963501e-01
2.007415741682052612e-01
2.000859528779983521e-01
2.013280987739562988e-01
2.022424787282943726e-01
2.031732052564620972e-01
2.019701600074768066e-01
2.027915567159652710e-01
2.014383077621459961e-01
2.030545622110366821e-01
1.991660594940185547e-01
1.999658346176147461e-01
2.017375379800796509e-01
2.019345909357070923e-01
1.993213295936584473e-01
2.028212100267410278e-01
2.016273289918899536e-01
1.988110244274139404e-01
1.998215764760971069e-01
2.035144865512847900e-01
2.014149129390716553e-01
2.013792097568511963e-01
2.018587291240692139e-01
2.003079205751419067e-01
1.973758339881896973e-01
2.000706195831298828e-01
2.014744430780410767e-01
2.013348489999771118e-01
1.969890445470809937e-01
2.024054825305938721e-01
1.995019018650054932e-01
2.031145840883255005e-01
1.997968554496765137e-01
2.010737806558609009e-01
2.002474665641784668e-01
1.987161338329315186e-01
1.992486566305160522e-01
1.997877210378646851e-01
2.009313255548477173e-01
1.979864239692687988e-01
1.999887526035308838e-01
1.971624493598937988e-01
1.992467939853668213e-01
2.003840804100036621e-01
1.976779848337173462e-01
1.997324526309967041e-01
1.979889422655105591e-01
2.003015726804733276e-01
1.987210065126419067e-01
1.986564546823501587e-01
1.976042389869689941e-01
1.984975486993789673e-01
2.000211626291275024e-01
1.978811323642730713e-01
1.993368864059448242e-01
1.980639100074768066e-01
1.981024295091629028e-01
1.977678984403610229e-01
1.993903815746307373e-01
2.019214928150177002e-01
1.972641646862030029e-01
1.964204609394073486e-01
1.984225213527679443e-01
2.002106159925460815e-01
1.987336575984954834e-01
1.995496898889541626e-01
1.976954489946365356e-01
1.973399072885513306e-01
1.991053968667984009e-01
1.957500278949737549e-01
1.992856562137603760e-01
1.959186494350433350e-01
2.004676908254623413e-01
1.978731155395507812e-01
1.987315416336059570e-01
1.991395056247711182e-01
1.999356448650360107e-01
1.973153948783874512e-01
1.978783160448074341e-01
1.977805942296981812e-01
1.949592679738998413e-01
1.977853924036026001e-01
1.988807916641235352e-01
1.969922631978988647e-01
1.958484947681427002e-01
1.983636170625686646e-01
2.006293684244155884e-01
1.985370963811874390e-01
1.994836330413818359e-01
1.983468383550643921e-01
1.966853141784667969e-01
1.971504241228103638e-01
1.988900452852249146e-01
1.976072639226913452e-01
1.954928040504455566e-01
1.973875910043716431e-01
1.976098716259002686e-01
1.953950226306915283e-01
1.976805478334426880e-01
1.991026252508163452e-01
1.969046443700790405e-01
1.965585649013519287e-01
1.963001489639282227e-01
1.959376931190490723e-01
1.983244866132736206e-01
1.968464553356170654e-01
1.965421885251998901e-01
1.977534592151641846e-01
1.984733641147613525e-01
1.952962428331375122e-01
1.962156742811203003e-01
1.949263066053390503e-01
1.952394247055053711e-01
1.990111321210861206e-01
1.975902169942855835e-01
1.961825639009475708e-01
1.973934322595596313e-01
1.977141201496124268e-01
1.973390132188796997e-01
1.971925944089889526e-01
1.965099722146987915e-01
1.967300921678543091e-01
1.967641562223434448e-01
1.972945481538772583e-01
1.955024302005767822e-01
1.952163279056549072e-01
1.955806910991668701e-01
1.951970010995864868e-01
1.935249716043472290e-01
1.969905197620391846e-01
1.943372637033462524e-01
1.955718845129013062e-01
1.948357373476028442e-01
1.937395781278610229e-01
1.934754401445388794e-01
1.952467262744903564e-01
1.960359662771224976e-01
1.955581903457641602e-01
1.950725018978118896e-01
1.960211992263793945e-01
1.953082829713821411e-01
1.948279291391372681e-01
1.968850493431091309e-01
1.962067037820816040e-01
1.947540789842605591e-01
1.924460977315902710e-01
1.951683908700942993e-01
1.958045810461044312e-01
1.957999467849731445e-01
1.955128908157348633e-01
1.971726119518280029e-01
1.956216096878051758e-01
1.958643496036529541e-01
1.938663572072982788e-01
1.932827979326248169e-01
1.948107779026031494e-01
1.967772394418716431e-01
1.978101730346679688e-01
1.934638917446136475e-01
1.947526186704635620e-01
1.947881579399108887e-01
1.941841393709182739e-01
1.938599348068237305e-01
1.948971003293991089e-01
1.944184899330139160e-01
1.945235878229141235e-01
1.942930221557617188e-01
1.921561956405639648e-01
1.958749741315841675e-01
1.946448087692260742e-01
1.925568878650665283e-01
1.929840296506881714e-01
1.919680684804916382e-01
1.943181008100509644e-01
1.933519840240478516e-01
1.933881789445877075e-01
1.940424293279647827e-01
1.933466047048568726e-01
1.921996474266052246e-01
1.933231055736541748e-01
1.931362897157669067e-01
1.927415132522583008e-01
1.951479017734527588e-01
1.930079609155654907e-01
1.925952434539794922e-01
1.921249181032180786e-01
1.935175210237503052e-01
1.918977051973342896e-01
1.937073618173599243e-01
1.939443051815032959e-01
1.935407072305679321e-01
1.933544129133224487e-01
1.942556947469711304e-01
1.938461810350418091e-01
1.921124309301376343e-01
1.940285712480545044e-01
1.943150907754898071e-01
1.963383108377456665e-01
1.946180760860443115e-01
1.931324303150177002e-01
1.932069510221481323e-01
1.915710568428039551e-01
1.918282210826873779e-01
1.911990940570831299e-01
1.936258673667907715e-01
1.935341358184814453e-01
1.937497854232788086e-01
1.909182220697402954e-01
1.923583447933197021e-01
1.908580958843231201e-01
1.939117759466171265e-01
1.919875890016555786e-01
1.926398277282714844e-01
1.939619332551956177e-01
1.923207491636276245e-01
1.907622069120407104e-01
1.927962899208068848e-01
1.903613209724426270e-01
1.907431036233901978e-01
1.929527372121810913e-01
1.908529102802276611e-01
1.899256855249404907e-01
1.916796416044235229e-01
1.923046708106994629e-01
1.917218565940856934e-01
1.927419453859329224e-01
1.930552721023559570e-01
1.934147924184799194e-01
1.936724334955215454e-01
1.905046552419662476e-01
1.934222877025604248e-01
1.920486539602279663e-01
1.917373836040496826e-01
1.917195320129394531e-01
1.928271055221557617e-01
1.935856342315673828e-01
1.890811920166015625e-01
1.926122754812240601e-01
1.906675845384597778e-01
1.896525174379348755e-01
1.913668960332870483e-01
1.908137351274490356e-01
1.939545124769210815e-01
1.907758414745330811e-01
1.909819394350051880e-01
1.925863325595855713e-01
1.883978247642517090e-01
1.913936287164688110e-01
1.919623911380767822e-01
1.917253881692886353e-01
1.905630677938461304e-01
1.931381374597549438e-01
1.909880042076110840e-01
1.938143074512481689e-01
1.907195895910263062e-01
1.919001042842864990e-01
1.912669837474822998e-01
1.923383325338363647e-01
1.891143620014190674e-01
1.908836811780929565e-01
1.890877485275268555e-01
1.914369016885757446e-01
1.926756948232650757e-01
1.902562230825424194e-01
1.889550685882568359e-01
1.896238178014755249e-01
1.888603568077087402e-01
1.912656575441360474e-01
1.916350275278091431e-01
1.906033009290695190e-01
1.908413469791412354e-01
1.938057988882064819e-01
1.907470077276229858e-01
1.899129152297973633e-01
1.897146552801132202e-01
1.897034645080566406e-01
1.886395663022994995e-01
1.887440979480743408e-01
1.872601509094238281e-01
1.908264905214309692e-01
1.909677237272262573e-01
1.874246746301651001e-01
1.906498223543167114e-01
1.895105540752410889e-01
1.926756352186203003e-01
1.886663734912872314e-01
1.886191070079803467e-01
1.889441311359405518e-01
1.883307844400405884e-01
1.928063929080963135e-01
1.881605982780456543e-01
1.890683919191360474e-01
1.891043037176132202e-01
1.896283775568008423e-01
1.915820688009262085e-01
1.892173141241073608e-01
1.876074522733688354e-01
1.929458528757095337e-01
1.893354207277297974e-01
1.906864643096923828e-01
1.889412403106689453e-01
1.906823068857192993e-01
1.896305680274963379e-01
1.890572905540466309e-01
1.875865608453750610e-01
1.907747536897659302e-01
1.891600936651229858e-01
1.884663403034210205e-01
1.893125623464584351e-01
1.878445744514465332e-01
1.906838417053222656e-01
1.885235607624053955e-01
1.877759248018264771e-01
1.889180541038513184e-01
1.885381937026977539e-01
1.906930208206176758e-01
1.907032132148742676e-01
1.897371709346771240e-01
1.890020817518234253e-01
1.886462122201919556e-01
1.906936019659042358e-01
1.885535717010498047e-01
1.897492706775665283e-01
1.866019219160079956e-01
1.890987008810043335e-01
1.887560337781906128e-01
1.858745813369750977e-01
1.899896562099456787e-01
1.881148964166641235e-01
1.874849647283554077e-01
1.889199316501617432e-01
1.905089467763900757e-01
1.882610172033309937e-01
1.885221749544143677e-01
1.877998709678649902e-01
1.865489035844802856e-01
1.883577406406402588e-01
1.877507269382476807e-01
1.877275705337524414e-01
1.888077259063720703e-01
1.881341636180877686e-01
1.887381225824356079e-01
1.874096095561981201e-01
1.886778473854064941e-01
1.875059753656387329e-01
1.896409988403320312e-01
1.877470463514328003e-01
1.866414695978164673e-01
1.883137822151184082e-01
1.893353760242462158e-01
1.888414174318313599e-01
1.858975589275360107e-01
1.870165765285491943e-01
1.905352771282196045e-01
1.885096132755279541e-01
1.883527934551239014e-01
1.885056495666503906e-01
1.899501085281372070e-01
1.896341592073440552e-01
1.889946609735488892e-01
1.868432909250259399e-01
2.049930542707443237e-01
2.037122547626495361e-01
2.043273448944091797e-01
2.023847401142120361e-01
2.010292857885360718e-01
2.038409858942031860e-01
2.031626403331756592e-01
2.040137052536010742e-01
2.058330625295639038e-01
2.041750103235244751e-01
2.025016099214553833e-01
2.031887471675872803e-01
2.026539891958236694e-01
2.053170949220657349e-01
2.023716568946838379e-01
2.045574039220809937e-01
2.016548961400985718e-01
2.031261771917343140e-01
2.030400186777114868e-01
2.034768313169479370e-01
2.031773924827575684e-01
2.041917592287063599e-01
2.031892240047454834e-01
2.035855352878570557e-01
2.045697420835494995e-01
2.020486295223236084e-01
2.016798853874206543e-01
2.019709795713424683e-01
2.043371796607971191e-01
2.038340121507644653e-01
2.014143764972686768e-01
2.040045112371444702e-01
2.032450586557388306e-01
2.058213502168655396e-01
2.034057229757308960e-01
2.017443776130676270e-01
2.042236924171447754e-01
2.023645192384719849e-01
2.029455304145812988e-01
2.055597752332687378e-01
2.011296749114990234e-01
2.017050236463546753e-01
2.013401538133621216e-01
2.036348283290863037e-01
2.030936181545257568e-01
1.998866796493530273e-01
2.008987814188003540e-01
2.017690688371658325e-01
2.010202258825302124e-01
1.999829858541488647e-01
2.026632577180862427e-01
1.998858749866485596e-01
2.030813395977020264e-01
2.027818858623504639e-01
2.032889425754547119e-01
2.035083919763565063e-01
2.030448317527770996e-01
2.021589577198028564e-01
2.034941613674163818e-01
2.010046839714050293e-01
2.005413621664047241e-01
2.016769200563430786e-01
1.999444365501403809e-01
2.024177461862564087e-01
2.003782838582992554e-01
2.016276866197586060e-01
2.025694251060485840e-01
2.003873139619827271e-01
1.977973133325576782e-01
2.011429667472839355e-01
2.016691565513610840e-01
2.037952095270156860e-01
2.009801566600799561e-01
2.017220854759216309e-01
2.020294964313507080e-01
2.008283436298370361e-01
2.005459666252136230e-01
2.016927152872085571e-01
2.011099159717559814e-01
2.024757117033004761e-01
2.004937380552291870e-01
2.017466276884078979e-01
2.005711048841476440e-01
2.018461078405380249e-01
2.020611763000488281e-01
2.026866674423217773e-01
1.993257701396942139e-01
1.984993666410446167e-01
1.990111321210861206e-01
2.031328976154327393e-01
2.012285292148590088e-01
1.988623738288879395e-01
2.003053426742553711e-01
2.005991339683532715e-01
2.002209573984146118e-01
1.980237960815429688e-01
2.003143280744552612e-01
1.982663720846176147e-01
1.995256096124649048e-01
2.004826813936233521e-01
2.013458758592605591e-01
2.005624026060104370e-01
2.008860409259796143e-01
1.980310827493667603e-01
1.990654021501541138e-01
2.003966569900512695e-01
2.008244991302490234e-01
1.980810165405273438e-01
2.022198140621185303e-01
2.007601410150527954e-01
2.010713666677474976e-01
2.004852890968322754e-01
1.970368325710296631e-01
2.014784365892410278e-01
2.005799412727355957e-01
2.003074139356613159e-01
1.991541981697082520e-01
2.000775188207626343e-01
1.992228776216506958e-01
2.011254727840423584e-01
1.985170096158981323e-01
1.964516937732696533e-01
1.997498571872711182e-01
1.998050659894943237e-01
2.009399533271789551e-01
1.987956166267395020e-01
1.994750350713729858e-01
2.009578645229339600e-01
2.024736702442169189e-01
1.993297487497329712e-01
2.001207470893859863e-01
2.022875398397445679e-01
2.007766813039779663e-01
1.986916959285736084e-01
1.991126090288162231e-01
1.976382583379745483e-01
2.006631046533584595e-01
2.010722458362579346e-01
2.003142535686492920e-01
1.977663636207580566e-01
2.000289112329483032e-01
1.983086913824081421e-01
1.979871690273284912e-01
1.988631486892700195e-01
1.974287778139114380e-01
1.976255178451538086e-01
1.975814700126647949e-01
1.963664442300796509e-01
1.981053799390792847e-01
1.983046233654022217e-01
1.984067112207412720e-01
2.000483125448226929e-01
1.976488828659057617e-01
1.980213224887847900e-01
1.973279118537902832e-01
2.011256217956542969e-01
1.972864121198654175e-01
1.997328996658325195e-01
1.974963396787643433e-01
1.983804255723953247e-01
1.992101371288299561e-01
1.979908347129821777e-01
1.933031976222991943e-01
2.006632834672927856e-01
2.017926424741744995e-01
1.990992873907089233e-01
1.996480077505111694e-01
2.012804597616195679e-01
1.994809061288833618e-01
1.964372098445892334e-01
1.985066086053848267e-01
2.009544670581817627e-01
1.955351978540420532e-01
1.983655691146850586e-01
1.979802995920181274e-01
1.986912786960601807e-01
1.988007873296737671e-01
1.973216384649276733e-01
1.988938003778457642e-01
1.984037607908248901e-01
1.979602277278900146e-01
1.984799802303314209e-01
1.982115209102630615e-01
1.969178169965744019e-01
1.935200989246368408e-01
1.989168822765350342e-01
1.972131431102752686e-01
1.951199918985366821e-01
1.967529505491256714e-01
1.951185166835784912e-01
1.971810460090637207e-01
1.971717029809951782e-01
1.980375200510025024e-01
1.990610361099243164e-01
1.968972235918045044e-01
1.957013607025146484e-01
1.937381476163864136e-01
1.999168097972869873e-01
1.978465765714645386e-01
1.965357810258865356e-01
1.979639381170272827e-01
1.952351629734039307e-01
1.964523643255233765e-01
1.986025422811508179e-01
1.961128115653991699e-01
1.958190500736236572e-01
1.962801665067672729e-01
2.004347443580627441e-01
1.967113912105560303e-01
1.940335333347320557e-01
1.960835903882980347e-01
1.973668485879898071e-01
1.949535310268402100e-01
1.950949132442474365e-01
1.956513226032257080e-01
1.975546032190322876e-01
1.964031457901000977e-01
1.951194554567337036e-01
1.996557265520095825e-01
1.988507956266403198e-01
1.965627521276473999e-01
1.972483247518539429e-01
1.966604441404342651e-01
1.978483200073242188e-01
1.968966871500015259e-01
1.968437582254409790e-01
1.971178203821182251e-01
1.967661976814270020e-01
1.960808485746383667e-01
1.970880031585693359e-01
1.980138421058654785e-01
1.955110430717468262e-01
1.986738890409469604e-01
1.955316364765167236e-01
1.972347497940063477e-01
1.964908689260482788e-01
1.955012828111648560e-01
1.953552067279815674e-01
1.953398883342742920e-01
1.985838115215301514e-01
1.942925900220870972e-01
1.951203346252441406e-01
1.942412406206130981e-01
1.964682787656784058e-01
1.935706585645675659e-01
1.945384293794631958e-01
1.967705935239791870e-01
1.944294273853302002e-01
1.959728598594665527e-01
1.943930685520172119e-01
1.962076723575592041e-01
1.962006539106369019e-01
1.953356266021728516e-01
1.940463781356811523e-01
1.960739791393280029e-01
1.936341077089309692e-01
1.921892464160919189e-01
1.932419091463088989e-01
1.967838704586029053e-01
1.942621022462844849e-01
1.961612850427627563e-01
1.948136389255523682e-01
1.966566294431686401e-01
1.952179968357086182e-01
1.958553940057754517e-01
1.957964003086090088e-01
1.924460083246231079e-01
1.956534385681152344e-01
1.939732283353805542e-01
1.940337121486663818e-01
1.945241540670394897e-01
1.932956874370574951e-01
1.978479772806167603e-01
1.951615810394287109e-01
1.955453455448150635e-01
1.940875649452209473e-01
1.958701759576797485e-01
1.947582513093948364e-01
1.956071108579635620e-01
1.950450837612152100e-01
1.945563256740570068e-01
1.967571824789047241e-01
1.952041387557983398e-01
1.962991207838058472e-01
1.962561905384063721e-01
1.958899796009063721e-01
1.944680362939834595e-01
1.941915452480316162e-01
1.933428496122360229e-01
1.927551776170730591e-01
1.950528919696807861e-01
1.964765489101409912e-01
1.931901127099990845e-01
1.923816949129104614e-01
1.949974447488784790e-01
1.932927221059799194e-01
1.957582086324691772e-01
1.952888220548629761e-01
1.947422474622726440e-01
1.932682394981384277e-01
