6.537813422083854631e-01
3.424730548262596153e-01
3.068301077187061132e-01
2.652325132489204429e-01
2.446084101498126884e-01
2.399259532988071431e-01
2.136157733201980713e-01
2.245688955485820870e-01
2.171306553483009216e-01
1.987641166150569960e-01
2.041667616367340010e-01
2.053462045639753430e-01
1.985573460161685899e-01
2.022463928163051594e-01
1.895731272548437096e-01
2.006745922565460194e-01
1.914441832154989143e-01
2.023730421811342217e-01
1.787703127413988180e-01
1.808121686428785235e-01
1.805899961292743716e-01
1.858510786294937100e-01
1.795261896401643686e-01
1.786737857758998738e-01
1.727205644547939178e-01
1.758421542495489098e-01
1.813472772389650434e-01
1.656726765632629272e-01
1.644080165028572182e-01
1.720740112662315358e-01
1.747379291802644841e-01
1.674452663213014669e-01
1.664874050766229630e-01
1.607573705911636286e-01
1.700385127961635545e-01
1.707633938640356064e-01
1.548156424611806803e-01
1.538689430803060476e-01
1.558573790639638801e-01
1.614847438037395611e-01
1.601202509552240305e-01
1.553982631117105384e-01
1.655445625633001350e-01
1.663256079703569479e-01
1.571849670261144527e-01
1.867560402303934108e-01
1.945074748247861973e-01
1.843306743726134400e-01
1.684537563100457214e-01
1.813854087889194555e-01
1.698878990858793125e-01
1.614734692871570565e-01
1.581127632781863246e-01
1.697623050585389259e-01
1.137694012001156801e-01
1.159921029023826128e-01
1.226238171756267592e-01
1.207499222829937907e-01
1.199921410903334595e-01
1.255480598285794169e-01
1.239467440266162207e-01
1.222405702620744661e-01
1.270709754899144173e-01
7.651913437061011458e-02
9.311330458149313927e-02
8.115058216266334001e-02
8.819152509793638794e-02
9.711562712676823084e-02
9.457348185591399337e-02
9.474203452467917785e-02
1.010119728185236432e-01
1.007390333618968792e-01
6.653939072508364971e-02
6.698487829882651678e-02
7.427495391108095146e-02
7.316738221794366615e-02
6.253253999166190347e-02
8.044399120379239210e-02
8.873129523359239712e-02
8.127093911636620871e-02
7.735603541135788186e-02
5.273047821130603247e-02
4.358070531859994240e-02
5.629363086773082892e-02
6.386040063574910386e-02
6.366121356841177026e-02
7.282767246477306333e-02
6.883392163552343179e-02
6.163115160539746340e-02
7.385825706180185191e-02
4.609543801867403007e-02
4.875497539062052799e-02
4.743550130864605113e-02
5.004505366552620960e-02
6.147452717181295379e-02
5.865568891167640547e-02
5.054594617336988227e-02
5.614841060014441609e-02
5.800233440822921693e-02
4.334756121039390342e-02
4.355035604210570621e-02
4.993323486298322650e-02
4.418070070445537234e-02
4.427429677394684182e-02
4.839817533735185640e-02
5.304823380196466848e-02
5.848678516107611025e-02
4.825493715004995632e-02
3.718117719981819252e-02
3.496627021464519119e-02
3.289799715508706646e-02
4.329130329191684806e-02
3.887194033013656458e-02
3.609771134390030167e-02
4.644159027608111417e-02
3.034836036618799096e-02
4.295160966226831134e-02
3.359409051015973396e-02
3.266391220706282156e-02
3.033608256606385237e-02
3.302599015645682479e-02
3.808496637502685467e-02
3.313565902062691471e-02
4.166912383050657559e-02
4.795314382994547708e-02
4.467172042815945737e-02
2.868229254498146433e-02
3.452946113015059604e-02
3.401913608249742399e-02
3.329193395911715647e-02
3.489725236722733548e-02
3.060563863466086304e-02
4.436493095126934488e-02
4.180565511720488181e-02
4.231369393353816288e-02
