9.992692619562149048e-02
9.900020807981491089e-02
9.798363596200942993e-02
9.702929109334945679e-02
9.591832756996154785e-02
9.483888745307922363e-02
9.359335899353027344e-02
9.188413619995117188e-02
9.018979221582412720e-02
8.840294182300567627e-02
8.615731447935104370e-02
8.407580852508544922e-02
8.173933625221252441e-02
7.904258370399475098e-02
7.638871669769287109e-02
7.382914423942565918e-02
7.030058652162551880e-02
6.738790869712829590e-02
6.626904755830764771e-02
6.284496933221817017e-02
6.215270236134529114e-02
5.883014202117919922e-02
5.895581841468811035e-02
5.792327597737312317e-02
5.695749074220657349e-02
6.280070543289184570e-02
5.583836510777473450e-02
5.497992783784866333e-02
5.486975237727165222e-02
5.346558243036270142e-02
5.437127873301506042e-02
5.294072628021240234e-02
5.102404579520225525e-02
4.947517067193984985e-02
4.921160265803337097e-02
4.874644428491592407e-02
4.886149987578392029e-02
4.811390116810798645e-02
4.827480390667915344e-02
4.810085892677307129e-02
4.762411117553710938e-02
4.761099070310592651e-02
4.739796370267868042e-02
4.663510248064994812e-02
4.602433368563652039e-02
4.681680724024772644e-02
4.637588188052177429e-02
4.573903232812881470e-02
4.646004736423492432e-02
4.541773349046707153e-02
4.584273323416709900e-02
4.455561563372612000e-02
4.472998902201652527e-02
4.429378360509872437e-02
4.423697292804718018e-02
4.447283968329429626e-02
4.395103082060813904e-02
4.429978504776954651e-02
4.314685985445976257e-02
4.362524673342704773e-02
4.308569058775901794e-02
4.242282733321189880e-02
4.326997324824333191e-02
4.277223348617553711e-02
4.206771776080131531e-02
4.248629137873649597e-02
4.259415343403816223e-02
4.222179204225540161e-02
4.151412844657897949e-02
4.181989654898643494e-02
4.161697626113891602e-02
4.125482961535453796e-02
4.113614559173583984e-02
4.102608934044837952e-02
4.129665717482566833e-02
4.109372198581695557e-02
4.037183523178100586e-02
4.031416773796081543e-02
4.068901762366294861e-02
4.024115204811096191e-02
4.048095643520355225e-02
4.050688073039054871e-02
4.030069708824157715e-02
4.078149423003196716e-02
4.012041538953781128e-02
3.976582363247871399e-02
4.006326571106910706e-02
3.964520618319511414e-02
3.902113065123558044e-02
3.969256207346916199e-02
3.950662538409233093e-02
3.914627432823181152e-02
3.891129419207572937e-02
3.889272734522819519e-02
3.852937743067741394e-02
3.872007504105567932e-02
3.872913867235183716e-02
3.875800967216491699e-02
3.860232234001159668e-02
3.834983706474304199e-02
3.823819011449813843e-02
3.828532621264457703e-02
3.841342777013778687e-02
3.789481520652770996e-02
3.778678178787231445e-02
3.788529336452484131e-02
3.753418475389480591e-02
3.763612732291221619e-02
3.800226375460624695e-02
3.754961490631103516e-02
3.743344172835350037e-02
3.754973039031028748e-02
3.668275102972984314e-02
3.752682358026504517e-02
3.656487166881561279e-02
3.698776289820671082e-02
3.669247403740882874e-02
3.669055923819541931e-02
3.642369434237480164e-02
3.673017397522926331e-02
3.681220859289169312e-02
3.648450225591659546e-02
3.596881031990051270e-02
3.652163967490196228e-02
3.614441677927970886e-02
3.597883135080337524e-02
3.599809110164642334e-02
3.562076017260551453e-02
3.581538796424865723e-02
3.604162111878395081e-02
3.581580892205238342e-02
3.582957014441490173e-02
3.556896373629570007e-02
3.561842441558837891e-02
3.543996438384056091e-02
3.550570085644721985e-02
3.516108542680740356e-02
3.573290258646011353e-02
3.493491560220718384e-02
3.524393960833549500e-02
3.502546995878219604e-02
3.510052338242530823e-02
3.491921350359916687e-02
3.490516543388366699e-02
3.495509922504425049e-02
3.451275080442428589e-02
3.461856767535209656e-02
3.485297784209251404e-02
3.486547991633415222e-02
3.476711362600326538e-02
3.481173142790794373e-02
3.429253026843070984e-02
3.451321274042129517e-02
3.418070077896118164e-02
3.427826985716819763e-02
3.402981907129287720e-02
3.444765880703926086e-02
3.387282043695449829e-02
3.366003558039665222e-02
3.412881121039390564e-02
3.393216431140899658e-02
3.372004628181457520e-02
3.355662152171134949e-02
3.374855592846870422e-02
3.357639163732528687e-02
3.312106430530548096e-02
3.343131020665168762e-02
3.354535624384880066e-02
3.319252654910087585e-02
3.330640122294425964e-02
3.356764093041419983e-02
3.339710459113121033e-02
3.300300613045692444e-02
3.304471820592880249e-02
3.290260583162307739e-02
3.311450406908988953e-02
3.274996206164360046e-02
3.262380883097648621e-02
3.297678008675575256e-02
3.247290477156639099e-02
3.254243358969688416e-02
3.282438218593597412e-02
3.239669278264045715e-02
3.270286694169044495e-02
3.237691149115562439e-02
3.263179212808609009e-02
3.281692415475845337e-02
3.244646638631820679e-02
3.216358646750450134e-02
3.271916136145591736e-02
3.211969882249832153e-02
3.207544237375259399e-02
3.211354091763496399e-02
3.188453987240791321e-02
3.214154392480850220e-02
3.169218823313713074e-02
3.194902092218399048e-02
3.148586302995681763e-02
3.201468288898468018e-02
3.122857585549354553e-02
3.164619207382202148e-02
3.195331618189811707e-02
3.136341273784637451e-02
3.209875524044036865e-02
3.189525008201599121e-02
3.150042518973350525e-02
3.154046460986137390e-02
3.126647695899009705e-02
3.165148198604583740e-02
3.156776353716850281e-02
3.092328272759914398e-02
3.096854686737060547e-02
3.127067908644676208e-02
3.102047555148601532e-02
3.134828060865402222e-02
3.109590522944927216e-02
3.109387867152690887e-02
3.088820353150367737e-02
3.077832423150539398e-02
3.133052587509155273e-02
3.074886277318000793e-02
3.070346079766750336e-02
3.053634800016880035e-02
3.037128783762454987e-02
3.064317069947719574e-02
3.059106506407260895e-02
3.079733252525329590e-02
3.033505193889141083e-02
3.055785596370697021e-02
3.050419501960277557e-02
3.038191236555576324e-02
3.045655786991119385e-02
3.027725778520107269e-02
3.033374622464179993e-02
3.019129298627376556e-02
3.028326109051704407e-02
3.026872687041759491e-02
3.020137548446655273e-02
3.072677366435527802e-02
3.017619065940380096e-02
3.022352419793605804e-02
2.991579286754131317e-02
3.055318258702754974e-02
3.015027381479740143e-02
3.001265041530132294e-02
2.991708554327487946e-02
2.997873537242412567e-02
2.958090417087078094e-02
3.017019294202327728e-02
2.995397150516510010e-02
2.973489463329315186e-02
2.957263402640819550e-02
2.986308000981807709e-02
2.943089045584201813e-02
2.930997870862483978e-02
2.990770153701305389e-02
2.963930368423461914e-02
2.979441545903682709e-02
2.949779294431209564e-02
2.965417504310607910e-02
2.917504124343395233e-02
2.941798605024814606e-02
2.923129871487617493e-02
2.928750775754451752e-02
2.964401803910732269e-02
2.911534905433654785e-02
2.916658855974674225e-02
2.920884452760219574e-02
2.919840253889560699e-02
2.905082143843173981e-02
2.903032675385475159e-02
2.914835512638092041e-02
2.919653430581092834e-02
2.911802008748054504e-02
2.900416590273380280e-02
2.868407964706420898e-02
2.921730093657970428e-02
2.892502583563327789e-02
2.878750301897525787e-02
2.873626351356506348e-02
2.895402349531650543e-02
2.860959246754646301e-02
2.887189202010631561e-02
2.864353358745574951e-02
2.878689579665660858e-02
2.856962196528911591e-02
2.895843796432018280e-02
2.868613600730895996e-02
2.833693660795688629e-02
2.862833440303802490e-02
2.866435609757900238e-02
2.824418619275093079e-02
2.849929966032505035e-02
2.809259109199047089e-02
2.884028665721416473e-02
2.833851985633373260e-02
2.809835411608219147e-02
2.808856964111328125e-02
2.819692902266979218e-02
2.786136232316493988e-02
2.840278111398220062e-02
2.825486660003662109e-02
2.821880020201206207e-02
2.849998138844966888e-02
2.804910950362682343e-02
2.801623754203319550e-02
2.784368209540843964e-02
2.778688073158264160e-02
2.781339548528194427e-02
2.786706760525703430e-02
2.740939892828464508e-02
2.780270390212535858e-02
2.789646945893764496e-02
2.764045633375644684e-02
2.779502980411052704e-02
2.784917689859867096e-02
2.783142961561679840e-02
2.769520319998264313e-02
2.803131379187107086e-02
2.771006338298320770e-02
2.777243033051490784e-02
2.761554718017578125e-02
2.753077261149883270e-02
2.745148539543151855e-02
2.765552699565887451e-02
2.757806144654750824e-02
2.746063470840454102e-02
2.775551937520503998e-02
2.743166126310825348e-02
2.730485610663890839e-02
2.762224152684211731e-02
2.708944119513034821e-02
2.719176374375820160e-02
2.713364735245704651e-02
2.738790027797222137e-02
2.736842446029186249e-02
2.687950432300567627e-02
2.726005949079990387e-02
2.696048654615879059e-02
2.693086676299571991e-02
2.710598707199096680e-02
2.698066271841526031e-02
2.736555039882659912e-02
2.658442966639995575e-02
2.715426124632358551e-02
2.695967629551887512e-02
2.694793976843357086e-02
2.726208232343196869e-02
2.708832919597625732e-02
2.670069411396980286e-02
2.702336385846138000e-02
2.678288333117961884e-02
2.681739628314971924e-02
2.684510312974452972e-02
2.657899633049964905e-02
2.664892375469207764e-02
2.640349604189395905e-02
2.675924636423587799e-02
2.685270085930824280e-02
2.641109563410282135e-02
2.646163105964660645e-02
2.661245130002498627e-02
2.659194543957710266e-02
2.634965814650058746e-02
2.649937570095062256e-02
2.657573297619819641e-02
2.672910690307617188e-02
2.659405209124088287e-02
2.647529356181621552e-02
2.647943794727325439e-02
2.658762969076633453e-02
2.594819664955139160e-02
2.602061443030834198e-02
2.624834515154361725e-02
2.619105018675327301e-02
2.648095600306987762e-02
2.657899819314479828e-02
2.594048157334327698e-02
2.602657489478588104e-02
2.600894868373870850e-02
2.599151991307735443e-02
2.606356516480445862e-02
2.627610228955745697e-02
2.629852667450904846e-02
2.613444440066814423e-02
2.582584694027900696e-02
2.594240568578243256e-02
2.634902857244014740e-02
2.601828239858150482e-02
2.597676776349544525e-02
2.582566812634468079e-02
2.578523568809032440e-02
2.597420290112495422e-02
2.597934007644653320e-02
2.596706524491310120e-02
2.578951790928840637e-02
2.591073326766490936e-02
2.558833174407482147e-02
2.579831890761852264e-02
2.580836229026317596e-02
2.601448073983192444e-02
2.560638822615146637e-02
2.547235228121280670e-02
2.553148008882999420e-02
2.596887387335300446e-02
2.557554282248020172e-02
2.571307122707366943e-02
2.554770745337009430e-02
2.570046484470367432e-02
2.541746757924556732e-02
2.566862665116786957e-02
2.515237964689731598e-02
2.541474997997283936e-02
2.548312023282051086e-02
2.560093067586421967e-02
2.535753510892391205e-02
2.527506090700626373e-02
2.511200308799743652e-02
2.553914859890937805e-02
2.550870552659034729e-02
2.515685558319091797e-02
2.567296288907527924e-02
2.494417317211627960e-02
2.527554705739021301e-02
2.517796494066715240e-02
2.519473247230052948e-02
2.514522336423397064e-02
2.526136301457881927e-02
2.514826133847236633e-02
2.525919489562511444e-02
2.505842410027980804e-02
2.489881217479705811e-02
2.496171183884143829e-02
2.524737082421779633e-02
2.487773261964321136e-02
2.510071359574794769e-02
2.491554431617259979e-02
2.532999590039253235e-02
2.487725764513015747e-02
2.497961930930614471e-02
2.475639246404170990e-02
2.533721365034580231e-02
2.497527562081813812e-02
2.513652481138706207e-02
2.502554096281528473e-02
2.464520744979381561e-02
2.473055012524127960e-02
2.502533607184886932e-02
2.482477389276027679e-02
2.453465573489665985e-02
2.492959983646869659e-02
2.485106140375137329e-02
2.467867359519004822e-02
2.461571805179119110e-02
2.455468289554119110e-02
2.485068328678607941e-02
2.481254190206527710e-02
2.472938783466815948e-02
2.466316893696784973e-02
2.463367022573947906e-02
2.474647574126720428e-02
2.471748180687427521e-02
2.472567744553089142e-02
2.470060065388679504e-02
2.458698675036430359e-02
2.432605810463428497e-02
2.442375756800174713e-02
2.442240156233310699e-02
2.435941435396671295e-02
2.432317472994327545e-02
2.449651062488555908e-02
2.446490526199340820e-02
2.430914714932441711e-02
2.447426132857799530e-02
2.429245412349700928e-02
2.459255605936050415e-02
2.453047409653663635e-02
2.433943562209606171e-02
2.423322573304176331e-02
2.459642291069030762e-02
2.416668832302093506e-02
2.417240850627422333e-02
2.436947636306285858e-02
2.406293526291847229e-02
2.430909872055053711e-02
2.450196631252765656e-02
2.400665357708930969e-02
2.412558346986770630e-02
2.430506236851215363e-02
2.441209368407726288e-02
2.415688149631023407e-02
2.409072965383529663e-02
2.433669008314609528e-02
2.431164123117923737e-02
2.430848218500614166e-02
2.390228770673274994e-02
2.421215176582336426e-02
2.380304969847202301e-02
2.386166155338287354e-02
2.397971600294113159e-02
2.392136864364147186e-02
2.407678402960300446e-02
2.412451244890689850e-02
2.438942156732082367e-02
2.425527758896350861e-02
2.375050075352191925e-02
2.383634820580482483e-02
2.408677898347377777e-02
2.377065829932689667e-02
2.393379621207714081e-02
2.379489503800868988e-02
2.388517186045646667e-02
2.392533235251903534e-02
2.368854545056819916e-02
2.380070462822914124e-02
2.366344444453716278e-02
2.395694516599178314e-02
2.392669394612312317e-02
2.396629750728607178e-02
2.346336282789707184e-02
2.363617159426212311e-02
2.374203316867351532e-02
2.352543547749519348e-02
2.389333769679069519e-02
2.378363721072673798e-02
2.374286577105522156e-02
2.410935238003730774e-02
2.392687834799289703e-02
2.365698106586933136e-02
2.372689731419086456e-02
2.380517125129699707e-02
2.369370870292186737e-02
2.367749251425266266e-02
2.377131208777427673e-02
2.352949976921081543e-02
2.374531328678131104e-02
2.361630834639072418e-02
2.330463752150535583e-02
2.346955239772796631e-02
2.368663810193538666e-02
2.372333034873008728e-02
2.357040531933307648e-02
2.349806390702724457e-02
2.347045764327049255e-02
2.349387668073177338e-02
2.342948317527770996e-02
2.363359183073043823e-02
2.358177676796913147e-02
2.355664595961570740e-02
2.371742203831672668e-02
2.373675070703029633e-02
2.357749640941619873e-02
2.331499755382537842e-02
2.379649318754673004e-02
2.336303889751434326e-02
2.336362563073635101e-02
2.348244003951549530e-02
2.337477356195449829e-02
2.351354621350765228e-02
2.359575405716896057e-02
2.336022071540355682e-02
2.321977727115154266e-02
2.323133125901222229e-02
2.334323897957801819e-02
2.344806306064128876e-02
2.359376661479473114e-02
2.311294153332710266e-02
2.293310500681400299e-02
2.306694351136684418e-02
2.352458238601684570e-02
2.339164353907108307e-02
2.338647283613681793e-02
2.329537458717823029e-02
2.307688817381858826e-02
2.322893589735031128e-02
2.349537238478660583e-02
2.344026230275630951e-02
2.331786789000034332e-02
2.310126274824142456e-02
2.329587936401367188e-02
2.327874116599559784e-02
2.310680225491523743e-02
2.324816398322582245e-02
2.342112176120281219e-02
2.332596667110919952e-02
2.293233014643192291e-02
2.333126030862331390e-02
2.299810014665126801e-02
2.298616431653499603e-02
2.343570627272129059e-02
2.317249588668346405e-02
2.297662384808063507e-02
2.315451577305793762e-02
2.317334897816181183e-02
2.318777516484260559e-02
2.294525690376758575e-02
2.263469062745571136e-02
2.316322736442089081e-02
2.331085316836833954e-02
2.310393005609512329e-02
2.287208288908004761e-02
2.311171591281890869e-02
2.311136387288570404e-02
2.310751192271709442e-02
2.317327447235584259e-02
2.293657697737216949e-02
2.318827249109745026e-02
2.291046082973480225e-02
2.283578738570213318e-02
2.267847023904323578e-02
2.320285327732563019e-02
2.294056117534637451e-02
2.287864126265048981e-02
2.257468551397323608e-02
2.288389019668102264e-02
2.267155610024929047e-02
2.271251566708087921e-02
2.306417189538478851e-02
2.284099720418453217e-02
2.273434773087501526e-02
2.269269898533821106e-02
2.275036647915840149e-02
2.284817211329936981e-02
2.258465625345706940e-02
2.308643609285354614e-02
2.281604334712028503e-02
2.282837592065334320e-02
2.248666062951087952e-02
2.284403331577777863e-02
2.264848351478576660e-02
2.249475382268428802e-02
2.261553891003131866e-02
2.264832891523838043e-02
2.267661131918430328e-02
2.258864417672157288e-02
2.262587100267410278e-02
2.257844060659408569e-02
2.245013788342475891e-02
2.283007651567459106e-02
2.258093468844890594e-02
2.244667336344718933e-02
2.250845171511173248e-02
2.251163497567176819e-02
2.230388671159744263e-02
2.233738638460636139e-02
2.233452908694744110e-02
2.283873036503791809e-02
2.261344529688358307e-02
2.290572784841060638e-02
2.235821820795536041e-02
2.240200154483318329e-02
2.269744873046875000e-02
2.277876436710357666e-02
2.222572453320026398e-02
2.237153798341751099e-02
2.245729975402355194e-02
2.245540730655193329e-02
2.260246686637401581e-02
2.269820310175418854e-02
2.242610976099967957e-02
2.226086519658565521e-02
2.258225530385971069e-02
2.221195027232170105e-02
2.246652171015739441e-02
2.255370281636714935e-02
2.241313457489013672e-02
2.212036587297916412e-02
2.233133465051651001e-02
2.237432263791561127e-02
2.259371243417263031e-02
2.216084860265254974e-02
2.240990102291107178e-02
2.240747772157192230e-02
2.225118689239025116e-02
2.230113558471202850e-02
2.200181968510150909e-02
2.233750373125076294e-02
2.220274507999420166e-02
2.243354730308055878e-02
2.232407405972480774e-02
2.229363285005092621e-02
2.225562557578086853e-02
2.210352383553981781e-02
2.230567298829555511e-02
2.220352552831172943e-02
2.234858088195323944e-02
2.212925441563129425e-02
2.229221723973751068e-02
2.198857627809047699e-02
2.198314294219017029e-02
2.229232899844646454e-02
2.209659107029438019e-02
2.217626385390758514e-02
2.219676226377487183e-02
2.208240516483783722e-02
2.215578965842723846e-02
2.221301756799221039e-02
2.194861136376857758e-02
2.212753519415855408e-02
2.222739160060882568e-02
2.236563712358474731e-02
2.213028073310852051e-02
2.196577563881874084e-02
2.231066301465034485e-02
2.232604473829269409e-02
2.243957854807376862e-02
2.206772752106189728e-02
2.228125184774398804e-02
2.176244184374809265e-02
2.243159711360931396e-02
2.213510870933532715e-02
2.195088006556034088e-02
2.205872349441051483e-02
2.169479802250862122e-02
2.187119238078594208e-02
2.203402668237686157e-02
2.213729918003082275e-02
2.210228331387042999e-02
2.194574102759361267e-02
2.192394062876701355e-02
2.213887684047222137e-02
2.215884067118167877e-02
2.191910706460475922e-02
2.199508436024188995e-02
2.189520187675952911e-02
2.185423858463764191e-02
2.194117195904254913e-02
2.201910875737667084e-02
2.191536687314510345e-02
2.188819833099842072e-02
2.187485061585903168e-02
2.185139805078506470e-02
2.195319347083568573e-02
2.165831252932548523e-02
2.194563858211040497e-02
2.190280519425868988e-02
2.206091955304145813e-02
2.199620194733142853e-02
2.193679288029670715e-02
2.178034000098705292e-02
2.173993363976478577e-02
2.197363041341304779e-02
2.185513451695442200e-02
2.209516242146492004e-02
2.183689177036285400e-02
2.175062336027622223e-02
2.201156131923198700e-02
2.175966463983058929e-02
2.211276441812515259e-02
2.186316810548305511e-02
2.162199281156063080e-02
2.178292721509933472e-02
2.182878367602825165e-02
2.142784930765628815e-02
2.179327979683876038e-02
2.188204415142536163e-02
2.166730351746082306e-02
2.175293490290641785e-02
2.193790860474109650e-02
2.186732366681098938e-02
2.168830856680870056e-02
2.153362520039081573e-02
2.183495275676250458e-02
2.167571336030960083e-02
2.158564515411853790e-02
2.177248895168304443e-02
2.157276682555675507e-02
2.166363596916198730e-02
2.160939574241638184e-02
2.170623280107975006e-02
2.182432822883129120e-02
2.165547758340835571e-02
2.164437621831893921e-02
2.167545631527900696e-02
2.162846736609935760e-02
2.153128944337368011e-02
2.166551910340785980e-02
2.139519155025482178e-02
2.167160622775554657e-02
2.150102704763412476e-02
2.188366465270519257e-02
2.140491269528865814e-02
2.173109166324138641e-02
2.130048722028732300e-02
2.154646068811416626e-02
2.164683677256107330e-02
2.134983055293560028e-02
2.148608490824699402e-02
2.141883410513401031e-02
2.161042951047420502e-02
2.146665006875991821e-02
2.154960110783576965e-02
2.153824083507061005e-02
2.159876003861427307e-02
2.138317190110683441e-02
2.133608609437942505e-02
2.181178145110607147e-02
2.143245749175548553e-02
2.119639888405799866e-02
2.149214409291744232e-02
2.165427058935165405e-02
2.142316848039627075e-02
2.140969783067703247e-02
2.167207933962345123e-02
2.147382125258445740e-02
2.166711352765560150e-02
2.145185880362987518e-02
2.148195356130599976e-02
2.140188962221145630e-02
2.167739905416965485e-02
2.137652225792407990e-02
2.159084752202033997e-02
2.134376391768455505e-02
2.146662585437297821e-02
2.145619690418243408e-02
2.133066765964031219e-02
2.151226066052913666e-02
2.132396027445793152e-02
2.150382474064826965e-02
2.159851603209972382e-02
2.155903168022632599e-02
2.123146131634712219e-02
2.135674841701984406e-02
2.152366749942302704e-02
2.115722745656967163e-02
2.130381576716899872e-02
2.144939824938774109e-02
2.121617272496223450e-02
2.150991372764110565e-02
2.148745022714138031e-02
2.116818726062774658e-02
2.135252207517623901e-02
2.139502204954624176e-02
2.127002552151679993e-02
2.144633047282695770e-02
2.137871459126472473e-02
2.125611715018749237e-02
2.105275355279445648e-02
2.126567624509334564e-02
2.135820686817169189e-02
2.126794122159481049e-02
2.128290198743343353e-02
2.155699022114276886e-02
2.102585323154926300e-02
2.128111384809017181e-02
2.131819538772106171e-02
2.110072039067745209e-02
2.129574120044708252e-02
2.125070802867412567e-02
2.123220264911651611e-02
2.098524756729602814e-02
2.116142772138118744e-02
2.130900882184505463e-02
2.105768583714962006e-02
2.126658521592617035e-02
2.149254456162452698e-02
2.126581035554409027e-02
2.118421159684658051e-02
2.117717824876308441e-02
2.136962860822677612e-02
2.128429524600505829e-02
2.120127156376838684e-02
2.129703387618064880e-02
2.092876099050045013e-02
2.118775807321071625e-02
2.141803503036499023e-02
2.100899070501327515e-02
2.094087190926074982e-02
2.123131044209003448e-02
2.129656262695789337e-02
2.103869058191776276e-02
2.097132615745067596e-02
2.089723385870456696e-02
2.089567482471466064e-02
2.120105549693107605e-02
2.065264433622360229e-02
2.109264768660068512e-02
2.124154195189476013e-02
2.100513875484466553e-02
2.104217186570167542e-02
2.113319002091884613e-02
2.126824483275413513e-02
2.101944945752620697e-02
2.064639888703823090e-02
2.130938693881034851e-02
2.098046615719795227e-02
2.111300639808177948e-02
2.079326473176479340e-02
2.117906324565410614e-02
2.103806659579277039e-02
2.123941481113433838e-02
2.073319815099239349e-02
2.116345427930355072e-02
2.105751447379589081e-02
2.130119316279888153e-02
2.082998491823673248e-02
2.089778892695903778e-02
2.079927921295166016e-02
2.086798846721649170e-02
2.081976830959320068e-02
2.063088305294513702e-02
2.105364762246608734e-02
2.101139165461063385e-02
2.096728049218654633e-02
2.123115956783294678e-02
2.095623128116130829e-02
2.103189192712306976e-02
2.092686109244823456e-02
2.125401794910430908e-02
2.105033583939075470e-02
2.069813944399356842e-02
2.105843462049961090e-02
2.091802470386028290e-02
2.115456201136112213e-02
2.112143300473690033e-02
2.094235084950923920e-02
2.092275023460388184e-02
2.092496491968631744e-02
2.096758969128131866e-02
2.065638266503810883e-02
2.070766501128673553e-02
2.086919359862804413e-02
2.090440131723880768e-02
2.074838802218437195e-02
2.085420303046703339e-02
2.087685838341712952e-02
2.061850391328334808e-02
2.095031365752220154e-02
2.102981321513652802e-02
2.073030546307563782e-02
2.062302641570568085e-02
2.080547995865345001e-02
2.080341055989265442e-02
2.076357789337635040e-02
2.080971188843250275e-02
2.088094316422939301e-02
2.102962695062160492e-02
2.095348015427589417e-02
2.105172164738178253e-02
2.054932713508605957e-02
2.115466073155403137e-02
2.065936475992202759e-02
2.044726721942424774e-02
2.093720249831676483e-02
2.059560082852840424e-02
2.058378793299198151e-02
2.068822085857391357e-02
2.075323648750782013e-02
2.076834999024868011e-02
2.064096741378307343e-02
2.057336084544658661e-02
2.089351415634155273e-02
2.078632079064846039e-02
2.072283439338207245e-02
2.067072875797748566e-02
2.060092054307460785e-02
2.068863622844219208e-02
2.086337469518184662e-02
2.070028334856033325e-02
2.086324058473110199e-02
2.051177807152271271e-02
2.090170048177242279e-02
2.056294865906238556e-02
2.065695077180862427e-02
2.051103673875331879e-02
2.068002708256244659e-02
2.066618762910366058e-02
2.076061815023422241e-02
2.088431082665920258e-02
2.058722078800201416e-02
2.071483992040157318e-02
2.054706402122974396e-02
2.067585475742816925e-02
2.063198573887348175e-02
2.030723728239536285e-02
2.065484784543514252e-02
2.061407454311847687e-02
2.041226439177989960e-02
2.042841166257858276e-02
2.054263278841972351e-02
2.074795030057430267e-02
2.042345888912677765e-02
2.087849937379360199e-02
2.084406465291976929e-02
2.085881866514682770e-02
2.049811556935310364e-02
2.046002447605133057e-02
2.060393057763576508e-02
2.079388685524463654e-02
2.065907977521419525e-02
2.064097300171852112e-02
2.081190049648284912e-02
2.060157060623168945e-02
2.066326700150966644e-02
2.076055295765399933e-02
2.035251818597316742e-02
2.016141079366207123e-02
2.076929435133934021e-02
2.054101228713989258e-02
2.043569274246692657e-02
2.059588581323623657e-02
2.043199352920055389e-02
2.046258375048637390e-02
2.069393917918205261e-02
2.050803229212760925e-02
2.041887305676937103e-02
2.044668048620223999e-02
2.072503231465816498e-02
2.029483765363693237e-02
2.057741209864616394e-02
2.048684097826480865e-02
2.040012925863265991e-02
2.026833780109882355e-02
2.062845975160598755e-02
2.041385136544704437e-02
2.057675085961818695e-02
2.042157389223575592e-02
2.037598565220832825e-02
2.034497074782848358e-02
2.040728181600570679e-02
2.033252827823162079e-02
2.041125670075416565e-02
2.051342837512493134e-02
2.059769444167613983e-02
2.058145590126514435e-02
2.045197784900665283e-02
2.049743197858333588e-02
2.052434533834457397e-02
2.051000110805034637e-02
2.036792598664760590e-02
2.012239582836627960e-02
2.043553628027439117e-02
2.021411806344985962e-02
2.044084109365940094e-02
2.046826668083667755e-02
2.009510062634944916e-02
2.048397809267044067e-02
2.047985419631004333e-02
2.036069892346858978e-02
2.036368846893310547e-02
2.030365169048309326e-02
2.031631208956241608e-02
2.035618387162685394e-02
2.032877877354621887e-02
2.038061618804931641e-02
2.040625177323818207e-02
2.036856114864349365e-02
2.022213675081729889e-02
2.051111124455928802e-02
2.031898498535156250e-02
2.034541592001914978e-02
2.044343017041683197e-02
2.047885209321975708e-02
2.001145854592323303e-02
2.028590627014636993e-02
2.021060325205326080e-02
2.035422809422016144e-02
2.030954323709011078e-02
2.041007392108440399e-02
2.044140174984931946e-02
2.005858905613422394e-02
2.035997621715068817e-02
2.043486200273036957e-02
2.035584487020969391e-02
2.032135426998138428e-02
2.038069069385528564e-02
2.038384042680263519e-02
2.056407183408737183e-02
1.997471414506435394e-02
2.024082653224468231e-02
2.019576542079448700e-02
2.022885531187057495e-02
2.026462554931640625e-02
2.031360752880573273e-02
2.027700841426849365e-02
2.032356336712837219e-02
2.026796154677867889e-02
2.020779997110366821e-02
2.033700607717037201e-02
2.013385854661464691e-02
2.025719545781612396e-02
2.028159424662590027e-02
2.011167816817760468e-02
2.040392905473709106e-02
2.034947648644447327e-02
2.044693566858768463e-02
2.011745236814022064e-02
1.986733078956604004e-02
2.015692554414272308e-02
2.031129784882068634e-02
2.031813003122806549e-02
2.009712718427181244e-02
1.988917402923107147e-02
1.991304755210876465e-02
2.006180398166179657e-02
2.018827386200428009e-02
2.036833390593528748e-02
1.984244957566261292e-02
2.020935527980327606e-02
2.018584869801998138e-02
2.038353681564331055e-02
2.035041712224483490e-02
2.020973525941371918e-02
2.009302191436290741e-02
1.998483575880527496e-02
2.001817338168621063e-02
2.015794254839420319e-02
2.022375166416168213e-02
2.007656544446945190e-02
2.004046551883220673e-02
2.018603868782520294e-02
2.027050964534282684e-02
2.031923085451126099e-02
2.046880498528480530e-02
2.009875141084194183e-02
1.990529708564281464e-02
1.972539164125919342e-02
1.986226253211498260e-02
2.018122188746929169e-02
2.029502391815185547e-02
2.004240639507770538e-02
2.014275453984737396e-02
2.005404047667980194e-02
2.006700448691844940e-02
1.995657198131084442e-02
2.023403905332088470e-02
1.982121542096138000e-02
1.994854025542736053e-02
1.991820149123668671e-02
2.024615369737148285e-02
2.015774697065353394e-02
2.000162377953529358e-02
2.028236351907253265e-02
1.998031139373779297e-02
2.007450722157955170e-02
1.967452280223369598e-02
2.005105838179588318e-02
2.004960179328918457e-02
1.970784366130828857e-02
2.017913945019245148e-02
2.000197209417819977e-02
1.994075439870357513e-02
2.016750350594520569e-02
1.983511261641979218e-02
1.987135224044322968e-02
1.995917409658432007e-02
2.017742954194545746e-02
2.009826339781284332e-02
2.021852508187294006e-02
1.981716044247150421e-02
2.009003236889839172e-02
2.005285583436489105e-02
2.006941474974155426e-02
2.000358514487743378e-02
2.019882760941982269e-02
2.048057876527309418e-02
2.020031027495861053e-02
1.995424926280975342e-02
1.982443779706954956e-02
1.981687545776367188e-02
1.986308023333549500e-02
1.996714994311332703e-02
1.998003385961055756e-02
1.986918784677982330e-02
2.019171044230461121e-02
1.990562304854393005e-02
1.978747360408306122e-02
1.978068239986896515e-02
2.011387608945369720e-02
1.990914531052112579e-02
2.019283175468444824e-02
1.953867264091968536e-02
2.002971433103084564e-02
1.981724798679351807e-02
1.994468271732330322e-02
1.979135535657405853e-02
1.998640596866607666e-02
1.978519000113010406e-02
1.974358409643173218e-02
1.956642791628837585e-02
2.002863585948944092e-02
1.974133960902690887e-02
1.976967416703701019e-02
1.987646892666816711e-02
1.989826932549476624e-02
1.969990506768226624e-02
1.957749389111995697e-02
1.988423429429531097e-02
1.976474560797214508e-02
1.974821276962757111e-02
1.982181891798973083e-02
1.994341984391212463e-02
1.979578845202922821e-02
1.974368467926979065e-02
1.966469362378120422e-02
1.979685947299003601e-02
1.998816058039665222e-02
1.971358992159366608e-02
1.983331143856048584e-02
1.957401446998119354e-02
1.974295675754547119e-01
1.981588602066040039e-01
2.103139013051986694e-01
2.249744683504104614e-01
2.143214195966720581e-01
2.099776118993759155e-01
2.080087065696716309e-01
2.103560715913772583e-01
2.043363600969314575e-01
2.083764821290969849e-01
2.063984274864196777e-01
2.012685686349868774e-01
2.075796127319335938e-01
2.001122236251831055e-01
2.020412236452102661e-01
2.023639082908630371e-01
2.026125639677047729e-01
2.027305066585540771e-01
2.031250894069671631e-01
2.020233869552612305e-01
1.981924772262573242e-01
1.996037662029266357e-01
1.991610825061798096e-01
1.976421028375625610e-01
1.985389143228530884e-01
1.970833986997604370e-01
1.983369439840316772e-01
1.966495960950851440e-01
1.966178715229034424e-01
2.005296796560287476e-01
1.964867115020751953e-01
1.968083679676055908e-01
1.979774534702301025e-01
1.965479850769042969e-01
1.990909725427627563e-01
1.974942982196807861e-01
1.968636065721511841e-01
1.958617717027664185e-01
1.986986249685287476e-01
1.988012492656707764e-01
1.965117007493972778e-01
1.955904513597488403e-01
1.962887197732925415e-01
1.973803043365478516e-01
1.951816827058792114e-01
1.968375742435455322e-01
1.947581768035888672e-01
1.984234452247619629e-01
1.951747983694076538e-01
1.955169588327407837e-01
1.961857676506042480e-01
1.965089440345764160e-01
1.963499486446380615e-01
1.966080665588378906e-01
1.940900832414627075e-01
1.941056996583938599e-01
1.957551538944244385e-01
1.942094117403030396e-01
1.951122432947158813e-01
1.933620572090148926e-01
1.930412650108337402e-01
1.945351660251617432e-01
1.964326649904251099e-01
1.937711387872695923e-01
1.949657797813415527e-01
1.937140673398971558e-01
1.931640505790710449e-01
1.961771994829177856e-01
1.922703385353088379e-01
1.941116601228713989e-01
1.922355741262435913e-01
1.958533525466918945e-01
1.932971179485321045e-01
1.942880302667617798e-01
1.939525306224822998e-01
1.934495717287063599e-01
1.940019279718399048e-01
1.957176029682159424e-01
1.964795291423797607e-01
1.943834722042083740e-01
1.926435977220535278e-01
1.945772171020507812e-01
1.927424520254135132e-01
1.939276903867721558e-01
1.943414956331253052e-01
1.934694349765777588e-01
1.939333230257034302e-01
1.930226683616638184e-01
1.920092105865478516e-01
1.954691261053085327e-01
1.965824961662292480e-01
1.926901340484619141e-01
1.959578692913055420e-01
1.935875713825225830e-01
1.919613182544708252e-01
1.930467039346694946e-01
1.930808424949645996e-01
1.942787170410156250e-01
1.941101253032684326e-01
1.926992833614349365e-01
1.911499351263046265e-01
1.942777633666992188e-01
1.936974525451660156e-01
1.908203214406967163e-01
1.918731480836868286e-01
1.919378638267517090e-01
1.951116770505905151e-01
1.928824782371520996e-01
1.909720003604888916e-01
1.934778988361358643e-01
1.916372627019882202e-01
1.920371502637863159e-01
1.940191388130187988e-01
1.922775954008102417e-01
1.918720602989196777e-01
1.928238421678543091e-01
1.914290785789489746e-01
1.912845969200134277e-01
1.896838396787643433e-01
1.938303261995315552e-01
1.914238035678863525e-01
1.927162855863571167e-01
1.926389932632446289e-01
1.916991323232650757e-01
1.948153227567672729e-01
1.912049651145935059e-01
1.919484585523605347e-01
1.940332949161529541e-01
1.912463605403900146e-01
1.908179521560668945e-01
1.907067745923995972e-01
1.919156610965728760e-01
1.911019384860992432e-01
1.895689070224761963e-01
1.930308490991592407e-01
1.908020377159118652e-01
1.915175616741180420e-01
1.906225681304931641e-01
1.908813565969467163e-01
1.902049034833908081e-01
1.910974681377410889e-01
1.894100159406661987e-01
1.900952905416488647e-01
1.933612376451492310e-01
1.909049153327941895e-01
1.895214915275573730e-01
1.908147782087326050e-01
1.917529404163360596e-01
1.920392513275146484e-01
1.914896816015243530e-01
1.900666058063507080e-01
1.899689733982086182e-01
1.904457658529281616e-01
1.901349127292633057e-01
1.881679147481918335e-01
1.908387392759323120e-01
1.888792365789413452e-01
1.920621842145919800e-01
1.904341727495193481e-01
1.909389793872833252e-01
1.924686580896377563e-01
1.900834441184997559e-01
1.917126476764678955e-01
1.906152218580245972e-01
1.890384405851364136e-01
1.875045299530029297e-01
1.892742812633514404e-01
1.880118846893310547e-01
1.890076696872711182e-01
1.886205375194549561e-01
1.869907826185226440e-01
1.887086927890777588e-01
1.882903724908828735e-01
1.897876411676406860e-01
1.842496097087860107e-01
1.871322542428970337e-01
1.869960427284240723e-01
1.888227611780166626e-01
1.868443787097930908e-01
1.892482787370681763e-01
1.885660439729690552e-01
1.887122392654418945e-01
1.877900958061218262e-01
1.889233142137527466e-01
1.882490068674087524e-01
1.873217076063156128e-01
1.900949627161026001e-01
1.867185533046722412e-01
1.892975717782974243e-01
1.906299442052841187e-01
1.905814111232757568e-01
1.868947148323059082e-01
1.871910393238067627e-01
1.881152540445327759e-01
1.868957728147506714e-01
1.907220333814620972e-01
1.860913187265396118e-01
1.856076717376708984e-01
1.899787038564682007e-01
1.867715716361999512e-01
1.877651065587997437e-01
1.887864917516708374e-01
1.880487501621246338e-01
1.861531138420104980e-01
1.892704069614410400e-01
1.883384585380554199e-01
1.885824799537658691e-01
1.879659891128540039e-01
1.874710470438003540e-01
1.878032833337783813e-01
1.865997016429901123e-01
1.870365887880325317e-01
1.873608082532882690e-01
1.888255327939987183e-01
1.858884841203689575e-01
1.879330128431320190e-01
1.894283592700958252e-01
1.882610172033309937e-01
1.868914514780044556e-01
1.863820850849151611e-01
1.895500868558883667e-01
1.843407452106475830e-01
1.875307559967041016e-01
1.888689398765563965e-01
1.888250112533569336e-01
1.859271973371505737e-01
1.888130903244018555e-01
1.873291134834289551e-01
1.856533139944076538e-01
1.862515509128570557e-01
1.860192418098449707e-01
1.853839606046676636e-01
1.875583976507186890e-01
1.858934462070465088e-01
1.874124109745025635e-01
1.894215047359466553e-01
1.885358989238739014e-01
1.877214014530181885e-01
1.839375197887420654e-01
1.857527792453765869e-01
1.838968396186828613e-01
1.883560121059417725e-01
1.859292536973953247e-01
1.882959902286529541e-01
1.851299852132797241e-01
1.873580366373062134e-01
1.859376579523086548e-01
1.842144131660461426e-01
1.856112480163574219e-01
1.866944432258605957e-01
1.858775466680526733e-01
1.854968219995498657e-01
1.869557052850723267e-01
1.844943761825561523e-01
1.836414039134979248e-01
1.863470971584320068e-01
1.875950992107391357e-01
1.835402697324752808e-01
1.863214820623397827e-01
1.885229647159576416e-01
1.878438591957092285e-01
1.856665909290313721e-01
1.836109459400177002e-01
1.855483502149581909e-01
1.841967701911926270e-01
1.897868514060974121e-01
1.858181953430175781e-01
1.860538125038146973e-01
1.848992407321929932e-01
1.848469227552413940e-01
1.855121403932571411e-01
1.846444457769393921e-01
1.862473636865615845e-01
1.844262480735778809e-01
1.872334629297256470e-01
1.836567670106887817e-01
1.857066154479980469e-01
1.880181431770324707e-01
1.852162182331085205e-01
1.829940080642700195e-01
1.888645440340042114e-01
1.869952231645584106e-01
1.860620677471160889e-01
1.837017089128494263e-01
1.861507743597030640e-01
1.863782405853271484e-01
1.858263015747070312e-01
1.849675923585891724e-01
1.852353662252426147e-01
1.841448396444320679e-01
1.843722760677337646e-01
1.846912354230880737e-01
1.838212907314300537e-01
1.821465641260147095e-01
1.841163039207458496e-01
1.858434230089187622e-01
1.862288713455200195e-01
1.842053979635238647e-01
1.836542487144470215e-01
1.832777708768844604e-01
