7.993439188599587020e-01
4.508828133344650047e-01
3.928757965564727561e-01
3.693658091127872689e-01
3.363911291956901417e-01
3.044082611799240334e-01
3.002884693443775288e-01
2.853961710631847115e-01
2.800363695621490567e-01
2.513424485176801726e-01
2.368917690217494931e-01
2.561577846109867052e-01
2.390140618383884419e-01
2.312698224931955260e-01
2.401311174780130508e-01
2.449041259288787797e-01
2.313252574205398593e-01
2.359314797818660714e-01
2.035042348504066401e-01
2.083929773420095388e-01
1.981032695621252060e-01
2.039848947897553444e-01
2.055743665993213787e-01
1.959294955432414886e-01
2.080009365081787187e-01
1.953834261745214518e-01
2.029017601162195206e-01
1.672923475131392612e-01
1.659609821811318386e-01
1.757638541981577929e-01
1.705210931971669064e-01
1.864067417010664973e-01
1.873237342387437943e-01
1.848800828307867183e-01
1.706408303976058860e-01
1.620420555025339215e-01
1.339393984340131183e-01
1.337461219914257426e-01
1.405605286359787043e-01
1.354029975458979629e-01
1.329994669929146778e-01
1.468336132541298855e-01
1.427585367113351766e-01
1.439130569249391645e-01
1.422934160754084632e-01
1.072537270560860595e-01
1.027609772235155150e-01
1.006882007047534000e-01
1.100737068895250581e-01
1.115063202381134100e-01
1.149245702475309439e-01
1.100365178287029261e-01
1.316050117649137929e-01
1.169569502025842728e-01
8.576278141699730795e-02
8.592113376129419111e-02
8.164115056395530867e-02
8.993124226108192842e-02
9.216832157224416622e-02
8.471231868490576578e-02
9.394172780215739871e-02
9.599333008751273488e-02
8.708952745422721131e-02
6.196871901396661803e-02
6.796232626307756319e-02
7.644305085763335172e-02
7.057100571226328223e-02
6.431579667027108316e-02
8.341150060296058377e-02
7.979070759844035521e-02
7.696455388795583885e-02
7.808782639913261492e-02
5.812338275834918327e-02
5.366118102101609388e-02
5.729257794097065981e-02
5.280752974562347157e-02
6.257655435707419611e-02
6.649735796498135176e-02
8.232855308335274014e-02
6.153307116823270723e-02
6.245014285203069615e-02
4.714197901776060601e-02
5.335533634992316310e-02
4.577491804491728294e-02
5.879849397344514422e-02
5.447762418771162629e-02
5.167219497496262220e-02
4.881756631657481471e-02
5.059025235939770826e-02
6.018377341330051478e-02
3.695987887913361469e-02
3.643039888731437054e-02
4.088319343398325034e-02
4.692028195946477270e-02
4.745570762548595445e-02
3.965415919432416225e-02
4.936842233641072775e-02
5.442842004820704765e-02
5.308241332648321736e-02
3.471637257141992755e-02
3.652078453975263900e-02
3.754821885318961050e-02
4.061371446703560678e-02
3.972992282360791882e-02
3.688733806600794085e-02
4.703058579470962425e-02
4.346105520613491313e-02
4.580256616929546248e-02
3.197008796501904504e-02
3.955493816698435472e-02
3.892870973562821690e-02
4.083242857479490312e-02
3.129516544810030665e-02
3.317760941456072282e-02
3.945245426497422103e-02
3.704708903562277389e-02
4.010785556049085987e-02
2.888860366190783638e-02
3.342866309249074852e-02
3.409575120371300533e-02
3.816323189414106559e-02
3.253855068702250775e-02
2.872775118070421824e-02
3.954220738494768767e-02
3.868786411941983056e-02
4.424838218954391805e-02
2.484170534917211695e-02
2.907512231235159436e-02
3.085648813415900818e-02
3.337292035808786528e-02
3.210614349693059755e-02
3.017590992734767510e-02
2.795657779846806232e-02
3.931783178268233314e-02
3.510749491746537054e-02
