6.977624574303626925e-01
3.557642778754234181e-01
2.899781501293182129e-01
2.694594721496105239e-01
2.602650368213653698e-01
2.428019605576992035e-01
2.356325568258762493e-01
2.176878942549228535e-01
2.192134650051593692e-01
2.105984162539243643e-01
2.028526686131954249e-01
2.022788888216018599e-01
1.996297108381986651e-01
1.985496971011161682e-01
2.027708791941404409e-01
1.968093931674957386e-01
1.918191028386354580e-01
1.877036834508180596e-01
1.798508863896131627e-01
1.750928904861211721e-01
1.803305409103631851e-01
1.803958352655172237e-01
1.807375992089509942e-01
1.785573408752679780e-01
1.779822715371847108e-01
1.819335732609033696e-01
1.869319611042737916e-01
2.137687130272388492e-01
2.210906285047531117e-01
2.176384991407394331e-01
2.228625825792550919e-01
2.082353116571903362e-01
2.011789385974407096e-01
2.148267605528235424e-01
2.035401354357600223e-01
1.976053540036082357e-01
1.504990183189511277e-01
1.663079637289047175e-01
1.534015528857707866e-01
1.575287960097193629e-01
1.503751432150602363e-01
1.535763991624116975e-01
1.693569708988070521e-01
1.494114697724580887e-01
1.604478334076702706e-01
1.255472232215106565e-01
1.336033187154680446e-01
1.128845968097448305e-01
1.329142413847148319e-01
1.126930665597319636e-01
1.233626458793878611e-01
1.274791346304118556e-01
1.399502157978713413e-01
1.291375127062201478e-01
9.692823747172951698e-02
9.704173196107149235e-02
1.038254331145435638e-01
1.001742817275226155e-01
1.029041076824069034e-01
9.992285540327429383e-02
1.137657445855438654e-01
1.075188446976244466e-01
1.050097486004233360e-01
8.352730154991150346e-02
7.439096793532370966e-02
8.104686190374195409e-02
8.849556104280054125e-02
8.716983586549759133e-02
8.689149621874094065e-02
8.971853625029325985e-02
7.657234217040240210e-02
8.791389907710253637e-02
5.891978237312286981e-02
5.742989346850663201e-02
5.818969941232353393e-02
6.176065191626548684e-02
7.822494170628488397e-02
7.858654639218003168e-02
7.926586431451142223e-02
7.047988656908273086e-02
8.687872054986656156e-02
5.502140875207259946e-02
4.995877008885145354e-02
4.979981288779526671e-02
6.029877554159611408e-02
6.104594887932762726e-02
6.735290047712623462e-02
6.367432568222283762e-02
7.104532009921968316e-02
7.193435997236520552e-02
5.015416165813803978e-02
4.890884558903053209e-02
5.112970808055251892e-02
4.456188545096665538e-02
5.460725812707096366e-02
5.556560697732493281e-02
5.013643495622090857e-02
5.100027769804001132e-02
5.867045845370739976e-02
4.361861383076757331e-02
4.478375564794987579e-02
4.922119659720920054e-02
5.002372610266320185e-02
4.425383035093546219e-02
4.517224523355253124e-02
4.098513259436004086e-02
4.917344412766397332e-02
4.894963424652815087e-02
3.250556711805984572e-02
3.599244482524227573e-02
3.794377446465659748e-02
3.622225141065427839e-02
4.763383612502366388e-02
4.525479075266048562e-02
4.786408517742529733e-02
5.199978908756747870e-02
4.988495130790397691e-02
3.492922365432605397e-02
2.331889905151911246e-02
3.693882363149895987e-02
4.211529798805713903e-02
3.575677293003536733e-02
3.411225320422090618e-02
3.224471170804463216e-02
5.038801092538051224e-02
4.091683866339735492e-02
2.842841669975314234e-02
3.414238252356881220e-02
4.092131782206706592e-02
3.487230803701095450e-02
3.072246579802595176e-02
4.587106914957985587e-02
3.886430912185460246e-02
4.530905930674634929e-02
4.153758428234141653e-02
