6.781953378021716716e-01
3.460849310457706496e-01
2.722037525475025088e-01
2.195539151132106792e-01
1.876706968992948588e-01
1.839336298406124004e-01
1.490248285233974346e-01
1.559997130930423637e-01
1.446539877355098591e-01
1.228985015302896527e-01
1.156188420578837389e-01
1.221166102588176761e-01
1.179591280966997141e-01
1.124764163792133370e-01
1.083950629830360418e-01
1.049306094646453857e-01
1.091575249657034813e-01
9.473735023289918400e-02
8.224308576434850859e-02
8.213147401809692272e-02
8.143597133457661230e-02
8.913470704108476805e-02
7.889697354286909214e-02
8.083049191161989500e-02
8.470437899231911261e-02
7.791280727833509168e-02
8.174508737400174030e-02
6.595560563728213033e-02
6.433524219319224080e-02
6.593313220888376291e-02
6.726937642320990340e-02
6.780148068442941323e-02
7.132078818976879397e-02
7.118316071107982923e-02
6.843072392046450902e-02
6.655218454077839463e-02
5.629447907209396418e-02
5.467250105924904152e-02
5.664174130186438311e-02
5.245111735537648368e-02
5.939725138247013009e-02
5.835675577633082922e-02
5.969455521553754945e-02
5.974825989454984887e-02
5.907308701425791064e-02
5.018353672698139950e-02
5.003977231681346755e-02
5.018226338550448723e-02
5.536205595359205978e-02
5.429362071678042745e-02
5.104877296835184236e-02
5.519753159955143734e-02
5.199540020897984449e-02
5.439219653606414823e-02
4.661393190734088726e-02
4.510801188647747123e-02
4.869245206937193593e-02
4.883949423208832491e-02
4.641383003443479843e-02
4.826160175725817403e-02
4.536520831286907501e-02
5.311802366748451937e-02
4.915187371894717133e-02
1.675212191231548742e-01
1.758335810899734619e-01
1.657918563112616428e-01
1.783547530323267016e-01
1.589307312294840902e-01
1.625916684046387617e-01
1.532574713230133168e-01
1.585569443181157057e-01
1.451235301978886227e-01
1.121577087417244961e-01
1.156583184376358958e-01
1.144084417633712270e-01
1.232720724865794121e-01
1.070960903726518171e-01
1.152250072173774259e-01
1.211926073860377095e-01
1.087353945430368229e-01
1.230161247029900595e-01
9.065227452665566843e-02
8.642677534837275855e-02
8.866546988487243597e-02
8.323054809356107697e-02
8.815810972824693337e-02
9.344679716974496619e-02
8.982297543436289222e-02
9.743408655747770597e-02
9.802357232198119497e-02
6.739940064959228094e-02
5.953399003949016305e-02
7.336430646479129292e-02
6.005534661002456809e-02
7.478343689348548873e-02
6.478723912499845250e-02
6.935622935183345661e-02
7.946171502582728696e-02
7.312897316180169693e-02
6.010536995716393022e-02
4.636702709132805439e-02
5.409717288333922708e-02
7.126581974793225194e-02
5.314319048076868168e-02
6.093376484699547513e-02
6.680419211741536745e-02
6.228644615504890653e-02
6.615042299963533323e-02
3.973024186911061628e-02
4.961662168207112839e-02
4.773023345274850920e-02
4.864929004572331878e-02
5.547074749832972551e-02
4.929350664839148716e-02
5.955374084413051633e-02
4.757907595951110097e-02
5.745455302065238107e-02
3.490932342188898807e-02
4.019849975826218780e-02
4.238382604380604157e-02
4.258996302538434892e-02
5.436492129694670689e-02
4.880663351272232497e-02
4.703587913070805121e-02
6.052423486951738485e-02
4.771188945043831897e-02
4.030550716794095711e-02
3.778110679704695801e-02
3.316127903526648601e-02
3.993620575107342807e-02
3.814783271285705074e-02
3.737781137228012029e-02
5.050112528260797262e-02
4.206877582124434606e-02
4.899745898670516964e-02
