7.175598740577697754e-01
7.123141288757324219e-01
7.072691321372985840e-01
7.018227577209472656e-01
6.963390111923217773e-01
6.905965805053710938e-01
6.830120086669921875e-01
6.761494874954223633e-01
6.666576862335205078e-01
6.581799983978271484e-01
6.471422910690307617e-01
6.340815424919128418e-01
6.231334805488586426e-01
6.105788350105285645e-01
5.924589037895202637e-01
5.790348649024963379e-01
5.565156936645507812e-01
5.465487837791442871e-01
5.224221348762512207e-01
4.985134601593017578e-01
4.803797304630279541e-01
4.647843539714813232e-01
4.325818717479705811e-01
4.188621938228607178e-01
4.076403081417083740e-01
3.796327710151672363e-01
3.694146573543548584e-01
3.702165186405181885e-01
3.500320017337799072e-01
3.495809733867645264e-01
3.488725125789642334e-01
3.244304955005645752e-01
3.289711475372314453e-01
3.175008893013000488e-01
3.214443624019622803e-01
3.020631968975067139e-01
3.098918497562408447e-01
2.903419435024261475e-01
2.814732789993286133e-01
2.825113832950592041e-01
2.783001065254211426e-01
2.738384306430816650e-01
2.711289823055267334e-01
2.721325755119323730e-01
2.659602463245391846e-01
2.617726922035217285e-01
2.621749639511108398e-01
2.530533075332641602e-01
2.549210488796234131e-01
2.615436315536499023e-01
2.422523051500320435e-01
2.476341426372528076e-01
2.391908615827560425e-01
2.420665025711059570e-01
2.389413118362426758e-01
2.352518290281295776e-01
2.329216748476028442e-01
2.360137552022933960e-01
2.252930402755737305e-01
2.230272889137268066e-01
2.259409278631210327e-01
2.231940925121307373e-01
2.205884605646133423e-01
2.181833088397979736e-01
2.168247550725936890e-01
2.162534445524215698e-01
2.157144397497177124e-01
2.154497504234313965e-01
2.126075923442840576e-01
2.113665342330932617e-01
2.089221328496932983e-01
2.102574259042739868e-01
2.086167186498641968e-01
2.088603675365447998e-01
2.046680599451065063e-01
2.021687328815460205e-01
2.012698799371719360e-01
2.023345381021499634e-01
1.990615725517272949e-01
1.985301673412322998e-01
2.013701349496841431e-01
1.973422020673751831e-01
1.946497559547424316e-01
1.957243233919143677e-01
1.965759247541427612e-01
1.919218897819519043e-01
1.886553168296813965e-01
1.888304352760314941e-01
1.919785737991333008e-01
1.880647242069244385e-01
1.872504055500030518e-01
1.884740293025970459e-01
1.824558973312377930e-01
1.831645220518112183e-01
1.829285323619842529e-01
1.824555844068527222e-01
1.830491572618484497e-01
1.849019527435302734e-01
1.809373795986175537e-01
1.797794103622436523e-01
1.814590394496917725e-01
1.793171763420104980e-01
1.755807399749755859e-01
1.800215840339660645e-01
1.787482500076293945e-01
1.746872812509536743e-01
1.758086532354354858e-01
1.750391870737075806e-01
1.747127920389175415e-01
1.711164712905883789e-01
1.688670814037322998e-01
1.718875169754028320e-01
1.705879718065261841e-01
1.714122891426086426e-01
1.699258387088775635e-01
1.665755957365036011e-01
1.667661517858505249e-01
1.649679839611053467e-01
1.660672724246978760e-01
1.647898256778717041e-01
1.638753414154052734e-01
1.632931083440780640e-01
1.647022366523742676e-01
1.596219539642333984e-01
1.633792519569396973e-01
1.603336036205291748e-01
1.600112020969390869e-01
1.596900820732116699e-01
1.598417758941650391e-01
1.602097451686859131e-01
1.579844057559967041e-01
1.548475623130798340e-01
1.577016562223434448e-01
1.567141860723495483e-01
1.560521572828292847e-01
1.561514586210250854e-01
1.539256721735000610e-01
1.557784825563430786e-01
1.532617658376693726e-01
1.546577066183090210e-01
1.494303941726684570e-01
1.515963375568389893e-01
1.522152274847030640e-01
1.501380950212478638e-01
1.535096168518066406e-01
1.522222161293029785e-01
1.513349860906600952e-01
1.479419916868209839e-01
1.493431031703948975e-01
1.490143388509750366e-01
1.484266072511672974e-01
1.462520360946655273e-01
1.456243544816970825e-01
1.451588273048400879e-01
1.457315981388092041e-01
1.438870280981063843e-01
1.436597704887390137e-01
1.444838792085647583e-01
1.415527909994125366e-01
1.451984494924545288e-01
1.394847333431243896e-01
1.389551758766174316e-01
1.414908617734909058e-01
1.403180956840515137e-01
1.398051381111145020e-01
1.387175619602203369e-01
1.370714306831359863e-01
1.370293498039245605e-01
1.390420347452163696e-01
1.387857347726821899e-01
1.345683187246322632e-01
1.358687430620193481e-01
1.322570890188217163e-01
1.336099207401275635e-01
1.327377259731292725e-01
1.347742676734924316e-01
1.352074891328811646e-01
1.317770481109619141e-01
1.296026557683944702e-01
1.341256201267242432e-01
1.338728666305541992e-01
1.307412385940551758e-01
1.284623891115188599e-01
1.292563974857330322e-01
1.297663599252700806e-01
1.282503604888916016e-01
1.315601021051406860e-01
1.310172528028488159e-01
1.276694536209106445e-01
1.273525357246398926e-01
1.276619434356689453e-01
1.254757791757583618e-01
1.264526844024658203e-01
1.256270110607147217e-01
1.253952085971832275e-01
1.247662529349327087e-01
1.268579810857772827e-01
1.239472180604934692e-01
1.246640980243682861e-01
1.227629408240318298e-01
1.240092813968658447e-01
1.234451234340667725e-01
1.239406466484069824e-01
1.226048320531845093e-01
1.211375445127487183e-01
1.226029172539710999e-01
1.196529418230056763e-01
1.204623728990554810e-01
1.183636337518692017e-01
1.191723868250846863e-01
1.197651252150535583e-01
1.190131083130836487e-01
1.207715421915054321e-01
1.182696446776390076e-01
1.173435449600219727e-01
1.183878928422927856e-01
1.158242523670196533e-01
1.173113808035850525e-01
1.155525892972946167e-01
1.165264099836349487e-01
1.139182150363922119e-01
1.170273125171661377e-01
1.144746989011764526e-01
1.133188083767890930e-01
1.125944107770919800e-01
1.157439872622489929e-01
1.121067404747009277e-01
1.124742776155471802e-01
1.138042360544204712e-01
1.118266060948371887e-01
1.120766028761863708e-01
1.119966953992843628e-01
1.108426600694656372e-01
1.122855469584465027e-01
1.097291037440299988e-01
1.115679144859313965e-01
1.099254488945007324e-01
1.087144464254379272e-01
1.089119911193847656e-01
1.091426834464073181e-01
1.082184389233589172e-01
1.082959100604057312e-01
1.094675064086914062e-01
1.083960235118865967e-01
1.072617471218109131e-01
1.075969189405441284e-01
1.058160886168479919e-01
1.070652306079864502e-01
1.055206656455993652e-01
1.071021854877471924e-01
1.051564365625381470e-01
1.037662327289581299e-01
1.044597625732421875e-01
1.034391671419143677e-01
1.045329719781875610e-01
1.021137014031410217e-01
1.046697646379470825e-01
1.032307147979736328e-01
1.025057882070541382e-01
1.008661985397338867e-01
1.009793207049369812e-01
1.015659645199775696e-01
1.039135009050369263e-01
1.003468334674835205e-01
1.020125076174736023e-01
1.001664698123931885e-01
1.017425581812858582e-01
9.866587817668914795e-02
1.001116931438446045e-01
9.907345473766326904e-02
9.768526256084442139e-02
9.862878918647766113e-02
9.904560446739196777e-02
9.728214144706726074e-02
9.867576509714126587e-02
9.897580742835998535e-02
9.659120440483093262e-02
9.600708633661270142e-02
9.666699171066284180e-02
9.769456088542938232e-02
9.427009522914886475e-02
9.587609022855758667e-02
9.522157162427902222e-02
9.498707950115203857e-02
9.642379730939865112e-02
9.685134142637252808e-02
9.497574716806411743e-02
9.541811794042587280e-02
9.545931965112686157e-02
9.450835734605789185e-02
9.559737145900726318e-02
9.497016668319702148e-02
9.341682493686676025e-02
9.431488811969757080e-02
9.415438026189804077e-02
9.269476681947708130e-02
9.153725206851959229e-02
9.347496926784515381e-02
9.110961109399795532e-02
9.122893959283828735e-02
9.063111990690231323e-02
9.113274514675140381e-02
9.095787256956100464e-02
9.002451598644256592e-02
9.022117406129837036e-02
9.181165695190429688e-02
8.979211747646331787e-02
9.063497930765151978e-02
9.035526216030120850e-02
8.950902521610260010e-02
8.892463892698287964e-02
8.938122540712356567e-02
8.920960128307342529e-02
8.751049637794494629e-02
8.762251585721969604e-02
8.706518262624740601e-02
8.704599738121032715e-02
8.710965514183044434e-02
8.629301935434341431e-02
8.830993622541427612e-02
8.661563694477081299e-02
8.710005134344100952e-02
8.633404970169067383e-02
8.622011542320251465e-02
8.473504334688186646e-02
8.422307670116424561e-02
8.488932251930236816e-02
8.389300853013992310e-02
8.410719782114028931e-02
8.455669879913330078e-02
8.433055877685546875e-02
8.331187069416046143e-02
8.401559293270111084e-02
8.312472701072692871e-02
8.481535315513610840e-02
8.278606086969375610e-02
8.540892601013183594e-02
8.277598023414611816e-02
8.478879928588867188e-02
8.172078430652618408e-02
8.173543214797973633e-02
8.295385539531707764e-02
8.052992075681686401e-02
8.078573644161224365e-02
8.098278939723968506e-02
8.326964080333709717e-02
8.129709959030151367e-02
8.109913021326065063e-02
8.129033446311950684e-02
8.051499724388122559e-02
8.091200143098831177e-02
7.998922467231750488e-02
8.066715300083160400e-02
8.079352974891662598e-02
8.003440499305725098e-02
7.973198592662811279e-02
8.066593855619430542e-02
7.717698067426681519e-02
7.913249731063842773e-02
7.790621370077133179e-02
7.910038530826568604e-02
7.823745906352996826e-02
7.675293087959289551e-02
7.776167243719100952e-02
7.757350057363510132e-02
7.846260070800781250e-02
7.827709615230560303e-02
7.596629858016967773e-02
7.757564634084701538e-02
7.752547413110733032e-02
7.759618759155273438e-02
7.755628973245620728e-02
7.769687473773956299e-02
7.515925914049148560e-02
7.649083435535430908e-02
7.576456665992736816e-02
7.464062422513961792e-02
7.457564771175384521e-02
7.502794265747070312e-02
7.518867403268814087e-02
7.533729076385498047e-02
7.602810859680175781e-02
7.413628697395324707e-02
7.393618673086166382e-02
7.428176701068878174e-02
7.354243099689483643e-02
7.568337768316268921e-02
7.447823137044906616e-02
7.317005097866058350e-02
7.347754389047622681e-02
7.397338002920150757e-02
7.442577928304672241e-02
7.428695261478424072e-02
7.201718538999557495e-02
7.246226817369461060e-02
7.399594783782958984e-02
7.223433256149291992e-02
7.090170681476593018e-02
7.155986130237579346e-02
7.154640555381774902e-02
2.724032402038574219e-01
2.719432115554809570e-01
2.734703421592712402e-01
2.690879106521606445e-01
2.681432366371154785e-01
2.667690813541412354e-01
2.687501013278961182e-01
2.673420906066894531e-01
2.663127481937408447e-01
2.680675089359283447e-01
2.656407654285430908e-01
2.641004621982574463e-01
2.673219144344329834e-01
2.618778645992279053e-01
2.643241584300994873e-01
2.655082046985626221e-01
2.622756361961364746e-01
2.591815888881683350e-01
2.665220201015472412e-01
2.665843367576599121e-01
2.625120282173156738e-01
2.591491341590881348e-01
2.588669657707214355e-01
2.586657404899597168e-01
2.626317739486694336e-01
2.578736841678619385e-01
2.585321068763732910e-01
2.598860263824462891e-01
2.600801587104797363e-01
2.593272030353546143e-01
2.622528076171875000e-01
2.556760311126708984e-01
2.554118335247039795e-01
2.574739754199981689e-01
2.605105638504028320e-01
2.557051181793212891e-01
2.587317526340484619e-01
2.538869678974151611e-01
2.540052831172943115e-01
2.557991445064544678e-01
2.553378045558929443e-01
2.539266645908355713e-01
2.558663487434387207e-01
2.565194070339202881e-01
2.552582025527954102e-01
2.521896660327911377e-01
2.532369196414947510e-01
2.547768950462341309e-01
2.543860077857971191e-01
2.562285065650939941e-01
2.520416676998138428e-01
2.548884749412536621e-01
2.511128187179565430e-01
2.508677244186401367e-01
2.497404515743255615e-01
2.534875273704528809e-01
2.548955976963043213e-01
2.508356869220733643e-01
2.495622187852859497e-01
2.543897330760955811e-01
2.501088082790374756e-01
2.492769211530685425e-01
2.479671537876129150e-01
2.504366040229797363e-01
2.509041726589202881e-01
2.531980872154235840e-01
2.500198185443878174e-01
2.475904673337936401e-01
2.515179514884948730e-01
2.512972056865692139e-01
2.498549222946166992e-01
2.504341900348663330e-01
2.473829686641693115e-01
2.502523958683013916e-01
2.487373054027557373e-01
2.507140636444091797e-01
2.494100779294967651e-01
2.485333532094955444e-01
2.489591538906097412e-01
2.470817118883132935e-01
2.487319856882095337e-01
2.493478357791900635e-01
2.477935701608657837e-01
2.447676211595535278e-01
2.444674819707870483e-01
2.462870925664901733e-01
2.444538474082946777e-01
2.480266690254211426e-01
2.464355826377868652e-01
2.460994869470596313e-01
2.448047995567321777e-01
2.445495128631591797e-01
2.424266785383224487e-01
2.467760294675827026e-01
2.426965087652206421e-01
2.451585233211517334e-01
2.447837740182876587e-01
2.430804967880249023e-01
2.430167645215988159e-01
2.411461472511291504e-01
2.452301084995269775e-01
2.420806586742401123e-01
2.454861402511596680e-01
2.425705939531326294e-01
2.449142932891845703e-01
2.431123703718185425e-01
2.410373240709304810e-01
2.433355301618576050e-01
2.387778460979461670e-01
2.368227094411849976e-01
2.398841083049774170e-01
2.436550706624984741e-01
2.394056916236877441e-01
2.433489859104156494e-01
2.418792843818664551e-01
2.397757768630981445e-01
2.427430599927902222e-01
2.396745234727859497e-01
2.454882264137268066e-01
2.406744211912155151e-01
2.400160580873489380e-01
2.413901388645172119e-01
2.395996004343032837e-01
2.420719563961029053e-01
2.394305765628814697e-01
2.407445609569549561e-01
2.431129366159439087e-01
2.400499731302261353e-01
2.366953939199447632e-01
2.409829944372177124e-01
2.394152283668518066e-01
2.388075590133666992e-01
2.384008914232254028e-01
2.358827739953994751e-01
2.391502857208251953e-01
2.374977171421051025e-01
2.370874881744384766e-01
2.396662086248397827e-01
2.429454624652862549e-01
2.365094274282455444e-01
2.363482713699340820e-01
2.381470501422882080e-01
2.389626055955886841e-01
2.358192354440689087e-01
2.372802346944808960e-01
2.361320108175277710e-01
2.355317920446395874e-01
2.355928570032119751e-01
2.370402961969375610e-01
2.376861572265625000e-01
2.346703857183456421e-01
2.342291176319122314e-01
2.394453138113021851e-01
2.364137023687362671e-01
2.356575876474380493e-01
2.359232008457183838e-01
2.375666648149490356e-01
2.372479438781738281e-01
2.334707677364349365e-01
2.372313439846038818e-01
2.348321825265884399e-01
2.357348948717117310e-01
2.368689477443695068e-01
2.366095781326293945e-01
2.377729415893554688e-01
2.356846779584884644e-01
2.334877699613571167e-01
2.319684177637100220e-01
2.327424883842468262e-01
2.329655438661575317e-01
2.348015159368515015e-01
2.324104309082031250e-01
2.347247302532196045e-01
2.348241508007049561e-01
2.336282432079315186e-01
2.331952452659606934e-01
2.366163134574890137e-01
2.327826172113418579e-01
2.323615550994873047e-01
2.300577014684677124e-01
2.333721518516540527e-01
2.329255193471908569e-01
2.325499802827835083e-01
2.330484539270401001e-01
2.321929335594177246e-01
2.338051795959472656e-01
2.341951131820678711e-01
2.305102646350860596e-01
2.333722859621047974e-01
2.303082942962646484e-01
2.309366911649703979e-01
2.328085452318191528e-01
2.299702316522598267e-01
2.311794310808181763e-01
2.296209931373596191e-01
2.320798337459564209e-01
2.297970503568649292e-01
2.331566959619522095e-01
2.310416251420974731e-01
2.298882454633712769e-01
2.357794046401977539e-01
2.343069016933441162e-01
2.298639565706253052e-01
2.339548170566558838e-01
2.281488180160522461e-01
2.315184175968170166e-01
2.303189337253570557e-01
2.275145798921585083e-01
2.305299341678619385e-01
2.283631265163421631e-01
2.293144613504409790e-01
2.314622551202774048e-01
2.306041270494461060e-01
2.291369140148162842e-01
2.306626737117767334e-01
2.271444797515869141e-01
2.284779399633407593e-01
2.293666452169418335e-01
2.278672903776168823e-01
2.290615290403366089e-01
2.267809361219406128e-01
2.272893041372299194e-01
2.284525185823440552e-01
2.286723852157592773e-01
2.297218143939971924e-01
2.285874634981155396e-01
2.273443192243576050e-01
2.283861488103866577e-01
2.287658303976058960e-01
2.323527932167053223e-01
2.278382033109664917e-01
2.262337654829025269e-01
2.239677011966705322e-01
2.277052104473114014e-01
2.260109037160873413e-01
2.243744283914566040e-01
2.277072519063949585e-01
2.248827368021011353e-01
2.285296171903610229e-01
2.257482558488845825e-01
2.294916212558746338e-01
2.273062020540237427e-01
2.273588776588439941e-01
2.296520471572875977e-01
2.254952937364578247e-01
2.288862764835357666e-01
2.286243587732315063e-01
2.255529910326004028e-01
2.263146936893463135e-01
2.276309430599212646e-01
2.273204475641250610e-01
2.261178940534591675e-01
2.261230200529098511e-01
2.252266705036163330e-01
2.265072911977767944e-01
2.235174775123596191e-01
2.265228778123855591e-01
2.226609736680984497e-01
2.250053882598876953e-01
2.243440896272659302e-01
2.224851548671722412e-01
2.250366806983947754e-01
2.254185527563095093e-01
2.253677099943161011e-01
2.230406552553176880e-01
2.245394736528396606e-01
2.257069945335388184e-01
2.226412296295166016e-01
2.256581783294677734e-01
2.235921174287796021e-01
2.228759527206420898e-01
2.268584668636322021e-01
2.249141335487365723e-01
2.238287925720214844e-01
2.269999384880065918e-01
2.271948754787445068e-01
2.259779572486877441e-01
2.251042723655700684e-01
2.261278033256530762e-01
2.266891896724700928e-01
2.243743091821670532e-01
2.302704453468322754e-01
2.203504592180252075e-01
2.244095206260681152e-01
2.229738086462020874e-01
2.264432013034820557e-01
2.201509028673171997e-01
2.236889451742172241e-01
2.260045111179351807e-01
2.231943011283874512e-01
2.227947860956192017e-01
2.214962542057037354e-01
2.227971851825714111e-01
2.250112444162368774e-01
2.238381505012512207e-01
2.221101522445678711e-01
2.239830791950225830e-01
2.229876965284347534e-01
2.235700339078903198e-01
2.204771637916564941e-01
2.246283888816833496e-01
2.244460731744766235e-01
2.239217758178710938e-01
2.207501977682113647e-01
2.220389097929000854e-01
2.243058979511260986e-01
2.241823822259902954e-01
2.212737649679183960e-01
2.234122008085250854e-01
2.207094281911849976e-01
2.225109189748764038e-01
2.221733182668685913e-01
2.229039072990417480e-01
2.219728678464889526e-01
2.255498021841049194e-01
2.224268019199371338e-01
2.230983078479766846e-01
2.214769273996353149e-01
2.229423820972442627e-01
2.219218760728836060e-01
2.217156291007995605e-01
2.206067740917205811e-01
2.197624891996383667e-01
2.243275493383407593e-01
2.212694138288497925e-01
2.188639938831329346e-01
2.197303324937820435e-01
2.192089706659317017e-01
2.197585403919219971e-01
2.206320911645889282e-01
2.224443107843399048e-01
2.187646627426147461e-01
2.196779996156692505e-01
2.212135493755340576e-01
2.208111137151718140e-01
2.198928743600845337e-01
2.197332978248596191e-01
2.184730768203735352e-01
2.207139730453491211e-01
2.209044396877288818e-01
2.203379720449447632e-01
2.218894362449645996e-01
2.201320379972457886e-01
2.190299481153488159e-01
2.219312787055969238e-01
2.212018072605133057e-01
2.191127240657806396e-01
2.195891141891479492e-01
2.189188599586486816e-01
2.198928445577621460e-01
2.232924997806549072e-01
2.190661579370498657e-01
2.191154062747955322e-01
2.191815674304962158e-01
2.181384414434432983e-01
2.175423353910446167e-01
2.182433158159255981e-01
2.162123918533325195e-01
2.205563783645629883e-01
2.205519825220108032e-01
2.206744104623794556e-01
2.190357148647308350e-01
2.202057391405105591e-01
2.190681993961334229e-01
2.178437858819961548e-01
2.190533280372619629e-01
2.180833220481872559e-01
2.182455658912658691e-01
2.177631109952926636e-01
2.231828570365905762e-01
2.194117754697799683e-01
2.167507410049438477e-01
2.160544991493225098e-01
2.173225879669189453e-01
2.179303765296936035e-01
2.184588909149169922e-01
2.184669077396392822e-01
2.180862426757812500e-01
2.159930318593978882e-01
2.189160436391830444e-01
2.185082584619522095e-01
2.183693349361419678e-01
2.193426191806793213e-01
2.206653952598571777e-01
2.168178409337997437e-01
2.172693163156509399e-01
2.179620712995529175e-01
2.175400406122207642e-01
2.142983824014663696e-01
2.193257510662078857e-01
2.185935080051422119e-01
2.173054367303848267e-01
2.169458568096160889e-01
2.187077999114990234e-01
2.170844227075576782e-01
2.175004035234451294e-01
2.172255665063858032e-01
2.178733348846435547e-01
2.174659818410873413e-01
2.184115797281265259e-01
2.169878184795379639e-01
2.148715853691101074e-01
2.199410051107406616e-01
2.155512422323226929e-01
2.165671736001968384e-01
2.189273983240127563e-01
2.194544374942779541e-01
2.143839746713638306e-01
2.169331461191177368e-01
2.143683284521102905e-01
2.158897668123245239e-01
2.185563296079635620e-01
2.187646031379699707e-01
2.146822661161422729e-01
2.151335477828979492e-01
2.160019427537918091e-01
2.160988599061965942e-01
2.167012095451354980e-01
2.156234532594680786e-01
2.169797420501708984e-01
2.130445539951324463e-01
2.160129547119140625e-01
2.148554176092147827e-01
2.161103487014770508e-01
2.161655277013778687e-01
2.143501788377761841e-01
2.147829234600067139e-01
2.164305746555328369e-01
2.196462452411651611e-01
2.154674679040908813e-01
2.163097411394119263e-01
2.155419588088989258e-01
2.150715440511703491e-01
2.196439206600189209e-01
2.159770131111145020e-01
2.124470025300979614e-01
2.142804414033889771e-01
2.144742012023925781e-01
2.159117758274078369e-01
2.159125506877899170e-01
2.122650742530822754e-01
2.161803990602493286e-01
2.160550653934478760e-01
2.155680358409881592e-01
2.158569097518920898e-01
2.166875451803207397e-01
2.155003100633621216e-01
2.139015793800354004e-01
2.150256484746932983e-01
2.165229022502899170e-01
2.119071781635284424e-01
2.168749570846557617e-01
2.113274037837982178e-01
2.148765176534652710e-01
2.142705470323562622e-01
2.177402526140213013e-01
2.105861902236938477e-01
2.150033861398696899e-01
2.155371755361557007e-01
2.126107066869735718e-01
2.145831733942031860e-01
2.127883136272430420e-01
2.143692821264266968e-01
2.139907330274581909e-01
2.141230851411819458e-01
2.131520062685012817e-01
2.128142416477203369e-01
2.136156708002090454e-01
2.145083993673324585e-01
2.134781032800674438e-01
2.136215418577194214e-01
2.150044143199920654e-01
2.136365622282028198e-01
2.118457704782485962e-01
2.121879756450653076e-01
2.135834246873855591e-01
2.137717008590698242e-01
2.116232812404632568e-01
2.153204679489135742e-01
2.123012840747833252e-01
2.137785553932189941e-01
2.135626524686813354e-01
2.096652239561080933e-01
2.136636823415756226e-01
2.128496319055557251e-01
2.121166586875915527e-01
2.117309123277664185e-01
2.121770232915878296e-01
2.135256826877593994e-01
2.139700055122375488e-01
2.127468734979629517e-01
2.114943861961364746e-01
2.109559029340744019e-01
2.107703089714050293e-01
2.143128067255020142e-01
2.135061770677566528e-01
2.112447470426559448e-01
2.105827331542968750e-01
2.125604301691055298e-01
2.132521420717239380e-01
2.090797126293182373e-01
2.134746462106704712e-01
2.132101655006408691e-01
2.114133387804031372e-01
2.115188986063003540e-01
2.108749598264694214e-01
2.129720300436019897e-01
2.136770933866500854e-01
2.115675956010818481e-01
2.127486169338226318e-01
2.112239599227905273e-01
2.091360986232757568e-01
2.114352434873580933e-01
2.086638212203979492e-01
2.116832584142684937e-01
2.111155539751052856e-01
2.109632194042205811e-01
2.127840965986251831e-01
2.093124985694885254e-01
2.166002839803695679e-01
2.103736996650695801e-01
2.091773003339767456e-01
2.097332179546356201e-01
2.077191770076751709e-01
2.109478563070297241e-01
2.103482335805892944e-01
2.131408005952835083e-01
2.085811048746109009e-01
2.103957235813140869e-01
2.117639929056167603e-01
2.107524126768112183e-01
2.110418230295181274e-01
2.097512185573577881e-01
2.111771106719970703e-01
2.105988860130310059e-01
2.086459994316101074e-01
2.100704759359359741e-01
2.099951654672622681e-01
2.098158895969390869e-01
2.091720402240753174e-01
2.106442749500274658e-01
2.098618149757385254e-01
2.101198285818099976e-01
2.077762782573699951e-01
2.108174115419387817e-01
2.127522379159927368e-01
2.113705277442932129e-01
2.100639492273330688e-01
2.077310681343078613e-01
2.096940875053405762e-01
2.096628397703170776e-01
2.098517268896102905e-01
2.121136039495468140e-01
2.093120962381362915e-01
2.135448306798934937e-01
2.076720446348190308e-01
2.120301276445388794e-01
2.113781273365020752e-01
2.101868093013763428e-01
2.124550193548202515e-01
2.087887972593307495e-01
2.078678160905838013e-01
2.107908874750137329e-01
2.103672623634338379e-01
2.100359648466110229e-01
2.077013403177261353e-01
2.099857777357101440e-01
2.101734280586242676e-01
2.104914635419845581e-01
2.082739174365997314e-01
2.079356908798217773e-01
2.094701081514358521e-01
2.078005522489547729e-01
2.075353264808654785e-01
2.068727612495422363e-01
2.098637074232101440e-01
2.097573727369308472e-01
2.085611373186111450e-01
2.104018479585647583e-01
2.111182659864425659e-01
2.052076011896133423e-01
2.086849212646484375e-01
2.121749073266983032e-01
2.070461809635162354e-01
2.093048393726348877e-01
2.080582380294799805e-01
2.085904777050018311e-01
2.106594443321228027e-01
2.079044729471206665e-01
2.077116817235946655e-01
2.093054056167602539e-01
2.082142680883407593e-01
2.090528905391693115e-01
2.060600668191909790e-01
2.091782689094543457e-01
2.071961164474487305e-01
2.078929692506790161e-01
2.071382701396942139e-01
2.070392668247222900e-01
2.098902016878128052e-01
2.079700380563735962e-01
2.084139585494995117e-01
2.074889242649078369e-01
2.074265927076339722e-01
2.061833292245864868e-01
2.117768228054046631e-01
2.072622030973434448e-01
2.063873261213302612e-01
2.098647356033325195e-01
2.082384079694747925e-01
2.062631994485855103e-01
2.073306590318679810e-01
2.074168622493743896e-01
2.058200836181640625e-01
2.047917246818542480e-01
2.074117660522460938e-01
2.086132615804672241e-01
2.084305584430694580e-01
2.084445804357528687e-01
2.078731507062911987e-01
2.079476267099380493e-01
2.065611779689788818e-01
2.048074603080749512e-01
2.072672992944717407e-01
2.053860723972320557e-01
2.054435014724731445e-01
2.085023224353790283e-01
2.047287076711654663e-01
2.064364105463027954e-01
2.073591649532318115e-01
2.061581909656524658e-01
2.055592983961105347e-01
2.044486403465270996e-01
2.072276026010513306e-01
2.063929587602615356e-01
2.073176056146621704e-01
2.051971405744552612e-01
2.042455077171325684e-01
2.064332216978073120e-01
2.077858448028564453e-01
2.056000530719757080e-01
2.045252174139022827e-01
2.071050554513931274e-01
2.048932015895843506e-01
2.056692540645599365e-01
2.074756473302841187e-01
2.058116793632507324e-01
2.052628993988037109e-01
2.074514031410217285e-01
2.071158438920974731e-01
2.054098397493362427e-01
2.056736499071121216e-01
2.064216881990432739e-01
2.053687572479248047e-01
2.040861099958419800e-01
2.066780179738998413e-01
2.057227492332458496e-01
2.013668417930603027e-01
2.045988589525222778e-01
2.048364132642745972e-01
2.051562517881393433e-01
2.059770673513412476e-01
2.072698622941970825e-01
2.049611955881118774e-01
2.053138017654418945e-01
2.045430541038513184e-01
2.043612450361251831e-01
2.062354385852813721e-01
2.052456736564636230e-01
2.059528827667236328e-01
2.029534578323364258e-01
2.050017863512039185e-01
2.040885835886001587e-01
2.033764719963073730e-01
2.029311060905456543e-01
2.036565244197845459e-01
2.005764544010162354e-01
2.041220366954803467e-01
2.041442394256591797e-01
2.040893584489822388e-01
2.044953852891921997e-01
2.057018131017684937e-01
2.019820362329483032e-01
2.032710611820220947e-01
2.030451297760009766e-01
2.074316442012786865e-01
2.037228196859359741e-01
2.042528539896011353e-01
2.040418237447738647e-01
2.036038786172866821e-01
2.054664194583892822e-01
2.056813836097717285e-01
2.029685676097869873e-01
2.009398043155670166e-01
2.047786116600036621e-01
2.029172629117965698e-01
2.040475159883499146e-01
2.023990750312805176e-01
2.033330202102661133e-01
2.053334265947341919e-01
2.053905129432678223e-01
2.026273459196090698e-01
2.043792903423309326e-01
2.039292454719543457e-01
2.023612707853317261e-01
2.052896320819854736e-01
2.038827240467071533e-01
2.050709724426269531e-01
2.018729150295257568e-01
2.054142653942108154e-01
2.000471204519271851e-01
2.010640799999237061e-01
2.051294296979904175e-01
2.030710279941558838e-01
2.006204575300216675e-01
2.046652436256408691e-01
2.023169994354248047e-01
1.997216939926147461e-01
2.031684070825576782e-01
2.026515603065490723e-01
2.027446478605270386e-01
2.023257166147232056e-01
2.039990425109863281e-01
2.013794332742691040e-01
2.046441882848739624e-01
1.987128555774688721e-01
2.021826803684234619e-01
2.016035020351409912e-01
2.032908499240875244e-01
2.008292376995086670e-01
2.016607224941253662e-01
2.027770876884460449e-01
2.031449079513549805e-01
2.009823024272918701e-01
2.016789615154266357e-01
2.016674727201461792e-01
2.038204520940780640e-01
2.005374729633331299e-01
2.040343731641769409e-01
2.050937563180923462e-01
2.009679228067398071e-01
2.004650980234146118e-01
2.014951407909393311e-01
2.004949599504470825e-01
2.013066858053207397e-01
2.020247131586074829e-01
2.039399147033691406e-01
2.020029574632644653e-01
2.021134793758392334e-01
2.010710984468460083e-01
2.008016556501388550e-01
2.000753134489059448e-01
2.012180685997009277e-01
2.024176120758056641e-01
2.043939828872680664e-01
2.023638039827346802e-01
2.008924484252929688e-01
2.009350061416625977e-01
2.004201114177703857e-01
2.028394937515258789e-01
2.001972943544387817e-01
2.017540484666824341e-01
2.012948095798492432e-01
1.981283724308013916e-01
1.996927112340927124e-01
2.002705186605453491e-01
1.999504119157791138e-01
2.044899761676788330e-01
2.003370076417922974e-01
1.983529180288314819e-01
2.007163614034652710e-01
1.969281286001205444e-01
1.993203014135360718e-01
2.005163133144378662e-01
2.021016776561737061e-01
2.015196979045867920e-01
2.000812292098999023e-01
2.019902765750885010e-01
1.996000558137893677e-01
2.016602754592895508e-01
2.020351290702819824e-01
2.015343606472015381e-01
2.009265273809432983e-01
1.984816491603851318e-01
2.009437978267669678e-01
2.003049850463867188e-01
2.007434517145156860e-01
2.002362906932830811e-01
1.968416571617126465e-01
2.019133269786834717e-01
2.000930011272430420e-01
2.004411369562149048e-01
1.985573619604110718e-01
1.987203955650329590e-01
2.004876881837844849e-01
1.988781541585922241e-01
2.003376632928848267e-01
2.016534507274627686e-01
1.993024200201034546e-01
1.989728808403015137e-01
1.995528936386108398e-01
2.017966806888580322e-01
2.014808803796768188e-01
2.012438625097274780e-01
1.979388594627380371e-01
1.985888183116912842e-01
2.019963562488555908e-01
1.993716508150100708e-01
1.982880234718322754e-01
1.987721621990203857e-01
1.987904608249664307e-01
1.980313509702682495e-01
1.990905851125717163e-01
1.987961828708648682e-01
1.990829259157180786e-01
1.969393342733383179e-01
2.002729326486587524e-01
1.984762102365493774e-01
1.975921839475631714e-01
1.983915269374847412e-01
2.003043740987777710e-01
1.996042430400848389e-01
2.000678479671478271e-01
1.988064199686050415e-01
1.981996595859527588e-01
1.975505203008651733e-01
2.012864053249359131e-01
1.990004777908325195e-01
1.984777897596359253e-01
1.964969784021377563e-01
1.984455883502960205e-01
1.969058364629745483e-01
1.982298791408538818e-01
2.003433704376220703e-01
1.999705731868743896e-01
2.005161643028259277e-01
1.978897750377655029e-01
2.014433890581130981e-01
1.973852962255477905e-01
2.007052004337310791e-01
1.968653798103332520e-01
1.987134367227554321e-01
1.988513320684432983e-01
1.992810070514678955e-01
1.986628621816635132e-01
1.982480436563491821e-01
1.962646543979644775e-01
2.001808732748031616e-01
1.999819874763488770e-01
1.983608156442642212e-01
1.961811929941177368e-01
1.998555660247802734e-01
1.988498121500015259e-01
1.987087577581405640e-01
1.957347989082336426e-01
1.959893852472305298e-01
1.951395422220230103e-01
1.974043697118759155e-01
1.982885897159576416e-01
1.979745328426361084e-01
2.001131623983383179e-01
1.956088393926620483e-01
1.965619176626205444e-01
1.983738094568252563e-01
1.953673809766769409e-01
1.972126215696334839e-01
1.984597742557525635e-01
1.956984996795654297e-01
1.983863264322280884e-01
1.968460381031036377e-01
1.977577209472656250e-01
1.956670582294464111e-01
1.964215934276580811e-01
1.984546482563018799e-01
1.970087140798568726e-01
1.959763765335083008e-01
2.011380791664123535e-01
1.969344168901443481e-01
1.959995776414871216e-01
1.970672011375427246e-01
1.965136677026748657e-01
1.972356289625167847e-01
1.961888819932937622e-01
1.983216404914855957e-01
1.981595605611801147e-01
1.987587511539459229e-01
1.994301974773406982e-01
1.971587836742401123e-01
1.954988837242126465e-01
1.983943432569503784e-01
1.967806369066238403e-01
1.964725852012634277e-01
1.985256373882293701e-01
1.955025643110275269e-01
1.982240825891494751e-01
1.959371268749237061e-01
1.961967349052429199e-01
1.985083818435668945e-01
1.979168951511383057e-01
1.992033720016479492e-01
1.970226317644119263e-01
1.954739540815353394e-01
1.963127702474594116e-01
1.961089372634887695e-01
1.947916299104690552e-01
1.971439719200134277e-01
1.950310170650482178e-01
1.995405405759811401e-01
1.969435065984725952e-01
1.948864907026290894e-01
1.980711668729782104e-01
1.970542967319488525e-01
1.968079805374145508e-01
1.992533951997756958e-01
1.980173885822296143e-01
1.943580210208892822e-01
1.981614828109741211e-01
1.929213106632232666e-01
1.969661414623260498e-01
1.965595781803131104e-01
1.990960836410522461e-01
1.972155421972274780e-01
1.980944424867630005e-01
1.947607398033142090e-01
1.958374083042144775e-01
1.979921013116836548e-01
1.963128149509429932e-01
1.959884166717529297e-01
1.961411684751510620e-01
1.959566920995712280e-01
1.913019269704818726e-01
1.971968710422515869e-01
1.947546303272247314e-01
1.978317946195602417e-01
1.966390162706375122e-01
1.944586038589477539e-01
1.949952542781829834e-01
1.944417357444763184e-01
1.955963671207427979e-01
1.923559159040451050e-01
1.980047821998596191e-01
1.979450583457946777e-01
1.957122534513473511e-01
1.933954805135726929e-01
1.973176598548889160e-01
1.952266544103622437e-01
1.958327144384384155e-01
1.962953209877014160e-01
1.961071193218231201e-01
1.990697979927062988e-01
1.948889791965484619e-01
1.965447515249252319e-01
1.956433802843093872e-01
1.934798508882522583e-01
1.974486112594604492e-01
1.944655179977416992e-01
1.947281807661056519e-01
1.963919848203659058e-01
1.942549943923950195e-01
1.956373602151870728e-01
1.950505822896957397e-01
1.964667886495590210e-01
1.961747407913208008e-01
1.944180577993392944e-01
1.945455670356750488e-01
1.973449736833572388e-01
1.959793567657470703e-01
1.948270201683044434e-01
1.956468373537063599e-01
1.948988437652587891e-01
1.930732876062393188e-01
1.945066601037979126e-01
1.936529874801635742e-01
1.914618164300918579e-01
1.921117156744003296e-01
1.947860270738601685e-01
1.931213438510894775e-01
1.951544135808944702e-01
1.923038959503173828e-01
1.935061663389205933e-01
1.950209289789199829e-01
1.963493227958679199e-01
1.935071051120758057e-01
1.958921551704406738e-01
1.952779293060302734e-01
1.922071278095245361e-01
1.944782882928848267e-01
1.937892585992813110e-01
1.909009069204330444e-01
1.944863647222518921e-01
1.972874104976654053e-01
1.940308958292007446e-01
1.952792853116989136e-01
1.968840509653091431e-01
1.932353228330612183e-01
1.925220340490341187e-01
1.930138319730758667e-01
1.964488029479980469e-01
1.940707713365554810e-01
1.961058229207992554e-01
1.966023445129394531e-01
1.953222602605819702e-01
1.936762034893035889e-01
1.943376660346984863e-01
1.919838488101959229e-01
1.938266903162002563e-01
1.944965571165084839e-01
1.925309598445892334e-01
1.926876902580261230e-01
1.961413472890853882e-01
1.929931640625000000e-01
1.928540021181106567e-01
1.949280947446823120e-01
1.882001608610153198e-01
1.927696913480758667e-01
1.924401819705963135e-01
1.908807009458541870e-01
1.932589858770370483e-01
1.931124180555343628e-01
1.951280832290649414e-01
1.934279501438140869e-01
1.914706826210021973e-01
1.926951110363006592e-01
1.941712200641632080e-01
1.928883492946624756e-01
1.936599612236022949e-01
1.926923543214797974e-01
1.918219327926635742e-01
1.927196383476257324e-01
1.913843899965286255e-01
1.940310746431350708e-01
1.958846449851989746e-01
1.945807784795761108e-01
1.933538466691970825e-01
1.923415064811706543e-01
1.953462362289428711e-01
1.943066567182540894e-01
1.936717927455902100e-01
1.918667852878570557e-01
1.923967450857162476e-01
1.899955570697784424e-01
1.953492760658264160e-01
1.913337856531143188e-01
1.944714337587356567e-01
1.934597343206405640e-01
1.927820742130279541e-01
1.925429105758666992e-01
1.933080703020095825e-01
1.910566836595535278e-01
1.947592496871948242e-01
1.919856816530227661e-01
1.929004639387130737e-01
1.938216388225555420e-01
1.918846368789672852e-01
1.906565725803375244e-01
1.923652738332748413e-01
1.925779283046722412e-01
1.888591498136520386e-01
1.920759528875350952e-01
1.908067464828491211e-01
1.924796998500823975e-01
1.937322467565536499e-01
1.939497292041778564e-01
1.910348981618881226e-01
1.915645152330398560e-01
1.926046609878540039e-01
1.915476918220520020e-01
1.936659961938858032e-01
1.912206560373306274e-01
1.920560747385025024e-01
1.903554350137710571e-01
1.918739378452301025e-01
1.927391439676284790e-01
1.935420930385589600e-01
1.943182200193405151e-01
1.934449076652526855e-01
1.905651390552520752e-01
1.899733096361160278e-01
1.947261542081832886e-01
1.901247650384902954e-01
1.903104037046432495e-01
1.946130096912384033e-01
1.885557770729064941e-01
1.921403855085372925e-01
1.921379268169403076e-01
1.947363466024398804e-01
1.902245730161666870e-01
1.897180527448654175e-01
1.940091699361801147e-01
1.920888572931289673e-01
1.929339766502380371e-01
1.939650177955627441e-01
1.916150152683258057e-01
1.917947232723236084e-01
1.906402111053466797e-01
1.895057559013366699e-01
1.910641491413116455e-01
1.925475895404815674e-01
1.913131326436996460e-01
1.899854540824890137e-01
