1.298317442536354172e+00
9.706314402818679854e-01
8.954917782545089855e-01
8.347034132480621871e-01
7.886079430580139604e-01
7.715420329570770175e-01
7.268510204553604304e-01
6.809323900938033525e-01
6.729852348566055520e-01
6.690863293409347046e-01
6.628129729628562394e-01
6.597902935743331643e-01
6.586016723513603566e-01
6.451118981838226407e-01
6.004441308975220215e-01
5.986183133721351135e-01
6.082443308830260964e-01
5.988052561879158020e-01
5.890091913938522161e-01
6.010354018211364613e-01
5.943915557861327859e-01
6.829142478108406467e-01
6.523154252767562333e-01
6.390015944838524087e-01
6.243989759683609142e-01
6.102641600370407593e-01
6.085578137636185048e-01
6.058736073970795166e-01
3.701779894530773385e-01
3.618101561069488326e-01
3.717721171677112468e-01
3.810674226284027077e-01
3.710686543583869845e-01
3.932900816202163918e-01
3.971813935041427768e-01
2.273413089662790210e-01
2.105526868999004486e-01
2.605471913143992402e-01
2.570363687723875024e-01
2.519583691656589464e-01
2.601904430240392641e-01
2.649813338369131355e-01
1.423486738651990879e-01
1.566991037130355813e-01
1.617793023772537697e-01
1.775979643687605747e-01
1.819909362122416607e-01
2.227781997621059440e-01
1.993408650904893997e-01
1.302198597043752737e-01
1.278012079373002097e-01
1.263420747686177514e-01
1.430053016915917297e-01
1.513078263774514098e-01
1.511350046098232369e-01
1.702132861316204004e-01
9.246145280078053863e-02
9.242415082640946522e-02
1.068713625520467808e-01
1.154499404877424307e-01
1.285948559269309011e-01
1.217185404896736212e-01
1.052876012027263580e-01
9.250875277444720046e-02
9.240757762454450408e-02
8.846385607495904635e-02
1.053231827355921302e-01
1.063208559900522265e-01
1.066252730228006845e-01
1.082267332449555336e-01
7.275907264091074911e-02
8.070533356629311372e-02
9.349043572321534545e-02
1.048735896404832668e-01
9.741050515323877723e-02
1.227735000662505682e-01
1.075731490086764136e-01
7.942520814598537371e-02
6.944856515154242127e-02
8.961423882283270359e-02
9.240362487733363994e-02
7.973448470234871521e-02
1.118093909323215479e-01
1.017415134515613356e-01
7.622722697444260509e-02
9.305369453504681865e-02
7.750637436285615078e-02
7.217919120565056967e-02
8.182460979558527081e-02
8.578737737610936387e-02
8.279763773083687051e-02
6.779295768588781967e-02
5.276368786813691314e-02
7.231759290676563479e-02
7.666994358180090341e-02
7.566584973596036934e-02
7.444713317789136697e-02
9.087584349792450500e-02
6.367746446747332700e-02
5.147172744851559456e-02
7.067441865801811496e-02
8.226937643717974202e-02
7.864990843459963854e-02
9.804080968257039563e-02
8.468570178374648649e-02
