1.708924733400344786e+00
1.345525465011596644e+00
1.215186922550201443e+00
1.138008877038955591e+00
1.027334086298942628e+00
9.659425377845763938e-01
9.577751958370208651e-01
8.374507313966751409e-01
8.287077915668487060e-01
7.893041926622390569e-01
7.781200194358826039e-01
7.604484248161316184e-01
7.657561528682709229e-01
7.552090990543365301e-01
6.406557837128639132e-01
6.328677028417587502e-01
6.275289377570152372e-01
6.243462026119231956e-01
6.339576381444931297e-01
6.402494031190871793e-01
6.438394990563393039e-01
4.902055785059928894e-01
4.903060430288314619e-01
5.174295815825462608e-01
5.027183204889297263e-01
5.187564626336097495e-01
5.064450949430465698e-01
5.249553325772285950e-01
4.000100970268249401e-01
4.055621838569641313e-01
4.093833020329475381e-01
4.112674984335899508e-01
4.225430122017860279e-01
4.290113922953605607e-01
4.226847529411316140e-01
1.796103499084711064e-01
2.307728929072618562e-01
2.397281127423047942e-01
2.410367298871278763e-01
2.630870953202247842e-01
2.712070140987634659e-01
2.767970724403858163e-01
1.472305052354931920e-01
1.337992170080542498e-01
1.535154308378696431e-01
1.391616426035761911e-01
1.490023846365511329e-01
1.577018382027745302e-01
1.828678359091281957e-01
9.051884487271308344e-02
1.096303114853799388e-01
1.151718164980411463e-01
1.165063345059752509e-01
1.246366741135716411e-01
1.206639648228883810e-01
1.398252655565738745e-01
9.049039251171052400e-02
8.514357904903591123e-02
8.786483874544501194e-02
8.315633594989776944e-02
9.982228655368090287e-02
1.100743267126381431e-01
1.006015744898468289e-01
8.483776902779936735e-02
7.558170906268060762e-02
9.044933934230357797e-02
8.831189416814595738e-02
8.545469337143003774e-02
8.927161830477416127e-02
1.098821586929261684e-01
5.925266003469005505e-02
6.723840407095849070e-02
8.241742893122136482e-02
7.838122815825045164e-02
7.637465934269130341e-02
8.137100534513592998e-02
8.906136207282543127e-02
7.157968841493130008e-02
6.917143811937422060e-02
7.793258696328848878e-02
7.040274539496749195e-02
7.882165007060393247e-02
9.499435819685458915e-02
9.176565813831985552e-02
7.260264243464917278e-02
6.771025179652497006e-02
7.455470730550586844e-02
7.962706708116457088e-02
8.082659738138317507e-02
7.183819157304242864e-02
7.957272727042435934e-02
7.267383565194904249e-02
6.329252683557569370e-02
6.828382516745477859e-02
6.163266659714281698e-02
8.444268947001547232e-02
6.834338986314833497e-02
8.545851607806981276e-02
7.123861704487353952e-02
7.002511208411306420e-02
5.951768771745264558e-02
7.291338611161336802e-02
8.190930994926021169e-02
7.359276250703260247e-02
7.349360923282802216e-02
