9.058008193969726562e-01
8.979496359825134277e-01
8.904419541358947754e-01
8.833448290824890137e-01
8.750421404838562012e-01
8.657333254814147949e-01
8.557909727096557617e-01
8.446239829063415527e-01
8.325685858726501465e-01
8.168647885322570801e-01
8.009254336357116699e-01
7.812250852584838867e-01
7.613413929939270020e-01
7.389432787895202637e-01
7.164563536643981934e-01
6.912171244621276855e-01
6.624479889869689941e-01
6.347573399543762207e-01
6.139110326766967773e-01
5.905337333679199219e-01
5.583293437957763672e-01
5.442445874214172363e-01
5.186668038368225098e-01
5.223486423492431641e-01
5.236194729804992676e-01
5.032858848571777344e-01
5.042589306831359863e-01
5.129805803298950195e-01
5.143277049064636230e-01
4.971121847629547119e-01
4.894822537899017334e-01
4.816318750381469727e-01
4.739611148834228516e-01
4.691303670406341553e-01
4.688561260700225830e-01
4.679571092128753662e-01
4.646957516670227051e-01
4.626405537128448486e-01
4.659968018531799316e-01
4.588536918163299561e-01
4.547652006149291992e-01
4.523686468601226807e-01
4.536868929862976074e-01
4.440855681896209717e-01
4.403137564659118652e-01
4.416056275367736816e-01
4.370888769626617432e-01
4.466162621974945068e-01
4.298761785030364990e-01
4.427396059036254883e-01
4.282099604606628418e-01
4.264401197433471680e-01
4.337199926376342773e-01
4.173171818256378174e-01
4.255182445049285889e-01
4.259913265705108643e-01
4.236293137073516846e-01
4.102578461170196533e-01
4.271376430988311768e-01
4.175269007682800293e-01
4.117699861526489258e-01
4.176684021949768066e-01
4.090717732906341553e-01
4.156688153743743896e-01
4.075471758842468262e-01
4.045035243034362793e-01
4.059110581874847412e-01
4.034526646137237549e-01
4.052957594394683838e-01
3.944653868675231934e-01
4.050854742527008057e-01
4.035741686820983887e-01
3.965431451797485352e-01
3.961931467056274414e-01
3.990164101123809814e-01
3.892329931259155273e-01
3.986357748508453369e-01
3.890369534492492676e-01
3.864347040653228760e-01
3.885005712509155273e-01
3.854150176048278809e-01
3.890793025493621826e-01
3.828302621841430664e-01
3.800680935382843018e-01
3.832389116287231445e-01
3.794002532958984375e-01
3.758226335048675537e-01
3.768966495990753174e-01
3.752797245979309082e-01
3.782680928707122803e-01
3.743819594383239746e-01
3.779539465904235840e-01
3.739809691905975342e-01
3.715331256389617920e-01
3.703268766403198242e-01
3.724018633365631104e-01
3.865041136741638184e-01
3.650098145008087158e-01
3.654727339744567871e-01
3.652624785900115967e-01
3.660064339637756348e-01
3.617866337299346924e-01
3.615016937255859375e-01
3.654293119907379150e-01
3.622698187828063965e-01
3.587624430656433105e-01
3.612814545631408691e-01
3.632064759731292725e-01
3.569675981998443604e-01
3.655211925506591797e-01
3.561646044254302979e-01
3.576506078243255615e-01
3.544709980487823486e-01
3.542039096355438232e-01
3.525107204914093018e-01
3.536882102489471436e-01
3.510456383228302002e-01
3.503682017326354980e-01
3.498017489910125732e-01
3.459556400775909424e-01
3.520949482917785645e-01
3.510291278362274170e-01
3.479508459568023682e-01
3.436514139175415039e-01
3.425175845623016357e-01
3.459441661834716797e-01
3.495176732540130615e-01
3.424418270587921143e-01
3.398539721965789795e-01
3.428463041782379150e-01
3.427611887454986572e-01
3.426550924777984619e-01
3.459463119506835938e-01
3.408843576908111572e-01
3.358413279056549072e-01
3.392494916915893555e-01
3.339083492755889893e-01
3.384626805782318115e-01
3.366441726684570312e-01
3.421594202518463135e-01
3.336786031723022461e-01
3.407802581787109375e-01
3.362659811973571777e-01
3.305548131465911865e-01
3.321214318275451660e-01
3.321082293987274170e-01
3.330096602439880371e-01
3.317832052707672119e-01
3.303513824939727783e-01
3.306020200252532959e-01
3.290629088878631592e-01
3.293896615505218506e-01
3.303057551383972168e-01
3.323980569839477539e-01
3.264750242233276367e-01
3.282210230827331543e-01
3.280177116394042969e-01
3.202447593212127686e-01
3.234720528125762939e-01
3.241791725158691406e-01
3.218738436698913574e-01
3.229070603847503662e-01
3.220320343971252441e-01
3.208376467227935791e-01
3.197043240070343018e-01
3.195521235466003418e-01
3.229053914546966553e-01
3.180551230907440186e-01
3.162674605846405029e-01
3.168320655822753906e-01
3.147054016590118408e-01
3.148201704025268555e-01
3.132515251636505127e-01
3.156874179840087891e-01
3.167196214199066162e-01
3.131510019302368164e-01
3.110410869121551514e-01
3.119846880435943604e-01
3.111563622951507568e-01
3.118211627006530762e-01
3.091000914573669434e-01
3.081347048282623291e-01
3.088940083980560303e-01
3.080636262893676758e-01
3.099235892295837402e-01
3.080569207668304443e-01
3.117916882038116455e-01
3.117834627628326416e-01
3.061223626136779785e-01
3.053971529006958008e-01
3.088982701301574707e-01
3.051467537879943848e-01
3.032985031604766846e-01
3.055205345153808594e-01
3.033855855464935303e-01
3.016993701457977295e-01
3.013859689235687256e-01
3.002386987209320068e-01
3.024114072322845459e-01
2.981738448143005371e-01
3.004669845104217529e-01
3.000424504280090332e-01
3.006941974163055420e-01
3.027198016643524170e-01
3.003791868686676025e-01
2.981428802013397217e-01
3.003225624561309814e-01
2.950616776943206787e-01
2.954942584037780762e-01
2.948538959026336670e-01
2.948241829872131348e-01
2.939127981662750244e-01
2.945625483989715576e-01
2.921524345874786377e-01
2.962863743305206299e-01
2.928310930728912354e-01
2.956180572509765625e-01
2.913148403167724609e-01
2.921451926231384277e-01
2.905639410018920898e-01
2.930419743061065674e-01
2.891117632389068604e-01
2.917432188987731934e-01
2.880643308162689209e-01
2.947424948215484619e-01
2.872975170612335205e-01
2.884512543678283691e-01
2.899449765682220459e-01
2.866673171520233154e-01
2.860379517078399658e-01
2.858056128025054932e-01
2.837425470352172852e-01
2.861949503421783447e-01
2.822423875331878662e-01
2.849493920803070068e-01
2.840428054332733154e-01
2.825615406036376953e-01
2.826317250728607178e-01
2.821384668350219727e-01
2.796538770198822021e-01
2.841980755329132080e-01
2.808632850646972656e-01
2.786649465560913086e-01
2.775993049144744873e-01
2.779177427291870117e-01
2.808431982994079590e-01
2.782915234565734863e-01
2.760413289070129395e-01
2.769884467124938965e-01
2.805864810943603516e-01
2.755901217460632324e-01
2.741753458976745605e-01
2.751508057117462158e-01
2.742782533168792725e-01
2.730857431888580322e-01
2.736372649669647217e-01
2.787647247314453125e-01
2.759430408477783203e-01
2.771210670471191406e-01
2.733879983425140381e-01
2.716396749019622803e-01
2.723856568336486816e-01
2.686951160430908203e-01
2.706273794174194336e-01
2.707324326038360596e-01
2.707792520523071289e-01
2.662595510482788086e-01
2.684676647186279297e-01
2.704505622386932373e-01
2.680729627609252930e-01
2.644888460636138916e-01
2.666810750961303711e-01
2.666177749633789062e-01
2.665043175220489502e-01
2.664498686790466309e-01
2.655191123485565186e-01
2.658127844333648682e-01
2.644479870796203613e-01
2.656694650650024414e-01
2.661451995372772217e-01
2.599614262580871582e-01
2.623131275177001953e-01
2.630609273910522461e-01
2.649027705192565918e-01
2.599922418594360352e-01
2.623904347419738770e-01
2.629183530807495117e-01
2.632889449596405029e-01
2.595660984516143799e-01
2.594600915908813477e-01
2.616131007671356201e-01
2.599772214889526367e-01
2.611229121685028076e-01
2.572670876979827881e-01
2.602249681949615479e-01
2.578287422657012939e-01
2.583793103694915771e-01
2.582221329212188721e-01
2.562239766120910645e-01
2.571503221988677979e-01
2.557349503040313721e-01
2.542500197887420654e-01
2.561680972576141357e-01
2.572109401226043701e-01
2.551462352275848389e-01
2.550543248653411865e-01
2.550461888313293457e-01
2.529436349868774414e-01
2.522242367267608643e-01
2.514211535453796387e-01
2.532576322555541992e-01
2.504640817642211914e-01
2.555197179317474365e-01
2.542179822921752930e-01
2.500508427619934082e-01
2.543016374111175537e-01
2.529844045639038086e-01
2.495263814926147461e-01
2.498922646045684814e-01
2.519484460353851318e-01
2.491717636585235596e-01
2.461980879306793213e-01
2.477810680866241455e-01
2.466561496257781982e-01
2.472808957099914551e-01
2.490516901016235352e-01
2.497340887784957886e-01
2.472135424613952637e-01
2.470552027225494385e-01
2.472657859325408936e-01
2.456497102975845337e-01
2.493086159229278564e-01
2.470535933971405029e-01
2.477587312459945679e-01
2.475887835025787354e-01
2.452273964881896973e-01
2.462866455316543579e-01
2.462002336978912354e-01
2.461587637662887573e-01
2.464218288660049438e-01
2.441496551036834717e-01
2.429588884115219116e-01
2.406889349222183228e-01
2.436020821332931519e-01
2.431208342313766479e-01
2.440699636936187744e-01
2.430953234434127808e-01
2.419765591621398926e-01
2.430700659751892090e-01
2.432724833488464355e-01
2.405683100223541260e-01
2.433863729238510132e-01
2.412002086639404297e-01
2.437584996223449707e-01
2.430002689361572266e-01
2.414358407258987427e-01
2.442688196897506714e-01
2.403541654348373413e-01
2.416160106658935547e-01
2.408095449209213257e-01
2.440561503171920776e-01
2.395880222320556641e-01
2.408718913793563843e-01
2.413595169782638550e-01
2.347422391176223755e-01
2.371629029512405396e-01
2.386886179447174072e-01
2.379193603992462158e-01
2.382075190544128418e-01
2.374166697263717651e-01
2.365409433841705322e-01
2.363511621952056885e-01
2.354488372802734375e-01
2.383235394954681396e-01
2.368848919868469238e-01
2.385984957218170166e-01
2.357278317213058472e-01
2.362910509109497070e-01
2.351153492927551270e-01
2.364622801542282104e-01
2.381474822759628296e-01
2.347003966569900513e-01
2.360712736845016479e-01
2.333637177944183350e-01
2.356660366058349609e-01
2.358848303556442261e-01
2.351846098899841309e-01
2.346028387546539307e-01
2.308198213577270508e-01
2.359472364187240601e-01
2.343325465917587280e-01
2.367743551731109619e-01
2.321554869413375854e-01
2.323269546031951904e-01
2.334804385900497437e-01
2.291921824216842651e-01
2.333874553442001343e-01
2.299050092697143555e-01
2.310823053121566772e-01
2.312791794538497925e-01
2.312586605548858643e-01
2.311857640743255615e-01
2.291588336229324341e-01
2.289485335350036621e-01
2.309825867414474487e-01
2.288708984851837158e-01
2.296980768442153931e-01
2.308601588010787964e-01
2.297255098819732666e-01
2.275883853435516357e-01
2.282482534646987915e-01
2.310517877340316772e-01
2.304131984710693359e-01
2.289768308401107788e-01
2.276030182838439941e-01
2.284177988767623901e-01
2.324254512786865234e-01
2.285158336162567139e-01
2.260104566812515259e-01
2.284405678510665894e-01
2.286089062690734863e-01
2.283204048871994019e-01
2.241841554641723633e-01
2.276229858398437500e-01
2.262132316827774048e-01
2.284118384122848511e-01
2.246667295694351196e-01
2.279623597860336304e-01
2.241547554731369019e-01
2.254593968391418457e-01
2.286601662635803223e-01
2.263686954975128174e-01
2.255272865295410156e-01
2.257789373397827148e-01
2.236557602882385254e-01
2.240991592407226562e-01
2.263152450323104858e-01
2.266750931739807129e-01
2.295924723148345947e-01
2.271032482385635376e-01
2.253487408161163330e-01
2.249165177345275879e-01
2.216816991567611694e-01
2.252084761857986450e-01
2.231096178293228149e-01
2.230698317289352417e-01
2.229396253824234009e-01
2.224529087543487549e-01
2.229069322347640991e-01
2.226569205522537231e-01
2.237433195114135742e-01
2.215492278337478638e-01
2.234764844179153442e-01
2.280608564615249634e-01
2.230255305767059326e-01
2.219077199697494507e-01
2.231752425432205200e-01
2.221571803092956543e-01
2.231501787900924683e-01
2.195477038621902466e-01
2.211203128099441528e-01
2.230209708213806152e-01
2.179100811481475830e-01
2.226307392120361328e-01
2.197305262088775635e-01
2.212221175432205200e-01
2.223817110061645508e-01
2.203643471002578735e-01
2.195507138967514038e-01
2.218713611364364624e-01
2.201863080263137817e-01
2.176092565059661865e-01
2.218739241361618042e-01
2.178379893302917480e-01
2.174120545387268066e-01
2.210985273122787476e-01
2.221471220254898071e-01
2.204767763614654541e-01
2.182439118623733521e-01
2.217038869857788086e-01
2.196544855833053589e-01
2.211108952760696411e-01
2.143940031528472900e-01
2.216259092092514038e-01
2.173126488924026489e-01
2.192437648773193359e-01
2.195483744144439697e-01
2.192205935716629028e-01
2.185431271791458130e-01
2.176202386617660522e-01
2.176188081502914429e-01
2.178136557340621948e-01
2.165841460227966309e-01
2.167566865682601929e-01
2.181556075811386108e-01
2.173234671354293823e-01
2.183488309383392334e-01
2.201090306043624878e-01
2.175882756710052490e-01
2.161764204502105713e-01
2.157618999481201172e-01
2.191484272480010986e-01
2.152827084064483643e-01
2.171866595745086670e-01
2.138317525386810303e-01
2.158961594104766846e-01
2.160734832286834717e-01
2.166266143321990967e-01
2.168947011232376099e-01
2.160458862781524658e-01
2.141141146421432495e-01
2.184137105941772461e-01
2.157306671142578125e-01
2.186079472303390503e-01
2.133354246616363525e-01
2.144428342580795288e-01
2.183430939912796021e-01
2.151224166154861450e-01
2.142738103866577148e-01
2.160552442073822021e-01
2.131980210542678833e-01
2.131921499967575073e-01
2.142352312803268433e-01
2.173253297805786133e-01
2.167754918336868286e-01
2.154784649610519409e-01
2.137646526098251343e-01
2.164513617753982544e-01
2.132330238819122314e-01
2.110224217176437378e-01
2.108268588781356812e-01
2.142771333456039429e-01
2.116031944751739502e-01
2.116261869668960571e-01
2.130293399095535278e-01
2.133582830429077148e-01
2.147953361272811890e-01
2.134173512458801270e-01
2.146159857511520386e-01
2.131264656782150269e-01
2.104516923427581787e-01
2.138596773147583008e-01
2.131975144147872925e-01
2.144961953163146973e-01
2.117269039154052734e-01
2.095919847488403320e-01
2.101105898618698120e-01
2.104410380125045776e-01
2.129081338644027710e-01
2.129863351583480835e-01
2.130541056394577026e-01
2.120678424835205078e-01
2.121301740407943726e-01
2.129209935665130615e-01
2.139724493026733398e-01
2.119653820991516113e-01
2.122705429792404175e-01
2.119679301977157593e-01
2.094016075134277344e-01
2.148025482892990112e-01
2.093120664358139038e-01
2.127048224210739136e-01
2.115593105554580688e-01
2.107240110635757446e-01
2.115715295076370239e-01
2.084785848855972290e-01
2.109911143779754639e-01
2.115908414125442505e-01
2.085589915513992310e-01
2.123481482267379761e-01
2.091185599565505981e-01
2.115408629179000854e-01
2.109150588512420654e-01
2.080878913402557373e-01
2.101038843393325806e-01
2.088351696729660034e-01
2.088023126125335693e-01
2.117139697074890137e-01
2.107780724763870239e-01
2.097030282020568848e-01
2.076282650232315063e-01
2.110430002212524414e-01
2.078319191932678223e-01
2.076850384473800659e-01
2.144230753183364868e-01
2.086664885282516479e-01
2.103822380304336548e-01
2.093314081430435181e-01
2.080683112144470215e-01
2.066381126642227173e-01
2.078050076961517334e-01
2.070195674896240234e-01
2.099723219871520996e-01
2.086364775896072388e-01
2.077198177576065063e-01
2.065387517213821411e-01
2.084311544895172119e-01
2.079203277826309204e-01
2.087047845125198364e-01
2.058559656143188477e-01
2.081151008605957031e-01
2.078208476305007935e-01
2.082735449075698853e-01
2.069403827190399170e-01
2.062588036060333252e-01
2.087281495332717896e-01
2.096315771341323853e-01
2.058108001947402954e-01
2.054458260536193848e-01
2.054365873336791992e-01
2.044138461351394653e-01
2.045385539531707764e-01
2.046685218811035156e-01
2.063419967889785767e-01
2.101197093725204468e-01
2.056822776794433594e-01
2.070961296558380127e-01
2.027810215950012207e-01
2.060002386569976807e-01
2.040582150220870972e-01
2.071233987808227539e-01
2.069823294878005981e-01
2.080414146184921265e-01
2.062757462263107300e-01
2.046152800321578979e-01
2.034942805767059326e-01
2.060326635837554932e-01
2.065256386995315552e-01
2.070499211549758911e-01
2.077279835939407349e-01
2.021077722311019897e-01
2.052237242460250854e-01
2.056149542331695557e-01
2.066648900508880615e-01
2.072837203741073608e-01
2.073910087347030640e-01
2.052029520273208618e-01
2.063922882080078125e-01
2.053685784339904785e-01
2.058332711458206177e-01
2.068145424127578735e-01
2.043629437685012817e-01
2.043553441762924194e-01
2.059051245450973511e-01
2.051032930612564087e-01
2.046857178211212158e-01
2.071095556020736694e-01
2.042315900325775146e-01
2.044773101806640625e-01
2.023589313030242920e-01
2.054900377988815308e-01
2.034951299428939819e-01
2.037205249071121216e-01
2.023118436336517334e-01
2.062126547098159790e-01
2.046981006860733032e-01
2.052983343601226807e-01
2.035358846187591553e-01
2.023773938417434692e-01
2.024129480123519897e-01
2.068486660718917847e-01
2.024294137954711914e-01
2.040896713733673096e-01
2.031849771738052368e-01
2.000641673803329468e-01
2.034728229045867920e-01
2.025519311428070068e-01
2.027605324983596802e-01
2.036903649568557739e-01
2.024321109056472778e-01
2.008383274078369141e-01
2.037702500820159912e-01
2.010450363159179688e-01
2.021724581718444824e-01
2.025116235017776489e-01
2.009355872869491577e-01
2.007762491703033447e-01
1.994709372520446777e-01
2.018560171127319336e-01
2.035320401191711426e-01
2.018692493438720703e-01
2.006041705608367920e-01
2.016092687845230103e-01
2.004828006029129028e-01
1.995412260293960571e-01
2.013265341520309448e-01
2.004873603582382202e-01
1.997552514076232910e-01
2.036580443382263184e-01
2.007609307765960693e-01
1.988812983036041260e-01
1.998748332262039185e-01
2.005246728658676147e-01
2.016903907060623169e-01
2.004220634698867798e-01
2.035990059375762939e-01
2.012237608432769775e-01
2.005235701799392700e-01
2.013547569513320923e-01
2.020471692085266113e-01
1.995620429515838623e-01
1.998233646154403687e-01
2.027499228715896606e-01
1.996570974588394165e-01
1.982627958059310913e-01
2.001451104879379272e-01
1.984819173812866211e-01
2.006840109825134277e-01
1.994359940290451050e-01
2.034309953451156616e-01
2.010254114866256714e-01
2.012786567211151123e-01
1.993513703346252441e-01
1.995396763086318970e-01
1.970236003398895264e-01
2.007518261671066284e-01
1.987032741308212280e-01
1.984806060791015625e-01
2.003863751888275146e-01
2.005853652954101562e-01
2.014961838722229004e-01
1.979947537183761597e-01
1.991661489009857178e-01
2.015221714973449707e-01
2.001058459281921387e-01
1.977834403514862061e-01
2.017314732074737549e-01
1.979041993618011475e-01
1.967536360025405884e-01
1.976218670606613159e-01
1.985095590353012085e-01
1.977165639400482178e-01
1.983933597803115845e-01
1.972143054008483887e-01
2.001533210277557373e-01
1.993006169795989990e-01
2.016199678182601929e-01
1.968464702367782593e-01
1.989211589097976685e-01
1.967093646526336670e-01
1.951339393854141235e-01
1.967015266418457031e-01
1.994291841983795166e-01
1.985050290822982788e-01
1.985063403844833374e-01
1.985561102628707886e-01
1.960861384868621826e-01
1.981851607561111450e-01
1.976054161787033081e-01
1.964549422264099121e-01
1.981438547372817993e-01
1.984628438949584961e-01
1.955947875976562500e-01
1.998300999402999878e-01
1.986081153154373169e-01
1.992121040821075439e-01
1.963257342576980591e-01
1.995773762464523315e-01
1.980009824037551880e-01
1.968232244253158569e-01
1.964872777462005615e-01
1.939586997032165527e-01
1.966110318899154663e-01
1.971885859966278076e-01
1.966379880905151367e-01
1.971981525421142578e-01
1.968345493078231812e-01
1.973878145217895508e-01
1.948314607143402100e-01
1.968920230865478516e-01
1.969804614782333374e-01
1.982314288616180420e-01
1.952250748872756958e-01
1.952250450849533081e-01
1.983223259449005127e-01
1.937624961137771606e-01
1.969716101884841919e-01
1.938704550266265869e-01
1.947247982025146484e-01
1.979853957891464233e-01
1.978620141744613647e-01
1.951555758714675903e-01
1.948710083961486816e-01
1.940256804227828979e-01
1.971841752529144287e-01
1.936368644237518311e-01
1.954100430011749268e-01
1.966251879930496216e-01
1.940997987985610962e-01
1.951481401920318604e-01
1.967912316322326660e-01
1.945005506277084351e-01
1.944315582513809204e-01
1.921915709972381592e-01
1.941679120063781738e-01
1.984462738037109375e-01
1.912179142236709595e-01
1.934015750885009766e-01
1.960592418909072876e-01
1.949911862611770630e-01
1.933057904243469238e-01
1.961862742900848389e-01
1.922735273838043213e-01
1.953620314598083496e-01
1.958574354648590088e-01
1.935976147651672363e-01
1.942912042140960693e-01
1.923070847988128662e-01
1.961454749107360840e-01
1.949814558029174805e-01
1.931761950254440308e-01
1.938024461269378662e-01
1.937483549118041992e-01
1.917457431554794312e-01
1.943586468696594238e-01
1.919690072536468506e-01
1.929113268852233887e-01
1.930997669696807861e-01
1.926597356796264648e-01
1.939828097820281982e-01
1.921442747116088867e-01
1.923805028200149536e-01
1.947373151779174805e-01
1.945236921310424805e-01
1.939351260662078857e-01
1.921211928129196167e-01
1.923500001430511475e-01
1.906566172838211060e-01
1.950731873512268066e-01
1.943608820438385010e-01
1.951553225517272949e-01
1.941506713628768921e-01
1.932874768972396851e-01
1.935909986495971680e-01
1.925096213817596436e-01
1.915538460016250610e-01
1.896229833364486694e-01
1.919259727001190186e-01
1.923675388097763062e-01
1.925751566886901855e-01
1.926747411489486694e-01
1.940091848373413086e-01
1.925614923238754272e-01
1.940722018480300903e-01
1.919747292995452881e-01
1.916040778160095215e-01
1.911649852991104126e-01
1.915005743503570557e-01
1.909264326095581055e-01
1.927592158317565918e-01
1.898550242185592651e-01
1.905396133661270142e-01
1.904655843973159790e-01
1.910284161567687988e-01
1.919096410274505615e-01
1.878232508897781372e-01
1.930540949106216431e-01
1.921903192996978760e-01
1.929395347833633423e-01
1.880086660385131836e-01
1.904557049274444580e-01
1.935774683952331543e-01
1.915888190269470215e-01
1.916398257017135620e-01
1.918030083179473877e-01
1.913028061389923096e-01
1.918983608484268188e-01
1.902603358030319214e-01
1.900607496500015259e-01
1.925351768732070923e-01
1.899038404226303101e-01
1.913732290267944336e-01
1.915310621261596680e-01
1.922272890806198120e-01
1.917460411787033081e-01
1.915151029825210571e-01
1.917488873004913330e-01
1.916508674621582031e-01
1.916790604591369629e-01
1.908325403928756714e-01
1.924685984849929810e-01
1.907431930303573608e-01
1.904409378767013550e-01
1.881706714630126953e-01
1.877925395965576172e-01
1.884223818778991699e-01
1.892460733652114868e-01
1.913572996854782104e-01
1.892576217651367188e-01
1.886368989944458008e-01
1.902101188898086548e-01
1.876281052827835083e-01
1.900822669267654419e-01
1.885210871696472168e-01
1.895994096994400024e-01
1.889299154281616211e-01
1.907417476177215576e-01
1.905332356691360474e-01
1.894367635250091553e-01
1.896609812974929810e-01
1.891569495201110840e-01
1.885450929403305054e-01
1.873457729816436768e-01
1.901256442070007324e-01
1.893421709537506104e-01
1.879798769950866699e-01
1.895057410001754761e-01
1.924176961183547974e-01
1.915670335292816162e-01
1.891465783119201660e-01
1.891801357269287109e-01
1.900670081377029419e-01
1.909709721803665161e-01
1.889814734458923340e-01
1.864381581544876099e-01
1.894750297069549561e-01
1.885695755481719971e-01
1.912451684474945068e-01
1.901852339506149292e-01
1.916127800941467285e-01
1.859122067689895630e-01
1.905917674303054810e-01
1.896232962608337402e-01
1.880166679620742798e-01
1.890853792428970337e-01
1.875842958688735962e-01
1.875670254230499268e-01
1.878662854433059692e-01
1.895119100809097290e-01
1.858305484056472778e-01
1.897958368062973022e-01
1.867330819368362427e-01
1.882171928882598877e-01
1.876695752143859863e-01
1.891832649707794189e-01
1.896907091140747070e-01
1.858781725168228149e-01
1.879157572984695435e-01
1.877965927124023438e-01
1.880941838026046753e-01
1.891568303108215332e-01
1.872869133949279785e-01
1.890292167663574219e-01
1.887561529874801636e-01
1.888660192489624023e-01
1.887295544147491455e-01
1.877242177724838257e-01
1.868270188570022583e-01
1.862555593252182007e-01
1.889020800590515137e-01
1.880303621292114258e-01
1.866934448480606079e-01
1.888284683227539062e-01
1.868919879198074341e-01
1.873164921998977661e-01
1.874191015958786011e-01
1.834775805473327637e-01
1.857698112726211548e-01
1.893630921840667725e-01
1.872151196002960205e-01
1.855175495147705078e-01
1.855577826499938965e-01
1.847140491008758545e-01
1.864926367998123169e-01
1.863542348146438599e-01
1.875135302543640137e-01
1.868274211883544922e-01
1.882292926311492920e-01
1.868107169866561890e-01
1.867461800575256348e-01
1.867529600858688354e-01
1.864501535892486572e-01
1.890213638544082642e-01
1.878113001585006714e-01
1.851819306612014771e-01
1.853237301111221313e-01
1.875320374965667725e-01
1.854653954505920410e-01
1.843658685684204102e-01
1.865017861127853394e-01
1.844802647829055786e-01
1.888446807861328125e-01
1.858778893947601318e-01
1.855025142431259155e-01
1.861349940299987793e-01
1.847326606512069702e-01
1.837171316146850586e-01
1.868225038051605225e-01
1.856395006179809570e-01
1.860749423503875732e-01
1.827981770038604736e-01
1.856280118227005005e-01
1.832765191793441772e-01
1.865887492895126343e-01
1.854338496923446655e-01
1.825773119926452637e-01
1.864252090454101562e-01
1.868999749422073364e-01
1.853431612253189087e-01
1.841836273670196533e-01
1.870469152927398682e-01
1.853053867816925049e-01
1.834763884544372559e-01
1.836717128753662109e-01
1.826269328594207764e-01
1.867668032646179199e-01
1.824254989624023438e-01
1.834510862827301025e-01
1.856385022401809692e-01
1.853754669427871704e-01
1.877708435058593750e-01
1.847542375326156616e-01
1.839835196733474731e-01
1.873465925455093384e-01
1.842970252037048340e-01
1.855789422988891602e-01
1.826480478048324585e-01
1.847170591354370117e-01
1.846308857202529907e-01
1.841668039560317993e-01
1.840311288833618164e-01
1.832181811332702637e-01
1.861991882324218750e-01
1.826993376016616821e-01
1.882853507995605469e-01
1.859089434146881104e-01
1.840611845254898071e-01
1.839911937713623047e-01
1.809788793325424194e-01
1.832407861948013306e-01
1.839310079813003540e-01
1.853925585746765137e-01
1.845688819885253906e-01
1.852793544530868530e-01
1.839336752891540527e-01
1.843012720346450806e-01
1.825246363878250122e-01
1.822974532842636108e-01
1.844836771488189697e-01
1.850671023130416870e-01
1.818193793296813965e-01
1.834560781717300415e-01
1.858515441417694092e-01
1.844283044338226318e-01
1.850564330816268921e-01
1.815467774868011475e-01
1.830425411462783813e-01
1.829432249069213867e-01
1.844344437122344971e-01
1.840818524360656738e-01
1.853623539209365845e-01
1.836536824703216553e-01
1.833952367305755615e-01
1.828627288341522217e-01
1.810465753078460693e-01
1.823824793100357056e-01
1.807176321744918823e-01
1.834076941013336182e-01
1.821471154689788818e-01
1.858301013708114624e-01
1.831957995891571045e-01
1.824257373809814453e-01
1.836528629064559937e-01
1.798192262649536133e-01
1.818426549434661865e-01
1.836534291505813599e-01
1.836370080709457397e-01
1.821451783180236816e-01
1.827116161584854126e-01
1.841309219598770142e-01
1.801012903451919556e-01
1.826330274343490601e-01
1.834309101104736328e-01
1.842999756336212158e-01
1.828367114067077637e-01
1.820065379142761230e-01
1.837338805198669434e-01
1.814429610967636108e-01
1.813741475343704224e-01
1.840588301420211792e-01
1.808582842350006104e-01
1.844056993722915649e-01
1.810535192489624023e-01
1.832387894392013550e-01
1.835037618875503540e-01
1.812981963157653809e-01
1.808429807424545288e-01
1.817436963319778442e-01
1.820468753576278687e-01
1.829349547624588013e-01
1.818005591630935669e-01
1.795953959226608276e-01
1.826297789812088013e-01
1.829125732183456421e-01
1.828643977642059326e-01
1.822740137577056885e-01
1.816644966602325439e-01
1.803636699914932251e-01
1.840678602457046509e-01
1.821727156639099121e-01
2.019786685705184937e-01
2.020405828952789307e-01
2.013091892004013062e-01
2.001018673181533813e-01
1.981489509344100952e-01
2.045059055089950562e-01
1.990930587053298950e-01
2.010641098022460938e-01
2.014324516057968140e-01
2.024990320205688477e-01
2.005853503942489624e-01
1.992389261722564697e-01
1.992356181144714355e-01
2.014429867267608643e-01
2.046867609024047852e-01
2.037553340196609497e-01
2.017323374748229980e-01
2.019016295671463013e-01
1.992788612842559814e-01
2.004205137491226196e-01
2.002579420804977417e-01
2.020881474018096924e-01
2.018452733755111694e-01
2.009833306074142456e-01
2.012709081172943115e-01
1.994509100914001465e-01
2.007993161678314209e-01
2.023969441652297974e-01
2.043857127428054810e-01
1.995238810777664185e-01
1.995289474725723267e-01
2.015712261199951172e-01
1.980410069227218628e-01
2.024484723806381226e-01
2.012882530689239502e-01
2.001193612813949585e-01
1.993453651666641235e-01
2.030264139175415039e-01
2.002275139093399048e-01
1.976709216833114624e-01
2.029940485954284668e-01
2.020402103662490845e-01
2.010547071695327759e-01
2.041023969650268555e-01
2.006532251834869385e-01
1.993308216333389282e-01
2.018934190273284912e-01
2.004361152648925781e-01
1.997443139553070068e-01
1.976469308137893677e-01
1.982559412717819214e-01
2.019577324390411377e-01
1.970751136541366577e-01
1.987959593534469604e-01
1.984629929065704346e-01
1.991870254278182983e-01
1.975235939025878906e-01
1.980923712253570557e-01
1.978858709335327148e-01
2.000904828310012817e-01
1.980515420436859131e-01
1.991144269704818726e-01
1.997431516647338867e-01
1.986145228147506714e-01
2.008290588855743408e-01
1.998756676912307739e-01
1.971103698015213013e-01
1.981599777936935425e-01
1.994342505931854248e-01
1.989048272371292114e-01
1.989572495222091675e-01
2.000980824232101440e-01
2.000398486852645874e-01
1.987926363945007324e-01
1.988439112901687622e-01
1.987295448780059814e-01
1.991090476512908936e-01
2.012232244014739990e-01
1.983446776866912842e-01
1.999684721231460571e-01
2.027206569910049438e-01
2.000613510608673096e-01
1.966070085763931274e-01
1.981098651885986328e-01
2.003479450941085815e-01
1.997438520193099976e-01
1.986183077096939087e-01
2.007005661725997925e-01
1.978259682655334473e-01
2.002232223749160767e-01
1.995202898979187012e-01
1.977806985378265381e-01
2.009205967187881470e-01
2.003677487373352051e-01
1.978114992380142212e-01
1.978401094675064087e-01
2.001366466283798218e-01
2.012448161840438843e-01
1.982651948928833008e-01
2.001133710145950317e-01
1.991562992334365845e-01
1.947532743215560913e-01
2.000522464513778687e-01
2.004114240407943726e-01
1.981721073389053345e-01
1.992727220058441162e-01
1.980018615722656250e-01
1.979299634695053101e-01
1.979374885559082031e-01
1.979301869869232178e-01
1.982514262199401855e-01
1.961507201194763184e-01
1.994997113943099976e-01
1.977772116661071777e-01
1.964981853961944580e-01
1.980778276920318604e-01
1.970969140529632568e-01
1.981668025255203247e-01
1.968123316764831543e-01
1.965638697147369385e-01
1.951664835214614868e-01
1.981286555528640747e-01
2.010310292243957520e-01
1.969119757413864136e-01
1.942658573389053345e-01
1.984330266714096069e-01
1.955527365207672119e-01
1.997282952070236206e-01
1.972683221101760864e-01
1.960379183292388916e-01
1.982626616954803467e-01
1.952649205923080444e-01
1.964859515428543091e-01
1.981296390295028687e-01
1.978890448808670044e-01
1.960436999797821045e-01
1.966217160224914551e-01
1.969244033098220825e-01
1.923664957284927368e-01
1.966759115457534790e-01
1.970628052949905396e-01
1.966456621885299683e-01
1.965174078941345215e-01
1.961917132139205933e-01
1.975890100002288818e-01
1.988496780395507812e-01
1.957963407039642334e-01
1.982973963022232056e-01
1.976625919342041016e-01
1.950000375509262085e-01
1.962149739265441895e-01
1.976434886455535889e-01
1.967998892068862915e-01
1.956336796283721924e-01
1.968961507081985474e-01
1.968900114297866821e-01
1.964044868946075439e-01
1.955857276916503906e-01
1.943315565586090088e-01
1.978404074907302856e-01
1.970636546611785889e-01
1.957656890153884888e-01
2.009213417768478394e-01
1.960548907518386841e-01
1.966721564531326294e-01
1.973899751901626587e-01
1.972433626651763916e-01
1.951100826263427734e-01
1.961125135421752930e-01
1.963111311197280884e-01
1.960414201021194458e-01
1.949436366558074951e-01
1.951111853122711182e-01
1.966456323862075806e-01
1.952613741159439087e-01
1.932597607374191284e-01
1.949002146720886230e-01
1.961880773305892944e-01
1.956813186407089233e-01
1.966912597417831421e-01
1.948490291833877563e-01
1.970636546611785889e-01
1.947256475687026978e-01
1.967304199934005737e-01
1.970865279436111450e-01
1.955762058496475220e-01
1.958022266626358032e-01
1.965170204639434814e-01
1.953353583812713623e-01
1.952787637710571289e-01
1.944326460361480713e-01
1.968037933111190796e-01
1.951746940612792969e-01
1.955806165933609009e-01
1.922392100095748901e-01
1.982216387987136841e-01
1.973259150981903076e-01
1.938294172286987305e-01
1.960477679967880249e-01
1.979933679103851318e-01
1.964934617280960083e-01
1.927611082792282104e-01
1.944474428892135620e-01
1.951873302459716797e-01
1.960465461015701294e-01
1.954040527343750000e-01
1.944481581449508667e-01
1.925993561744689941e-01
1.913784146308898926e-01
1.946991235017776489e-01
1.936097592115402222e-01
1.929171681404113770e-01
1.946790516376495361e-01
1.937572360038757324e-01
1.952298134565353394e-01
1.929014474153518677e-01
1.949776709079742432e-01
1.953488588333129883e-01
1.934638768434524536e-01
1.933906972408294678e-01
1.933410018682479858e-01
1.942031681537628174e-01
1.897962242364883423e-01
1.939131319522857666e-01
1.935530006885528564e-01
1.959855556488037109e-01
1.912468522787094116e-01
1.924098432064056396e-01
1.941905617713928223e-01
1.949791461229324341e-01
1.960523128509521484e-01
1.916351914405822754e-01
1.957426965236663818e-01
1.955866813659667969e-01
1.933759301900863647e-01
1.926970630884170532e-01
1.946130841970443726e-01
1.950813084840774536e-01
1.955039054155349731e-01
1.938539445400238037e-01
1.939058601856231689e-01
1.949994862079620361e-01
1.923551559448242188e-01
1.939738988876342773e-01
1.942570060491561890e-01
1.941988170146942139e-01
1.933909356594085693e-01
1.899925768375396729e-01
1.951891630887985229e-01
1.938189566135406494e-01
1.933283507823944092e-01
1.926673650741577148e-01
1.928605437278747559e-01
1.926337927579879761e-01
1.957207918167114258e-01
1.948014348745346069e-01
1.938323974609375000e-01
1.929120123386383057e-01
1.964893490076065063e-01
1.920700371265411377e-01
1.931017041206359863e-01
1.936011463403701782e-01
1.910984665155410767e-01
1.925655454397201538e-01
1.920525729656219482e-01
1.939722150564193726e-01
1.914260089397430420e-01
1.925706267356872559e-01
1.940225064754486084e-01
1.948084980249404907e-01
1.929506659507751465e-01
1.942712068557739258e-01
1.930250376462936401e-01
1.921599358320236206e-01
1.940961182117462158e-01
1.903934627771377563e-01
1.949698626995086670e-01
1.964819431304931641e-01
1.909565329551696777e-01
1.926682293415069580e-01
1.920450478792190552e-01
1.961230933666229248e-01
1.940293163061141968e-01
1.913894563913345337e-01
1.961790919303894043e-01
1.936687529087066650e-01
1.948617100715637207e-01
1.915053129196166992e-01
1.927103996276855469e-01
1.924821585416793823e-01
1.905356943607330322e-01
1.910873800516128540e-01
1.932628601789474487e-01
1.947958022356033325e-01
1.928189843893051147e-01
1.906827837228775024e-01
1.938072443008422852e-01
1.916771531105041504e-01
1.941175758838653564e-01
1.906486749649047852e-01
1.930270791053771973e-01
1.916158795356750488e-01
1.935198605060577393e-01
1.924539357423782349e-01
1.903148144483566284e-01
1.940060704946517944e-01
1.941306293010711670e-01
1.936480849981307983e-01
1.940748393535614014e-01
1.934413611888885498e-01
1.930609047412872314e-01
1.934466361999511719e-01
1.902327090501785278e-01
1.930260807275772095e-01
1.901867538690567017e-01
1.918616145849227905e-01
1.923671662807464600e-01
1.947017163038253784e-01
1.913330852985382080e-01
1.925969421863555908e-01
1.924224942922592163e-01
1.925119161605834961e-01
1.947387307882308960e-01
1.923333257436752319e-01
1.917556673288345337e-01
1.950519829988479614e-01
1.922854632139205933e-01
1.908436268568038940e-01
1.920630633831024170e-01
1.908486932516098022e-01
1.896442770957946777e-01
1.923956871032714844e-01
1.903248876333236694e-01
1.920401751995086670e-01
1.883637905120849609e-01
1.906560808420181274e-01
1.908404380083084106e-01
1.887269467115402222e-01
1.938994675874710083e-01
1.919821053743362427e-01
1.923546940088272095e-01
1.919135451316833496e-01
1.939239054918289185e-01
1.927144229412078857e-01
1.913744658231735229e-01
1.918464154005050659e-01
1.915790736675262451e-01
1.894630938768386841e-01
1.903771609067916870e-01
1.923456043004989624e-01
1.893718987703323364e-01
1.896760016679763794e-01
1.928361952304840088e-01
1.894141733646392822e-01
1.926955282688140869e-01
1.901681572198867798e-01
1.900231838226318359e-01
1.914052069187164307e-01
1.897274404764175415e-01
1.910368502140045166e-01
1.879640221595764160e-01
1.944486051797866821e-01
1.941342949867248535e-01
1.883553415536880493e-01
1.893853396177291870e-01
1.882479935884475708e-01
1.886042654514312744e-01
1.890126615762710571e-01
1.891941428184509277e-01
1.931217461824417114e-01
1.898528188467025757e-01
1.906158924102783203e-01
1.888169348239898682e-01
1.923806965351104736e-01
1.874987334012985229e-01
1.904211789369583130e-01
1.894917339086532593e-01
1.936509758234024048e-01
1.888419389724731445e-01
1.898314058780670166e-01
1.890930086374282837e-01
1.901132464408874512e-01
1.915770918130874634e-01
1.909743249416351318e-01
1.903761029243469238e-01
1.875863224267959595e-01
1.916788369417190552e-01
1.892922967672348022e-01
1.907535791397094727e-01
1.928639113903045654e-01
1.897162199020385742e-01
1.913932412862777710e-01
1.888842880725860596e-01
1.891179233789443970e-01
1.888939589262008667e-01
1.899149864912033081e-01
1.878172308206558228e-01
1.888364702463150024e-01
1.888108402490615845e-01
1.906625926494598389e-01
