1.672661830186843890e+00
1.276853789091110247e+00
1.148871508836746269e+00
1.030579022169113124e+00
9.182536637783050848e-01
8.653192877769469993e-01
8.387028139829635354e-01
6.790674519538879572e-01
6.819400617480277926e-01
6.489319777488709029e-01
6.196721124649048340e-01
6.122147396206856218e-01
6.063107314705848960e-01
5.985360050201415927e-01
4.569797089695930570e-01
4.709422220289707361e-01
4.566424944996833601e-01
4.575947785377502686e-01
4.620184783637523718e-01
4.644210496544837752e-01
4.844437992572784291e-01
3.061895281821489512e-01
2.918269334733485931e-01
3.313863724470138550e-01
3.220462021231651484e-01
3.353654842078686027e-01
3.381521074473857746e-01
3.375680924952030315e-01
2.208268452435731832e-01
2.229157987982034739e-01
2.291722073405980942e-01
2.246727223694324482e-01
2.445908858627080795e-01
2.437866544723510664e-01
2.443636776506900865e-01
2.296576359122991517e-01
2.369191924855112985e-01
2.772538074105977968e-01
2.845629666000604741e-01
3.006350242346524926e-01
2.886063738167286008e-01
3.023558790981769606e-01
1.480944476649165287e-01
1.625126785412430719e-01
1.778783481568098068e-01
1.675276790931820858e-01
1.732771228998899460e-01
1.948477512225508801e-01
1.885407490655779950e-01
1.170503053814172800e-01
1.377538460306823309e-01
1.398789785243570727e-01
1.434990564733743534e-01
1.437837222591042408e-01
1.349979165010154192e-01
1.348449559509754259e-01
9.987350748851894777e-02
9.573216347023844053e-02
1.084776854887604669e-01
1.066943403705954557e-01
1.149223453737795303e-01
1.086683395132422431e-01
1.185441552940756094e-01
9.898660311475396267e-02
8.705917481333017016e-02
7.870903564151376930e-02
9.341960218735038957e-02
1.030726527329534348e-01
1.062454625312238971e-01
1.317437099851667959e-01
7.118782849051058514e-02
7.775231159990653174e-02
8.456172835081815498e-02
1.000199383404105913e-01
1.032537462096661390e-01
1.036625109985470777e-01
1.130475317500531651e-01
7.632485359441489037e-02
8.179167609196155708e-02
7.600367780774831827e-02
7.791262581013143340e-02
8.027198619674891233e-02
7.412251884117722345e-02
9.202596054761670585e-02
6.037358479341491807e-02
6.561596399638801314e-02
9.075346078258007820e-02
7.360405274201184400e-02
7.355640022666193323e-02
8.709142177132889184e-02
8.235211117193103059e-02
7.669035471510142477e-02
6.778555582277476232e-02
8.791736212093383129e-02
8.000501817092299517e-02
7.155553540680557878e-02
1.159385212883353167e-01
8.753019926138222440e-02
7.924754889681935588e-02
5.827551696449518454e-02
7.573886852478609044e-02
8.422254781005904245e-02
7.118228383362293354e-02
7.713269096799195423e-02
7.414487077854574337e-02
