7.886599412560463263e-01
4.269554078578948753e-01
3.444032160937786080e-01
3.109576883912086309e-01
2.974094313383102151e-01
2.661068936437368526e-01
2.522881467640399888e-01
2.243471896648406849e-01
2.266523592919111318e-01
2.064999921619892209e-01
1.971042247861623797e-01
1.867102156579494576e-01
1.886264401674270508e-01
1.866787422448396572e-01
1.881290287524461646e-01
1.776685854420065880e-01
1.739961870014667400e-01
1.671760362386703613e-01
1.503489411994815006e-01
1.458156833797693286e-01
1.485608166083693393e-01
1.528391773253679198e-01
1.470889679715037257e-01
1.539190864562988148e-01
1.480567740648984776e-01
1.526690197736024768e-01
1.574090709537267763e-01
1.241756870225071974e-01
1.233276889100670820e-01
1.253260926343500725e-01
1.235461374372243820e-01
1.255713821202516511e-01
1.250106258317828234e-01
1.361919472739100412e-01
1.331006777659058671e-01
1.285996328666806354e-01
1.037763635069131885e-01
1.194298435002565384e-01
1.067150883004069351e-01
1.119407968223094935e-01
1.099228639528155305e-01
1.111266201362013789e-01
1.248164113610982923e-01
1.046312917582690738e-01
1.158747413381934210e-01
9.920977016910910440e-02
9.575027491897344922e-02
8.865203421562910246e-02
1.025177411735057886e-01
8.861778683960437608e-02
9.362089667469263021e-02
9.874579168856144340e-02
1.010688206553459201e-01
1.024228718876838695e-01
8.400033883750439301e-02
8.835401110351086273e-02
8.674328964203596726e-02
8.135022401809692549e-02
8.794701870530843846e-02
8.915197685360908009e-02
9.395634351298212672e-02
9.646613992750645294e-02
8.566812895238400116e-02
8.053408656269311905e-02
7.528973279520868866e-02
8.263049015775322803e-02
7.999055109918117024e-02
8.470336716622113571e-02
8.253369953483342958e-02
8.028183083981275947e-02
7.588299417868256402e-02
8.969336153939366785e-02
6.872743744403124466e-02
7.217428352683782911e-02
6.927651606500148662e-02
7.390604622662066969e-02
7.558170948177575510e-02
7.634264418855309098e-02
8.463251601904631105e-02
7.525548700243234190e-02
8.063737219199537676e-02
6.830693552270532265e-02
6.622152067720890600e-02
6.584323614835739524e-02
6.966723132878542557e-02
7.477612255141138919e-02
7.327437952160835433e-02
7.604155927896499856e-02
7.084149220958352311e-02
7.401839364320039749e-02
6.342428831383585541e-02
6.385967586189508771e-02
6.981946989893912658e-02
6.372621910646557308e-02
6.825637159869074599e-02
7.163736268877983482e-02
6.727344188839197436e-02
6.573928212746978084e-02
7.066806454211473076e-02
6.408799003809689809e-02
6.050722504034638377e-02
6.386926129460335222e-02
6.877685341984034195e-02
6.747593989595770947e-02
6.539543716236949356e-02
6.455309522338210926e-02
6.482111250981688333e-02
6.801913257688284309e-02
6.530509171076119557e-02
9.236415982246398704e-02
1.009269503084942732e-01
8.889131261967123110e-02
8.925936112180352100e-02
8.440955188125372211e-02
7.828928534407168793e-02
8.013334928546100855e-02
7.045718207024037616e-02
4.608552025398239549e-02
4.556179932551458756e-02
3.905414208304137241e-02
5.222516024950892011e-02
4.814210903481580539e-02
5.123923083767294856e-02
5.592248224653303956e-02
6.622379931621252824e-02
5.121334921102970589e-02
3.229298277175985526e-02
3.535950932069681363e-02
3.936427552718669426e-02
4.053409813670441619e-02
3.730132483120542075e-02
4.494688411476090856e-02
5.060619209776632405e-02
4.498176980065182046e-02
4.810101146344095135e-02
