8.101794874668121205e-01
4.527232404053211368e-01
3.866824983060360155e-01
3.535890047252178148e-01
3.426036296784877866e-01
3.167096415162086731e-01
3.062428988516330830e-01
3.039918187260627902e-01
2.720183940976858006e-01
2.482754681259393692e-01
2.653302985429764060e-01
2.369953047484159581e-01
2.644244669377803780e-01
2.535634069144725999e-01
2.505583269894123277e-01
2.445433627814054545e-01
2.342013742774725071e-01
2.241751171648502239e-01
2.055094010010361794e-01
2.124755801260471422e-01
2.079069820791482892e-01
2.340809717774391119e-01
2.030379005521535940e-01
2.191288866847753425e-01
2.083881095051765553e-01
2.024229068681597798e-01
2.121295688673853763e-01
1.800520706921815983e-01
1.733664416521787655e-01
1.725545325875282310e-01
1.744726509228348710e-01
1.691133121214807022e-01
1.740973429009318452e-01
1.715435376763343733e-01
1.840267280489206181e-01
1.772564279288053601e-01
1.430339348316192749e-01
1.442000098153948806e-01
1.424861350283026795e-01
1.483006176725029934e-01
1.562061329558491751e-01
1.430059569329023283e-01
1.367679865285754137e-01
1.527073678374290533e-01
1.420315999165177312e-01
1.113152175769209912e-01
1.176305809617042564e-01
1.121464505419135088e-01
1.213608842715620945e-01
1.267777414806187108e-01
1.226151440106332258e-01
1.217328043654561098e-01
1.263199084997177202e-01
1.254298161342740081e-01
8.911054931581020855e-02
9.368292697705328520e-02
9.847790017724036837e-02
1.067436018958687755e-01
1.074885780550539488e-01
1.055658137239515737e-01
1.094557083584368207e-01
9.547924084588885196e-02
1.062886979477480065e-01
8.048824959434569548e-02
7.807515999302268306e-02
8.680751697160303537e-02
7.916135967709124477e-02
8.697417891584337257e-02
8.559574730694294309e-02
8.477930039167404230e-02
9.646247627213597187e-02
8.398741051554679815e-02
6.895730895455925991e-02
6.101485770661383562e-02
7.621112440247088116e-02
6.991658900864422543e-02
8.172529664821923112e-02
6.861077856272458642e-02
7.785291930660605264e-02
7.168079495429992287e-02
7.869738231413066221e-02
5.702868226449936406e-02
4.881667683366686106e-02
5.194301007315516722e-02
6.398730624467134642e-02
6.708800937980413659e-02
6.393351305741816482e-02
6.868787090759724545e-02
6.516691178083419689e-02
6.779156452044844683e-02
4.566407961421645872e-02
4.254905509907985078e-02
5.345748435938731113e-02
5.507023282581940266e-02
5.931296057067811378e-02
6.074200778268277340e-02
6.557275207713246512e-02
5.792599563952535724e-02
6.030897316988557272e-02
3.520549038425088012e-02
4.108602534397505501e-02
4.319395760889165048e-02
5.656262903939932724e-02
5.297901624580845376e-02
4.091274884995073358e-02
6.834633313585072867e-02
6.733586762798950132e-02
5.343953560921363422e-02
3.802053420164156622e-02
4.364786829974036386e-02
4.128302849829196958e-02
4.352353222202509642e-02
4.602530902484432140e-02
5.253835921903373535e-02
4.631584548391401435e-02
4.479712373693473665e-02
4.464053355113719451e-02
3.179185828194022040e-02
2.954991212071035947e-02
3.437575958319939728e-02
4.139696295722387898e-02
3.908006423385813888e-02
3.671781475422904173e-02
3.856825294438749607e-02
4.690784881822764735e-02
4.709197600837797260e-02
3.154296199209057072e-02
3.343144550221040928e-02
2.861118151573464191e-02
3.429819553566630652e-02
3.797863552055787129e-02
5.314568735659122578e-02
4.091843386529944726e-02
5.273988781613297983e-02
4.191645969025557805e-02
