1.690605347156524552e+00
1.297053997516631973e+00
1.165622711181640625e+00
1.075942647457122758e+00
9.851576596498489158e-01
8.903769803047180131e-01
8.713556820154190197e-01
8.861791539192199751e-01
8.701641511917114213e-01
8.393343383073806896e-01
8.196412456035614413e-01
8.125519907474517689e-01
7.937366145849228394e-01
7.863273888826369795e-01
6.333070373535156783e-01
5.717620259523391590e-01
6.427664572000503229e-01
6.180766767263412564e-01
6.343647146224975497e-01
6.211527979373931974e-01
6.006440418958663985e-01
4.598351103067397916e-01
4.401909282803535550e-01
4.656475718319416091e-01
4.534523335099220342e-01
4.629289229214191281e-01
4.555661219358444480e-01
4.535797111690044181e-01
2.997639201581477897e-01
2.948096042871475309e-01
3.069652304053306358e-01
3.387470088899135479e-01
3.356323075294494473e-01
3.392006163299083887e-01
3.444909418374300092e-01
2.040122783184051547e-01
1.999209495633840483e-01
2.153871453553438120e-01
2.088620351999997959e-01
2.332242269814014390e-01
2.191842953488230827e-01
2.461013716459274359e-01
1.456581510975956950e-01
1.530928764864802338e-01
1.710055789723992359e-01
1.681477957591414329e-01
1.669856043905019738e-01
1.708239935338497217e-01
1.904157698526978415e-01
1.293830876424908738e-01
1.318895996734499865e-01
1.265779279544949620e-01
1.526833860017359212e-01
1.431250762566924073e-01
1.448242536932229929e-01
1.441328216716647181e-01
1.116116709634661641e-01
1.059452839754521786e-01
1.159242280572652800e-01
1.098584422469139066e-01
1.241893976368010077e-01
1.302067659236490760e-01
1.374751564115285762e-01
9.991507967934012968e-02
1.023174907267093703e-01
1.070486639440059728e-01
1.045365271344780855e-01
1.098248289525508847e-01
1.071007311902940212e-01
1.238349510915577462e-01
9.460814019665121644e-02
8.060740804299712514e-02
7.881988398265094009e-02
9.894351041875779074e-02
1.142277231253683578e-01
1.085239788889885010e-01
1.169310370273888150e-01
8.122835940681398526e-02
7.475146619603037501e-02
1.048815050767734625e-01
8.691472538746893017e-02
8.737051160074769951e-02
1.067632244247943146e-01
9.232735710218548109e-02
7.460135117638856672e-02
8.865384669043123445e-02
9.361460789572446928e-02
9.727341643534601068e-02
8.868275266140698831e-02
9.003835685551166146e-02
9.900297235697508302e-02
6.307116891723126006e-02
8.714280739426612243e-02
8.785260380245744904e-02
8.096778332255780142e-02
1.037366840150207303e-01
1.087947543477639500e-01
8.573276609182357844e-02
7.387467472348362152e-02
7.658912742743267943e-02
7.727884930558502619e-02
1.063964225770905603e-01
8.301866921596229298e-02
8.250609582290052701e-02
7.279148923233151602e-02
