7.165351262688637313e-01
3.778857712447643014e-01
3.033308126032352448e-01
2.759831807017326111e-01
2.436695089936256331e-01
2.360889580845832725e-01
2.239053999632596992e-01
2.068058784306049391e-01
1.965686845779418823e-01
1.954628379270434424e-01
1.872452306747436623e-01
1.883655899018049362e-01
1.852012216299772362e-01
1.867953947931527969e-01
1.760569622367620379e-01
1.614719877392053471e-01
1.802158488333225339e-01
1.628765189647674583e-01
1.641661944240331572e-01
1.667816139757633265e-01
1.552020619064569396e-01
1.564474519342184122e-01
1.620462892949581235e-01
1.684817040711641400e-01
1.509502390027046281e-01
1.507550623267888967e-01
1.568488099426031124e-01
2.021873708814382609e-01
2.066091104596853301e-01
2.127026335150003500e-01
2.038849170506000508e-01
2.009038621187210216e-01
2.036409608274698246e-01
1.930328290164470550e-01
1.915146066248416823e-01
1.915314013883471500e-01
1.622985251247882899e-01
1.524714526534080572e-01
1.579880991950631253e-01
1.563401072844863016e-01
1.491240076348185617e-01
1.655473442189395461e-01
1.537517679855227581e-01
1.621801882982253917e-01
1.566560282185673614e-01
1.237112724781036371e-01
1.233833024650812099e-01
1.259708410874009199e-01
1.178798628039658125e-01
1.179153256025165381e-01
1.277293108217418260e-01
1.265504827909171570e-01
1.280597754009067946e-01
1.342787070572376285e-01
9.825704510323703122e-02
9.737932523712515553e-02
9.143367685377597198e-02
9.587505297735333942e-02
1.052445704489946426e-01
9.937231353484093921e-02
9.754800453782080938e-02
1.170687255077064032e-01
1.194081868231296473e-01
7.327030205167829602e-02
6.625092044472694064e-02
8.126394124701619148e-02
7.926743440330027979e-02
8.493100242689251289e-02
8.540782955940812160e-02
9.192713292315601858e-02
8.215272855944931452e-02
9.172454658895730362e-02
6.088019369170069583e-02
5.869488210417330570e-02
6.357548994012177102e-02
7.094045203179120962e-02
6.515032755210996285e-02
7.391723675653338876e-02
7.140048850793391522e-02
8.248817951418459249e-02
7.777089301496743767e-02
4.711672759614884964e-02
5.087143401149660238e-02
5.628322912845760279e-02
6.417154470458626137e-02
5.394988541025668577e-02
6.915147627703845112e-02
6.618255037814378683e-02
4.943013584706932445e-02
6.266756441909819564e-02
4.868571141734719110e-02
5.258961465908214283e-02
5.396159584284759836e-02
5.515930997091345739e-02
5.424829063937067902e-02
5.091749774001073231e-02
5.048032937687821353e-02
6.069842367433011393e-02
6.692869072314351631e-02
4.074605426052585466e-02
3.801426066318527169e-02
3.428805316681973747e-02
4.126663048984482995e-02
5.016083707450889190e-02
4.936111647170036976e-02
5.189503987319767780e-02
4.433683621464297453e-02
4.736091032158583347e-02
4.340159583371132335e-02
3.927838031318969803e-02
3.307058478763792719e-02
4.197381759760901443e-02
4.229145150864496716e-02
4.800014994689263265e-02
4.646568854339420962e-02
4.401583881117403230e-02
4.326934721553698376e-02
3.803778909612447190e-02
3.075840869154490217e-02
3.923346080991905321e-02
3.963433880126103481e-02
3.653351022279821558e-02
3.018815651768818470e-02
4.344031669432297377e-02
3.855448418820742185e-02
3.980328600737266520e-02
3.646960591198876445e-02
3.314517181890550696e-02
3.357096154941245636e-02
2.973619878990575727e-02
3.925497504882514282e-02
3.687269362271763246e-02
3.562196732331358168e-02
3.790953116607852225e-02
2.779419948346912791e-02
