1.728160282373428336e+00
1.325481154918670690e+00
1.154062128663063014e+00
1.024115681052207849e+00
9.216257447004317926e-01
8.835119938850403143e-01
8.286266624927520752e-01
7.000919628143310591e-01
6.812659716606139781e-01
6.762481430172919694e-01
6.569276094436645730e-01
6.493288794159889354e-01
6.403565222024917292e-01
6.153027078509331060e-01
6.062749016284942893e-01
6.192668560147285284e-01
6.047901362180709839e-01
6.053649532794952437e-01
6.313291689753532943e-01
6.334815725684166399e-01
6.228324097394942749e-01
4.268463048338890231e-01
4.240414817631244504e-01
4.560256379842758112e-01
4.500632613897323497e-01
4.670924583077430969e-01
4.671486151218414151e-01
4.648672892153263292e-01
2.946189177781343704e-01
2.782774648815393714e-01
2.968454468995332940e-01
3.213919924199581390e-01
3.372891458868980674e-01
3.172368717193603249e-01
3.443342553079128399e-01
1.954429008066654316e-01
1.971785919740796089e-01
2.122102820873260631e-01
2.377838829159736600e-01
2.453753466904163294e-01
2.438385631889104788e-01
2.477418091148138046e-01
1.359028257802128714e-01
1.546127820387482588e-01
1.519558692723512738e-01
1.639889572374522708e-01
1.753174966573715077e-01
1.933588963747024658e-01
1.948996790871024010e-01
1.137673756945878217e-01
1.184307073801755955e-01
1.349365198984742165e-01
1.218972539529204341e-01
1.424678466841578506e-01
1.644691060110926584e-01
1.496249240450561180e-01
9.822881868109106795e-02
1.070345470029860774e-01
1.031547153647989074e-01
1.071463060937821871e-01
1.098528804071247644e-01
1.195099381823092749e-01
1.318036732450127702e-01
9.848982155323028620e-02
9.346989043056964930e-02
1.022771366126835335e-01
1.053665666282176949e-01
9.857189382426440050e-02
1.360017048940062590e-01
1.314792088512331258e-01
8.576952257193624918e-02
9.268371708691119926e-02
1.008478939346969111e-01
9.620129861868917387e-02
8.163284616544842776e-02
8.576501468196510991e-02
1.191573325637727970e-01
7.801413515117019970e-02
9.374409582465886848e-02
8.828514240914955846e-02
7.605925901792943977e-02
7.731059849262238159e-02
1.104430101439356771e-01
1.002365396358072813e-01
6.653605675091966987e-02
7.949640451464802526e-02
7.258229563012719154e-02
7.487680967897177020e-02
8.658751764800400041e-02
8.973696257453411818e-02
1.010736922267824467e-01
7.755171278957277703e-02
7.067938061431050523e-02
9.066370889078825823e-02
7.624919102527201453e-02
8.066789270378649235e-02
9.217007428407669734e-02
9.061211581341922783e-02
6.875317844562232883e-02
6.981201080605387022e-02
6.520684582646936456e-02
6.896118711913004629e-02
7.405815284117124586e-02
9.161476751789450479e-02
9.074616581667215021e-02
