1.752613641023635926e+00
1.383942766189575124e+00
1.244195449352264449e+00
1.115677201747894198e+00
1.044765852093696656e+00
9.581225699186325384e-01
8.863693851232529175e-01
7.559183418750763384e-01
7.538683253526687889e-01
7.226663267612457586e-01
7.034805393218994674e-01
7.135747188329696344e-01
6.988328126072883562e-01
7.101428502798080578e-01
5.554236736893654047e-01
5.133289003372192294e-01
5.262941125035286438e-01
5.323945131897925842e-01
5.291038593649863842e-01
5.321139660477638422e-01
5.202518355846404985e-01
3.599069996178150266e-01
3.682027149200439720e-01
3.750893597304820748e-01
3.636882518231868699e-01
3.661435057222843237e-01
3.949200008809566342e-01
3.944622005522251396e-01
2.641653642803430402e-01
2.489581998437642996e-01
2.584289294481277310e-01
2.557661917805671425e-01
2.746840897202491583e-01
2.876654866337776117e-01
2.568522956967353998e-01
1.909775737673044260e-01
1.881225564330816225e-01
1.890889412909746159e-01
1.881939237564802248e-01
2.087281071394681831e-01
2.164911797642707914e-01
2.085023611038923363e-01
1.551539696753025110e-01
1.442456541210412890e-01
1.397270807623863242e-01
1.491958524286746968e-01
1.565474715828895635e-01
1.601934870332479555e-01
1.619054818153381481e-01
1.501176240295171715e-01
1.202070836722850811e-01
1.341833358258008868e-01
1.331998220086097751e-01
1.437885313481092331e-01
1.492559669166803327e-01
1.540641678497195188e-01
1.193415234982967421e-01
1.250035745650529828e-01
1.193415793031454147e-01
1.312142580002546299e-01
1.184139619767665824e-01
1.241300778090953794e-01
1.346867334097623936e-01
1.088414440676570005e-01
1.082240089029073704e-01
1.123183124884963024e-01
1.081430480256676679e-01
1.176747839897871045e-01
1.213579342886805523e-01
1.351383900642394997e-01
1.128907814249396346e-01
1.123948413133621232e-01
1.203000174462795224e-01
1.186048643663525637e-01
1.219374988228082712e-01
1.292192693054675934e-01
1.280008698254823662e-01
1.131473048776388129e-01
1.128218605741858477e-01
1.174715012311935425e-01
1.059454054757952707e-01
1.108675540611147869e-01
1.126316130161285345e-01
1.115236885100603093e-01
1.046195391565561267e-01
1.016543886065483099e-01
9.423951275646685888e-02
1.044314593076705877e-01
1.160662525519728649e-01
1.106052090600132959e-01
1.112960616871714603e-01
6.914008905179798437e-02
1.212972344830632182e-01
1.314036989957094170e-01
1.375894561409950201e-01
1.287612957321107310e-01
1.179092685878276869e-01
1.508471283130347618e-01
8.204924175050110069e-02
7.795226134359836689e-02
7.854965847916900445e-02
8.403771644458174483e-02
8.547393565066158105e-02
8.899016571231185835e-02
9.276057743933051325e-02
