9.044511914253234863e-01
8.952506780624389648e-01
8.864491581916809082e-01
8.773851394653320312e-01
8.666912317276000977e-01
8.548026084899902344e-01
8.437548875808715820e-01
8.285032510757446289e-01
8.149782419204711914e-01
7.969597578048706055e-01
7.767578959465026855e-01
7.546214461326599121e-01
7.296093702316284180e-01
7.044804692268371582e-01
6.727706193923950195e-01
6.441941261291503906e-01
6.109312772750854492e-01
5.778878927230834961e-01
5.500086545944213867e-01
5.136354565620422363e-01
4.903256297111511230e-01
4.670452177524566650e-01
4.627920389175415039e-01
4.486399292945861816e-01
4.535844624042510986e-01
4.435754418373107910e-01
4.447429478168487549e-01
4.294935166835784912e-01
4.280646741390228271e-01
4.402018487453460693e-01
4.221809208393096924e-01
4.096370637416839600e-01
4.013093709945678711e-01
3.859077692031860352e-01
3.894627690315246582e-01
3.841115832328796387e-01
3.756599724292755127e-01
3.761527836322784424e-01
3.721100687980651855e-01
3.749640583992004395e-01
3.724606633186340332e-01
3.624919652938842773e-01
3.572851419448852539e-01
3.576210439205169678e-01
3.503007590770721436e-01
3.475234806537628174e-01
3.553118109703063965e-01
3.483498990535736084e-01
3.446688950061798096e-01
3.430290222167968750e-01
3.494077324867248535e-01
3.392621278762817383e-01
3.382969498634338379e-01
3.361350595951080322e-01
3.309242129325866699e-01
3.355764746665954590e-01
3.284558951854705811e-01
3.261573016643524170e-01
3.257435262203216553e-01
3.252637684345245361e-01
3.254898488521575928e-01
3.194764852523803711e-01
3.205914199352264404e-01
3.175589144229888916e-01
3.179396688938140869e-01
3.183751404285430908e-01
3.124208450317382812e-01
3.107590675354003906e-01
3.144843578338623047e-01
3.148753643035888672e-01
3.121525645256042480e-01
3.113065063953399658e-01
3.083882629871368408e-01
3.097878396511077881e-01
3.054654598236083984e-01
3.037661910057067871e-01
3.021286427974700928e-01
3.017759025096893311e-01
3.012415766716003418e-01
2.991894483566284180e-01
2.973156869411468506e-01
2.955840826034545898e-01
2.962867915630340576e-01
2.981740832328796387e-01
2.931652963161468506e-01
2.910005748271942139e-01
2.932521998882293701e-01
2.901696264743804932e-01
2.926270365715026855e-01
2.859013080596923828e-01
2.895953059196472168e-01
2.891254425048828125e-01
2.855038642883300781e-01
2.886903584003448486e-01
2.910478115081787109e-01
2.832845151424407959e-01
2.833293974399566650e-01
2.838194370269775391e-01
2.821004390716552734e-01
2.826798260211944580e-01
2.813024520874023438e-01
2.803829014301300049e-01
2.796447277069091797e-01
2.768829762935638428e-01
2.780254483222961426e-01
2.764284312725067139e-01
2.749891579151153564e-01
2.748625874519348145e-01
2.741032242774963379e-01
2.732402980327606201e-01
2.710435390472412109e-01
2.722454667091369629e-01
2.722497284412384033e-01
2.713477313518524170e-01
2.693299949169158936e-01
2.682748436927795410e-01
2.694374620914459229e-01
2.707906067371368408e-01
2.675990164279937744e-01
2.699675559997558594e-01
2.650588452816009521e-01
2.649553418159484863e-01
2.679818272590637207e-01
2.634118199348449707e-01
2.617482542991638184e-01
2.623535096645355225e-01
2.625665068626403809e-01
2.615638673305511475e-01
2.622259855270385742e-01
2.639217078685760498e-01
2.620453834533691406e-01
2.608934044837951660e-01
2.590534090995788574e-01
2.611167728900909424e-01
2.578351199626922607e-01
2.568366527557373047e-01
2.593365311622619629e-01
2.606442272663116455e-01
2.597830295562744141e-01
2.563548088073730469e-01
2.528957128524780273e-01
2.561413347721099854e-01
2.568129301071166992e-01
2.549510896205902100e-01
2.534765303134918213e-01
2.505936026573181152e-01
2.524802386760711670e-01
2.475199699401855469e-01
2.557293176651000977e-01
2.504286170005798340e-01
2.514082193374633789e-01
2.499797642230987549e-01
2.467013001441955566e-01
2.502382993698120117e-01
2.476124763488769531e-01
2.477584183216094971e-01
2.453489899635314941e-01
2.475344836711883545e-01
2.486231625080108643e-01
2.469591945409774780e-01
2.432943135499954224e-01
2.435144037008285522e-01
2.417829334735870361e-01
2.429578602313995361e-01
2.437657266855239868e-01
2.415471076965332031e-01
2.421006858348846436e-01
2.428078949451446533e-01
2.407147437334060669e-01
2.407906353473663330e-01
2.373853027820587158e-01
2.417630404233932495e-01
2.372359186410903931e-01
2.385701239109039307e-01
2.397955358028411865e-01
2.372092604637145996e-01
2.417955100536346436e-01
2.352866828441619873e-01
2.372912615537643433e-01
2.350544482469558716e-01
2.348701506853103638e-01
2.323990911245346069e-01
2.347722202539443970e-01
2.332040816545486450e-01
2.348718196153640747e-01
2.297135591506958008e-01
2.320666164159774780e-01
2.345908880233764648e-01
2.332670539617538452e-01
2.303485125303268433e-01
2.368274927139282227e-01
2.262001782655715942e-01
2.347396016120910645e-01
2.295707017183303833e-01
2.303597331047058105e-01
2.315427362918853760e-01
2.301743030548095703e-01
2.276857793331146240e-01
2.293934822082519531e-01
2.259708344936370850e-01
3.290820419788360596e-01
3.273243904113769531e-01
3.277928531169891357e-01
3.286265432834625244e-01
3.301986455917358398e-01
3.272233009338378906e-01
3.269917070865631104e-01
3.269731998443603516e-01
3.258363306522369385e-01
3.247064650058746338e-01
3.258065581321716309e-01
3.213446140289306641e-01
3.246772289276123047e-01
3.244908154010772705e-01
3.248645663261413574e-01
3.220809698104858398e-01
3.217940032482147217e-01
3.217129111289978027e-01
3.219724595546722412e-01
3.197210729122161865e-01
3.173609375953674316e-01
3.188850283622741699e-01
3.200046122074127197e-01
3.215967118740081787e-01
3.186996579170227051e-01
3.181950151920318604e-01
3.135020434856414795e-01
3.155367076396942139e-01
3.159769475460052490e-01
3.193926215171813965e-01
3.120235204696655273e-01
3.124848008155822754e-01
3.147028386592864990e-01
3.107211589813232422e-01
3.138009905815124512e-01
3.124862611293792725e-01
3.109508156776428223e-01
3.103584945201873779e-01
3.090531826019287109e-01
3.062822818756103516e-01
3.073754012584686279e-01
3.071677088737487793e-01
3.086006939411163330e-01
3.099563121795654297e-01
3.062091171741485596e-01
3.055579066276550293e-01
3.061401844024658203e-01
3.055692315101623535e-01
3.056168556213378906e-01
3.070223927497863770e-01
3.036593198776245117e-01
3.045522272586822510e-01
3.034782707691192627e-01
3.054665327072143555e-01
3.011051118373870850e-01
3.033128678798675537e-01
3.001070320606231689e-01
3.024790585041046143e-01
3.009156882762908936e-01
3.028283417224884033e-01
2.967370450496673584e-01
2.989289760589599609e-01
3.010084331035614014e-01
3.013201355934143066e-01
2.977672815322875977e-01
2.996947169303894043e-01
3.004230260848999023e-01
2.980533540248870850e-01
2.963074147701263428e-01
2.960799932479858398e-01
2.966576516628265381e-01
2.979836761951446533e-01
2.965045273303985596e-01
2.975439131259918213e-01
2.930272519588470459e-01
2.916784882545471191e-01
2.954258918762207031e-01
2.931595444679260254e-01
2.920476794242858887e-01
2.935893237590789795e-01
2.926882803440093994e-01
2.919071912765502930e-01
2.875047922134399414e-01
2.904984951019287109e-01
2.914355993270874023e-01
2.876462042331695557e-01
2.899772226810455322e-01
2.894197106361389160e-01
2.863212525844573975e-01
2.870257198810577393e-01
2.859280109405517578e-01
2.882748842239379883e-01
2.942767441272735596e-01
2.869758307933807373e-01
2.888724207878112793e-01
2.847782671451568604e-01
2.839568555355072021e-01
2.875066399574279785e-01
2.826617956161499023e-01
2.809764742851257324e-01
2.832452952861785889e-01
2.807469367980957031e-01
2.872949540615081787e-01
2.827500700950622559e-01
2.823583781719207764e-01
2.794129848480224609e-01
2.825837731361389160e-01
2.830721735954284668e-01
2.782858908176422119e-01
2.787492573261260986e-01
2.796818614006042480e-01
2.774212956428527832e-01
2.805365324020385742e-01
2.794612348079681396e-01
2.774694859981536865e-01
2.732280194759368896e-01
2.758418321609497070e-01
2.801997959613800049e-01
2.738274931907653809e-01
2.769311070442199707e-01
2.771694660186767578e-01
2.783028483390808105e-01
2.733547687530517578e-01
2.742188572883605957e-01
2.728177905082702637e-01
2.731706202030181885e-01
2.730404734611511230e-01
2.763446569442749023e-01
2.749684751033782959e-01
2.724243104457855225e-01
2.716342508792877197e-01
2.698778808116912842e-01
2.687349915504455566e-01
2.728509008884429932e-01
2.694585025310516357e-01
2.712920606136322021e-01
2.720220983028411865e-01
2.703337967395782471e-01
2.663950622081756592e-01
2.711710333824157715e-01
2.657048702239990234e-01
2.708987891674041748e-01
2.659306526184082031e-01
2.650201916694641113e-01
2.680210173130035400e-01
2.694872021675109863e-01
2.689425945281982422e-01
2.707651853561401367e-01
2.666181027889251709e-01
2.654830515384674072e-01
2.641179561614990234e-01
2.638082206249237061e-01
2.642922401428222656e-01
2.655986249446868896e-01
2.628053426742553711e-01
2.646500468254089355e-01
2.637931108474731445e-01
2.663308382034301758e-01
2.630828917026519775e-01
2.626113295555114746e-01
2.632475197315216064e-01
2.625040709972381592e-01
2.626173496246337891e-01
2.601188719272613525e-01
2.644286751747131348e-01
2.618807554244995117e-01
2.623482644557952881e-01
2.611694633960723877e-01
2.637372314929962158e-01
2.623965144157409668e-01
2.620217502117156982e-01
2.576509118080139160e-01
2.609215378761291504e-01
2.600712180137634277e-01
2.590244412422180176e-01
2.578016221523284912e-01
2.588106393814086914e-01
2.573412656784057617e-01
2.613755464553833008e-01
2.578435242176055908e-01
2.555166482925415039e-01
2.577865123748779297e-01
2.581391334533691406e-01
2.569558620452880859e-01
2.558737993240356445e-01
2.554024755954742432e-01
2.570121884346008301e-01
2.546199560165405273e-01
2.552099823951721191e-01
2.578950524330139160e-01
2.593159079551696777e-01
2.574431300163269043e-01
2.535619139671325684e-01
2.543572187423706055e-01
2.530921399593353271e-01
2.551396191120147705e-01
2.556101977825164795e-01
2.534947991371154785e-01
2.554001212120056152e-01
2.564258873462677002e-01
2.542740106582641602e-01
2.523437142372131348e-01
2.546429634094238281e-01
2.528896331787109375e-01
2.537968754768371582e-01
2.533797025680541992e-01
2.513162791728973389e-01
2.536253929138183594e-01
2.525636851787567139e-01
2.509156465530395508e-01
2.502198815345764160e-01
2.521325051784515381e-01
2.499862164258956909e-01
2.511718571186065674e-01
2.506477236747741699e-01
2.560221850872039795e-01
2.484405636787414551e-01
2.506238222122192383e-01
2.499493956565856934e-01
2.522645592689514160e-01
2.455623447895050049e-01
2.516348958015441895e-01
2.469267994165420532e-01
2.484677284955978394e-01
2.493477165699005127e-01
2.487271577119827271e-01
2.489754408597946167e-01
2.493552267551422119e-01
2.479830533266067505e-01
2.480382025241851807e-01
2.496399432420730591e-01
2.476937174797058105e-01
2.458607554435729980e-01
2.483417540788650513e-01
2.441997826099395752e-01
2.464781850576400757e-01
2.447978705167770386e-01
2.482402175664901733e-01
2.481134086847305298e-01
2.450645864009857178e-01
2.454703599214553833e-01
2.444725930690765381e-01
2.445108592510223389e-01
2.452095746994018555e-01
2.487691789865493774e-01
2.463993430137634277e-01
2.487706542015075684e-01
2.455085963010787964e-01
2.431806474924087524e-01
2.458765655755996704e-01
2.492657750844955444e-01
2.408109903335571289e-01
2.438787519931793213e-01
2.468280047178268433e-01
2.430115789175033569e-01
2.434657514095306396e-01
2.447656095027923584e-01
2.448046058416366577e-01
2.441780418157577515e-01
2.413245439529418945e-01
2.440278381109237671e-01
2.394209802150726318e-01
2.400578707456588745e-01
2.420989423990249634e-01
2.406300902366638184e-01
2.452910393476486206e-01
2.392961680889129639e-01
2.411722093820571899e-01
2.415065765380859375e-01
2.428467720746994019e-01
2.415058463811874390e-01
2.426570653915405273e-01
2.433860152959823608e-01
2.430515438318252563e-01
2.417872846126556396e-01
2.455353885889053345e-01
2.399152964353561401e-01
2.408495247364044189e-01
2.454432845115661621e-01
2.405147999525070190e-01
2.415188848972320557e-01
2.398614734411239624e-01
2.418327033519744873e-01
2.434079945087432861e-01
2.385205924510955811e-01
2.391485422849655151e-01
2.394035756587982178e-01
2.440253943204879761e-01
2.402927130460739136e-01
2.374960482120513916e-01
2.400665283203125000e-01
2.392161339521408081e-01
2.394411265850067139e-01
2.395593076944351196e-01
2.399514615535736084e-01
2.381065636873245239e-01
2.428979873657226562e-01
2.391233891248703003e-01
2.409739196300506592e-01
2.388864457607269287e-01
2.375401705503463745e-01
2.405329495668411255e-01
2.404951602220535278e-01
2.389732748270034790e-01
2.404964715242385864e-01
2.381376922130584717e-01
2.388143539428710938e-01
2.374866902828216553e-01
2.363592982292175293e-01
2.338351458311080933e-01
2.375886589288711548e-01
2.363238632678985596e-01
2.374534159898757935e-01
2.359962612390518188e-01
2.380793392658233643e-01
2.348839193582534790e-01
2.390242815017700195e-01
2.391554266214370728e-01
2.368841469287872314e-01
2.351464778184890747e-01
2.333824783563613892e-01
2.395911067724227905e-01
2.364936172962188721e-01
2.383195161819458008e-01
2.364422827959060669e-01
2.343936264514923096e-01
2.384829223155975342e-01
2.356766909360885620e-01
2.349391430616378784e-01
2.357768118381500244e-01
2.361208647489547729e-01
2.373848855495452881e-01
2.356490194797515869e-01
2.364567220211029053e-01
2.340007722377777100e-01
2.346255630254745483e-01
2.332333624362945557e-01
2.346975803375244141e-01
2.349070608615875244e-01
2.358021438121795654e-01
2.352011650800704956e-01
2.367609441280364990e-01
2.347148060798645020e-01
2.344809025526046753e-01
2.323955595493316650e-01
2.345483154058456421e-01
2.327654361724853516e-01
2.349163889884948730e-01
2.340396344661712646e-01
2.316571325063705444e-01
2.319482862949371338e-01
2.344051152467727661e-01
2.337631732225418091e-01
2.338734418153762817e-01
2.319416999816894531e-01
2.314454019069671631e-01
2.355145812034606934e-01
2.306176126003265381e-01
2.329899072647094727e-01
2.358132302761077881e-01
2.308123409748077393e-01
2.320400476455688477e-01
2.351317852735519409e-01
2.326775938272476196e-01
2.320086956024169922e-01
2.288617491722106934e-01
2.307954579591751099e-01
2.317666262388229370e-01
2.296260893344879150e-01
2.288347780704498291e-01
2.325497418642044067e-01
2.301875203847885132e-01
2.285194396972656250e-01
2.295144796371459961e-01
2.308393716812133789e-01
2.282304018735885620e-01
2.315068542957305908e-01
2.281232923269271851e-01
2.322328835725784302e-01
2.300492823123931885e-01
2.284509688615798950e-01
2.317849397659301758e-01
2.310441136360168457e-01
2.305035740137100220e-01
2.297800928354263306e-01
2.311652451753616333e-01
2.278139144182205200e-01
2.268150895833969116e-01
2.287667244672775269e-01
2.266068607568740845e-01
2.312138825654983521e-01
2.277118414640426636e-01
2.270180732011795044e-01
2.260334044694900513e-01
2.286679744720458984e-01
2.297378629446029663e-01
2.287936210632324219e-01
2.302045524120330811e-01
2.281048446893692017e-01
2.293128073215484619e-01
2.290593534708023071e-01
2.275599837303161621e-01
2.280574142932891846e-01
2.264340668916702271e-01
2.265314161777496338e-01
2.281308174133300781e-01
2.285967320203781128e-01
2.250774651765823364e-01
2.261301130056381226e-01
2.278039306402206421e-01
2.288192063570022583e-01
2.269680500030517578e-01
2.264481782913208008e-01
2.283799648284912109e-01
2.264338284730911255e-01
2.248443067073822021e-01
2.256566137075424194e-01
2.234993726015090942e-01
2.257267534732818604e-01
2.254793047904968262e-01
2.249421775341033936e-01
2.260966449975967407e-01
2.264687269926071167e-01
2.248629629611968994e-01
2.263897061347961426e-01
2.237944304943084717e-01
2.244901806116104126e-01
2.260051667690277100e-01
2.247866094112396240e-01
2.294950932264328003e-01
2.240535765886306763e-01
2.260320782661437988e-01
2.252354621887207031e-01
2.260299772024154663e-01
2.246505320072174072e-01
2.248110175132751465e-01
2.234504669904708862e-01
2.255094051361083984e-01
2.222606241703033447e-01
2.225288599729537964e-01
2.235453426837921143e-01
2.232160866260528564e-01
2.222339957952499390e-01
2.266379296779632568e-01
2.253379374742507935e-01
2.241493612527847290e-01
2.245495617389678955e-01
2.231277525424957275e-01
2.248109281063079834e-01
2.242320924997329712e-01
2.227391451597213745e-01
2.245107144117355347e-01
2.227997928857803345e-01
2.234342098236083984e-01
2.247744202613830566e-01
2.218247354030609131e-01
2.226785719394683838e-01
2.244275957345962524e-01
2.238612473011016846e-01
2.203503251075744629e-01
2.260432839393615723e-01
2.236735373735427856e-01
2.216127961874008179e-01
2.238042354583740234e-01
2.223911881446838379e-01
2.207808345556259155e-01
2.219111621379852295e-01
2.262276113033294678e-01
2.193953692913055420e-01
2.199873924255371094e-01
2.211640328168869019e-01
2.205673307180404663e-01
2.252172231674194336e-01
2.232830971479415894e-01
2.194618582725524902e-01
2.222773432731628418e-01
2.204861044883728027e-01
2.220891118049621582e-01
2.202450633049011230e-01
2.204536199569702148e-01
2.196148186922073364e-01
2.217714488506317139e-01
2.205539941787719727e-01
2.215757369995117188e-01
2.204170674085617065e-01
2.210128307342529297e-01
2.217128276824951172e-01
2.210687994956970215e-01
2.198392897844314575e-01
2.225222736597061157e-01
2.195075452327728271e-01
2.207937389612197876e-01
2.209084182977676392e-01
2.226676791906356812e-01
2.204416990280151367e-01
2.198296338319778442e-01
2.180811464786529541e-01
2.196986526250839233e-01
2.207798510789871216e-01
2.217429429292678833e-01
2.192396670579910278e-01
2.196735739707946777e-01
2.219533622264862061e-01
2.177464067935943604e-01
2.216896563768386841e-01
2.205079197883605957e-01
2.198383957147598267e-01
2.191361039876937866e-01
2.213824242353439331e-01
2.174147069454193115e-01
2.204671800136566162e-01
2.196657955646514893e-01
2.212093025445938110e-01
2.162692099809646606e-01
2.198974639177322388e-01
2.180391699075698853e-01
2.181333452463150024e-01
2.175694555044174194e-01
2.191121280193328857e-01
2.152331769466400146e-01
2.179275602102279663e-01
2.182566523551940918e-01
2.162983864545822144e-01
2.200537323951721191e-01
2.173278778791427612e-01
2.170922309160232544e-01
2.182708829641342163e-01
2.177342027425765991e-01
2.158391475677490234e-01
2.172262668609619141e-01
2.192738205194473267e-01
2.183960080146789551e-01
2.184309214353561401e-01
2.184572666883468628e-01
2.178461104631423950e-01
2.200417965650558472e-01
2.184254825115203857e-01
2.138794660568237305e-01
2.186941057443618774e-01
2.168568670749664307e-01
2.161890715360641479e-01
2.171830385923385620e-01
2.157104909420013428e-01
2.152602970600128174e-01
2.176178693771362305e-01
2.164510637521743774e-01
2.160856574773788452e-01
2.155112475156784058e-01
2.173657715320587158e-01
2.165291905403137207e-01
2.136085033416748047e-01
2.161804884672164917e-01
2.145063728094100952e-01
2.164133191108703613e-01
2.185580432415008545e-01
2.160412520170211792e-01
2.150603979825973511e-01
2.149116396903991699e-01
2.155196517705917358e-01
2.153728455305099487e-01
2.156253159046173096e-01
2.129445075988769531e-01
2.169615924358367920e-01
2.171115875244140625e-01
2.129733562469482422e-01
2.161219120025634766e-01
2.154490798711776733e-01
2.133398056030273438e-01
2.162978947162628174e-01
2.160600423812866211e-01
2.147591710090637207e-01
2.150199115276336670e-01
2.153387367725372314e-01
2.128441929817199707e-01
2.154164910316467285e-01
2.169704884290695190e-01
2.132712602615356445e-01
2.134742140769958496e-01
2.133418172597885132e-01
2.158949822187423706e-01
2.142818123102188110e-01
2.142824977636337280e-01
2.139656841754913330e-01
2.132911384105682373e-01
2.143816947937011719e-01
2.136949896812438965e-01
2.161733657121658325e-01
2.135826647281646729e-01
2.146062403917312622e-01
2.169467210769653320e-01
2.140298187732696533e-01
2.120789140462875366e-01
2.144283652305603027e-01
2.141049355268478394e-01
2.104833424091339111e-01
2.125830054283142090e-01
2.119896709918975830e-01
2.139696031808853149e-01
2.128278613090515137e-01
2.103831022977828979e-01
2.110980153083801270e-01
2.152632474899291992e-01
2.150545716285705566e-01
2.148346751928329468e-01
2.118450701236724854e-01
2.135047614574432373e-01
2.125116437673568726e-01
2.127835154533386230e-01
2.141448408365249634e-01
2.113730460405349731e-01
2.155845910310745239e-01
2.148811966180801392e-01
2.091888040304183960e-01
2.152179777622222900e-01
2.121681272983551025e-01
2.118820399045944214e-01
2.140318304300308228e-01
2.133164554834365845e-01
2.118618339300155640e-01
2.127240002155303955e-01
2.139610499143600464e-01
2.106668800115585327e-01
2.116992324590682983e-01
2.124182879924774170e-01
2.144079506397247314e-01
2.127148807048797607e-01
2.097890526056289673e-01
2.142076045274734497e-01
2.117355763912200928e-01
2.127273380756378174e-01
2.098630517721176147e-01
2.118412852287292480e-01
2.112752199172973633e-01
2.111301273107528687e-01
2.112447172403335571e-01
2.122282832860946655e-01
2.110339254140853882e-01
2.122328579425811768e-01
2.119837552309036255e-01
2.131976336240768433e-01
2.101239562034606934e-01
2.106093615293502808e-01
2.110668718814849854e-01
2.085262835025787354e-01
2.115173041820526123e-01
2.075670808553695679e-01
2.089271396398544312e-01
2.101703584194183350e-01
2.116789966821670532e-01
2.129094302654266357e-01
2.105307430028915405e-01
2.102102637290954590e-01
2.113253176212310791e-01
2.081145346164703369e-01
2.093339711427688599e-01
2.102336138486862183e-01
2.106289863586425781e-01
2.088769376277923584e-01
2.101892530918121338e-01
2.095787376165390015e-01
2.111861407756805420e-01
2.098754793405532837e-01
2.086525559425354004e-01
2.109843939542770386e-01
2.112571895122528076e-01
2.082608640193939209e-01
2.096297144889831543e-01
2.099473029375076294e-01
2.095507383346557617e-01
2.091206014156341553e-01
2.102073132991790771e-01
2.118145823478698730e-01
2.077332139015197754e-01
2.076602280139923096e-01
2.106788456439971924e-01
2.095236182212829590e-01
2.098516672849655151e-01
2.094737291336059570e-01
2.088434100151062012e-01
2.080808877944946289e-01
2.080465406179428101e-01
2.091952115297317505e-01
2.101812660694122314e-01
2.077452093362808228e-01
2.072846889495849609e-01
2.100812941789627075e-01
2.097263038158416748e-01
2.108694016933441162e-01
2.091418653726577759e-01
2.101615965366363525e-01
2.101889252662658691e-01
2.073110193014144897e-01
2.058577388525009155e-01
2.095581293106079102e-01
2.068221569061279297e-01
2.090510129928588867e-01
2.103621661663055420e-01
2.089092880487442017e-01
2.097857445478439331e-01
2.075834870338439941e-01
2.060537934303283691e-01
2.100416123867034912e-01
2.070384919643402100e-01
2.114110291004180908e-01
2.082020640373229980e-01
2.104582637548446655e-01
2.077861726284027100e-01
2.118247896432876587e-01
2.068410664796829224e-01
2.088409066200256348e-01
2.091041952371597290e-01
2.068552374839782715e-01
2.073074132204055786e-01
2.074044942855834961e-01
2.081412374973297119e-01
2.063996940851211548e-01
2.062397748231887817e-01
2.072996795177459717e-01
2.102068960666656494e-01
2.061810195446014404e-01
2.112018018960952759e-01
2.077092826366424561e-01
2.051694393157958984e-01
2.051732689142227173e-01
2.068880349397659302e-01
2.087919265031814575e-01
2.071675956249237061e-01
2.039821296930313110e-01
2.079488188028335571e-01
2.047603726387023926e-01
2.071312963962554932e-01
2.062838077545166016e-01
2.085577398538589478e-01
2.051445990800857544e-01
2.070725858211517334e-01
2.050864994525909424e-01
2.072584629058837891e-01
2.069503217935562134e-01
2.053495645523071289e-01
2.061392366886138916e-01
2.047994136810302734e-01
2.038501501083374023e-01
2.063960880041122437e-01
2.043789476156234741e-01
2.052291482686996460e-01
2.076743692159652710e-01
2.071191370487213135e-01
2.040671855211257935e-01
2.073807865381240845e-01
2.063016891479492188e-01
2.052044272422790527e-01
2.037655711174011230e-01
2.034456282854080200e-01
2.072795629501342773e-01
2.059983760118484497e-01
2.056216746568679810e-01
2.057482451200485229e-01
2.050767838954925537e-01
2.066252678632736206e-01
2.048652172088623047e-01
2.087974548339843750e-01
2.074360847473144531e-01
2.055941820144653320e-01
2.051314413547515869e-01
2.044437974691390991e-01
2.043711543083190918e-01
2.088680714368820190e-01
2.046267688274383545e-01
2.046629488468170166e-01
2.026177644729614258e-01
2.037047445774078369e-01
2.038818597793579102e-01
2.025252282619476318e-01
2.026873975992202759e-01
2.029058635234832764e-01
2.042543590068817139e-01
2.033642530441284180e-01
2.040489017963409424e-01
2.035593092441558838e-01
2.056886255741119385e-01
2.034637331962585449e-01
2.050944119691848755e-01
2.036228626966476440e-01
2.027851045131683350e-01
2.029959708452224731e-01
2.061323374509811401e-01
2.030828148126602173e-01
2.046245336532592773e-01
2.038439661264419556e-01
2.064455300569534302e-01
2.055196911096572876e-01
2.023170888423919678e-01
2.039365619421005249e-01
2.039109170436859131e-01
2.051139920949935913e-01
2.028678506612777710e-01
2.027454376220703125e-01
2.036507129669189453e-01
2.046514004468917847e-01
2.072641551494598389e-01
2.028987854719161987e-01
2.024983316659927368e-01
2.024447470903396606e-01
2.042168527841567993e-01
2.021138072013854980e-01
2.016521394252777100e-01
2.019868344068527222e-01
2.077614516019821167e-01
2.031904757022857666e-01
2.035073041915893555e-01
2.047242373228073120e-01
2.010887414216995239e-01
2.045559138059616089e-01
2.027904987335205078e-01
2.017186135053634644e-01
2.029263675212860107e-01
2.042167484760284424e-01
2.040672749280929565e-01
2.012407481670379639e-01
2.045485526323318481e-01
2.016222029924392700e-01
2.008433640003204346e-01
2.041605114936828613e-01
2.028363496065139771e-01
2.034133821725845337e-01
2.014027386903762817e-01
2.031016349792480469e-01
2.031554132699966431e-01
1.998303681612014771e-01
2.023213803768157959e-01
2.047298401594161987e-01
2.028803527355194092e-01
1.986946463584899902e-01
2.037845700979232788e-01
2.014679759740829468e-01
2.009710371494293213e-01
2.030133157968521118e-01
2.014641016721725464e-01
2.005455046892166138e-01
2.033124566078186035e-01
2.028120309114456177e-01
2.048685550689697266e-01
2.024166435003280640e-01
2.020997852087020874e-01
2.013176083564758301e-01
2.021742761135101318e-01
2.019653618335723877e-01
1.998296678066253662e-01
2.027326226234436035e-01
1.987815201282501221e-01
2.026219367980957031e-01
2.017022371292114258e-01
2.023159414529800415e-01
1.994765102863311768e-01
1.989433765411376953e-01
2.025332450866699219e-01
2.017797082662582397e-01
2.017763555049896240e-01
1.982688307762145996e-01
2.007668018341064453e-01
1.990727335214614868e-01
2.001184374094009399e-01
2.023795694112777710e-01
2.036997824907302856e-01
2.004386484622955322e-01
2.007880508899688721e-01
2.011005431413650513e-01
2.004087716341018677e-01
2.014941424131393433e-01
2.034283131361007690e-01
2.002240866422653198e-01
2.006688863039016724e-01
2.019234746694564819e-01
1.978469192981719971e-01
1.993170380592346191e-01
2.013545930385589600e-01
1.982680857181549072e-01
2.016762197017669678e-01
2.024341672658920288e-01
1.991656273603439331e-01
2.007889151573181152e-01
2.003995627164840698e-01
2.012233436107635498e-01
2.006419897079467773e-01
2.001527845859527588e-01
1.990610808134078979e-01
2.010993063449859619e-01
2.012899667024612427e-01
1.992527842521667480e-01
1.979068666696548462e-01
1.998964995145797729e-01
1.996274590492248535e-01
1.986050605773925781e-01
2.021049261093139648e-01
2.008715569972991943e-01
1.995972394943237305e-01
2.004559189081192017e-01
1.986993849277496338e-01
2.028144001960754395e-01
1.982691586017608643e-01
2.002845853567123413e-01
2.026439309120178223e-01
1.960822194814682007e-01
2.002269923686981201e-01
1.992879807949066162e-01
1.968329250812530518e-01
1.984408497810363770e-01
1.996805369853973389e-01
2.012422382831573486e-01
1.989464610815048218e-01
1.978666037321090698e-01
1.981212943792343140e-01
1.986185163259506226e-01
1.975780874490737915e-01
2.006492316722869873e-01
1.978991031646728516e-01
2.003024965524673462e-01
1.990833431482315063e-01
1.984756290912628174e-01
1.988284885883331299e-01
1.971079409122467041e-01
1.995505094528198242e-01
1.982986927032470703e-01
1.986144483089447021e-01
1.972577273845672607e-01
2.006126791238784790e-01
2.024332284927368164e-01
1.974151432514190674e-01
1.985379159450531006e-01
1.992336511611938477e-01
2.006141394376754761e-01
1.984637677669525146e-01
1.984354406595230103e-01
1.986211687326431274e-01
1.977891325950622559e-01
1.997286677360534668e-01
2.005979269742965698e-01
1.949566602706909180e-01
1.994124650955200195e-01
1.964513957500457764e-01
2.004078179597854614e-01
1.943233907222747803e-01
1.960717886686325073e-01
2.002535015344619751e-01
1.966940164566040039e-01
1.971427202224731445e-01
1.972717791795730591e-01
1.984565258026123047e-01
1.978844851255416870e-01
1.969361305236816406e-01
1.950665563344955444e-01
1.981480866670608521e-01
1.979835629463195801e-01
1.970343738794326782e-01
1.974432915449142456e-01
1.991653144359588623e-01
1.983209103345870972e-01
1.955162584781646729e-01
1.988651007413864136e-01
1.969103366136550903e-01
1.990139931440353394e-01
1.953070908784866333e-01
1.972579658031463623e-01
1.985307484865188599e-01
1.969971358776092529e-01
1.962125301361083984e-01
1.998301297426223755e-01
1.980705708265304565e-01
1.982803642749786377e-01
1.967824697494506836e-01
1.974918544292449951e-01
1.987247467041015625e-01
1.983932405710220337e-01
1.960756331682205200e-01
1.940714269876480103e-01
1.952325999736785889e-01
1.984023004770278931e-01
1.966997087001800537e-01
1.950660943984985352e-01
1.953941136598587036e-01
1.947568506002426147e-01
1.978668123483657837e-01
1.961946338415145874e-01
1.996863186359405518e-01
1.966208517551422119e-01
1.977792084217071533e-01
1.959502846002578735e-01
1.969653815031051636e-01
1.986864656209945679e-01
1.961686164140701294e-01
1.933358311653137207e-01
1.953913867473602295e-01
1.978874653577804565e-01
1.965874731540679932e-01
1.953672915697097778e-01
1.945040822029113770e-01
1.955646127462387085e-01
1.975166946649551392e-01
1.975820362567901611e-01
1.952055245637893677e-01
1.953924000263214111e-01
1.936376094818115234e-01
1.979701519012451172e-01
1.957815438508987427e-01
1.964746564626693726e-01
1.938272267580032349e-01
1.946184486150741577e-01
1.954767554998397827e-01
2.000553607940673828e-01
1.976485848426818848e-01
1.954897493124008179e-01
1.947184205055236816e-01
1.936566531658172607e-01
1.955515891313552856e-01
1.971369534730911255e-01
1.938767731189727783e-01
1.947613507509231567e-01
1.973258703947067261e-01
1.939899921417236328e-01
1.970539540052413940e-01
1.960749924182891846e-01
1.950692236423492432e-01
1.941701918840408325e-01
1.964641660451889038e-01
1.956336796283721924e-01
1.950248181819915771e-01
1.939303129911422729e-01
1.955921947956085205e-01
1.972278058528900146e-01
1.945288330316543579e-01
1.967526674270629883e-01
1.969979405403137207e-01
1.960762143135070801e-01
1.929460167884826660e-01
1.955609768629074097e-01
1.933432817459106445e-01
1.954209059476852417e-01
1.935652047395706177e-01
1.969852298498153687e-01
1.939086914062500000e-01
1.936954557895660400e-01
1.963720321655273438e-01
1.999499946832656860e-01
1.927779912948608398e-01
1.954908370971679688e-01
1.962126195430755615e-01
1.948401927947998047e-01
1.934307217597961426e-01
1.959043443202972412e-01
1.956162005662918091e-01
1.970134973526000977e-01
1.924347430467605591e-01
1.923347860574722290e-01
1.950256824493408203e-01
1.957174390554428101e-01
1.920743882656097412e-01
1.919072121381759644e-01
1.930097192525863647e-01
1.932402551174163818e-01
1.911709159612655640e-01
1.947510987520217896e-01
1.972520202398300171e-01
1.934281289577484131e-01
1.942622810602188110e-01
1.946761459112167358e-01
1.946386396884918213e-01
1.966292560100555420e-01
1.935497373342514038e-01
1.938868165016174316e-01
1.924074143171310425e-01
1.924272626638412476e-01
1.923600286245346069e-01
1.899127215147018433e-01
1.925764679908752441e-01
1.914121359586715698e-01
1.936882287263870239e-01
1.925291568040847778e-01
1.923319846391677856e-01
1.916758120059967041e-01
1.931535899639129639e-01
1.955095529556274414e-01
1.928800195455551147e-01
1.925529539585113525e-01
1.947613805532455444e-01
1.909523904323577881e-01
1.947787404060363770e-01
1.943690329790115356e-01
1.918831765651702881e-01
1.945070922374725342e-01
1.927826106548309326e-01
1.960518062114715576e-01
1.937630921602249146e-01
1.936228275299072266e-01
1.911728084087371826e-01
1.922500431537628174e-01
1.951524913311004639e-01
1.922367662191390991e-01
1.918212175369262695e-01
1.933006942272186279e-01
1.933527737855911255e-01
1.946290135383605957e-01
1.940745860338211060e-01
1.949530243873596191e-01
1.921679228544235229e-01
1.941222250461578369e-01
1.946395933628082275e-01
1.930566728115081787e-01
1.948883682489395142e-01
1.904482394456863403e-01
1.943478882312774658e-01
1.922044903039932251e-01
1.933868080377578735e-01
1.927758157253265381e-01
1.903821080923080444e-01
1.909818947315216064e-01
1.903840303421020508e-01
1.928818374872207642e-01
1.919260770082473755e-01
1.916753649711608887e-01
1.907163113355636597e-01
1.942649930715560913e-01
1.913560330867767334e-01
1.912303119897842407e-01
1.941573321819305420e-01
1.923237293958663940e-01
1.941050142049789429e-01
1.934120059013366699e-01
1.930963248014450073e-01
1.939708441495895386e-01
1.921305358409881592e-01
1.916641443967819214e-01
1.897536814212799072e-01
1.929631084203720093e-01
1.953520327806472778e-01
1.941603124141693115e-01
1.928369402885437012e-01
1.923977434635162354e-01
1.924303472042083740e-01
1.929857879877090454e-01
1.936728209257125854e-01
1.910993158817291260e-01
1.950978040695190430e-01
1.944572180509567261e-01
1.917749047279357910e-01
1.928853690624237061e-01
1.943434476852416992e-01
1.935055255889892578e-01
1.951957494020462036e-01
1.936437785625457764e-01
1.916210353374481201e-01
1.899307668209075928e-01
1.920868009328842163e-01
1.922596544027328491e-01
1.911026090383529663e-01
1.925113052129745483e-01
1.930453926324844360e-01
1.939036995172500610e-01
1.894437670707702637e-01
1.911399960517883301e-01
1.919688433408737183e-01
1.914407908916473389e-01
1.886206120252609253e-01
1.903254836797714233e-01
1.933248490095138550e-01
1.899700313806533813e-01
1.904444694519042969e-01
1.915320754051208496e-01
1.924314647912979126e-01
1.906817853450775146e-01
1.943104267120361328e-01
1.913973689079284668e-01
1.915302425622940063e-01
1.902741938829421997e-01
1.955594122409820557e-01
1.903638541698455811e-01
1.907396167516708374e-01
1.895000338554382324e-01
1.906340867280960083e-01
1.911250650882720947e-01
1.916902512311935425e-01
1.916657984256744385e-01
1.899453103542327881e-01
1.920673996210098267e-01
1.921816915273666382e-01
1.943757981061935425e-01
1.915987879037857056e-01
1.903449296951293945e-01
1.924999207258224487e-01
1.916378438472747803e-01
1.881218850612640381e-01
1.913530528545379639e-01
1.895797699689865112e-01
1.929496377706527710e-01
1.920611262321472168e-01
1.911499500274658203e-01
1.900424957275390625e-01
1.884513646364212036e-01
1.924659311771392822e-01
1.884962469339370728e-01
1.895879656076431274e-01
1.893012672662734985e-01
1.892905086278915405e-01
1.923277676105499268e-01
1.930455565452575684e-01
1.923748701810836792e-01
1.897073388099670410e-01
1.923502832651138306e-01
1.913527846336364746e-01
1.915680319070816040e-01
1.909545511007308960e-01
1.862721741199493408e-01
1.896308660507202148e-01
1.904007941484451294e-01
1.904690116643905640e-01
1.898975819349288940e-01
1.909941732883453369e-01
1.896076947450637817e-01
1.902820467948913574e-01
1.900343894958496094e-01
1.902901381254196167e-01
1.895980238914489746e-01
1.900746524333953857e-01
1.889561563730239868e-01
1.904020607471466064e-01
1.890945732593536377e-01
1.878210753202438354e-01
1.906164437532424927e-01
1.879139989614486694e-01
1.888071745634078979e-01
1.882658898830413818e-01
1.888032406568527222e-01
1.907254606485366821e-01
1.883451491594314575e-01
1.905390769243240356e-01
1.912332773208618164e-01
1.889994889497756958e-01
1.898102313280105591e-01
1.891446113586425781e-01
1.875255554914474487e-01
1.910818219184875488e-01
1.891910284757614136e-01
1.883778125047683716e-01
1.904094964265823364e-01
1.893784850835800171e-01
1.867894232273101807e-01
1.883568316698074341e-01
1.886600553989410400e-01
1.887694895267486572e-01
1.912557929754257202e-01
1.868846863508224487e-01
1.892807185649871826e-01
1.902347356081008911e-01
1.896805763244628906e-01
1.876786053180694580e-01
1.900165230035781860e-01
1.906671226024627686e-01
1.891122311353683472e-01
1.863033473491668701e-01
1.888306438922882080e-01
1.883423924446105957e-01
1.872764974832534790e-01
1.893986761569976807e-01
1.881532371044158936e-01
1.877734810113906860e-01
1.898050308227539062e-01
1.900445818901062012e-01
1.894097030162811279e-01
1.883096247911453247e-01
1.871077120304107666e-01
1.903064101934432983e-01
1.892415732145309448e-01
1.885343492031097412e-01
1.876434534788131714e-01
1.870447844266891479e-01
1.875573396682739258e-01
1.878561824560165405e-01
1.891152560710906982e-01
1.864522844552993774e-01
1.896330714225769043e-01
1.886186301708221436e-01
1.901674717664718628e-01
1.849703639745712280e-01
1.926294565200805664e-01
1.873092055320739746e-01
1.866777092218399048e-01
1.864727884531021118e-01
1.915180236101150513e-01
1.888542771339416504e-01
1.907298862934112549e-01
1.903825253248214722e-01
1.893356889486312866e-01
1.895479857921600342e-01
1.893899291753768921e-01
1.896745562553405762e-01
1.848531365394592285e-01
1.912021785974502563e-01
1.894288957118988037e-01
1.880970448255538940e-01
1.906902492046356201e-01
1.891614943742752075e-01
