9.713535308837890625e-01
9.618901014328002930e-01
9.517174959182739258e-01
9.417188763618469238e-01
9.295586347579956055e-01
9.156219959259033203e-01
8.997488021850585938e-01
8.826435804367065430e-01
8.599782586097717285e-01
8.354485630989074707e-01
8.137845396995544434e-01
7.862768173217773438e-01
7.569465637207031250e-01
7.192869782447814941e-01
6.887943148612976074e-01
6.583244204521179199e-01
6.227610707283020020e-01
5.914036631584167480e-01
5.597848892211914062e-01
5.481559038162231445e-01
5.322774052619934082e-01
5.307169556617736816e-01
5.334485173225402832e-01
5.368456840515136719e-01
5.360238552093505859e-01
5.440867543220520020e-01
5.360308885574340820e-01
5.303344130516052246e-01
5.172075629234313965e-01
5.063373446464538574e-01
4.999346435070037842e-01
4.947999715805053711e-01
4.860795438289642334e-01
4.882020354270935059e-01
4.903104305267333984e-01
4.835681617259979248e-01
4.802491366863250732e-01
4.788465201854705811e-01
4.768565595149993896e-01
4.780749082565307617e-01
4.676134586334228516e-01
4.724977612495422363e-01
4.677730500698089600e-01
4.592910408973693848e-01
4.661437571048736572e-01
4.565470218658447266e-01
4.512423872947692871e-01
4.593922495841979980e-01
4.498333632946014404e-01
4.542198181152343750e-01
4.402810037136077881e-01
4.509237408638000488e-01
4.431279003620147705e-01
4.428473711013793945e-01
4.428223967552185059e-01
4.458632767200469971e-01
4.347341954708099365e-01
4.333746731281280518e-01
4.328611195087432861e-01
4.282914996147155762e-01
4.223224222660064697e-01
4.237178564071655273e-01
4.228947162628173828e-01
4.227145910263061523e-01
4.217194616794586182e-01
4.231352210044860840e-01
4.257138073444366455e-01
4.184782803058624268e-01
4.145098030567169189e-01
4.119482040405273438e-01
4.124860465526580811e-01
4.149983227252960205e-01
4.103620052337646484e-01
4.091488420963287354e-01
4.084920883178710938e-01
4.073871076107025146e-01
4.070937931537628174e-01
4.035003781318664551e-01
3.997322916984558105e-01
4.042161703109741211e-01
3.989263176918029785e-01
4.006853997707366943e-01
3.977621793746948242e-01
3.965191245079040527e-01
3.945551812648773193e-01
3.944393992424011230e-01
3.906319737434387207e-01
3.929338455200195312e-01
3.870774209499359131e-01
3.881732225418090820e-01
3.846980631351470947e-01
3.861581981182098389e-01
3.834289014339447021e-01
3.818879127502441406e-01
3.830687999725341797e-01
3.815093040466308594e-01
3.757360875606536865e-01
3.798719048500061035e-01
3.828585147857666016e-01
3.725121617317199707e-01
3.730064034461975098e-01
3.726669549942016602e-01
3.750227689743041992e-01
3.755394816398620605e-01
3.696693778038024902e-01
3.715701103210449219e-01
3.688052296638488770e-01
3.708222806453704834e-01
3.647155761718750000e-01
3.669990003108978271e-01
3.636545240879058838e-01
3.628550767898559570e-01
3.642984330654144287e-01
3.633641600608825684e-01
3.634455502033233643e-01
3.608714640140533447e-01
3.612701892852783203e-01
3.578044474124908447e-01
3.589600324630737305e-01
3.585241734981536865e-01
3.529660105705261230e-01
3.538244366645812988e-01
3.530503213405609131e-01
3.520680665969848633e-01
3.541217148303985596e-01
3.514437973499298096e-01
3.528301715850830078e-01
3.514342010021209717e-01
3.488316833972930908e-01
3.462232947349548340e-01
3.489001095294952393e-01
3.481377363204956055e-01
3.478788733482360840e-01
3.494238257408142090e-01
3.411903083324432373e-01
3.431342840194702148e-01
3.419451117515563965e-01
3.441878557205200195e-01
3.391013145446777344e-01
3.414167463779449463e-01
3.377313911914825439e-01
3.379161953926086426e-01
3.369337022304534912e-01
3.375305235385894775e-01
3.401069641113281250e-01
3.333427906036376953e-01
3.384713828563690186e-01
3.329318165779113770e-01
3.323400020599365234e-01
3.337366878986358643e-01
3.321847617626190186e-01
3.293270170688629150e-01
3.319855332374572754e-01
3.263596296310424805e-01
3.297864496707916260e-01
3.270002603530883789e-01
3.277859687805175781e-01
3.275103867053985596e-01
3.256396353244781494e-01
3.224753439426422119e-01
3.237667679786682129e-01
3.246113061904907227e-01
3.226609528064727783e-01
3.249178528785705566e-01
3.237212300300598145e-01
3.238898217678070068e-01
3.219686150550842285e-01
3.183157145977020264e-01
3.195441663265228271e-01
3.154786825180053711e-01
3.166444301605224609e-01
3.150490522384643555e-01
3.157280981540679932e-01
3.203709721565246582e-01
3.148336708545684814e-01
3.112156689167022705e-01
3.148017227649688721e-01
3.096163570880889893e-01
3.124370276927947998e-01
3.125011920928955078e-01
3.094100356101989746e-01
3.077641725540161133e-01
3.084391951560974121e-01
3.088563680648803711e-01
3.045351505279541016e-01
3.066001534461975098e-01
3.041095733642578125e-01
3.066212236881256104e-01
3.046309053897857666e-01
3.019008934497833252e-01
3.051936328411102295e-01
3.038918077945709229e-01
3.024904727935791016e-01
3.021561503410339355e-01
3.010093569755554199e-01
3.018545806407928467e-01
2.968672513961791992e-01
2.984261214733123779e-01
3.000160753726959229e-01
2.950039803981781006e-01
2.945552170276641846e-01
2.956440150737762451e-01
2.932029068470001221e-01
2.973164319992065430e-01
2.973543703556060791e-01
2.949686050415039062e-01
2.959670126438140869e-01
2.949883341789245605e-01
2.879530489444732666e-01
2.927977442741394043e-01
2.921636700630187988e-01
2.915831208229064941e-01
2.926413714885711670e-01
2.877525985240936279e-01
2.891826033592224121e-01
2.901439964771270752e-01
2.906798422336578369e-01
2.876124382019042969e-01
2.858568727970123291e-01
2.858891785144805908e-01
2.910920977592468262e-01
2.877873778343200684e-01
2.846610248088836670e-01
2.843250334262847900e-01
2.859308123588562012e-01
2.829042673110961914e-01
2.865184843540191650e-01
2.832401990890502930e-01
2.870442271232604980e-01
2.803997993469238281e-01
2.803515493869781494e-01
2.822759449481964111e-01
2.787420749664306641e-01
2.798866033554077148e-01
2.799447178840637207e-01
2.810808122158050537e-01
2.803358733654022217e-01
2.814805507659912109e-01
2.825101613998413086e-01
2.767069935798645020e-01
2.796099185943603516e-01
2.777793109416961670e-01
2.777880132198333740e-01
2.750514447689056396e-01
2.757585644721984863e-01
2.747533023357391357e-01
2.750218808650970459e-01
2.781647145748138428e-01
2.744529843330383301e-01
2.752915918827056885e-01
2.784425318241119385e-01
2.741453349590301514e-01
2.726858854293823242e-01
2.715297341346740723e-01
2.713192999362945557e-01
2.703356146812438965e-01
2.719178795814514160e-01
2.679083645343780518e-01
2.708947956562042236e-01
2.713651061058044434e-01
2.678003013134002686e-01
2.700465023517608643e-01
2.730472683906555176e-01
2.703915834426879883e-01
2.661309838294982910e-01
2.680375576019287109e-01
2.674033343791961670e-01
2.674581408500671387e-01
2.673279643058776855e-01
2.651642858982086182e-01
2.665065526962280273e-01
2.654905021190643311e-01
2.649344205856323242e-01
2.663818597793579102e-01
2.629262506961822510e-01
2.654535770416259766e-01
2.625072598457336426e-01
2.607746124267578125e-01
2.635874748229980469e-01
2.603439390659332275e-01
2.638659775257110596e-01
2.619161307811737061e-01
2.639633417129516602e-01
2.605009973049163818e-01
2.607636749744415283e-01
2.605752944946289062e-01
2.644423842430114746e-01
2.620776593685150146e-01
2.612357437610626221e-01
2.571195662021636963e-01
2.586958110332489014e-01
2.583646774291992188e-01
2.590914964675903320e-01
2.566948235034942627e-01
2.582440972328186035e-01
2.569784820079803467e-01
2.564768791198730469e-01
2.526126801967620850e-01
2.564151585102081299e-01
2.572769522666931152e-01
2.570531666278839111e-01
2.549436986446380615e-01
2.542263269424438477e-01
2.605661451816558838e-01
2.527276873588562012e-01
2.509214282035827637e-01
2.532656192779541016e-01
2.543781697750091553e-01
2.530602514743804932e-01
2.525733709335327148e-01
2.539396584033966064e-01
2.534675002098083496e-01
2.530757188796997070e-01
2.505021989345550537e-01
2.507690787315368652e-01
2.536713778972625732e-01
2.520804107189178467e-01
2.510375380516052246e-01
2.492542266845703125e-01
2.512882649898529053e-01
2.485735267400741577e-01
2.486915588378906250e-01
2.503378987312316895e-01
2.485241442918777466e-01
2.480352818965911865e-01
2.484818696975708008e-01
2.473404109477996826e-01
2.461078613996505737e-01
2.521288692951202393e-01
2.446620017290115356e-01
2.497845590114593506e-01
2.458751797676086426e-01
2.488690167665481567e-01
2.469470947980880737e-01
2.460127323865890503e-01
2.484612762928009033e-01
2.459127455949783325e-01
2.459621578454971313e-01
2.469896227121353149e-01
2.422910332679748535e-01
2.466593086719512939e-01
2.452728301286697388e-01
2.423175573348999023e-01
2.455401569604873657e-01
2.448672950267791748e-01
2.421175688505172729e-01
2.429367005825042725e-01
2.413779795169830322e-01
2.420663237571716309e-01
2.424779236316680908e-01
2.428202927112579346e-01
2.433355897665023804e-01
2.416467368602752686e-01
2.424283623695373535e-01
2.438695281744003296e-01
2.405725717544555664e-01
2.422766387462615967e-01
2.398938685655593872e-01
2.414045184850692749e-01
2.430051863193511963e-01
2.396865487098693848e-01
2.400757670402526855e-01
2.393014729022979736e-01
2.418634593486785889e-01
2.424068003892898560e-01
2.411314547061920166e-01
2.374440133571624756e-01
2.385013550519943237e-01
2.405816912651062012e-01
2.391298711299896240e-01
2.380164265632629395e-01
2.354245185852050781e-01
2.382951229810714722e-01
2.376377880573272705e-01
2.384404391050338745e-01
2.383290827274322510e-01
2.364962846040725708e-01
2.376839965581893921e-01
2.374449074268341064e-01
2.364904582500457764e-01
2.384461760520935059e-01
2.325778752565383911e-01
2.352177798748016357e-01
2.350406497716903687e-01
2.361528724431991577e-01
2.354630678892135620e-01
2.367365360260009766e-01
2.351210713386535645e-01
2.376504689455032349e-01
2.364621162414550781e-01
2.340373992919921875e-01
2.367347329854965210e-01
2.334758043289184570e-01
2.361865341663360596e-01
2.330373674631118774e-01
2.346253395080566406e-01
2.318069040775299072e-01
2.354968488216400146e-01
2.346184551715850830e-01
2.335261106491088867e-01
2.524593174457550049e-01
2.560684382915496826e-01
2.533949017524719238e-01
2.543333172798156738e-01
2.495381236076354980e-01
2.524119317531585693e-01
2.521092593669891357e-01
2.521354556083679199e-01
2.549059391021728516e-01
2.524276673793792725e-01
2.514435648918151855e-01
2.518256604671478271e-01
2.518610954284667969e-01
2.496585696935653687e-01
2.496656030416488647e-01
2.509393095970153809e-01
2.528519332408905029e-01
2.496935278177261353e-01
2.480584532022476196e-01
2.530367970466613770e-01
2.505122423171997070e-01
2.501288652420043945e-01
2.491085976362228394e-01
2.529829144477844238e-01
2.507000565528869629e-01
2.494935542345046997e-01
2.514798641204833984e-01
2.506400346755981445e-01
2.486312091350555420e-01
2.504815459251403809e-01
2.479437142610549927e-01
2.506060898303985596e-01
2.482837438583374023e-01
2.481302618980407715e-01
2.487751543521881104e-01
2.501323521137237549e-01
2.473036646842956543e-01
2.473403811454772949e-01
2.458748072385787964e-01
2.474587410688400269e-01
2.483911365270614624e-01
2.439447790384292603e-01
2.480066269636154175e-01
2.444056123495101929e-01
2.482079267501831055e-01
2.482001781463623047e-01
2.461463510990142822e-01
2.469396442174911499e-01
2.482727468013763428e-01
2.471032142639160156e-01
2.449918389320373535e-01
2.439887225627899170e-01
2.425915300846099854e-01
2.477043271064758301e-01
2.465157359838485718e-01
2.444361001253128052e-01
2.412893921136856079e-01
2.441019862890243530e-01
2.440177202224731445e-01
2.463349699974060059e-01
2.434456646442413330e-01
2.418445646762847900e-01
2.448290139436721802e-01
2.439364641904830933e-01
2.434060424566268921e-01
2.421851754188537598e-01
2.431265562772750854e-01
2.461225092411041260e-01
2.435314357280731201e-01
2.430317550897598267e-01
2.416209727525711060e-01
2.432605773210525513e-01
2.456425428390502930e-01
2.432250976562500000e-01
2.442513853311538696e-01
2.421921193599700928e-01
2.420902699232101440e-01
2.427525073289871216e-01
2.383159399032592773e-01
2.442893683910369873e-01
2.388922870159149170e-01
2.442175447940826416e-01
2.391920387744903564e-01
2.426606118679046631e-01
2.413003295660018921e-01
2.400878220796585083e-01
2.385525703430175781e-01
2.467131465673446655e-01
2.431890666484832764e-01
2.415978163480758667e-01
2.387540638446807861e-01
2.391721755266189575e-01
2.406509071588516235e-01
2.382321208715438843e-01
2.397806048393249512e-01
2.405054569244384766e-01
2.385306805372238159e-01
2.413045912981033325e-01
2.390792369842529297e-01
2.424046248197555542e-01
2.371071428060531616e-01
2.419684678316116333e-01
2.383266389369964600e-01
2.392105311155319214e-01
2.385113984346389771e-01
2.386494725942611694e-01
2.381859123706817627e-01
2.404595911502838135e-01
2.378762066364288330e-01
2.360322326421737671e-01
2.365391105413436890e-01
2.388720512390136719e-01
2.388936132192611694e-01
2.393184006214141846e-01
2.398664504289627075e-01
2.399429827928543091e-01
2.391403913497924805e-01
2.368937581777572632e-01
2.347588390111923218e-01
2.372190058231353760e-01
2.380489259958267212e-01
2.357750535011291504e-01
2.383217811584472656e-01
2.373304367065429688e-01
2.375714331865310669e-01
2.347646802663803101e-01
2.403952181339263916e-01
2.355955839157104492e-01
2.352073192596435547e-01
2.355484515428543091e-01
2.380678057670593262e-01
2.344778329133987427e-01
2.342883944511413574e-01
2.361605763435363770e-01
2.382190972566604614e-01
2.368938028812408447e-01
2.377204447984695435e-01
2.339278906583786011e-01
2.347346246242523193e-01
2.328080385923385620e-01
2.357157021760940552e-01
2.355104535818099976e-01
2.356954216957092285e-01
2.361030280590057373e-01
2.342340201139450073e-01
2.349619269371032715e-01
2.362221181392669678e-01
2.327401787042617798e-01
2.337990701198577881e-01
2.352578639984130859e-01
2.357104122638702393e-01
2.317060828208923340e-01
2.372880727052688599e-01
2.310046553611755371e-01
2.343727052211761475e-01
2.357700616121292114e-01
2.348655015230178833e-01
2.367635369300842285e-01
2.333867549896240234e-01
2.328008711338043213e-01
2.361621558666229248e-01
2.314460575580596924e-01
2.328748703002929688e-01
2.313834726810455322e-01
2.322876304388046265e-01
2.333316951990127563e-01
2.339086830615997314e-01
2.322713881731033325e-01
2.327502667903900146e-01
2.332763969898223877e-01
2.337765991687774658e-01
2.307626157999038696e-01
2.328063845634460449e-01
2.317653894424438477e-01
2.361516356468200684e-01
2.324496060609817505e-01
2.345207631587982178e-01
2.308609187602996826e-01
2.326345443725585938e-01
2.331848442554473877e-01
2.339256256818771362e-01
2.289444506168365479e-01
2.319515198469161987e-01
2.320241630077362061e-01
2.302458137273788452e-01
2.325082868337631226e-01
2.337599396705627441e-01
2.322450578212738037e-01
2.316762953996658325e-01
2.319462746381759644e-01
2.306681424379348755e-01
2.286138534545898438e-01
2.338939607143402100e-01
2.337047308683395386e-01
2.312091886997222900e-01
2.324147671461105347e-01
2.326273471117019653e-01
2.277966588735580444e-01
2.316015362739562988e-01
2.320070415735244751e-01
2.325091809034347534e-01
2.296502143144607544e-01
2.279177457094192505e-01
2.310853451490402222e-01
2.315757274627685547e-01
2.324596643447875977e-01
2.286244779825210571e-01
2.294790893793106079e-01
2.284039556980133057e-01
2.290487885475158691e-01
2.304157167673110962e-01
2.290623486042022705e-01
2.297961264848709106e-01
2.303258925676345825e-01
2.306364923715591431e-01
2.317582964897155762e-01
2.281817942857742310e-01
2.302415370941162109e-01
2.304595410823822021e-01
2.297615855932235718e-01
2.308713048696517944e-01
2.310031354427337646e-01
2.307630777359008789e-01
2.273235172033309937e-01
2.287002056837081909e-01
2.289207875728607178e-01
2.296683490276336670e-01
2.275503277778625488e-01
2.296932488679885864e-01
2.291861176490783691e-01
2.270197719335556030e-01
2.276211529970169067e-01
2.275879979133605957e-01
2.304853200912475586e-01
2.284461557865142822e-01
2.292214632034301758e-01
2.252089977264404297e-01
2.288705706596374512e-01
2.285523563623428345e-01
2.272643148899078369e-01
2.274159491062164307e-01
2.273498326539993286e-01
2.273133993148803711e-01
2.287465631961822510e-01
2.280046939849853516e-01
2.290386110544204712e-01
2.276444882154464722e-01
2.251180857419967651e-01
2.266970723867416382e-01
2.272712588310241699e-01
2.276805639266967773e-01
2.273581624031066895e-01
2.259950488805770874e-01
2.305005788803100586e-01
2.236772924661636353e-01
2.262179404497146606e-01
2.255856394767761230e-01
2.284040153026580811e-01
2.261967658996582031e-01
2.275373786687850952e-01
2.244834303855895996e-01
2.284026294946670532e-01
2.258504331111907959e-01
2.268764525651931763e-01
2.237151414155960083e-01
2.267491817474365234e-01
2.254863381385803223e-01
2.270450741052627563e-01
2.264430075883865356e-01
2.251490801572799683e-01
2.271725833415985107e-01
2.243754863739013672e-01
2.267049401998519897e-01
2.240911424160003662e-01
2.242439985275268555e-01
2.244585305452346802e-01
2.256141006946563721e-01
2.248198688030242920e-01
2.241240441799163818e-01
2.259282022714614868e-01
2.260359823703765869e-01
2.266668081283569336e-01
2.231006473302841187e-01
2.255252003669738770e-01
2.247298657894134521e-01
2.264610230922698975e-01
2.254182994365692139e-01
2.227890640497207642e-01
2.242953628301620483e-01
2.250729352235794067e-01
2.243527173995971680e-01
2.217198163270950317e-01
2.255782783031463623e-01
2.258173674345016479e-01
2.227111011743545532e-01
2.217543423175811768e-01
2.228907495737075806e-01
2.242448478937149048e-01
2.224404960870742798e-01
2.250407040119171143e-01
2.251555621623992920e-01
2.264664769172668457e-01
2.241676002740859985e-01
2.233403772115707397e-01
2.220503687858581543e-01
2.218263298273086548e-01
2.239749580621719360e-01
2.228296250104904175e-01
2.243802547454833984e-01
2.215611040592193604e-01
2.218264192342758179e-01
2.214192003011703491e-01
2.232875674962997437e-01
2.223919779062271118e-01
2.244095355272293091e-01
2.186168432235717773e-01
2.204298675060272217e-01
2.251265048980712891e-01
2.252694964408874512e-01
2.236697822809219360e-01
2.238734215497970581e-01
2.231131792068481445e-01
2.239037156105041504e-01
2.228254824876785278e-01
2.225246280431747437e-01
2.216759026050567627e-01
2.232590615749359131e-01
2.208572775125503540e-01
2.246187776327133179e-01
2.208799868822097778e-01
2.209309935569763184e-01
2.223173975944519043e-01
2.239179164171218872e-01
2.202854603528976440e-01
2.226404249668121338e-01
2.243891805410385132e-01
2.235391885042190552e-01
2.221007794141769409e-01
2.204056382179260254e-01
2.218420058488845825e-01
2.224118560552597046e-01
2.266359180212020874e-01
2.188353240489959717e-01
2.212197035551071167e-01
2.213776409626007080e-01
2.209288179874420166e-01
2.181582152843475342e-01
2.224480360746383667e-01
2.216053456068038940e-01
2.189194858074188232e-01
2.191290259361267090e-01
2.236922234296798706e-01
2.201663404703140259e-01
2.216625660657882690e-01
2.198143601417541504e-01
2.233960926532745361e-01
2.198620140552520752e-01
2.197165042161941528e-01
2.214182168245315552e-01
2.222932577133178711e-01
2.192847728729248047e-01
2.189716696739196777e-01
2.175471633672714233e-01
2.204250097274780273e-01
2.197756767272949219e-01
2.180986702442169189e-01
2.203627675771713257e-01
2.191511690616607666e-01
2.186121642589569092e-01
2.194649130105972290e-01
2.185110598802566528e-01
2.207404524087905884e-01
2.190492302179336548e-01
2.184988558292388916e-01
2.190013229846954346e-01
2.186144143342971802e-01
2.192724645137786865e-01
2.205602228641510010e-01
2.194505631923675537e-01
2.205220311880111694e-01
2.218818515539169312e-01
2.213478088378906250e-01
2.178925424814224243e-01
2.185093164443969727e-01
2.200198173522949219e-01
2.190076857805252075e-01
2.200586795806884766e-01
2.229256182909011841e-01
2.164363712072372437e-01
2.181442528963088989e-01
2.195562124252319336e-01
2.199272215366363525e-01
2.211301773786544800e-01
2.187939137220382690e-01
2.167190909385681152e-01
2.169436961412429810e-01
2.169347405433654785e-01
2.169262170791625977e-01
2.170037776231765747e-01
2.198907732963562012e-01
2.161122411489486694e-01
2.165532261133193970e-01
2.191547155380249023e-01
2.180600464344024658e-01
2.183438837528228760e-01
2.149193286895751953e-01
2.137941420078277588e-01
2.197520732879638672e-01
2.180609256029129028e-01
2.173212617635726929e-01
2.167539745569229126e-01
2.154601067304611206e-01
2.172336727380752563e-01
2.190504372119903564e-01
2.146677523851394653e-01
2.169243544340133667e-01
2.167991846799850464e-01
2.184179723262786865e-01
2.200037688016891479e-01
2.158541381359100342e-01
2.162394821643829346e-01
2.147496491670608521e-01
2.148845642805099487e-01
2.118791937828063965e-01
2.176330685615539551e-01
2.179650068283081055e-01
2.161726653575897217e-01
2.166927307844161987e-01
2.151711285114288330e-01
2.152353674173355103e-01
2.152746170759201050e-01
2.180029749870300293e-01
2.149716764688491821e-01
2.172888815402984619e-01
2.188246101140975952e-01
2.164738625288009644e-01
2.142225503921508789e-01
2.143957316875457764e-01
2.188147157430648804e-01
2.161521315574645996e-01
2.167261093854904175e-01
2.160049527883529663e-01
2.150843143463134766e-01
2.146106362342834473e-01
2.143886536359786987e-01
2.178608328104019165e-01
2.143447101116180420e-01
2.154298871755599976e-01
2.158787399530410767e-01
2.185386568307876587e-01
2.140836119651794434e-01
2.154105752706527710e-01
2.133050113916397095e-01
2.161066234111785889e-01
2.126907706260681152e-01
2.161367982625961304e-01
2.152941077947616577e-01
2.152580320835113525e-01
2.134685367345809937e-01
2.151069045066833496e-01
2.140227258205413818e-01
2.139980643987655640e-01
2.161728590726852417e-01
2.128168791532516479e-01
2.140748053789138794e-01
2.129669189453125000e-01
2.136851847171783447e-01
2.127274572849273682e-01
2.162306159734725952e-01
2.156784832477569580e-01
2.134960144758224487e-01
2.151122540235519409e-01
2.130012214183807373e-01
2.151828855276107788e-01
2.149373739957809448e-01
2.131261229515075684e-01
2.144522666931152344e-01
2.118302583694458008e-01
2.121984660625457764e-01
2.134247720241546631e-01
2.129143476486206055e-01
2.107066363096237183e-01
2.123043537139892578e-01
2.116144448518753052e-01
2.150623649358749390e-01
2.104106843471527100e-01
2.097697556018829346e-01
2.126892954111099243e-01
2.140365391969680786e-01
2.136709243059158325e-01
2.136277705430984497e-01
2.123340666294097900e-01
2.148067653179168701e-01
2.142933160066604614e-01
2.142426222562789917e-01
2.110136300325393677e-01
2.128822207450866699e-01
2.150373458862304688e-01
2.142831683158874512e-01
2.122373729944229126e-01
2.135659009218215942e-01
2.150069177150726318e-01
2.119401097297668457e-01
2.145605385303497314e-01
2.115679532289505005e-01
2.133546173572540283e-01
2.107106894254684448e-01
2.083690911531448364e-01
2.141804695129394531e-01
2.128801941871643066e-01
2.115676105022430420e-01
2.099779397249221802e-01
2.107746601104736328e-01
2.081663161516189575e-01
2.129102051258087158e-01
2.125196754932403564e-01
2.105107307434082031e-01
2.096381485462188721e-01
2.130615413188934326e-01
2.137826532125473022e-01
2.140390872955322266e-01
2.110545188188552856e-01
2.108425199985504150e-01
2.130344957113265991e-01
2.130617499351501465e-01
2.134531885385513306e-01
2.123437672853469849e-01
2.140363901853561401e-01
2.132577598094940186e-01
2.090851962566375732e-01
2.092756181955337524e-01
2.094036340713500977e-01
2.098543643951416016e-01
2.082102149724960327e-01
2.109394818544387817e-01
2.112452387809753418e-01
2.087215185165405273e-01
2.122517973184585571e-01
2.120769768953323364e-01
2.115584611892700195e-01
2.102520167827606201e-01
2.133563309907913208e-01
2.083419561386108398e-01
2.119378745555877686e-01
2.113199234008789062e-01
2.101164460182189941e-01
2.112129628658294678e-01
2.143671065568923950e-01
2.088796794414520264e-01
2.082869559526443481e-01
2.112428843975067139e-01
2.119919508695602417e-01
2.126956433057785034e-01
2.107546925544738770e-01
2.094075083732604980e-01
2.120513319969177246e-01
2.070960104465484619e-01
2.086408436298370361e-01
2.105100452899932861e-01
2.088268995285034180e-01
2.080681622028350830e-01
2.091547995805740356e-01
2.075012177228927612e-01
2.078613489866256714e-01
2.101441025733947754e-01
2.115255892276763916e-01
2.095998972654342651e-01
2.079670578241348267e-01
2.071367055177688599e-01
2.094784677028656006e-01
2.079125940799713135e-01
2.076021879911422729e-01
2.059888243675231934e-01
2.088957428932189941e-01
2.110702842473983765e-01
2.089331001043319702e-01
2.102467268705368042e-01
2.108925580978393555e-01
2.077402621507644653e-01
2.093813270330429077e-01
2.069631367921829224e-01
2.087184488773345947e-01
2.069846689701080322e-01
2.098141908645629883e-01
2.114159017801284790e-01
2.080082297325134277e-01
2.056169956922531128e-01
2.121511548757553101e-01
2.081147432327270508e-01
2.070376574993133545e-01
2.084943801164627075e-01
2.087864279747009277e-01
2.083948403596878052e-01
2.095622867345809937e-01
2.074907124042510986e-01
2.076187878847122192e-01
2.080710530281066895e-01
2.087566107511520386e-01
2.063589692115783691e-01
2.083869129419326782e-01
2.085713148117065430e-01
2.075612545013427734e-01
2.063632607460021973e-01
2.084084749221801758e-01
2.069439440965652466e-01
2.048997730016708374e-01
2.099180817604064941e-01
2.069748044013977051e-01
2.086084634065628052e-01
2.061868160963058472e-01
2.083496302366256714e-01
2.096089273691177368e-01
2.075759619474411011e-01
2.095499485731124878e-01
2.074945718050003052e-01
2.075382173061370850e-01
2.092438340187072754e-01
2.083796411752700806e-01
2.071636170148849487e-01
2.083389163017272949e-01
2.067016065120697021e-01
2.054262906312942505e-01
2.068327963352203369e-01
2.067125886678695679e-01
2.085952460765838623e-01
2.078793793916702271e-01
2.062766253948211670e-01
2.070154696702957153e-01
2.061583399772644043e-01
2.048343271017074585e-01
2.067199945449829102e-01
2.045651525259017944e-01
2.067066282033920288e-01
2.073611468076705933e-01
2.071375250816345215e-01
2.079085707664489746e-01
2.048692256212234497e-01
2.071329951286315918e-01
2.070568948984146118e-01
2.076517492532730103e-01
2.070414125919342041e-01
2.081244140863418579e-01
2.079931944608688354e-01
2.054889947175979614e-01
2.072899341583251953e-01
2.082330584526062012e-01
2.064680308103561401e-01
2.053133398294448853e-01
2.079119682312011719e-01
2.063414603471755981e-01
2.073600441217422485e-01
2.047870904207229614e-01
2.069208621978759766e-01
2.043278664350509644e-01
2.093465924263000488e-01
2.052350193262100220e-01
2.048097550868988037e-01
2.090337574481964111e-01
2.055543959140777588e-01
2.086828052997589111e-01
2.066922187805175781e-01
2.051926851272583008e-01
2.075395733118057251e-01
2.040160447359085083e-01
2.087395936250686646e-01
2.071927785873413086e-01
2.075498402118682861e-01
2.069053649902343750e-01
2.045145332813262939e-01
2.048516124486923218e-01
2.045473754405975342e-01
2.063167840242385864e-01
2.038047313690185547e-01
2.032825201749801636e-01
2.063468843698501587e-01
2.056413441896438599e-01
2.045641094446182251e-01
2.024511247873306274e-01
2.045662701129913330e-01
2.047507166862487793e-01
2.058751732110977173e-01
2.074141353368759155e-01
2.041831463575363159e-01
2.034075707197189331e-01
2.040731906890869141e-01
2.056936174631118774e-01
2.058792859315872192e-01
2.045734077692031860e-01
2.042591720819473267e-01
2.035407423973083496e-01
2.043920159339904785e-01
2.059623003005981445e-01
2.030604779720306396e-01
2.045700401067733765e-01
2.049766182899475098e-01
2.050937861204147339e-01
2.029016464948654175e-01
2.040184438228607178e-01
2.059066295623779297e-01
2.047279924154281616e-01
2.025335580110549927e-01
2.047317922115325928e-01
2.018789947032928467e-01
2.033335566520690918e-01
2.065954804420471191e-01
2.075973302125930786e-01
2.027507126331329346e-01
2.064304202795028687e-01
2.003138661384582520e-01
2.025765329599380493e-01
2.056620419025421143e-01
2.034872025251388550e-01
2.053027898073196411e-01
2.066352814435958862e-01
2.014992982149124146e-01
2.063271254301071167e-01
2.052504420280456543e-01
2.041492313146591187e-01
2.057578265666961670e-01
2.033827453851699829e-01
2.054322659969329834e-01
2.060915678739547729e-01
2.023828476667404175e-01
2.017151713371276855e-01
2.058101892471313477e-01
2.041112929582595825e-01
2.033880054950714111e-01
2.023174613714218140e-01
2.055318802595138550e-01
2.033185064792633057e-01
2.039696723222732544e-01
2.031676173210144043e-01
2.022812068462371826e-01
2.032585889101028442e-01
2.023431658744812012e-01
2.050849199295043945e-01
2.054067254066467285e-01
2.014392614364624023e-01
2.039226293563842773e-01
2.030902355909347534e-01
2.071712762117385864e-01
2.040897011756896973e-01
2.057305723428726196e-01
2.024267911911010742e-01
2.029397785663604736e-01
1.999389827251434326e-01
2.029918134212493896e-01
2.008963376283645630e-01
2.023296058177947998e-01
2.030008584260940552e-01
2.006533741950988770e-01
2.034973949193954468e-01
2.023937255144119263e-01
2.030369788408279419e-01
2.016498148441314697e-01
2.024180442094802856e-01
2.004221379756927490e-01
2.029841244220733643e-01
2.045304626226425171e-01
2.006829977035522461e-01
2.013776898384094238e-01
2.031487375497817993e-01
2.022611349821090698e-01
2.037435173988342285e-01
2.019500285387039185e-01
2.020231932401657104e-01
2.041161209344863892e-01
2.061696201562881470e-01
2.036841809749603271e-01
2.004061192274093628e-01
2.004805803298950195e-01
2.031514644622802734e-01
2.015079706907272339e-01
2.025042921304702759e-01
2.034511864185333252e-01
2.004832476377487183e-01
2.028364688158035278e-01
1.992380321025848389e-01
2.007527500391006470e-01
2.022763192653656006e-01
2.017717659473419189e-01
2.008174657821655273e-01
2.015562057495117188e-01
2.041335701942443848e-01
2.008830755949020386e-01
2.014389932155609131e-01
2.023780643939971924e-01
2.018525004386901855e-01
2.000936120748519897e-01
2.013784050941467285e-01
2.037424743175506592e-01
1.997610330581665039e-01
2.015266120433807373e-01
2.020401209592819214e-01
2.021091133356094360e-01
1.985164582729339600e-01
1.983955651521682739e-01
1.995139867067337036e-01
2.023203223943710327e-01
2.022383064031600952e-01
2.011810988187789917e-01
2.007909715175628662e-01
2.033125013113021851e-01
2.024141103029251099e-01
1.996158957481384277e-01
2.017099261283874512e-01
2.017278969287872314e-01
2.021092325448989868e-01
1.998254060745239258e-01
2.002348899841308594e-01
1.997537910938262939e-01
2.018864303827285767e-01
2.004624605178833008e-01
1.996579468250274658e-01
2.008426636457443237e-01
1.993626803159713745e-01
2.015560418367385864e-01
1.997756063938140869e-01
2.034291625022888184e-01
2.024012655019760132e-01
2.010935992002487183e-01
1.985558718442916870e-01
2.033664733171463013e-01
2.007918059825897217e-01
2.006928175687789917e-01
2.018942236900329590e-01
1.989043205976486206e-01
2.005110830068588257e-01
2.015506178140640259e-01
2.025222778320312500e-01
2.002151012420654297e-01
1.978846937417984009e-01
2.014499455690383911e-01
2.008843719959259033e-01
2.008350789546966553e-01
1.983427852392196655e-01
2.015839517116546631e-01
1.995514929294586182e-01
1.988988220691680908e-01
2.008796334266662598e-01
1.991956382989883423e-01
1.964570283889770508e-01
1.988641172647476196e-01
1.987579464912414551e-01
2.024178355932235718e-01
1.996134668588638306e-01
1.990918219089508057e-01
2.000049948692321777e-01
1.997347772121429443e-01
1.996602416038513184e-01
1.966433078050613403e-01
1.989780962467193604e-01
2.014887034893035889e-01
1.995082050561904907e-01
1.994497328996658325e-01
1.986446231603622437e-01
2.002819031476974487e-01
1.993827819824218750e-01
2.039684951305389404e-01
1.994511634111404419e-01
1.999647617340087891e-01
1.986888051033020020e-01
2.005229145288467407e-01
1.998141407966613770e-01
2.021011263132095337e-01
1.995248645544052124e-01
2.011711001396179199e-01
1.990097910165786743e-01
1.975981891155242920e-01
1.990734934806823730e-01
1.988597512245178223e-01
1.959232091903686523e-01
1.992373019456863403e-01
1.969082802534103394e-01
1.974531710147857666e-01
1.967835426330566406e-01
1.987013071775436401e-01
1.982876360416412354e-01
1.985780894756317139e-01
1.980168968439102173e-01
1.993908435106277466e-01
1.998024582862854004e-01
1.974520981311798096e-01
1.999620199203491211e-01
1.995322704315185547e-01
1.987331658601760864e-01
1.989799290895462036e-01
1.999068409204483032e-01
1.996900886297225952e-01
2.007105350494384766e-01
1.974930167198181152e-01
1.973884403705596924e-01
1.976983398199081421e-01
1.958774477243423462e-01
1.971255689859390259e-01
1.972559392452239990e-01
1.982975751161575317e-01
1.986254900693893433e-01
1.960313618183135986e-01
2.000053226947784424e-01
2.013307511806488037e-01
2.004529535770416260e-01
1.982206851243972778e-01
1.959050744771957397e-01
2.010528743267059326e-01
1.996003985404968262e-01
1.966984272003173828e-01
1.992281824350357056e-01
1.986819058656692505e-01
1.978230625391006470e-01
1.977476626634597778e-01
1.998751312494277954e-01
1.981385350227355957e-01
1.984763294458389282e-01
1.967500895261764526e-01
1.948988437652587891e-01
2.000924646854400635e-01
1.989977359771728516e-01
1.969674229621887207e-01
1.981605291366577148e-01
1.945419013500213623e-01
1.994305104017257690e-01
1.948110163211822510e-01
1.999375075101852417e-01
1.986052989959716797e-01
1.988968104124069214e-01
1.951442360877990723e-01
1.967151314020156860e-01
1.986856609582901001e-01
1.986082494258880615e-01
1.962689906358718872e-01
1.971552670001983643e-01
1.983944922685623169e-01
1.981126070022583008e-01
1.992387622594833374e-01
1.978228241205215454e-01
1.946206390857696533e-01
1.985209286212921143e-01
1.971828937530517578e-01
1.988815069198608398e-01
1.970918178558349609e-01
1.989002823829650879e-01
1.962610930204391479e-01
1.980565041303634644e-01
1.968589574098587036e-01
1.980402469635009766e-01
1.977825909852981567e-01
1.984969079494476318e-01
1.953520327806472778e-01
1.979387253522872925e-01
1.970790028572082520e-01
1.947941333055496216e-01
1.991593092679977417e-01
1.985159218311309814e-01
1.957576125860214233e-01
1.970939338207244873e-01
1.950979083776473999e-01
1.962138861417770386e-01
1.962866634130477905e-01
1.971287727355957031e-01
1.933905333280563354e-01
1.986972242593765259e-01
1.945341825485229492e-01
1.966378390789031982e-01
1.972392350435256958e-01
1.990909725427627563e-01
1.956234425306320190e-01
1.990848332643508911e-01
1.998061537742614746e-01
1.980616301298141479e-01
1.966428458690643311e-01
1.964693814516067505e-01
1.975805014371871948e-01
1.956201195716857910e-01
1.971075832843780518e-01
1.985278725624084473e-01
1.952064037322998047e-01
1.980070471763610840e-01
1.988038420677185059e-01
1.945869624614715576e-01
1.946559846401214600e-01
1.951083540916442871e-01
1.958323866128921509e-01
1.937726587057113647e-01
1.949985772371292114e-01
1.951032429933547974e-01
1.965614259243011475e-01
1.961160153150558472e-01
1.962467133998870850e-01
1.974706053733825684e-01
1.958904117345809937e-01
1.982591599225997925e-01
1.935341358184814453e-01
1.968526244163513184e-01
1.994193494319915771e-01
1.930185556411743164e-01
1.962588429450988770e-01
1.963455975055694580e-01
1.961516141891479492e-01
1.956238299608230591e-01
1.937927901744842529e-01
1.969144791364669800e-01
1.958094239234924316e-01
1.965442150831222534e-01
1.966379135847091675e-01
1.928331255912780762e-01
1.948128342628479004e-01
1.965575069189071655e-01
1.985462903976440430e-01
1.967956721782684326e-01
1.979735940694808960e-01
1.985523253679275513e-01
1.961982846260070801e-01
1.961532533168792725e-01
1.960282772779464722e-01
1.950085610151290894e-01
1.978505849838256836e-01
1.949807554483413696e-01
1.949747204780578613e-01
1.956493705511093140e-01
1.958009302616119385e-01
1.933058798313140869e-01
1.953815072774887085e-01
1.969016641378402710e-01
1.946394145488739014e-01
1.937717795372009277e-01
1.945044398307800293e-01
1.959935873746871948e-01
1.993537843227386475e-01
1.965642869472503662e-01
1.963752508163452148e-01
1.967882513999938965e-01
1.934874206781387329e-01
1.936736553907394409e-01
1.961950659751892090e-01
1.951151937246322632e-01
1.949320882558822632e-01
1.950689554214477539e-01
1.955017596483230591e-01
1.965622305870056152e-01
1.947516500949859619e-01
1.948670744895935059e-01
1.943311095237731934e-01
1.959417164325714111e-01
1.960790753364562988e-01
1.955132633447647095e-01
1.939240992069244385e-01
1.952368915081024170e-01
1.927660554647445679e-01
1.957683712244033813e-01
1.945929378271102905e-01
1.964310854673385620e-01
1.936618834733963013e-01
1.962576359510421753e-01
1.959452927112579346e-01
1.928634047508239746e-01
1.954488158226013184e-01
1.963304579257965088e-01
1.951150447130203247e-01
1.935898363590240479e-01
1.966449469327926636e-01
1.913142204284667969e-01
1.947434395551681519e-01
1.919552087783813477e-01
1.940332502126693726e-01
1.953397691249847412e-01
1.916453689336776733e-01
1.917916536331176758e-01
1.942361444234848022e-01
1.914820671081542969e-01
1.958473920822143555e-01
1.958134174346923828e-01
1.917755007743835449e-01
1.915710866451263428e-01
1.942647844552993774e-01
1.964676082134246826e-01
1.962197422981262207e-01
1.951436251401901245e-01
1.933843940496444702e-01
1.943412870168685913e-01
1.955106705427169800e-01
1.904474049806594849e-01
1.917186081409454346e-01
1.956888139247894287e-01
1.952830702066421509e-01
1.945691108703613281e-01
1.938480883836746216e-01
1.931760162115097046e-01
1.926753669977188110e-01
1.927192658185958862e-01
1.954934597015380859e-01
1.948228925466537476e-01
1.917876452207565308e-01
1.929527968168258667e-01
1.945093423128128052e-01
1.921634525060653687e-01
1.943461596965789795e-01
1.927933841943740845e-01
1.928245276212692261e-01
1.926962435245513916e-01
