1.471470320224761874e+00
1.087376276254653940e+00
9.382871055603027033e-01
8.419399404525756969e-01
7.874202162027359453e-01
7.611719495058060225e-01
7.018925207853317083e-01
6.242640495300293413e-01
6.028367105126380965e-01
5.847071689367294711e-01
5.929232668876648349e-01
5.794415941834449857e-01
5.710568362474441884e-01
5.606389296054840043e-01
4.852722361683845520e-01
4.753280892968178017e-01
4.877327132225036666e-01
4.922074031829833940e-01
4.847152820229530534e-01
4.840984687209129445e-01
4.829728493094444519e-01
4.123691856861114724e-01
4.166685807704925693e-01
4.175226992368697987e-01
4.128029456734657043e-01
4.096960017085075623e-01
4.191150748729705611e-01
4.331265744566917264e-01
3.586566302180290156e-01
3.589498916268348827e-01
3.591984504461288585e-01
3.523400953412055836e-01
3.745768511295318737e-01
3.764018949866294594e-01
3.690692865848541060e-01
3.238283154368400418e-01
3.272030895948410123e-01
3.218658739328384422e-01
3.260375776886940136e-01
3.301721282303333171e-01
3.400281330943107361e-01
3.370964206755161507e-01
2.969815830886364250e-01
2.974094797670840951e-01
3.017584264278411754e-01
3.110048559308051797e-01
3.075428082048892731e-01
3.172179220616817563e-01
3.194885556399822413e-01
2.836629931628704138e-01
3.565701939165591972e-01
3.189976465702056840e-01
3.260021072626113625e-01
3.098524461686611442e-01
2.906288605183363072e-01
2.972909872978925505e-01
1.390640575438737980e-01
1.253928154334426059e-01
1.583329134993255172e-01
1.556850199401378643e-01
1.542426638677716344e-01
1.597515723481774397e-01
1.659534890204668045e-01
1.052891105785965925e-01
1.026673455536365465e-01
1.004282200336456266e-01
1.064359368570148984e-01
1.025973550044000093e-01
1.227843888290226504e-01
1.116066562198102519e-01
7.814088419079780190e-02
8.498091913759708849e-02
8.446277607232331730e-02
1.121974510326981533e-01
1.145137538760900436e-01
1.006338655529543796e-01
1.000195563212037120e-01
7.305309894960373973e-02
7.088397531770170013e-02
6.982226380612700789e-02
8.742029810324311589e-02
9.445287236943840370e-02
9.210030574817210103e-02
1.106265123188495680e-01
6.840545774903147858e-02
7.055040967650710870e-02
6.628416172228752956e-02
7.353388934163376800e-02
7.646869421936570987e-02
8.584457022603601828e-02
8.453569677658379078e-02
7.438472795765846413e-02
7.564388871192932740e-02
7.411086870357394552e-02
6.108550536446273604e-02
7.072621026309207359e-02
1.010197295574471327e-01
9.144264094065875093e-02
6.533934886101633310e-02
6.584471941692754404e-02
6.300121410749852380e-02
7.601403260603546708e-02
9.119960307143629152e-02
7.976116862613708003e-02
8.267901368904859161e-02
