7.258627289533614579e-01
3.634508071839809284e-01
3.244268967211246246e-01
2.742595353722572238e-01
2.492055999487638451e-01
2.295524024963379039e-01
2.185372897982597318e-01
2.141327117383479972e-01
2.094778860360383965e-01
1.867289487272500992e-01
1.896028468757867680e-01
1.843127098679542553e-01
1.894361349940300032e-01
1.863678040355443988e-01
1.874062824994325582e-01
1.773322937637567542e-01
1.771613624691963096e-01
1.815906812250614177e-01
1.526767993718385619e-01
1.681987374275922820e-01
1.486183547973632946e-01
1.655984708666801419e-01
1.572111731767654452e-01
1.690800588950514827e-01
1.613838959485292546e-01
1.565001003444194683e-01
1.586100341379642620e-01
1.409913237020373467e-01
1.468528126925230104e-01
1.449125317111611411e-01
1.389752375334501189e-01
1.491813119500875473e-01
1.492538259923458233e-01
1.483353801816701956e-01
1.468988976627588205e-01
1.467942791804671410e-01
1.324987723305821319e-01
1.363058874383568653e-01
1.324357047677039989e-01
1.300159629806876271e-01
1.345829261839389668e-01
1.387970353662967560e-01
1.356741183996200695e-01
1.392679386958479981e-01
1.357630959898233347e-01
1.333636812120675974e-01
1.251408583298325439e-01
1.193031597882509287e-01
1.275121068209409680e-01
1.294252981245517797e-01
1.245043119415640831e-01
1.279623671993613265e-01
1.329976671934127719e-01
1.297361720353364944e-01
1.144870579242706354e-01
1.206567220762372050e-01
1.179537283256650027e-01
1.236813812702894227e-01
1.195272185653448171e-01
1.222157586738467222e-01
1.191712403297424255e-01
1.203636244311928755e-01
1.282466570287942864e-01
1.165502481907606108e-01
1.095249002426862683e-01
1.145086316764354767e-01
1.101054606959223775e-01
1.110649140551686342e-01
1.113943211361765884e-01
1.198722393810748993e-01
1.185210436955094343e-01
1.141135382279753752e-01
1.074655918404459898e-01
1.118889803066849681e-01
1.096145071834325746e-01
1.087149789929389987e-01
1.055504694208502792e-01
1.114714572206139537e-01
1.147009330242872299e-01
1.135473465174436508e-01
1.114984982460737184e-01
1.075877538695931418e-01
1.037309441342949834e-01
1.018702346459031127e-01
1.024113585427403467e-01
1.119119262322783442e-01
1.048384385928511631e-01
1.093666993826627742e-01
1.069848013669252446e-01
1.078003604337573057e-01
1.014560502395033814e-01
1.003130291029810939e-01
1.025359098240733180e-01
1.001531907543539990e-01
9.984509006142616716e-02
1.030223284661769823e-01
1.033744246885180407e-01
1.070466526597738249e-01
1.060571082308888469e-01
9.811916954815387559e-02
1.006781820952892259e-01
1.052960803359746927e-01
9.208425294607877620e-02
9.908341109752655251e-02
1.000086899101734206e-01
1.024780603498220422e-01
1.027043117582798065e-01
1.014008663594722776e-01
9.801396548748016191e-02
1.024008775502443375e-01
9.710305500775576193e-02
9.700324099510908293e-02
9.308187942951917648e-02
1.002808910235762629e-01
9.564987305551767016e-02
9.642771273851394320e-02
1.006628143042326007e-01
1.047806614637374900e-01
1.216469478607177801e-01
1.096441683452576421e-01
1.071107796020805830e-01
1.022238339949399222e-01
1.020150579512119349e-01
9.627215730026364437e-02
8.659130685031414532e-02
7.888103731442243360e-02
5.502968837739899421e-02
4.884470370132475842e-02
4.228100005537271250e-02
5.323111776728182976e-02
6.328691513277590053e-02
5.328951424919068508e-02
5.425413004588335725e-02
4.821760232327505780e-02
5.687554451404139289e-02
