1.433561545610427812e+00
1.080431448221206736e+00
9.365185427665710938e-01
8.379617083072662398e-01
7.839974611997604370e-01
7.347720640897751343e-01
7.124603211879729781e-01
6.186432501673698736e-01
5.797770652174949468e-01
5.787557137012481201e-01
5.869033151865005182e-01
5.761490535736083496e-01
5.733257764577865956e-01
5.530623516440391629e-01
4.911259415745735102e-01
4.822739940881728971e-01
4.863919234275818071e-01
4.857520157098770275e-01
4.724423190951347329e-01
4.880357041954994091e-01
4.745578014850616588e-01
4.176681572198867598e-01
4.174693936109543091e-01
4.198405110836029297e-01
4.155239692330360279e-01
4.184504196047783009e-01
4.198345762491226263e-01
4.243015709519386558e-01
3.640450435876846358e-01
3.671942850947380044e-01
3.652456396818161144e-01
3.688893428444862121e-01
3.832391160726547064e-01
3.710447633266448775e-01
3.800087046623230047e-01
3.333816778659820512e-01
3.313466417789459051e-01
3.363201618194580078e-01
3.321189087629318193e-01
3.445791035890579113e-01
3.391017620265484034e-01
3.502556395530700417e-01
3.044826003909111289e-01
3.066627448797226152e-01
3.078010405600071220e-01
3.150520953536033453e-01
3.151957154273986594e-01
3.135505492985248832e-01
3.189323139190674006e-01
2.936050021648407005e-01
2.889375254511833413e-01
2.920206494629383198e-01
2.967864842712878981e-01
3.030605086684227123e-01
3.010561117529869102e-01
3.099480344355106110e-01
2.858290283381939023e-01
2.755874758958816728e-01
2.864745205640792935e-01
2.861253854632377358e-01
2.904898333549499334e-01
2.966598118841647924e-01
2.947251388430595642e-01
2.700367003679275402e-01
2.775140891969203882e-01
2.761022533476352736e-01
2.744321259856223882e-01
2.784665487706661224e-01
2.810991042852401534e-01
2.838372999429703003e-01
2.740922601521015300e-01
3.317062430083751456e-01
2.731541717797517643e-01
2.538430356979370361e-01
2.475163470208644745e-01
2.411892520636320092e-01
2.543803941458463447e-01
1.114067452400922809e-01
1.124710395745933122e-01
9.993961223401129357e-02
1.139634195994585764e-01
1.298140986636281136e-01
1.430824026837944907e-01
1.280369843728840218e-01
8.741176275536417795e-02
8.229932704940438881e-02
9.078965542837977298e-02
8.202587257139384858e-02
9.551749787293374594e-02
8.415667187422513906e-02
9.893981227651238441e-02
7.329584829043596372e-02
7.620416369754820507e-02
7.105240258388220709e-02
8.138256238773465545e-02
8.286204509437083976e-02
6.675064464099705885e-02
9.304845536127687167e-02
7.913790137041359918e-02
7.187878438737244080e-02
8.141962748020886709e-02
8.120854620356113274e-02
8.817453673342243170e-02
7.895826087333261689e-02
9.344829743728041982e-02
