1.477560718059539813e+00
1.117798346877098004e+00
9.860998016595839966e-01
8.366998177766800104e-01
7.631695055961609242e-01
7.342527991533279730e-01
6.940451452136039423e-01
5.984140411019325256e-01
5.916048073768616078e-01
5.766359865665435791e-01
5.948113313317299200e-01
5.693412980437279058e-01
5.727954590320587513e-01
5.468248265981674461e-01
4.882437762618064836e-01
4.642883422970771612e-01
4.743373778462409707e-01
4.657676833868026889e-01
4.604881289601325811e-01
4.648619505763054160e-01
4.683787262439727539e-01
3.906312656402587957e-01
4.053781190514564314e-01
3.976674136519431912e-01
4.064091244339942954e-01
4.193729493021964849e-01
4.118137773871421992e-01
4.100550881028175443e-01
3.444701673090457827e-01
3.473977372050285339e-01
3.431098887324333102e-01
3.493290466070175238e-01
3.634692013263702282e-01
3.577670422196388422e-01
3.603936153650283969e-01
3.077785120904445448e-01
3.094694222509861148e-01
3.152083232998847961e-01
3.214417231082916104e-01
3.163040426373481817e-01
3.326850050687790161e-01
3.327652738988399750e-01
2.898288568854331948e-01
2.952745187282562189e-01
2.889731578528881295e-01
2.897270604968070762e-01
2.999785561859607541e-01
2.994586104154586814e-01
3.050884300470352306e-01
2.796195124089717599e-01
2.737298394739627883e-01
2.777601577341556327e-01
2.849899908900260792e-01
2.806289137899875552e-01
2.905880969762801858e-01
2.930088512599468009e-01
2.793938805162906602e-01
2.654987291991710574e-01
2.712297336757182875e-01
2.744517742097377644e-01
2.708894029259681924e-01
2.775567092001438030e-01
2.806342576444149084e-01
2.683857725560664931e-01
2.539242441952228591e-01
2.600543831288814611e-01
2.679306912422180220e-01
2.637850476801395505e-01
2.722495880722999306e-01
2.743368591368198217e-01
2.564084042608738012e-01
2.610295173525810086e-01
2.558517739176749961e-01
2.628018450736999689e-01
2.642082642018794836e-01
2.624319314956665150e-01
2.718806405365467027e-01
2.602583958208560810e-01
2.543768140673637324e-01
2.599690206348895805e-01
2.570871250331401847e-01
2.509295228123664678e-01
2.595021983981132263e-01
2.651578865945339314e-01
2.520366048812865967e-01
2.496433928608894348e-01
2.520099425315857067e-01
2.551758295297622547e-01
2.518920397758483976e-01
2.553066778182983554e-01
2.582805411517620220e-01
2.363591484725475200e-01
2.808133380115032107e-01
2.423310051858425240e-01
2.310270916670560948e-01
1.964112884178757790e-01
2.013389080017805033e-01
1.771653146669268653e-01
8.607777749188244565e-02
7.678823404014110954e-02
9.269655435346066397e-02
9.258460257202387467e-02
8.766394869424402880e-02
9.514706211164593308e-02
8.835553093813360015e-02
