7.128732204437255859e-01
7.040953040122985840e-01
6.952012777328491211e-01
6.868997216224670410e-01
6.773546338081359863e-01
6.670654416084289551e-01
6.541658639907836914e-01
6.407587528228759766e-01
6.253985762596130371e-01
6.097101569175720215e-01
5.871308445930480957e-01
5.672737956047058105e-01
5.489881038665771484e-01
5.236096978187561035e-01
5.008637309074401855e-01
4.685280621051788330e-01
4.397273063659667969e-01
4.137665927410125732e-01
3.905979096889495850e-01
3.609777390956878662e-01
3.424373865127563477e-01
3.338785171508789062e-01
3.266287147998809814e-01
3.185359537601470947e-01
3.226628601551055908e-01
3.211613893508911133e-01
3.077827095985412598e-01
3.080336451530456543e-01
3.105535507202148438e-01
2.949845492839813232e-01
2.987534701824188232e-01
2.864473462104797363e-01
2.829474210739135742e-01
2.748189866542816162e-01
2.746892571449279785e-01
2.742397785186767578e-01
2.706670761108398438e-01
2.807027697563171387e-01
2.754563391208648682e-01
2.593754827976226807e-01
2.624070644378662109e-01
2.570976316928863525e-01
2.582455575466156006e-01
2.510340213775634766e-01
2.504166662693023682e-01
2.461470514535903931e-01
2.467088103294372559e-01
2.414102554321289062e-01
2.413800805807113647e-01
2.393965125083923340e-01
2.333284020423889160e-01
2.332360148429870605e-01
2.287251353263854980e-01
2.278799414634704590e-01
2.298376560211181641e-01
2.274857312440872192e-01
2.242175340652465820e-01
2.244537770748138428e-01
2.210005521774291992e-01
2.199812382459640503e-01
2.147813886404037476e-01
2.182514071464538574e-01
2.166437208652496338e-01
2.158686518669128418e-01
2.151745855808258057e-01
2.098156660795211792e-01
2.073672413825988770e-01
2.140761762857437134e-01
2.058671116828918457e-01
2.050210833549499512e-01
2.033250629901885986e-01
2.027721554040908813e-01
2.010107487440109253e-01
2.035524994134902954e-01
2.005849778652191162e-01
2.031447738409042358e-01
1.952836215496063232e-01
1.958444118499755859e-01
1.919154971837997437e-01
1.920982450246810913e-01
1.940706819295883179e-01
1.923162937164306641e-01
1.908603757619857788e-01
1.915391832590103149e-01
1.922652423381805420e-01
1.887147426605224609e-01
1.871035695075988770e-01
1.862263679504394531e-01
1.876960992813110352e-01
1.866416782140731812e-01
1.815512329339981079e-01
1.822647154331207275e-01
1.792058944702148438e-01
1.807220131158828735e-01
1.804224848747253418e-01
1.773215830326080322e-01
1.774732768535614014e-01
1.775300800800323486e-01
1.788720935583114624e-01
1.730864048004150391e-01
1.728744655847549438e-01
1.728577464818954468e-01
1.726944893598556519e-01
1.709556281566619873e-01
1.706170886754989624e-01
1.711803525686264038e-01
1.707434952259063721e-01
1.691161245107650757e-01
1.699035912752151489e-01
1.649939417839050293e-01
1.682431995868682861e-01
1.674140989780426025e-01
1.658492982387542725e-01
1.660825014114379883e-01
1.613329201936721802e-01
1.620669662952423096e-01
1.659027934074401855e-01
1.614880114793777466e-01
1.623109579086303711e-01
1.631972044706344604e-01
1.606094539165496826e-01
1.618860661983489990e-01
1.569746434688568115e-01
1.587356179952621460e-01
1.579654216766357422e-01
1.563549637794494629e-01
1.555258631706237793e-01
1.543941944837570190e-01
1.536163240671157837e-01
1.559647172689437866e-01
1.534626632928848267e-01
1.540150642395019531e-01
1.531746983528137207e-01
1.540465801954269409e-01
1.501596868038177490e-01
1.500958949327468872e-01
1.484589874744415283e-01
1.513419598340988159e-01
1.512016355991363525e-01
1.491378992795944214e-01
1.466775834560394287e-01
1.488284766674041748e-01
1.461251229047775269e-01
1.421854794025421143e-01
1.436246931552886963e-01
1.434212625026702881e-01
1.433356553316116333e-01
1.414923965930938721e-01
1.437515020370483398e-01
1.400052905082702637e-01
1.428108215332031250e-01
1.398416906595230103e-01
1.419579386711120605e-01
1.400596201419830322e-01
1.419105529785156250e-01
1.396578252315521240e-01
1.363560259342193604e-01
1.398382782936096191e-01
1.378166526556015015e-01
1.391969919204711914e-01
1.368035525083541870e-01
1.377734690904617310e-01
1.380350589752197266e-01
1.341424733400344849e-01
1.379076987504959106e-01
1.346326023340225220e-01
1.346231698989868164e-01
1.341869235038757324e-01
1.325732767581939697e-01
1.331518292427062988e-01
1.334255039691925049e-01
1.329678446054458618e-01
1.326221972703933716e-01
1.294714659452438354e-01
1.292093396186828613e-01
1.342148780822753906e-01
1.295399814844131470e-01
1.274225711822509766e-01
1.274082213640213013e-01
1.256278455257415771e-01
1.292136013507843018e-01
1.290326118469238281e-01
1.267001330852508545e-01
1.255796551704406738e-01
1.277659982442855835e-01
1.284839510917663574e-01
1.249649971723556519e-01
1.233145594596862793e-01
1.245586723089218140e-01
1.277576386928558350e-01
1.228074431419372559e-01
1.245985329151153564e-01
1.221508234739303589e-01
1.218947917222976685e-01
1.229439973831176758e-01
1.218983530998229980e-01
1.204064488410949707e-01
1.206707656383514404e-01
1.190977320075035095e-01
1.205103993415832520e-01
1.191443353891372681e-01
1.197632700204849243e-01
1.191796287894248962e-01
1.193168684840202332e-01
1.192480027675628662e-01
1.169731020927429199e-01
1.196532994508743286e-01
1.171436756849288940e-01
1.157358437776565552e-01
1.149009987711906433e-01
1.150067299604415894e-01
1.148505657911300659e-01
1.144030094146728516e-01
1.123589724302291870e-01
1.139588952064514160e-01
1.128240972757339478e-01
1.140810400247573853e-01
1.138798594474792480e-01
1.115211993455886841e-01
1.136119142174720764e-01
1.101817265152931213e-01
1.129199415445327759e-01
1.094933897256851196e-01
1.112145408987998962e-01
1.115593314170837402e-01
1.088480278849601746e-01
1.099442839622497559e-01
1.091054081916809082e-01
1.102594882249832153e-01
1.064044386148452759e-01
1.092276275157928467e-01
1.062988787889480591e-01
1.067508757114410400e-01
1.066466420888900757e-01
1.077470779418945312e-01
1.083576083183288574e-01
1.066531836986541748e-01
1.063881665468215942e-01
1.063360199332237244e-01
1.050812378525733948e-01
1.072444543242454529e-01
1.058316007256507874e-01
1.043666601181030273e-01
1.051678061485290527e-01
1.067309752106666565e-01
1.041589230298995972e-01
1.033848151564598083e-01
1.036283150315284729e-01
1.029158383607864380e-01
1.041599661111831665e-01
1.014592200517654419e-01
1.032599657773971558e-01
1.015630513429641724e-01
1.016224697232246399e-01
1.024570912122726440e-01
1.012020707130432129e-01
1.003388166427612305e-01
1.010576412081718445e-01
1.029787659645080566e-01
1.018128693103790283e-01
1.015411019325256348e-01
1.000758185982704163e-01
9.783025085926055908e-02
9.704405814409255981e-02
9.779720753431320190e-02
9.841892123222351074e-02
9.634669870138168335e-02
9.629943966865539551e-02
9.827855229377746582e-02
9.843441098928451538e-02
9.742090106010437012e-02
9.699941426515579224e-02
9.678830951452255249e-02
9.612911939620971680e-02
9.654162079095840454e-02
9.548872709274291992e-02
9.654057770967483521e-02
9.495268762111663818e-02
9.409277886152267456e-02
1.002446487545967102e-01
9.434552490711212158e-02
9.465542435646057129e-02
9.387450665235519409e-02
9.410934895277023315e-02
9.629154205322265625e-02
9.345497190952301025e-02
9.350241720676422119e-02
9.259909391403198242e-02
9.441848099231719971e-02
9.291042387485504150e-02
9.284542500972747803e-02
9.362495690584182739e-02
9.253048151731491089e-02
9.254571795463562012e-02
9.215179085731506348e-02
9.187033772468566895e-02
9.022834897041320801e-02
9.232147037982940674e-02
9.114269912242889404e-02
9.096784889698028564e-02
9.083393961191177368e-02
9.114716202020645142e-02
8.866048604249954224e-02
8.786003291606903076e-02
8.842471241950988770e-02
9.168761223554611206e-02
8.995668590068817139e-02
8.905160427093505859e-02
8.781126886606216431e-02
8.885259181261062622e-02
8.831669390201568604e-02
8.746239542961120605e-02
8.760799467563629150e-02
8.696280419826507568e-02
8.700039982795715332e-02
8.608075231313705444e-02
8.635281026363372803e-02
8.728295564651489258e-02
8.737647533416748047e-02
8.613999933004379272e-02
8.678245544433593750e-02
8.479272574186325073e-02
8.642604202032089233e-02
8.581453561782836914e-02
8.463092893362045288e-02
8.429969847202301025e-02
8.409761637449264526e-02
8.493983745574951172e-02
8.381468802690505981e-02
8.430092781782150269e-02
8.307816088199615479e-02
8.289553225040435791e-02
8.360205590724945068e-02
8.270401507616043091e-02
8.319469541311264038e-02
8.142174035310745239e-02
8.206800371408462524e-02
8.163452893495559692e-02
8.198448270559310913e-02
8.094175159931182861e-02
8.220081031322479248e-02
8.192129433155059814e-02
8.127139508724212646e-02
8.140526711940765381e-02
8.090861886739730835e-02
8.093059062957763672e-02
8.029956370592117310e-02
8.006611466407775879e-02
8.222834765911102295e-02
8.016921579837799072e-02
7.957550883293151855e-02
7.938858866691589355e-02
8.001829683780670166e-02
7.908906042575836182e-02
7.942920923233032227e-02
8.122419565916061401e-02
7.887975871562957764e-02
7.814811915159225464e-02
8.001963049173355103e-02
7.839917391538619995e-02
7.902044057846069336e-02
7.617139816284179688e-02
7.757208496332168579e-02
7.743851095438003540e-02
7.809738069772720337e-02
7.568708807229995728e-02
7.754536718130111694e-02
7.613155245780944824e-02
7.582291960716247559e-02
7.572297751903533936e-02
7.638952136039733887e-02
7.549005746841430664e-02
7.615270465612411499e-02
7.529409974813461304e-02
7.427342236042022705e-02
7.478034496307373047e-02
7.530433684587478638e-02
7.441602647304534912e-02
7.406029105186462402e-02
7.443645596504211426e-02
7.325489073991775513e-02
7.414048165082931519e-02
7.337141036987304688e-02
7.299120724201202393e-02
7.332895696163177490e-02
7.375020533800125122e-02
7.358902692794799805e-02
7.273560762405395508e-02
7.195426523685455322e-02
7.294745743274688721e-02
7.252185046672821045e-02
7.296678423881530762e-02
7.197946310043334961e-02
7.240942865610122681e-02
7.227321714162826538e-02
7.078334689140319824e-02
7.231147587299346924e-02
7.117779552936553955e-02
7.111495733261108398e-02
6.980509310960769653e-02
7.145211100578308105e-02
7.131589949131011963e-02
7.072588801383972168e-02
7.024440169334411621e-02
6.960666179656982422e-02
7.047933340072631836e-02
7.033082842826843262e-02
6.999883800745010376e-02
6.922476738691329956e-02
6.904708594083786011e-02
6.923785805702209473e-02
7.025086134672164917e-02
6.900423020124435425e-02
6.814178824424743652e-02
6.950496137142181396e-02
6.955505907535552979e-02
6.814073026180267334e-02
6.794751435518264771e-02
6.748817861080169678e-02
6.786531955003738403e-02
6.738406419754028320e-02
6.772371381521224976e-02
6.856533885002136230e-02
6.854253262281417847e-02
6.749282777309417725e-02
6.766833364963531494e-02
6.740154325962066650e-02
6.789618730545043945e-02
6.681790202856063843e-02
6.616666913032531738e-02
6.645467877388000488e-02
6.532885134220123291e-02
6.601047515869140625e-02
6.651713699102401733e-02
6.591402739286422729e-02
6.618425250053405762e-02
6.539669632911682129e-02
6.524679064750671387e-02
6.552091240882873535e-02
6.482858955860137939e-02
6.550314277410507202e-02
6.612993031740188599e-02
6.443570554256439209e-02
6.588552147150039673e-02
6.503699719905853271e-02
6.450223922729492188e-02
6.399314105510711670e-02
6.439231336116790771e-02
6.423132866621017456e-02
6.381276249885559082e-02
6.337146461009979248e-02
6.391021609306335449e-02
6.414341181516647339e-02
6.456788629293441772e-02
6.405819207429885864e-02
6.480172276496887207e-02
6.404875218868255615e-02
6.527628749608993530e-02
6.271799653768539429e-02
6.319836527109146118e-02
6.377400457859039307e-02
6.426455825567245483e-02
6.329154968261718750e-02
6.214556843042373657e-02
6.321840733289718628e-02
6.207199394702911377e-02
6.197521835565567017e-02
6.198101490736007690e-02
6.126157194375991821e-02
6.208251416683197021e-02
6.193200871348381042e-02
6.095344573259353638e-02
6.120494008064270020e-02
6.137411296367645264e-02
6.220078095793724060e-02
6.161393225193023682e-02
6.190492957830429077e-02
6.226543709635734558e-02
6.126444414258003235e-02
6.073608994483947754e-02
6.102289259433746338e-02
6.211122125387191772e-02
6.132231652736663818e-02
6.029538810253143311e-02
6.082282215356826782e-02
6.113398075103759766e-02
5.966707319021224976e-02
6.180588901042938232e-02
6.056004762649536133e-02
6.082264333963394165e-02
6.040275096893310547e-02
6.056864187121391296e-02
5.990605056285858154e-02
6.090562790632247925e-02
5.996928364038467407e-02
6.048090755939483643e-02
5.930489301681518555e-02
5.982492119073867798e-02
5.985878407955169678e-02
5.937086045742034912e-02
2.572990953922271729e-01
2.574180364608764648e-01
2.542974054813385010e-01
2.550436556339263916e-01
2.523938417434692383e-01
2.533693313598632812e-01
2.530226111412048340e-01
2.541143000125885010e-01
2.509430646896362305e-01
2.525964975357055664e-01
2.518027424812316895e-01
2.504089176654815674e-01
2.509339749813079834e-01
2.485410422086715698e-01
2.519823312759399414e-01
2.536410987377166748e-01
2.506670057773590088e-01
2.487140893936157227e-01
2.485378831624984741e-01
2.462005317211151123e-01
2.474595606327056885e-01
2.475645244121551514e-01
2.463600188493728638e-01
2.463428974151611328e-01
2.467593699693679810e-01
2.465903162956237793e-01
2.475083768367767334e-01
2.453270703554153442e-01
2.469376027584075928e-01
2.466023713350296021e-01
2.487653344869613647e-01
2.439686954021453857e-01
2.450321763753890991e-01
2.441923767328262329e-01
2.448995113372802734e-01
2.464400380849838257e-01
2.460805177688598633e-01
2.480607479810714722e-01
2.453093081712722778e-01
2.430145293474197388e-01
2.478510290384292603e-01
2.440082430839538574e-01
2.468093633651733398e-01
2.429001927375793457e-01
2.403301000595092773e-01
2.422861903905868530e-01
2.431268692016601562e-01
2.438174337148666382e-01
2.450781464576721191e-01
2.423670589923858643e-01
2.417108863592147827e-01
2.451064884662628174e-01
2.429788559675216675e-01
2.418082207441329956e-01
2.449493855237960815e-01
2.427770942449569702e-01
2.407462298870086670e-01
2.418256551027297974e-01
2.429919242858886719e-01
2.405147105455398560e-01
2.399450391530990601e-01
2.423889189958572388e-01
2.398051023483276367e-01
2.416512817144393921e-01
2.430002987384796143e-01
2.448419928550720215e-01
2.396959215402603149e-01
2.406767010688781738e-01
2.386189252138137817e-01
2.413779646158218384e-01
2.413616627454757690e-01
2.403095364570617676e-01
2.400555610656738281e-01
2.398723363876342773e-01
2.410916388034820557e-01
2.401239275932312012e-01
2.399314194917678833e-01
2.402813285589218140e-01
2.378101944923400879e-01
2.380557656288146973e-01
2.419782280921936035e-01
2.377401441335678101e-01
2.336041033267974854e-01
2.422571778297424316e-01
2.391405403614044189e-01
2.403330504894256592e-01
2.396644055843353271e-01
2.394245266914367676e-01
2.374702543020248413e-01
2.385230213403701782e-01
2.364055365324020386e-01
2.383606433868408203e-01
2.346810996532440186e-01
2.396939843893051147e-01
2.392290681600570679e-01
2.386099994182586670e-01
2.383092194795608521e-01
2.391783893108367920e-01
2.373193949460983276e-01
2.382036298513412476e-01
2.357681393623352051e-01
2.377077043056488037e-01
2.376088201999664307e-01
2.334180623292922974e-01
2.366252243518829346e-01
2.354095876216888428e-01
2.355259656906127930e-01
2.345248907804489136e-01
2.350418418645858765e-01
2.341608554124832153e-01
2.332932204008102417e-01
2.367025017738342285e-01
2.369137257337570190e-01
2.343778312206268311e-01
2.370630055665969849e-01
2.349098473787307739e-01
2.331509739160537720e-01
2.356921583414077759e-01
2.357261478900909424e-01
2.353754490613937378e-01
2.329046577215194702e-01
2.362311631441116333e-01
2.337923794984817505e-01
2.343205511569976807e-01
2.349246740341186523e-01
2.344180196523666382e-01
2.320010364055633545e-01
2.331059277057647705e-01
2.343825548887252808e-01
2.319724857807159424e-01
2.351621538400650024e-01
2.336656451225280762e-01
2.320317327976226807e-01
2.325421422719955444e-01
2.329053580760955811e-01
2.322982847690582275e-01
2.328621745109558105e-01
2.340139895677566528e-01
2.330498397350311279e-01
2.306638807058334351e-01
2.313462793827056885e-01
2.330749630928039551e-01
2.326031774282455444e-01
2.330415248870849609e-01
2.291432172060012817e-01
2.317017018795013428e-01
2.305171340703964233e-01
2.289246767759323120e-01
2.315959483385086060e-01
2.281939685344696045e-01
2.309305369853973389e-01
2.294306159019470215e-01
2.301881164312362671e-01
2.314652353525161743e-01
2.312408834695816040e-01
2.289438247680664062e-01
2.316149622201919556e-01
2.296857237815856934e-01
2.315664589405059814e-01
2.328430414199829102e-01
2.283468842506408691e-01
2.284310609102249146e-01
2.325399369001388550e-01
2.314206361770629883e-01
2.313185334205627441e-01
2.283239960670471191e-01
2.304413616657257080e-01
2.289009392261505127e-01
2.290575951337814331e-01
2.317706495523452759e-01
2.264719754457473755e-01
2.292648255825042725e-01
2.285947054624557495e-01
2.293599843978881836e-01
2.298857867717742920e-01
2.290054410696029663e-01
2.298437058925628662e-01
2.285464257001876831e-01
2.287052124738693237e-01
2.284492701292037964e-01
2.294733673334121704e-01
2.295463830232620239e-01
2.285912632942199707e-01
2.295017838478088379e-01
2.284875065088272095e-01
2.252912670373916626e-01
2.276083827018737793e-01
2.275426685810089111e-01
2.288417965173721313e-01
2.291777282953262329e-01
2.257589548826217651e-01
2.270557731389999390e-01
2.299991250038146973e-01
2.269250154495239258e-01
2.266629785299301147e-01
2.278196066617965698e-01
2.258216738700866699e-01
2.272755354642868042e-01
2.265449762344360352e-01
2.272227108478546143e-01
2.307085096836090088e-01
2.274354100227355957e-01
2.278145253658294678e-01
2.273004353046417236e-01
2.270042002201080322e-01
2.267166525125503540e-01
2.276480793952941895e-01
2.253232002258300781e-01
2.273454517126083374e-01
2.254004329442977905e-01
2.262138724327087402e-01
2.299865931272506714e-01
2.227700352668762207e-01
2.288470566272735596e-01
2.250239998102188110e-01
2.245036065578460693e-01
2.265163064002990723e-01
2.265116721391677856e-01
2.271263003349304199e-01
2.258530557155609131e-01
2.290895432233810425e-01
2.253081798553466797e-01
2.240115553140640259e-01
2.257388532161712646e-01
2.259484976530075073e-01
2.236225455999374390e-01
2.275132238864898682e-01
2.269054353237152100e-01
2.240965515375137329e-01
2.253138720989227295e-01
2.261538356542587280e-01
2.243463397026062012e-01
2.257008254528045654e-01
2.239369004964828491e-01
2.235348075628280640e-01
2.228331416845321655e-01
2.229211628437042236e-01
2.250428199768066406e-01
2.238746732473373413e-01
2.247487604618072510e-01
2.238050103187561035e-01
2.259303480386734009e-01
2.240545004606246948e-01
2.215302288532257080e-01
2.246997952461242676e-01
2.216961532831192017e-01
2.257465869188308716e-01
2.218914479017257690e-01
2.239751666784286499e-01
2.219613045454025269e-01
2.221074402332305908e-01
2.229169160127639771e-01
2.213591337203979492e-01
2.237024754285812378e-01
2.274969369173049927e-01
2.248504757881164551e-01
2.224342525005340576e-01
2.222575992345809937e-01
2.186450809240341187e-01
2.211336195468902588e-01
2.234807014465332031e-01
2.221014350652694702e-01
2.221337854862213135e-01
2.222632467746734619e-01
2.220343351364135742e-01
2.222531288862228394e-01
2.196132540702819824e-01
2.246383577585220337e-01
2.209151834249496460e-01
2.225005626678466797e-01
2.212425023317337036e-01
2.226764559745788574e-01
2.228593379259109497e-01
2.196197509765625000e-01
2.216903418302536011e-01
2.198170572519302368e-01
2.239925712347030640e-01
2.209792286157608032e-01
2.207693904638290405e-01
2.220977842807769775e-01
2.240726798772811890e-01
2.219624519348144531e-01
2.176494300365447998e-01
2.190530151128768921e-01
2.218295484781265259e-01
2.212431281805038452e-01
2.204619944095611572e-01
2.223768532276153564e-01
2.202055007219314575e-01
2.213990241289138794e-01
2.191784083843231201e-01
2.198309302330017090e-01
2.230926901102066040e-01
2.207872867584228516e-01
2.218853235244750977e-01
2.195349186658859253e-01
2.204535305500030518e-01
2.195870429277420044e-01
2.198076695203781128e-01
2.180221229791641235e-01
2.217139154672622681e-01
2.192182391881942749e-01
2.194396257400512695e-01
2.194155603647232056e-01
2.205667346715927124e-01
2.177921533584594727e-01
2.179445177316665649e-01
2.176804542541503906e-01
2.208075076341629028e-01
2.193090468645095825e-01
2.181168943643569946e-01
2.201969176530838013e-01
2.183709293603897095e-01
2.196339219808578491e-01
2.192660123109817505e-01
2.213751971721649170e-01
2.206678092479705811e-01
2.173509448766708374e-01
2.177684158086776733e-01
2.185312658548355103e-01
2.217631340026855469e-01
2.209016978740692139e-01
2.188467234373092651e-01
2.198210805654525757e-01
2.167220562696456909e-01
2.195627689361572266e-01
2.166321575641632080e-01
2.161862850189208984e-01
2.186295241117477417e-01
2.187739908695220947e-01
2.182651311159133911e-01
2.168259769678115845e-01
2.169029861688613892e-01
2.173998951911926270e-01
2.185288667678833008e-01
2.183300405740737915e-01
2.182469367980957031e-01
2.185474932193756104e-01
2.182106226682662964e-01
2.172253280878067017e-01
2.145059704780578613e-01
2.178157866001129150e-01
2.165970802307128906e-01
2.193509191274642944e-01
2.180127650499343872e-01
2.179238051176071167e-01
2.156022489070892334e-01
2.174467891454696655e-01
2.172363400459289551e-01
2.156909108161926270e-01
2.176768630743026733e-01
2.158810645341873169e-01
2.152095437049865723e-01
2.170848697423934937e-01
2.172146886587142944e-01
2.139078527688980103e-01
2.184444963932037354e-01
2.161321341991424561e-01
2.146581560373306274e-01
2.151557654142379761e-01
2.170287966728210449e-01
2.158570289611816406e-01
2.155529558658599854e-01
2.150691449642181396e-01
2.162245213985443115e-01
2.152692079544067383e-01
2.168262451887130737e-01
2.149682343006134033e-01
2.168406397104263306e-01
2.184121757745742798e-01
2.160795032978057861e-01
2.160222530364990234e-01
2.153226435184478760e-01
2.132649123668670654e-01
2.159057706594467163e-01
2.176385670900344849e-01
2.146086245775222778e-01
2.176251411437988281e-01
2.139493376016616821e-01
2.130049467086791992e-01
2.135296761989593506e-01
2.163203060626983643e-01
2.131457626819610596e-01
2.142255008220672607e-01
2.148049473762512207e-01
2.139725089073181152e-01
2.145618051290512085e-01
2.157311737537384033e-01
2.124561071395874023e-01
2.167693376541137695e-01
2.160706371068954468e-01
2.129750847816467285e-01
2.147801369428634644e-01
2.130536437034606934e-01
2.150977700948715210e-01
2.156827747821807861e-01
2.157679647207260132e-01
2.141580730676651001e-01
2.152801603078842163e-01
2.164869904518127441e-01
2.128774970769882202e-01
2.160944491624832153e-01
2.153866887092590332e-01
2.134153842926025391e-01
2.130279988050460815e-01
2.176375836133956909e-01
2.109995186328887939e-01
2.163493186235427856e-01
2.137443721294403076e-01
2.139280140399932861e-01
2.121782302856445312e-01
2.143701314926147461e-01
2.154005914926528931e-01
2.126807421445846558e-01
2.127808183431625366e-01
2.099229693412780762e-01
2.132567018270492554e-01
2.120971232652664185e-01
2.149245440959930420e-01
2.123296558856964111e-01
2.136473059654235840e-01
2.130853682756423950e-01
2.130456417798995972e-01
2.110371589660644531e-01
2.124792635440826416e-01
2.113485932350158691e-01
2.115004807710647583e-01
2.118870019912719727e-01
2.133409380912780762e-01
2.129708081483840942e-01
2.097825855016708374e-01
2.120331525802612305e-01
2.114727497100830078e-01
2.123078256845474243e-01
2.125775218009948730e-01
2.113232314586639404e-01
2.109143435955047607e-01
2.154263705015182495e-01
2.121010869741439819e-01
2.120735049247741699e-01
2.118217796087265015e-01
2.104080021381378174e-01
2.110352367162704468e-01
2.122074365615844727e-01
2.109741866588592529e-01
2.121368348598480225e-01
2.122576832771301270e-01
2.116093784570693970e-01
2.117446810007095337e-01
2.110939621925354004e-01
2.130482345819473267e-01
2.151670008897781372e-01
2.117513865232467651e-01
2.155713438987731934e-01
2.109887301921844482e-01
2.111996710300445557e-01
2.097587883472442627e-01
2.111620008945465088e-01
2.116848677396774292e-01
2.102763354778289795e-01
2.115387767553329468e-01
2.090165466070175171e-01
2.112962305545806885e-01
2.108930349349975586e-01
2.108532190322875977e-01
2.088366299867630005e-01
2.085252553224563599e-01
2.092321068048477173e-01
2.120184898376464844e-01
2.124779820442199707e-01
2.126722931861877441e-01
2.086123079061508179e-01
2.111318707466125488e-01
2.106841951608657837e-01
2.144123762845993042e-01
2.092689722776412964e-01
2.103384286165237427e-01
2.157180905342102051e-01
2.094122320413589478e-01
2.092618644237518311e-01
2.090974599123001099e-01
2.110932767391204834e-01
2.092379778623580933e-01
2.122514098882675171e-01
2.098428755998611450e-01
2.058896869421005249e-01
2.085199654102325439e-01
2.117186486721038818e-01
2.098207324743270874e-01
2.108407169580459595e-01
2.097596824169158936e-01
2.086858004331588745e-01
2.107343822717666626e-01
2.120386213064193726e-01
2.105000168085098267e-01
2.084011584520339966e-01
2.095855176448822021e-01
2.105230242013931274e-01
2.109621018171310425e-01
2.083792835474014282e-01
2.100078016519546509e-01
2.102821469306945801e-01
2.070617824792861938e-01
2.087842673063278198e-01
2.106446027755737305e-01
2.057248651981353760e-01
2.079889029264450073e-01
2.082358896732330322e-01
2.092445641756057739e-01
2.105593383312225342e-01
2.101967930793762207e-01
2.085519284009933472e-01
2.082869410514831543e-01
2.086193561553955078e-01
2.097817659378051758e-01
2.099750041961669922e-01
2.114788889884948730e-01
2.065569311380386353e-01
2.052074819803237915e-01
2.120636105537414551e-01
2.082648724317550659e-01
2.060794383287429810e-01
2.070360034704208374e-01
2.056437134742736816e-01
2.099395543336868286e-01
2.084417939186096191e-01
2.109670341014862061e-01
2.082145214080810547e-01
2.089370489120483398e-01
2.094950675964355469e-01
2.053070068359375000e-01
2.070477157831192017e-01
2.096366584300994873e-01
2.082856893539428711e-01
2.099537849426269531e-01
2.085656523704528809e-01
2.042627334594726562e-01
2.090646028518676758e-01
2.074043154716491699e-01
2.067347764968872070e-01
2.085679024457931519e-01
2.079472541809082031e-01
2.080259472131729126e-01
2.071481794118881226e-01
2.089385539293289185e-01
2.101771384477615356e-01
2.067141830921173096e-01
2.068483829498291016e-01
2.097785025835037231e-01
2.082763016223907471e-01
2.082751393318176270e-01
2.075846046209335327e-01
2.104972898960113525e-01
2.085189521312713623e-01
2.103520780801773071e-01
2.064119726419448853e-01
2.061725258827209473e-01
2.077931761741638184e-01
2.043506950139999390e-01
2.089688181877136230e-01
2.078413218259811401e-01
2.066038846969604492e-01
2.050588876008987427e-01
2.076768875122070312e-01
2.073302119970321655e-01
2.086864411830902100e-01
2.081687748432159424e-01
2.068083137273788452e-01
2.075804919004440308e-01
2.062255740165710449e-01
2.088616788387298584e-01
2.080271840095520020e-01
2.073901593685150146e-01
2.070427238941192627e-01
2.048960775136947632e-01
2.089620232582092285e-01
2.059972584247589111e-01
2.099556326866149902e-01
2.065775394439697266e-01
2.045836597681045532e-01
2.047955393791198730e-01
2.051154971122741699e-01
2.056844830513000488e-01
2.060810029506683350e-01
2.033436745405197144e-01
2.061520069837570190e-01
2.098700851202011108e-01
2.079245746135711670e-01
2.068092823028564453e-01
2.054169178009033203e-01
2.063793540000915527e-01
2.055775821208953857e-01
2.066427171230316162e-01
2.056731581687927246e-01
2.078100144863128662e-01
2.042739093303680420e-01
2.071560770273208618e-01
2.070567607879638672e-01
2.048067152500152588e-01
2.047611624002456665e-01
2.050128877162933350e-01
2.038585990667343140e-01
2.047773003578186035e-01
2.079878449440002441e-01
2.056686133146286011e-01
2.059531509876251221e-01
2.076297402381896973e-01
2.043465673923492432e-01
2.062005698680877686e-01
2.065878361463546753e-01
2.027669697999954224e-01
2.034955024719238281e-01
2.067860960960388184e-01
2.062300145626068115e-01
2.044921666383743286e-01
2.062831819057464600e-01
2.053415179252624512e-01
2.052850872278213501e-01
2.061165422201156616e-01
2.074816524982452393e-01
2.033533006906509399e-01
2.059263586997985840e-01
2.038373947143554688e-01
2.037935703992843628e-01
2.050555646419525146e-01
2.041352987289428711e-01
2.033309489488601685e-01
2.057905048131942749e-01
2.019127011299133301e-01
2.061229944229125977e-01
2.023165673017501831e-01
2.053034007549285889e-01
2.030403017997741699e-01
2.057307958602905273e-01
2.026563435792922974e-01
2.014949470758438110e-01
2.037042528390884399e-01
2.038584947586059570e-01
2.009346783161163330e-01
2.055493742227554321e-01
2.022445052862167358e-01
2.031585276126861572e-01
2.057031691074371338e-01
2.028437703847885132e-01
2.034179121255874634e-01
2.022729068994522095e-01
2.024703025817871094e-01
2.058706581592559814e-01
2.032643109560012817e-01
2.039704322814941406e-01
2.033011019229888916e-01
2.037885487079620361e-01
2.026233524084091187e-01
2.016086727380752563e-01
2.058243751525878906e-01
2.038641422986984253e-01
2.030852138996124268e-01
2.029846012592315674e-01
2.034980803728103638e-01
2.035492658615112305e-01
2.043243199586868286e-01
2.029567956924438477e-01
2.063619792461395264e-01
2.029721438884735107e-01
2.032810300588607788e-01
2.004199922084808350e-01
2.038242369890213013e-01
2.023642957210540771e-01
2.021954953670501709e-01
2.033190429210662842e-01
2.035311162471771240e-01
2.017506957054138184e-01
2.019367069005966187e-01
2.034257799386978149e-01
2.059974670410156250e-01
2.017603069543838501e-01
2.017275840044021606e-01
2.045120149850845337e-01
2.023782730102539062e-01
2.027865499258041382e-01
2.018893361091613770e-01
2.011501938104629517e-01
2.019449025392532349e-01
2.005732506513595581e-01
2.010918706655502319e-01
2.010034471750259399e-01
2.038739919662475586e-01
2.060027569532394409e-01
2.020585536956787109e-01
2.029408812522888184e-01
2.020316869020462036e-01
1.994286626577377319e-01
2.028702199459075928e-01
2.020002007484436035e-01
2.032298445701599121e-01
2.008403837680816650e-01
2.019517123699188232e-01
2.003401517868041992e-01
2.026135623455047607e-01
2.018689811229705811e-01
2.014510482549667358e-01
2.033948004245758057e-01
2.014982849359512329e-01
2.002959698438644409e-01
2.006777077913284302e-01
2.004324197769165039e-01
2.015755772590637207e-01
2.042615413665771484e-01
2.029594182968139648e-01
2.030825912952423096e-01
2.007565498352050781e-01
1.999620795249938965e-01
2.022569328546524048e-01
2.000093758106231689e-01
2.012023031711578369e-01
2.030416429042816162e-01
2.004126310348510742e-01
1.989276558160781860e-01
2.006618380546569824e-01
2.056901454925537109e-01
2.023589909076690674e-01
2.023475915193557739e-01
2.007958739995956421e-01
2.014895528554916382e-01
2.008423954248428345e-01
2.015628814697265625e-01
2.020902335643768311e-01
1.999579966068267822e-01
2.028188258409500122e-01
2.019072771072387695e-01
1.978971362113952637e-01
1.999125480651855469e-01
1.994190067052841187e-01
2.018302381038665771e-01
2.014300078153610229e-01
2.007405906915664673e-01
2.015447318553924561e-01
1.997476518154144287e-01
2.019440382719039917e-01
1.997735351324081421e-01
1.975377351045608521e-01
2.017150968313217163e-01
2.009560465812683105e-01
2.025326937437057495e-01
1.995327323675155640e-01
2.012020349502563477e-01
2.025621831417083740e-01
2.002493739128112793e-01
2.015464156866073608e-01
2.011624127626419067e-01
1.996062248945236206e-01
1.973839849233627319e-01
2.013828009366989136e-01
2.000452429056167603e-01
2.001896053552627563e-01
1.979745775461196899e-01
2.013734877109527588e-01
1.988914906978607178e-01
2.014393657445907593e-01
2.003291398286819458e-01
1.986356824636459351e-01
2.006019204854965210e-01
2.003368884325027466e-01
1.993921250104904175e-01
2.014383822679519653e-01
2.022506743669509888e-01
1.986286193132400513e-01
1.989579349756240845e-01
1.984647810459136963e-01
2.008981704711914062e-01
1.991896182298660278e-01
2.021441161632537842e-01
2.007597982883453369e-01
2.010456025600433350e-01
2.004453986883163452e-01
1.993720829486846924e-01
1.993085592985153198e-01
2.009486407041549683e-01
2.025758773088455200e-01
1.974091678857803345e-01
1.986946612596511841e-01
1.993784755468368530e-01
1.987912654876708984e-01
1.966532021760940552e-01
1.983951777219772339e-01
1.984122842550277710e-01
1.991657912731170654e-01
1.980130821466445923e-01
1.988816559314727783e-01
1.990237534046173096e-01
1.978239715099334717e-01
2.005215883255004883e-01
1.990164071321487427e-01
1.985016465187072754e-01
1.994102895259857178e-01
1.959610581398010254e-01
1.977025419473648071e-01
2.010477185249328613e-01
1.992936581373214722e-01
2.007590532302856445e-01
1.980050802230834961e-01
2.004325389862060547e-01
1.972655057907104492e-01
1.993648707866668701e-01
1.995671093463897705e-01
2.007607966661453247e-01
1.992010623216629028e-01
1.994351297616958618e-01
1.986337751150131226e-01
1.982841044664382935e-01
2.010489404201507568e-01
1.993938386440277100e-01
2.004724591970443726e-01
1.969148218631744385e-01
1.997673511505126953e-01
1.964956521987915039e-01
1.991804689168930054e-01
1.991318315267562866e-01
1.973786503076553345e-01
1.988243311643600464e-01
1.992213577032089233e-01
1.973895579576492310e-01
1.982025504112243652e-01
1.989489346742630005e-01
1.973980814218521118e-01
2.005139738321304321e-01
2.000915855169296265e-01
1.984379887580871582e-01
1.952107399702072144e-01
1.970710456371307373e-01
1.962498128414154053e-01
1.974069476127624512e-01
1.992452144622802734e-01
1.987711489200592041e-01
1.981479674577713013e-01
1.990728825330734253e-01
1.965192258358001709e-01
1.985069066286087036e-01
1.982605606317520142e-01
1.963136792182922363e-01
1.985815912485122681e-01
1.965126693248748779e-01
1.974836587905883789e-01
1.968463957309722900e-01
1.987463831901550293e-01
1.966563314199447632e-01
1.971695274114608765e-01
1.990109235048294067e-01
1.974621415138244629e-01
1.988734453916549683e-01
1.963755935430526733e-01
1.960311681032180786e-01
1.974437385797500610e-01
1.978084743022918701e-01
2.002626657485961914e-01
1.970261931419372559e-01
1.972388774156570435e-01
1.992191374301910400e-01
1.968551427125930786e-01
1.972807049751281738e-01
1.938358098268508911e-01
1.973440796136856079e-01
1.953826397657394409e-01
1.996146142482757568e-01
1.986164897680282593e-01
1.949652433395385742e-01
1.967596262693405151e-01
1.986718326807022095e-01
1.972365975379943848e-01
1.969275623559951782e-01
1.993183344602584839e-01
1.954373866319656372e-01
1.987175196409225464e-01
1.969009190797805786e-01
1.979097425937652588e-01
1.965474784374237061e-01
1.969706267118453979e-01
1.985773295164108276e-01
1.963872015476226807e-01
1.974685788154602051e-01
1.964402049779891968e-01
1.965987980365753174e-01
1.965936720371246338e-01
1.955161541700363159e-01
1.962987482547760010e-01
1.948405355215072632e-01
1.967493146657943726e-01
1.974559724330902100e-01
1.977412849664688110e-01
1.972273588180541992e-01
1.951994448900222778e-01
1.966830193996429443e-01
1.949824839830398560e-01
1.982501745223999023e-01
1.988115608692169189e-01
1.946875154972076416e-01
1.951712071895599365e-01
1.947186440229415894e-01
1.964031755924224854e-01
1.969124525785446167e-01
1.958218365907669067e-01
1.955849975347518921e-01
1.976121962070465088e-01
1.961339414119720459e-01
1.927241832017898560e-01
1.984145492315292358e-01
1.931822746992111206e-01
1.969048231840133667e-01
1.948387920856475830e-01
1.945790201425552368e-01
1.949541270732879639e-01
1.966142654418945312e-01
1.945890039205551147e-01
1.958381831645965576e-01
1.940604597330093384e-01
1.960853934288024902e-01
1.956369131803512573e-01
1.973022967576980591e-01
1.954291909933090210e-01
1.979544311761856079e-01
1.960837244987487793e-01
1.952591389417648315e-01
1.939682513475418091e-01
1.954903751611709595e-01
1.940492838621139526e-01
1.980696618556976318e-01
1.930556297302246094e-01
1.949088573455810547e-01
1.952662616968154907e-01
1.982838511466979980e-01
1.962888538837432861e-01
1.934773772954940796e-01
1.943064779043197632e-01
1.948019564151763916e-01
1.946589350700378418e-01
1.925527453422546387e-01
1.943282783031463623e-01
1.939231157302856445e-01
1.932414472103118896e-01
1.954729259014129639e-01
1.954919248819351196e-01
1.978318393230438232e-01
1.931160986423492432e-01
1.956668794155120850e-01
1.950294226408004761e-01
1.928808242082595825e-01
1.947245746850967407e-01
1.956963390111923218e-01
1.949754059314727783e-01
1.945367604494094849e-01
1.922592669725418091e-01
1.942596137523651123e-01
1.962433010339736938e-01
1.951228529214859009e-01
1.947962194681167603e-01
1.934186667203903198e-01
1.954693943262100220e-01
1.933431029319763184e-01
1.949623376131057739e-01
1.970903873443603516e-01
1.947537809610366821e-01
1.949924528598785400e-01
1.942736953496932983e-01
1.958024948835372925e-01
1.936253309249877930e-01
1.929127573966979980e-01
1.954900175333023071e-01
1.937170922756195068e-01
1.940495967864990234e-01
1.931908279657363892e-01
1.919937431812286377e-01
1.923381537199020386e-01
1.947704851627349854e-01
1.925098448991775513e-01
1.933639496564865112e-01
1.942206919193267822e-01
1.946629881858825684e-01
1.937281638383865356e-01
1.934307068586349487e-01
1.936506479978561401e-01
1.934309303760528564e-01
1.942769885063171387e-01
1.924898177385330200e-01
1.900743842124938965e-01
1.933549940586090088e-01
1.942725926637649536e-01
1.934963762760162354e-01
1.939469873905181885e-01
1.949895471334457397e-01
1.949863284826278687e-01
1.936699301004409790e-01
1.940197795629501343e-01
1.928983926773071289e-01
1.941698789596557617e-01
1.945146322250366211e-01
1.931381672620773315e-01
1.933625936508178711e-01
1.925295889377593994e-01
1.946882456541061401e-01
1.926341205835342407e-01
