8.862094283103942871e-01
8.764423131942749023e-01
8.661550283432006836e-01
8.550308942794799805e-01
8.459294438362121582e-01
8.333703279495239258e-01
8.206116557121276855e-01
8.064726591110229492e-01
7.904609441757202148e-01
7.728548645973205566e-01
7.544066905975341797e-01
7.344539761543273926e-01
7.134122848510742188e-01
6.953288912773132324e-01
6.677747368812561035e-01
6.452282667160034180e-01
6.262543797492980957e-01
6.019874215126037598e-01
5.858842730522155762e-01
5.669323801994323730e-01
5.433595776557922363e-01
5.363444089889526367e-01
5.245596170425415039e-01
5.269034504890441895e-01
5.088870525360107422e-01
4.911917448043823242e-01
5.012285709381103516e-01
4.876664578914642334e-01
4.953791499137878418e-01
4.723804593086242676e-01
4.588209390640258789e-01
4.425424635410308838e-01
4.312656223773956299e-01
4.361445307731628418e-01
4.200791716575622559e-01
4.187090396881103516e-01
4.093125164508819580e-01
4.079954326152801514e-01
4.116304218769073486e-01
4.098498225212097168e-01
4.014308154582977295e-01
3.975883424282073975e-01
3.984026014804840088e-01
3.954384326934814453e-01
3.802846670150756836e-01
3.878836631774902344e-01
3.841641247272491455e-01
3.758548796176910400e-01
3.862330913543701172e-01
3.782994449138641357e-01
3.682331144809722900e-01
3.650462329387664795e-01
3.651915192604064941e-01
3.575910329818725586e-01
3.623270690441131592e-01
3.595023453235626221e-01
3.545679152011871338e-01
3.571039736270904541e-01
3.563771247863769531e-01
3.585781455039978027e-01
3.491387963294982910e-01
3.468410670757293701e-01
3.468544781208038330e-01
3.449146449565887451e-01
3.432314097881317139e-01
3.402355015277862549e-01
3.394770622253417969e-01
3.382371664047241211e-01
3.363383412361145020e-01
3.359736800193786621e-01
3.395126461982727051e-01
3.385993838310241699e-01
3.320629298686981201e-01
3.301599621772766113e-01
3.284499943256378174e-01
3.302289843559265137e-01
3.266939520835876465e-01
3.239232301712036133e-01
3.299988508224487305e-01
3.221337795257568359e-01
3.189162313938140869e-01
3.177213668823242188e-01
3.161170780658721924e-01
3.187140524387359619e-01
3.149744272232055664e-01
3.150369226932525635e-01
3.156990110874176025e-01
3.150956630706787109e-01
3.112731873989105225e-01
3.137496709823608398e-01
3.090292513370513916e-01
3.097333014011383057e-01
3.070893883705139160e-01
3.062629699707031250e-01
3.051195144653320312e-01
3.010514080524444580e-01
3.049282133579254150e-01
3.023577928543090820e-01
3.033417463302612305e-01
3.001828789710998535e-01
2.987577319145202637e-01
3.054944574832916260e-01
3.000462651252746582e-01
2.963915467262268066e-01
3.009366989135742188e-01
2.936338186264038086e-01
2.957955598831176758e-01
2.963922917842864990e-01
2.908939719200134277e-01
2.942409813404083252e-01
2.894047200679779053e-01
2.898623645305633545e-01
2.894375920295715332e-01
2.920524775981903076e-01
2.911589741706848145e-01
2.890932261943817139e-01
2.886109948158264160e-01
2.899448871612548828e-01
2.869080901145935059e-01
2.867594957351684570e-01
2.841901481151580811e-01
2.853340506553649902e-01
2.818656861782073975e-01
2.826487720012664795e-01
2.836292386054992676e-01
2.818436920642852783e-01
2.850831747055053711e-01
2.831926643848419189e-01
2.832650542259216309e-01
2.799852788448333740e-01
2.774159908294677734e-01
2.792085409164428711e-01
2.784931063652038574e-01
2.741243541240692139e-01
2.737658917903900146e-01
2.764046192169189453e-01
2.730108797550201416e-01
2.768704593181610107e-01
2.711417675018310547e-01
2.721724212169647217e-01
2.727786004543304443e-01
2.711136341094970703e-01
2.702867686748504639e-01
2.706210911273956299e-01
2.698907554149627686e-01
2.708968520164489746e-01
2.686125934123992920e-01
2.684253156185150146e-01
2.660546302795410156e-01
2.636840939521789551e-01
2.673902809619903564e-01
2.628418207168579102e-01
2.639438807964324951e-01
2.664081752300262451e-01
2.642705440521240234e-01
2.615780234336853027e-01
2.658160626888275146e-01
2.647236287593841553e-01
2.680718898773193359e-01
2.621674835681915283e-01
2.617343068122863770e-01
2.586986422538757324e-01
2.595779299736022949e-01
2.601911127567291260e-01
2.575863599777221680e-01
2.586128115653991699e-01
2.598139941692352295e-01
2.587652206420898438e-01
2.567894458770751953e-01
2.568204104900360107e-01
2.556518316268920898e-01
2.555930614471435547e-01
2.545952796936035156e-01
2.543292641639709473e-01
2.556690573692321777e-01
2.528139948844909668e-01
2.527006268501281738e-01
2.544625401496887207e-01
2.507176399230957031e-01
2.508218586444854736e-01
2.498893886804580688e-01
2.517083883285522461e-01
2.488411962985992432e-01
2.480018436908721924e-01
2.485026717185974121e-01
2.490455955266952515e-01
2.479943484067916870e-01
2.467184364795684814e-01
2.462279200553894043e-01
2.469777017831802368e-01
2.472246140241622925e-01
2.465864121913909912e-01
2.450183779001235962e-01
2.449087053537368774e-01
2.460925579071044922e-01
2.441442459821701050e-01
2.423242032527923584e-01
2.425560802221298218e-01
2.408532947301864624e-01
2.390782684087753296e-01
2.401286065578460693e-01
2.412750273942947388e-01
2.400568574666976929e-01
2.402142733335494995e-01
2.399598211050033569e-01
2.380811870098114014e-01
2.409828901290893555e-01
2.392853349447250366e-01
2.370828241109848022e-01
2.356572151184082031e-01
2.349351346492767334e-01
2.352722287178039551e-01
2.360710203647613525e-01
2.359836548566818237e-01
2.368147522211074829e-01
2.332883924245834351e-01
2.365624308586120605e-01
2.325591444969177246e-01
2.346399724483489990e-01
2.345495223999023438e-01
2.334112226963043213e-01
2.293291240930557251e-01
2.293004691600799561e-01
2.314956039190292358e-01
2.303281426429748535e-01
2.307435274124145508e-01
2.297367006540298462e-01
2.304485887289047241e-01
2.299233973026275635e-01
2.264949977397918701e-01
2.301336675882339478e-01
2.263177633285522461e-01
2.299369722604751587e-01
2.258758246898651123e-01
2.252566218376159668e-01
2.263744175434112549e-01
2.271505594253540039e-01
2.249810695648193359e-01
2.244459986686706543e-01
2.225403487682342529e-01
2.254377305507659912e-01
2.250689566135406494e-01
2.229110300540924072e-01
2.217812389135360718e-01
2.209179997444152832e-01
2.207656055688858032e-01
2.203196138143539429e-01
2.192783355712890625e-01
2.188813686370849609e-01
2.199265062808990479e-01
2.208949178457260132e-01
2.192057222127914429e-01
2.171868234872817993e-01
2.185435444116592407e-01
2.196505367755889893e-01
2.212645709514617920e-01
2.180101871490478516e-01
2.172594368457794189e-01
2.174271047115325928e-01
2.158377915620803833e-01
2.166273891925811768e-01
2.139825820922851562e-01
2.189594805240631104e-01
2.168105244636535645e-01
2.156464904546737671e-01
2.145350873470306396e-01
2.147745341062545776e-01
2.116894125938415527e-01
2.121820747852325439e-01
2.126377969980239868e-01
2.131170183420181274e-01
2.116792201995849609e-01
2.125366032123565674e-01
2.137635350227355957e-01
2.100057005882263184e-01
2.102364003658294678e-01
2.092432975769042969e-01
2.101030647754669189e-01
2.098865509033203125e-01
2.101909220218658447e-01
2.079773992300033569e-01
2.084986120462417603e-01
2.093600928783416748e-01
2.089107930660247803e-01
2.086366564035415649e-01
2.063141167163848877e-01
2.071576267480850220e-01
2.073409259319305420e-01
2.069013565778732300e-01
2.071672528982162476e-01
2.055786848068237305e-01
2.060517072677612305e-01
2.079837471246719360e-01
2.051424235105514526e-01
2.041856795549392700e-01
2.043452560901641846e-01
2.031671553850173950e-01
2.056481540203094482e-01
2.039089351892471313e-01
2.046829611063003540e-01
2.015631198883056641e-01
2.030176073312759399e-01
2.049192488193511963e-01
2.042513936758041382e-01
2.030706405639648438e-01
1.990040987730026245e-01
2.012003064155578613e-01
2.019564062356948853e-01
2.011626064777374268e-01
2.019868791103363037e-01
2.019634991884231567e-01
2.019388526678085327e-01
1.995176821947097778e-01
1.984490156173706055e-01
2.002323120832443237e-01
1.998470425605773926e-01
2.002022713422775269e-01
1.972322314977645874e-01
1.972132176160812378e-01
1.974953413009643555e-01
1.966681480407714844e-01
1.972969472408294678e-01
1.975204050540924072e-01
1.965836286544799805e-01
1.963285654783248901e-01
1.946598440408706665e-01
1.963296830654144287e-01
1.931605190038681030e-01
1.932814866304397583e-01
1.943260133266448975e-01
1.939663887023925781e-01
1.949822008609771729e-01
1.951642185449600220e-01
1.930101662874221802e-01
1.926772147417068481e-01
1.948287039995193481e-01
1.924058645963668823e-01
1.921808123588562012e-01
1.908449381589889526e-01
1.918134987354278564e-01
1.925685852766036987e-01
1.890998035669326782e-01
1.920747607946395874e-01
1.920119971036911011e-01
1.914670914411544800e-01
1.900603324174880981e-01
1.906577497720718384e-01
1.910855174064636230e-01
1.876671761274337769e-01
1.878652721643447876e-01
1.918729394674301147e-01
1.880371421575546265e-01
1.881084144115447998e-01
1.911667585372924805e-01
1.893890053033828735e-01
1.871299296617507935e-01
1.900121718645095825e-01
1.912131011486053467e-01
1.851728409528732300e-01
1.859484463930130005e-01
1.866082996129989624e-01
1.881839185953140259e-01
1.881115585565567017e-01
1.892707645893096924e-01
1.875315606594085693e-01
1.851897537708282471e-01
1.873673498630523682e-01
1.864339709281921387e-01
1.838375478982925415e-01
1.846235394477844238e-01
1.860762685537338257e-01
1.853297352790832520e-01
1.833635568618774414e-01
1.846689879894256592e-01
1.839776784181594849e-01
1.832916736602783203e-01
1.860905587673187256e-01
1.841752529144287109e-01
1.833404004573822021e-01
1.838108748197555542e-01
1.837563663721084595e-01
1.836619079113006592e-01
1.815564185380935669e-01
1.842758655548095703e-01
1.848075240850448608e-01
1.815586686134338379e-01
1.825659126043319702e-01
1.827949881553649902e-01
1.825829744338989258e-01
1.798908859491348267e-01
1.794032752513885498e-01
1.802766621112823486e-01
1.827882528305053711e-01
1.808030456304550171e-01
1.778901368379592896e-01
1.806509941816329956e-01
1.803373247385025024e-01
1.800155788660049438e-01
1.794738173484802246e-01
1.821165233850479126e-01
1.794590950012207031e-01
1.771615743637084961e-01
1.788903474807739258e-01
1.782189309597015381e-01
1.750559508800506592e-01
1.820619404315948486e-01
1.786803156137466431e-01
1.794228851795196533e-01
1.771452724933624268e-01
1.779813766479492188e-01
1.783942282199859619e-01
1.765934526920318604e-01
1.752289384603500366e-01
1.766683161258697510e-01
1.786997616291046143e-01
1.755255311727523804e-01
1.741075515747070312e-01
1.765383034944534302e-01
1.755325943231582642e-01
1.751882284879684448e-01
1.772448122501373291e-01
1.775202304124832153e-01
1.748223006725311279e-01
1.735577583312988281e-01
1.770690977573394775e-01
1.749157011508941650e-01
1.758446991443634033e-01
1.738790273666381836e-01
1.752325743436813354e-01
1.737582981586456299e-01
1.737769246101379395e-01
1.742498427629470825e-01
1.746393740177154541e-01
1.733584702014923096e-01
1.743278950452804565e-01
1.727210730314254761e-01
1.745473593473434448e-01
1.737949252128601074e-01
1.763906478881835938e-01
1.731446534395217896e-01
1.733466982841491699e-01
1.712475121021270752e-01
1.710736900568008423e-01
1.718267947435379028e-01
1.727963089942932129e-01
1.717525422573089600e-01
1.714522391557693481e-01
1.731287389993667603e-01
1.716767847537994385e-01
1.723575741052627563e-01
1.719890385866165161e-01
1.717265397310256958e-01
1.722892969846725464e-01
1.720296442508697510e-01
1.695106327533721924e-01
1.695792376995086670e-01
1.718752384185791016e-01
1.700985133647918701e-01
1.700166016817092896e-01
1.707267165184020996e-01
1.675421893596649170e-01
1.666225492954254150e-01
1.705266237258911133e-01
1.703840196132659912e-01
1.723106652498245239e-01
1.704395562410354614e-01
1.702267825603485107e-01
1.687719076871871948e-01
1.718081831932067871e-01
1.693221777677536011e-01
1.667585670948028564e-01
1.681817173957824707e-01
1.677699387073516846e-01
1.695564836263656616e-01
1.682502776384353638e-01
1.686340570449829102e-01
1.674255877733230591e-01
1.674213558435440063e-01
1.695607155561447144e-01
1.662283241748809814e-01
1.684807538986206055e-01
1.675418466329574585e-01
1.675838530063629150e-01
1.677171736955642700e-01
1.670309603214263916e-01
1.677910685539245605e-01
1.668506562709808350e-01
1.678053438663482666e-01
1.667039692401885986e-01
1.652601659297943115e-01
1.661287546157836914e-01
1.646188795566558838e-01
1.653230190277099609e-01
1.654735207557678223e-01
1.662820726633071899e-01
1.659795939922332764e-01
1.657953411340713501e-01
1.651065349578857422e-01
1.647783964872360229e-01
1.643476486206054688e-01
1.660386323928833008e-01
1.648704707622528076e-01
1.656534224748611450e-01
1.635115444660186768e-01
1.653928458690643311e-01
1.630955487489700317e-01
1.631121039390563965e-01
1.638095378875732422e-01
1.663258969783782959e-01
1.652066558599472046e-01
1.621385961771011353e-01
1.627505719661712646e-01
1.623123437166213989e-01
1.633546650409698486e-01
1.655530333518981934e-01
1.629700809717178345e-01
1.626065373420715332e-01
1.612502187490463257e-01
1.613841950893402100e-01
1.641981899738311768e-01
1.635438203811645508e-01
1.643744707107543945e-01
1.629042625427246094e-01
1.636703759431838989e-01
1.631863564252853394e-01
1.627649515867233276e-01
1.625885665416717529e-01
1.628495603799819946e-01
1.628094762563705444e-01
1.629300266504287720e-01
1.619880497455596924e-01
1.635009050369262695e-01
1.617060899734497070e-01
1.636277288198471069e-01
1.612580418586730957e-01
1.612643450498580933e-01
1.619196236133575439e-01
1.601559668779373169e-01
1.611158400774002075e-01
1.632383167743682861e-01
1.615243703126907349e-01
1.602221131324768066e-01
1.619159579277038574e-01
1.603532135486602783e-01
1.623509526252746582e-01
1.595989316701889038e-01
1.609779149293899536e-01
1.619577407836914062e-01
1.598209589719772339e-01
1.592187583446502686e-01
1.613133549690246582e-01
1.598469167947769165e-01
1.612074822187423706e-01
1.611500084400177002e-01
1.600579768419265747e-01
1.601966172456741333e-01
1.606616079807281494e-01
1.588799804449081421e-01
1.603965163230895996e-01
1.593477576971054077e-01
1.589119136333465576e-01
1.602981984615325928e-01
1.602196842432022095e-01
1.592297106981277466e-01
1.599531471729278564e-01
1.585814654827117920e-01
1.585566252470016479e-01
1.580168306827545166e-01
1.605433821678161621e-01
1.584437638521194458e-01
1.593192815780639648e-01
1.610691994428634644e-01
1.577664017677307129e-01
1.594315022230148315e-01
1.586224883794784546e-01
1.574522256851196289e-01
1.585997343063354492e-01
1.563710570335388184e-01
1.579192727804183960e-01
1.558612585067749023e-01
1.581968963146209717e-01
1.582005620002746582e-01
1.565976291894912720e-01
1.588012576103210449e-01
1.586362421512603760e-01
1.574922502040863037e-01
1.563209295272827148e-01
1.586269736289978027e-01
1.564464718103408813e-01
1.554060429334640503e-01
1.565855443477630615e-01
1.565896272659301758e-01
1.572133004665374756e-01
1.577484905719757080e-01
1.542755067348480225e-01
1.565377116203308105e-01
1.571528017520904541e-01
1.553175151348114014e-01
1.568226516246795654e-01
1.578634977340698242e-01
1.564011573791503906e-01
1.571242958307266235e-01
1.566753089427947998e-01
1.575304567813873291e-01
1.559852361679077148e-01
1.566563695669174194e-01
1.559785604476928711e-01
1.562381237745285034e-01
1.554742753505706787e-01
1.565294712781906128e-01
1.560061573982238770e-01
1.550164371728897095e-01
1.564111262559890747e-01
1.558931916952133179e-01
1.554572433233261108e-01
1.538869142532348633e-01
1.545919924974441528e-01
1.555773615837097168e-01
1.549002230167388916e-01
1.536003202199935913e-01
1.557006537914276123e-01
1.541216671466827393e-01
1.556150168180465698e-01
1.542140096426010132e-01
1.549484282732009888e-01
1.536411046981811523e-01
1.541478335857391357e-01
1.537057012319564819e-01
1.551372855901718140e-01
1.537033468484878540e-01
1.541326642036437988e-01
1.538472473621368408e-01
1.546788811683654785e-01
1.549913436174392700e-01
1.542051434516906738e-01
1.534995585680007935e-01
1.523921787738800049e-01
1.534140110015869141e-01
1.536636948585510254e-01
1.545452475547790527e-01
1.544027179479598999e-01
1.527521759271621704e-01
1.537132561206817627e-01
1.522645950317382812e-01
1.511946618556976318e-01
1.549789607524871826e-01
1.529642790555953979e-01
1.528941690921783447e-01
1.539305746555328369e-01
1.536744982004165649e-01
1.523041278123855591e-01
1.535618305206298828e-01
1.531579196453094482e-01
1.519073247909545898e-01
1.529767215251922607e-01
1.520578861236572266e-01
1.521842628717422485e-01
1.531791687011718750e-01
1.525889188051223755e-01
1.531835943460464478e-01
1.529523283243179321e-01
1.526546478271484375e-01
1.514030992984771729e-01
1.536192595958709717e-01
1.504069864749908447e-01
1.529714912176132202e-01
1.538552343845367432e-01
1.512853503227233887e-01
1.507432609796524048e-01
1.531516909599304199e-01
1.529865115880966187e-01
1.503158062696456909e-01
1.513098329305648804e-01
1.515704095363616943e-01
1.524313390254974365e-01
1.507167667150497437e-01
1.512317210435867310e-01
1.504092365503311157e-01
1.529176086187362671e-01
1.506039947271347046e-01
1.519891470670700073e-01
1.516659110784530640e-01
1.509259492158889771e-01
1.516855359077453613e-01
1.519289761781692505e-01
1.522148847579956055e-01
1.494070291519165039e-01
1.507715135812759399e-01
1.510366201400756836e-01
1.508752256631851196e-01
1.506103724241256714e-01
1.510438919067382812e-01
1.502111256122589111e-01
1.512660682201385498e-01
1.510175913572311401e-01
1.493172794580459595e-01
1.503435671329498291e-01
1.513377875089645386e-01
1.507789492607116699e-01
1.507657617330551147e-01
1.496951580047607422e-01
1.498820930719375610e-01
1.504192799329757690e-01
1.493435055017471313e-01
1.501152664422988892e-01
1.487241089344024658e-01
1.497230082750320435e-01
1.500577181577682495e-01
1.510693579912185669e-01
1.497109979391098022e-01
1.511899083852767944e-01
1.509577184915542603e-01
1.506661325693130493e-01
1.518110632896423340e-01
1.498024612665176392e-01
1.513403058052062988e-01
1.494570076465606689e-01
1.496950387954711914e-01
1.507221609354019165e-01
1.503312289714813232e-01
1.484930366277694702e-01
1.486682891845703125e-01
1.484414935111999512e-01
1.487616151571273804e-01
1.500033736228942871e-01
1.491457074880599976e-01
1.491517126560211182e-01
1.481704115867614746e-01
1.500038057565689087e-01
1.481836140155792236e-01
1.487177014350891113e-01
1.484720855951309204e-01
1.487369537353515625e-01
1.506179422140121460e-01
1.497507393360137939e-01
1.476349979639053345e-01
1.498765349388122559e-01
1.486510336399078369e-01
1.495049446821212769e-01
1.486802995204925537e-01
1.482313871383666992e-01
1.484244018793106079e-01
1.492529362440109253e-01
1.490721851587295532e-01
1.469772607088088989e-01
1.482676714658737183e-01
1.491711139678955078e-01
1.481632441282272339e-01
1.488451063632965088e-01
1.499864459037780762e-01
1.482242941856384277e-01
1.480346471071243286e-01
1.483701318502426147e-01
1.456985026597976685e-01
1.476826965808868408e-01
1.485129892826080322e-01
1.496091336011886597e-01
1.489681452512741089e-01
1.478929519653320312e-01
1.487090140581130981e-01
1.480236500501632690e-01
1.476740986108779907e-01
1.481365263462066650e-01
1.486955285072326660e-01
1.487298607826232910e-01
1.472855508327484131e-01
1.479685455560684204e-01
1.474360823631286621e-01
1.471387892961502075e-01
1.491246372461318970e-01
1.475043892860412598e-01
1.471544951200485229e-01
1.496512889862060547e-01
1.483716368675231934e-01
1.457794308662414551e-01
1.487991064786911011e-01
1.469572335481643677e-01
1.474124640226364136e-01
1.496587693691253662e-01
1.473032981157302856e-01
1.467473804950714111e-01
1.468073278665542603e-01
1.461369097232818604e-01
1.461868137121200562e-01
1.471232175827026367e-01
1.463208049535751343e-01
1.460991799831390381e-01
1.460449546575546265e-01
1.472747772932052612e-01
1.473014056682586670e-01
1.469642519950866699e-01
1.468666493892669678e-01
1.453728079795837402e-01
1.463091969490051270e-01
1.461752504110336304e-01
1.461277604103088379e-01
1.464397758245468140e-01
1.468466520309448242e-01
1.465668380260467529e-01
1.459103971719741821e-01
1.459735929965972900e-01
1.458781957626342773e-01
1.458147615194320679e-01
1.470858603715896606e-01
1.479587852954864502e-01
1.460477560758590698e-01
1.466148346662521362e-01
1.445460170507431030e-01
1.472065150737762451e-01
1.472716927528381348e-01
1.453039497137069702e-01
1.454182863235473633e-01
1.461135298013687134e-01
1.471664607524871826e-01
1.457536965608596802e-01
1.448633670806884766e-01
1.435244977474212646e-01
1.462161093950271606e-01
1.463889479637145996e-01
1.453790962696075439e-01
1.450259536504745483e-01
1.444472372531890869e-01
1.463022530078887939e-01
1.446647942066192627e-01
1.454404443502426147e-01
1.453654766082763672e-01
1.450313329696655273e-01
1.461181342601776123e-01
1.450210958719253540e-01
1.444443315267562866e-01
1.445819884538650513e-01
1.458024531602859497e-01
1.448642760515213013e-01
1.456030458211898804e-01
1.463302522897720337e-01
1.451760530471801758e-01
1.450391411781311035e-01
1.442172229290008545e-01
1.450426280498504639e-01
1.459085345268249512e-01
1.436555683612823486e-01
1.444659382104873657e-01
1.437412351369857788e-01
1.437387317419052124e-01
1.441744416952133179e-01
1.448095291852951050e-01
1.445792317390441895e-01
1.439265608787536621e-01
1.437714248895645142e-01
1.443400681018829346e-01
1.455103456974029541e-01
1.439223736524581909e-01
1.445373594760894775e-01
1.448486298322677612e-01
1.433143913745880127e-01
1.433129757642745972e-01
1.441591531038284302e-01
1.427487432956695557e-01
1.438093632459640503e-01
1.447636485099792480e-01
1.446207016706466675e-01
1.444474458694458008e-01
1.446563154458999634e-01
1.432208269834518433e-01
1.439770460128784180e-01
1.439151167869567871e-01
1.439403146505355835e-01
1.437362283468246460e-01
1.437775492668151855e-01
1.439339369535446167e-01
1.433665156364440918e-01
1.445247232913970947e-01
1.438325196504592896e-01
1.441486477851867676e-01
1.423335820436477661e-01
1.444388628005981445e-01
1.427431404590606689e-01
1.439262926578521729e-01
1.432528048753738403e-01
1.434600502252578735e-01
1.420956254005432129e-01
1.429535001516342163e-01
1.432673633098602295e-01
1.419891715049743652e-01
1.449983865022659302e-01
1.420303136110305786e-01
1.434483528137207031e-01
1.448809951543807983e-01
1.443890780210494995e-01
1.432978212833404541e-01
1.451695412397384644e-01
1.432609856128692627e-01
1.440622061491012573e-01
1.435038298368453979e-01
1.434930860996246338e-01
1.421679854393005371e-01
1.419730931520462036e-01
1.436818093061447144e-01
1.449817866086959839e-01
1.426212489604949951e-01
1.430875957012176514e-01
1.425455510616302490e-01
1.412407010793685913e-01
1.423629820346832275e-01
1.426199376583099365e-01
1.430818289518356323e-01
1.432975530624389648e-01
1.422130316495895386e-01
1.420482397079467773e-01
1.400023996829986572e-01
1.418898850679397583e-01
1.423198580741882324e-01
1.426288634538650513e-01
1.422688215970993042e-01
1.431607753038406372e-01
1.421915143728256226e-01
1.430098116397857666e-01
1.429965198040008545e-01
1.424374282360076904e-01
1.416768133640289307e-01
1.421889513731002808e-01
1.421702802181243896e-01
1.429496407508850098e-01
1.420138329267501831e-01
1.421325206756591797e-01
1.405300945043563843e-01
1.407364308834075928e-01
1.417613327503204346e-01
1.429866254329681396e-01
1.415772438049316406e-01
1.406485289335250854e-01
1.416168212890625000e-01
1.416852623224258423e-01
1.407117843627929688e-01
1.407036483287811279e-01
1.419275850057601929e-01
1.416660994291305542e-01
1.418919265270233154e-01
1.436119973659515381e-01
1.419622302055358887e-01
1.426831483840942383e-01
1.416552215814590454e-01
1.419346034526824951e-01
1.406070441007614136e-01
1.418920904397964478e-01
1.424020677804946899e-01
1.415400207042694092e-01
1.420044749975204468e-01
1.419763267040252686e-01
1.406624168157577515e-01
1.410157680511474609e-01
1.420637220144271851e-01
1.417257785797119141e-01
1.405069530010223389e-01
1.426591575145721436e-01
1.431819200515747070e-01
1.409913003444671631e-01
1.411213576793670654e-01
1.428236067295074463e-01
1.407716572284698486e-01
1.409564614295959473e-01
1.397156864404678345e-01
1.409514099359512329e-01
1.418003141880035400e-01
1.413901746273040771e-01
1.397004127502441406e-01
1.422324478626251221e-01
1.416963785886764526e-01
1.400141268968582153e-01
1.414692997932434082e-01
1.399562507867813110e-01
1.414409577846527100e-01
1.426944434642791748e-01
1.403526216745376587e-01
1.390599161386489868e-01
1.399229019880294800e-01
1.406617462635040283e-01
1.407751291990280151e-01
1.402245312929153442e-01
1.398810893297195435e-01
1.402242034673690796e-01
1.405125409364700317e-01
1.414288878440856934e-01
1.402778476476669312e-01
1.406868398189544678e-01
1.414182335138320923e-01
1.395110338926315308e-01
1.395912021398544312e-01
1.405528187751770020e-01
1.389971971511840820e-01
1.398961544036865234e-01
1.399410218000411987e-01
1.406106054782867432e-01
1.380440145730972290e-01
1.400018632411956787e-01
1.402362734079360962e-01
1.411051601171493530e-01
1.391759365797042847e-01
1.395699828863143921e-01
1.393691003322601318e-01
2.124714255332946777e-01
2.153601199388504028e-01
2.125754505395889282e-01
2.140489369630813599e-01
2.117089182138442993e-01
2.131267786026000977e-01
2.146232128143310547e-01
2.136934250593185425e-01
2.146029025316238403e-01
2.149154692888259888e-01
2.112326472997665405e-01
2.117480784654617310e-01
2.155753374099731445e-01
2.111399024724960327e-01
2.112936228513717651e-01
2.131007611751556396e-01
2.124342769384384155e-01
2.110174000263214111e-01
2.128806263208389282e-01
2.103302627801895142e-01
2.129373699426651001e-01
2.127945423126220703e-01
2.128860801458358765e-01
2.107824236154556274e-01
2.114451378583908081e-01
2.109787166118621826e-01
2.107723355293273926e-01
2.084042131900787354e-01
2.138960808515548706e-01
2.107539474964141846e-01
2.115280926227569580e-01
2.109354287385940552e-01
2.089878022670745850e-01
2.093993425369262695e-01
2.122728228569030762e-01
2.124319970607757568e-01
2.113108187913894653e-01
2.105092257261276245e-01
2.108057737350463867e-01
2.116564065217971802e-01
2.115881741046905518e-01
2.105338722467422485e-01
2.084856182336807251e-01
2.106526941061019897e-01
2.101541012525558472e-01
2.110545784235000610e-01
2.100138366222381592e-01
2.115034162998199463e-01
2.063176631927490234e-01
2.088314145803451538e-01
2.078840434551239014e-01
2.107954323291778564e-01
2.102824151515960693e-01
2.075860947370529175e-01
2.103122770786285400e-01
2.091803252696990967e-01
2.090470045804977417e-01
2.125290632247924805e-01
2.077951580286026001e-01
2.097342759370803833e-01
2.081050425767898560e-01
2.070301622152328491e-01
2.094880789518356323e-01
2.094913423061370850e-01
2.089052349328994751e-01
2.077913284301757812e-01
2.080975919961929321e-01
2.087587416172027588e-01
2.081599086523056030e-01
2.089834213256835938e-01
2.084187418222427368e-01
2.072483003139495850e-01
2.078525871038436890e-01
2.101936936378479004e-01
2.083226293325424194e-01
2.074710130691528320e-01
2.084895521402359009e-01
2.060055136680603027e-01
2.081518173217773438e-01
2.094272226095199585e-01
2.090729922056198120e-01
2.091070711612701416e-01
2.060013115406036377e-01
2.082470506429672241e-01
2.059505432844161987e-01
2.064995914697647095e-01
2.062061131000518799e-01
2.055832296609878540e-01
2.062579840421676636e-01
2.064055204391479492e-01
2.087555676698684692e-01
2.083972990512847900e-01
2.051948606967926025e-01
2.055995464324951172e-01
2.077187448740005493e-01
2.081176042556762695e-01
2.037038505077362061e-01
2.108458876609802246e-01
2.058579474687576294e-01
2.064980566501617432e-01
2.050217986106872559e-01
2.061299383640289307e-01
2.036171704530715942e-01
2.070857733488082886e-01
2.072964906692504883e-01
2.081518024206161499e-01
2.077390402555465698e-01
2.054899334907531738e-01
2.068675458431243896e-01
2.050054520368576050e-01
2.088491469621658325e-01
2.094167023897171021e-01
2.042751461267471313e-01
2.064913958311080933e-01
2.065963298082351685e-01
2.066765427589416504e-01
2.058466374874114990e-01
2.059417814016342163e-01
2.069794982671737671e-01
2.065991461277008057e-01
2.050153315067291260e-01
2.069695442914962769e-01
2.063802629709243774e-01
2.057770490646362305e-01
2.031939476728439331e-01
2.039197534322738647e-01
2.065060287714004517e-01
2.048910856246948242e-01
2.065032571554183960e-01
2.069851309061050415e-01
2.050910294055938721e-01
2.077053040266036987e-01
2.048740983009338379e-01
2.032674103975296021e-01
2.054923027753829956e-01
2.031645327806472778e-01
2.053731977939605713e-01
2.055144906044006348e-01
2.022834420204162598e-01
2.078309506177902222e-01
2.058633863925933838e-01
2.047211378812789917e-01
2.055485248565673828e-01
2.059511393308639526e-01
2.047671675682067871e-01
2.063205093145370483e-01
2.053167521953582764e-01
2.017391622066497803e-01
2.054965347051620483e-01
2.052583247423171997e-01
2.056787461042404175e-01
2.053960710763931274e-01
2.061555683612823486e-01
2.064788192510604858e-01
2.031326740980148315e-01
2.044156640768051147e-01
2.045644223690032959e-01
2.036224603652954102e-01
2.056412398815155029e-01
2.042742073535919189e-01
2.055992931127548218e-01
2.045889049768447876e-01
2.013688832521438599e-01
2.024185955524444580e-01
2.035143524408340454e-01
2.059413939714431763e-01
2.012100219726562500e-01
2.056650966405868530e-01
2.051427364349365234e-01
2.006366401910781860e-01
2.029479444026947021e-01
2.023959010839462280e-01
2.028571665287017822e-01
2.035408914089202881e-01
2.014741748571395874e-01
2.015635520219802856e-01
2.031544744968414307e-01
2.041129767894744873e-01
2.023304253816604614e-01
2.037260234355926514e-01
2.013016194105148315e-01
2.026689648628234863e-01
2.024266719818115234e-01
2.034525275230407715e-01
2.048984318971633911e-01
2.013750523328781128e-01
2.029157429933547974e-01
2.027146220207214355e-01
2.025220245122909546e-01
2.026616483926773071e-01
2.023655027151107788e-01
2.008820623159408569e-01
2.020559608936309814e-01
2.044956237077713013e-01
2.027940303087234497e-01
2.033046185970306396e-01
2.021303176879882812e-01
2.028336077928543091e-01
2.012261152267456055e-01
2.037171870470046997e-01
2.031936347484588623e-01
2.005658149719238281e-01
2.019968777894973755e-01
2.023529410362243652e-01
2.031942307949066162e-01
2.047081887722015381e-01
2.016503512859344482e-01
2.019506394863128662e-01
2.016122639179229736e-01
2.019999325275421143e-01
2.018238306045532227e-01
2.009520381689071655e-01
2.012180238962173462e-01
2.013476490974426270e-01
2.017281353473663330e-01
2.025924474000930786e-01
2.008216828107833862e-01
2.021943628787994385e-01
2.019876241683959961e-01
2.017444074153900146e-01
2.027730047702789307e-01
2.019812464714050293e-01
2.020871788263320923e-01
1.987776309251785278e-01
2.046152800321578979e-01
1.986976265907287598e-01
2.015992105007171631e-01
1.992204636335372925e-01
2.045756280422210693e-01
2.016354650259017944e-01
2.018564194440841675e-01
2.007210701704025269e-01
2.021262496709823608e-01
2.000788003206253052e-01
2.029457092285156250e-01
2.030057013034820557e-01
2.005477696657180786e-01
2.027983367443084717e-01
2.017675936222076416e-01
1.993265897035598755e-01
2.011226415634155273e-01
2.016991376876831055e-01
2.017987817525863647e-01
1.996714621782302856e-01
2.014368474483489990e-01
1.995816826820373535e-01
2.002651691436767578e-01
2.001903951168060303e-01
2.004627138376235962e-01
1.977952569723129272e-01
2.029771059751510620e-01
1.989830732345581055e-01
2.002671658992767334e-01
2.003647089004516602e-01
2.010391354560852051e-01
1.999955028295516968e-01
1.979230791330337524e-01
2.005978077650070190e-01
2.028018087148666382e-01
2.018836587667465210e-01
1.993824839591979980e-01
1.991088986396789551e-01
1.993128955364227295e-01
1.997148692607879639e-01
1.996171325445175171e-01
1.996319442987442017e-01
2.008894383907318115e-01
2.013229876756668091e-01
1.994759589433670044e-01
1.976016163825988770e-01
2.018637955188751221e-01
2.014456242322921753e-01
1.994976401329040527e-01
1.983585357666015625e-01
1.971035450696945190e-01
1.977167278528213501e-01
2.029599845409393311e-01
1.995624005794525146e-01
1.988638341426849365e-01
1.986082643270492554e-01
2.000404894351959229e-01
2.001202255487442017e-01
1.988625973463058472e-01
1.987260878086090088e-01
2.008982747793197632e-01
1.977642774581909180e-01
1.980756074190139771e-01
1.977016329765319824e-01
1.992616206407546997e-01
1.981725394725799561e-01
2.004935443401336670e-01
2.006874978542327881e-01
1.967077702283859253e-01
2.002919465303421021e-01
2.003306299448013306e-01
1.973039209842681885e-01
1.987792998552322388e-01
1.991765648126602173e-01
1.975650340318679810e-01
1.989461034536361694e-01
1.968922168016433716e-01
1.987532973289489746e-01
1.978657394647598267e-01
1.973038911819458008e-01
1.978581547737121582e-01
1.990652084350585938e-01
1.982380747795104980e-01
2.002743333578109741e-01
1.985877901315689087e-01
1.978732943534851074e-01
1.966119557619094849e-01
1.951190233230590820e-01
1.986804604530334473e-01
1.998970508575439453e-01
1.984849423170089722e-01
1.966817677021026611e-01
1.971301138401031494e-01
2.017234116792678833e-01
2.000547200441360474e-01
1.976231336593627930e-01
1.948976367712020874e-01
1.994564235210418701e-01
1.953908354043960571e-01
1.980546563863754272e-01
1.977331340312957764e-01
1.970875263214111328e-01
1.960916668176651001e-01
1.957639008760452271e-01
1.973948776721954346e-01
1.991656869649887085e-01
1.994021832942962646e-01
1.985211521387100220e-01
1.957036107778549194e-01
1.964094489812850952e-01
1.980838030576705933e-01
1.975865215063095093e-01
2.011551409959793091e-01
1.974238902330398560e-01
1.976221650838851929e-01
1.976360082626342773e-01
1.982644945383071899e-01
1.964968889951705933e-01
1.962132751941680908e-01
1.963279247283935547e-01
1.948635131120681763e-01
1.979852169752120972e-01
1.958108693361282349e-01
1.948983818292617798e-01
1.968042850494384766e-01
1.977872401475906372e-01
1.976827234029769897e-01
1.977187991142272949e-01
1.978714913129806519e-01
1.971032619476318359e-01
2.003987729549407959e-01
1.970766931772232056e-01
1.985573619604110718e-01
1.940777897834777832e-01
1.957430094480514526e-01
1.971822679042816162e-01
1.981553435325622559e-01
1.990658640861511230e-01
1.959154605865478516e-01
1.949814558029174805e-01
1.977323293685913086e-01
1.963733434677124023e-01
1.972858607769012451e-01
1.956840902566909790e-01
1.949187815189361572e-01
1.974911987781524658e-01
1.968099027872085571e-01
1.977191120386123657e-01
1.958938986063003540e-01
1.969008147716522217e-01
1.958231776952743530e-01
1.958152651786804199e-01
1.971599608659744263e-01
1.958103179931640625e-01
1.976224631071090698e-01
1.989687532186508179e-01
1.963445097208023071e-01
1.976151168346405029e-01
1.956318914890289307e-01
1.968516558408737183e-01
1.967940926551818848e-01
1.966591179370880127e-01
1.976674944162368774e-01
1.949062198400497437e-01
1.947267800569534302e-01
1.948593556880950928e-01
1.945817172527313232e-01
1.962309777736663818e-01
1.974927335977554321e-01
1.972188502550125122e-01
1.952991783618927002e-01
1.975537091493606567e-01
1.952599734067916870e-01
1.947052478790283203e-01
1.963621377944946289e-01
1.949075609445571899e-01
1.977714151144027710e-01
1.941075921058654785e-01
1.965092718601226807e-01
1.953045874834060669e-01
1.954156160354614258e-01
1.974691003561019897e-01
1.972844302654266357e-01
1.964367181062698364e-01
1.966859251260757446e-01
1.964248865842819214e-01
1.954882442951202393e-01
1.970794349908828735e-01
1.955239921808242798e-01
1.974709928035736084e-01
1.942710429430007935e-01
1.962282210588455200e-01
1.966031640768051147e-01
1.967846900224685669e-01
1.974228918552398682e-01
1.956014782190322876e-01
1.944562941789627075e-01
1.966421157121658325e-01
1.956613510847091675e-01
1.976309120655059814e-01
1.952410340309143066e-01
1.944842338562011719e-01
1.960575133562088013e-01
1.940977871417999268e-01
1.937868893146514893e-01
1.965211182832717896e-01
1.947248578071594238e-01
1.929274350404739380e-01
1.962793618440628052e-01
1.922005712985992432e-01
1.947296112775802612e-01
1.961871981620788574e-01
1.942031681537628174e-01
1.919781863689422607e-01
1.944445818662643433e-01
1.963285654783248901e-01
1.961171180009841919e-01
1.948011815547943115e-01
1.944346874952316284e-01
1.941458880901336670e-01
1.950426250696182251e-01
1.929118037223815918e-01
1.937674283981323242e-01
1.939164102077484131e-01
1.914406716823577881e-01
1.934711337089538574e-01
1.929847449064254761e-01
1.954977363348007202e-01
1.926322877407073975e-01
1.932102441787719727e-01
1.950669735670089722e-01
1.957889050245285034e-01
1.949962377548217773e-01
1.939941793680191040e-01
1.940539926290512085e-01
1.947217732667922974e-01
1.951807886362075806e-01
1.942603737115859985e-01
1.929688304662704468e-01
1.948929131031036377e-01
1.923440843820571899e-01
1.948836296796798706e-01
1.938912123441696167e-01
1.949997544288635254e-01
1.939703524112701416e-01
1.930913627147674561e-01
1.936156302690505981e-01
1.964692026376724243e-01
1.949463933706283569e-01
1.924251765012741089e-01
1.929034888744354248e-01
1.927028894424438477e-01
1.928346306085586548e-01
1.942619532346725464e-01
1.936093121767044067e-01
1.926565766334533691e-01
1.934466958045959473e-01
1.917443424463272095e-01
1.947245597839355469e-01
1.954525262117385864e-01
1.947045475244522095e-01
1.912535429000854492e-01
1.942987889051437378e-01
1.925317794084548950e-01
1.949321329593658447e-01
1.919116824865341187e-01
1.939883530139923096e-01
1.943742185831069946e-01
1.959406286478042603e-01
1.929297000169754028e-01
1.952215731143951416e-01
1.927487254142761230e-01
1.946664899587631226e-01
1.917068362236022949e-01
1.922287046909332275e-01
1.922064572572708130e-01
