1.738185141086578289e+00
1.369163490533828798e+00
1.229135468602180481e+00
1.110029296875000071e+00
9.915053945779800371e-01
9.308805108070373757e-01
8.965952873229980913e-01
7.554515016078948708e-01
7.396060365438461570e-01
7.298337364196777477e-01
7.034188571572304038e-01
6.882218289375304776e-01
6.838340696692466469e-01
6.576911312341690019e-01
4.947620883584022411e-01
4.748960351943969926e-01
5.020925423502922147e-01
5.128094184398651612e-01
5.163755416870117188e-01
5.029345425963401839e-01
5.114052194356918379e-01
3.441587896645069145e-01
3.177936910092830636e-01
3.407820847630500527e-01
3.343255840241908805e-01
3.581656157970428689e-01
3.671360097825527302e-01
3.667085756361484483e-01
2.236371418833732472e-01
2.158031219244003207e-01
2.288217201828956493e-01
2.331342936307191915e-01
2.477383626997470834e-01
2.371961021423339977e-01
2.669875639677047885e-01
1.755025207251310337e-01
1.606057337671518426e-01
1.792237487435340837e-01
1.874939500540494797e-01
1.737355575710534950e-01
1.841688761860132140e-01
1.855926458537578705e-01
1.433702752739191011e-01
1.342194075882434945e-01
1.562837484478950545e-01
1.506455589830875408e-01
1.512323904037475575e-01
1.530257300287485023e-01
1.545497581362724193e-01
1.222846957296132991e-01
1.218031243234872774e-01
1.247076499462127647e-01
1.250253403559327126e-01
1.277402137219905975e-01
1.334654373675584760e-01
1.409965776279568650e-01
1.115554556623101212e-01
1.131198681145906410e-01
1.127800539135932895e-01
1.094419497624039700e-01
1.143646187707781786e-01
1.241052874177694387e-01
1.379078502953052510e-01
1.097510313242673896e-01
1.052620078995823855e-01
1.090182771906256648e-01
1.166575809568166783e-01
1.150437891855835976e-01
1.139407757669687327e-01
1.164035020396113340e-01
1.083836086839437551e-01
1.051697090640664051e-01
1.111792239174246855e-01
1.142261281982064197e-01
1.078594446554780040e-01
1.147021583840251019e-01
1.192685420811176317e-01
1.098287452384829471e-01
9.851615734398365409e-02
9.863732114434242693e-02
1.091623241826891882e-01
1.001248504221439323e-01
1.016239183396100976e-01
1.141835426911711748e-01
6.583352342247962563e-02
1.082290823757648401e-01
1.355751181766390867e-01
1.243262362480163641e-01
1.476488217897713173e-01
1.366163814067840598e-01
1.400435431301593758e-01
8.210965278558432501e-02
8.204084574710578115e-02
6.951802776195109557e-02
8.766151747200638666e-02
9.738615753594785651e-02
8.347461301367729847e-02
9.875472036190330316e-02
6.958053814712911178e-02
5.952980266883969168e-02
7.544596265419385717e-02
7.527203029254452005e-02
6.423619296634569542e-02
7.648001544643193150e-02
8.765585648594424739e-02
