1.300193449258804312e+00
9.484992372989654585e-01
8.600836342573165982e-01
7.953681439161300881e-01
7.553351193666457686e-01
7.290580892562865678e-01
7.144155639410019187e-01
6.597893896698951988e-01
6.630191427469253052e-01
6.518607932329177901e-01
6.518545526266098511e-01
6.451140338182449474e-01
6.371015554666519254e-01
6.449514836072921531e-01
5.813147976994514909e-01
5.841798985004424960e-01
5.813983422517776667e-01
5.885915783047676042e-01
5.941738590598106828e-01
5.817174836993217468e-01
5.882097893953323053e-01
5.329785346984863281e-01
5.276169684529304904e-01
5.305329331755638256e-01
5.363735878467559282e-01
5.328635692596435103e-01
5.425223910808563144e-01
5.372226381301880016e-01
5.182355597615242448e-01
5.514255407452582913e-01
5.128200757503509344e-01
4.808707645535468811e-01
4.831110915541648732e-01
4.644327074289321677e-01
4.713006854057312234e-01
2.319738440215587671e-01
2.277437023818492945e-01
2.307341860234737307e-01
2.592499037832021735e-01
2.730971680581569805e-01
2.708041098713874772e-01
2.781178315728902728e-01
1.363209863752126716e-01
1.505567274056374971e-01
1.601119301468133804e-01
1.511076613143086389e-01
1.685881048440933117e-01
1.660562983155250416e-01
1.741170692443847756e-01
1.099003742821514640e-01
1.024337159842252792e-01
1.340819101408123881e-01
1.392586937546730075e-01
1.231444736942648860e-01
1.233944293670356240e-01
1.298164944536983889e-01
9.776610243599861971e-02
7.750961182639003189e-02
9.451585689559578729e-02
1.036748680472373979e-01
9.374886877834796850e-02
1.035476611182093581e-01
1.243463783897459513e-01
1.053831601515412275e-01
8.523711617104709481e-02
8.622873650863766004e-02
8.778739418834448360e-02
1.007688857801258553e-01
9.648049702867865507e-02
1.199692218657582993e-01
6.215125987771898813e-02
7.274085341487079859e-02
7.687326760264114045e-02
8.320739232469349933e-02
8.674675997346639744e-02
8.406985118985176031e-02
9.281773002818226315e-02
5.720669812522828634e-02
6.201602122979238407e-02
8.003061632625758925e-02
9.023579943925141844e-02
7.802352027967572601e-02
7.775597902946174145e-02
9.109869005158544031e-02
6.429934437852352636e-02
6.352295532822609114e-02
7.055101305479183349e-02
9.490000123158097434e-02
6.473222281783819199e-02
6.854631607886403633e-02
8.856528943404555487e-02
7.258633654098957388e-02
7.114856435102411003e-02
7.572248722426593026e-02
7.641793396789581250e-02
8.219496295787394324e-02
9.884008623193948906e-02
7.528338607400655857e-02
4.758370815776288842e-02
5.020361562259495480e-02
8.444095073267816887e-02
8.773884346708654691e-02
8.176542140543460735e-02
5.108575811958871588e-02
9.160877680871636064e-02
