4.669416235387325309e-01
1.799792341142892882e-01
1.340204347670078400e-01
1.209508772194385490e-01
1.044255249574780470e-01
9.833598077297210638e-02
9.038395818322897401e-02
8.388526111841201893e-02
8.098209191113710237e-02
8.139274146407843302e-02
7.851460587233305422e-02
7.498807273805141449e-02
7.420286383479833547e-02
7.575983252376318478e-02
7.209616765379905923e-02
6.791992738842964061e-02
7.470273591578006911e-02
7.222939260303974651e-02
6.573564261198043546e-02
6.581640895456075668e-02
6.587468104436994265e-02
6.436241839081048577e-02
6.639773175120353144e-02
6.629830047488212419e-02
6.336874950677157114e-02
6.459201432764530293e-02
6.665706958621740730e-02
6.127226378768682591e-02
5.981445314362645455e-02
6.100248027592897193e-02
6.036330621689558334e-02
6.016420144587755064e-02
6.112707611173391620e-02
6.028571147471666059e-02
6.257293801754712503e-02
6.120987843722105332e-02
5.842165488749742619e-02
5.934813231229782438e-02
5.644384589046239770e-02
6.019057035446166715e-02
5.753210004419088280e-02
5.581506814807653261e-02
5.686334818601608554e-02
5.786870995536446544e-02
5.868170931935310503e-02
5.510958349332213679e-02
5.588420076295733119e-02
5.709581274539232004e-02
5.438139284029602782e-02
5.528231598436832150e-02
5.553638484328984881e-02
5.418377552181482398e-02
5.494960052892565450e-02
5.644535657018422831e-02
5.320038430392742129e-02
5.331839844584464888e-02
5.410488618537783595e-02
5.499559242278337368e-02
5.329405702650547028e-02
5.532875895500183328e-02
5.434044025838374870e-02
5.376260070130228774e-02
5.578877542167901687e-02
5.118278926238417625e-02
5.228844996541738566e-02
5.516629338264465027e-02
5.319682814180851094e-02
5.183849928900599591e-02
5.317157430574297877e-02
5.208435263484716138e-02
5.147077599540352683e-02
5.226634964346885820e-02
4.983111750334501266e-02
4.840287059545517190e-02
4.898361122235656007e-02
5.060670398175716456e-02
5.206431064754724752e-02
5.302265532314777430e-02
4.957477729767560681e-02
5.141220349818467761e-02
5.261215500533580891e-02
5.033954007551073861e-02
5.012845683842897387e-02
5.029288031160831368e-02
4.895524889230728344e-02
5.018295869231224199e-02
5.089877393096685354e-02
5.110727613791823248e-02
4.991578625515103590e-02
4.961479883641004701e-02
4.780361611396074378e-02
4.983437266200781146e-02
4.842091958969831772e-02
4.957867983728646982e-02
4.951119095087051086e-02
4.947868663817644314e-02
4.993859685957431627e-02
4.860421523451805004e-02
4.953984322026371706e-02
4.872365238144994032e-02
4.808278836309910070e-02
4.776952579617500111e-02
4.915716320276260209e-02
4.735992345958948274e-02
5.076797116547823036e-02
4.880014993250370026e-02
4.864169597625732366e-02
4.606310464441776276e-02
4.806903198361396623e-02
4.718434303998947366e-02
4.821458417922258599e-02
4.635024728253483994e-02
4.763277344405651009e-02
4.904056338593363457e-02
4.842899868264794599e-02
4.832108397036791181e-02
5.067806724458932821e-02
4.879277305677533205e-02
4.761971522122621786e-02
4.772242795675993299e-02
4.688664650544524526e-02
4.854089125990867365e-02
4.753597388043999394e-02
4.725863741710781968e-02
4.721224697306752177e-02
4.864044044166803554e-02
3.155581017583608539e-01
2.815420132130384556e-01
2.618598470836877579e-01
2.275734105706214983e-01
2.290173952281475134e-01
2.291416686028242000e-01
2.104399017617106515e-01
2.157894728332757917e-01
2.091868286579847414e-01
