1.806052843332290658e+00
1.474972225427627626e+00
1.373792497515678335e+00
1.241497173309326074e+00
1.162227051854133553e+00
1.099646528959274283e+00
9.914279305934905473e-01
8.711269694566726729e-01
8.711770457029343051e-01
8.252103638648986550e-01
8.242997801303864058e-01
7.899020448327064292e-01
7.973721081018447787e-01
7.642313757538795604e-01
6.154182684421539706e-01
6.269749057292938188e-01
6.214589041471481057e-01
6.277982664108275879e-01
6.110047540068626049e-01
6.097499701380729720e-01
5.842329108715057506e-01
4.665163651108741871e-01
4.347890076041221463e-01
4.472026425600051924e-01
4.461225211620331033e-01
4.585676360130310214e-01
4.562261766195297441e-01
4.867598319053649814e-01
2.827988900244235992e-01
3.063497052341699334e-01
3.088207212835550330e-01
3.139139822125434631e-01
3.432061368227005138e-01
3.210022272169589796e-01
3.536440297216176809e-01
2.121721035987138848e-01
2.188525950163602851e-01
2.184359997510910145e-01
2.306388746947050095e-01
2.319410958141088497e-01
2.411455654352903377e-01
2.602065744251012558e-01
1.553708906099200149e-01
1.610399269312620119e-01
1.558724637329578500e-01
1.729935749620199192e-01
1.772862607613205910e-01
1.902144715934991903e-01
1.936257553100586004e-01
1.349664220958948224e-01
1.276559713296592236e-01
1.335872269235551246e-01
1.401658466644585266e-01
1.516753768548369519e-01
1.614677159860730127e-01
1.533511655963957221e-01
1.084853687882423451e-01
9.981979509815573637e-02
1.114718635566532556e-01
1.353997346200049023e-01
1.378611697629094079e-01
1.426900792494416315e-01
1.379824888706207286e-01
1.013740949705243116e-01
8.966638260520994053e-02
1.047128519322723106e-01
1.084432052727788698e-01
1.316155940480530362e-01
1.181752298958599623e-01
1.318873153254389863e-01
9.092442894354463290e-02
8.626032167114316973e-02
8.840330817736685720e-02
9.828981136903167104e-02
1.162052525207400294e-01
1.250736463442444768e-01
1.198838137835264162e-01
9.201180831529200133e-02
7.539190040901302958e-02
8.830580865032970628e-02
8.543789737857877820e-02
8.661970947869121473e-02
8.201760415919125136e-02
9.259627413004636876e-02
9.607006632024422954e-02
8.771616306155920195e-02
9.043801088817417233e-02
8.447478062473237626e-02
8.287970909848808854e-02
8.516239721328019985e-02
8.617547128349542507e-02
7.358058041427284479e-02
7.012254089582711791e-02
6.675529792439192922e-02
8.088281302712857501e-02
7.818132646381854844e-02
8.915324607398361634e-02
9.312064951285720094e-02
6.219758835155517196e-02
6.447082791710272154e-02
8.218281686306000422e-02
8.148353275842964982e-02
7.361008780309930000e-02
7.637675920734182666e-02
9.204365745186805781e-02
