8.776762485504150391e-01
8.704683780670166016e-01
8.633772134780883789e-01
8.563487529754638672e-01
8.490313887596130371e-01
8.403025865554809570e-01
8.300356864929199219e-01
8.188947439193725586e-01
8.050951957702636719e-01
7.907973527908325195e-01
7.738745212554931641e-01
7.558082938194274902e-01
7.325838208198547363e-01
7.113722562789916992e-01
6.838442683219909668e-01
6.557329297065734863e-01
6.262038350105285645e-01
5.948961973190307617e-01
5.614547729492187500e-01
5.236109495162963867e-01
5.042436122894287109e-01
4.726483523845672607e-01
4.638764262199401855e-01
4.485156536102294922e-01
4.503976702690124512e-01
4.574802517890930176e-01
4.546001255512237549e-01
4.579961299896240234e-01
4.536685943603515625e-01
4.374625980854034424e-01
4.346396923065185547e-01
4.318840801715850830e-01
4.134895205497741699e-01
4.073258042335510254e-01
4.007477164268493652e-01
4.133904576301574707e-01
4.109831154346466064e-01
4.054304063320159912e-01
4.235124588012695312e-01
4.039939045906066895e-01
3.983896374702453613e-01
3.918573856353759766e-01
3.851056694984436035e-01
3.915531635284423828e-01
3.810962140560150146e-01
3.715237081050872803e-01
3.715757131576538086e-01
3.714310228824615479e-01
3.702260851860046387e-01
3.693315982818603516e-01
3.692618906497955322e-01
3.698289990425109863e-01
3.660000562667846680e-01
3.593897819519042969e-01
3.656279146671295166e-01
3.571988940238952637e-01
3.520910441875457764e-01
3.519154787063598633e-01
3.496083021163940430e-01
3.448179662227630615e-01
3.477099537849426270e-01
3.442787528038024902e-01
3.410967588424682617e-01
3.410697579383850098e-01
3.400588035583496094e-01
3.369359970092773438e-01
3.366599082946777344e-01
3.369661867618560791e-01
3.343160152435302734e-01
3.322676718235015869e-01
3.320558369159698486e-01
3.340989351272583008e-01
3.277042508125305176e-01
3.221656382083892822e-01
3.283747434616088867e-01
3.270257711410522461e-01
3.255845904350280762e-01
3.201376199722290039e-01
3.217075467109680176e-01
3.203527629375457764e-01
3.236152529716491699e-01
3.196026682853698730e-01
3.180475831031799316e-01
3.130776882171630859e-01
3.138555288314819336e-01
3.159017860889434814e-01
3.128662407398223877e-01
3.124606609344482422e-01
3.108992278575897217e-01
3.157249987125396729e-01
3.114784955978393555e-01
3.045233190059661865e-01
3.093438148498535156e-01
3.099646270275115967e-01
3.041912317276000977e-01
3.032035529613494873e-01
3.015297055244445801e-01
3.008738160133361816e-01
2.949272990226745605e-01
2.994202673435211182e-01
2.995716631412506104e-01
3.019613325595855713e-01
2.970706224441528320e-01
2.940067350864410400e-01
2.956455349922180176e-01
2.909490466117858887e-01
2.960300147533416748e-01
2.930950820446014404e-01
2.922494709491729736e-01
2.926245629787445068e-01
2.931330502033233643e-01
2.892313599586486816e-01
2.903437614440917969e-01
2.893600165843963623e-01
2.891274094581604004e-01
2.913906574249267578e-01
2.866219282150268555e-01
2.849344611167907715e-01
2.860249280929565430e-01
2.858616113662719727e-01
2.823811769485473633e-01
2.847514152526855469e-01
2.818565070629119873e-01
2.794100046157836914e-01
2.827026844024658203e-01
2.795247435569763184e-01
2.815198302268981934e-01
2.783250510692596436e-01
2.769400179386138916e-01
2.838855981826782227e-01
2.792921364307403564e-01
2.740834951400756836e-01
2.739904224872589111e-01
2.733889818191528320e-01
2.716621160507202148e-01
2.724054157733917236e-01
2.702611088752746582e-01
2.698360979557037354e-01
2.715259194374084473e-01
2.733400166034698486e-01
2.699449658393859863e-01
2.646244168281555176e-01
2.668078541755676270e-01
2.691326737403869629e-01
2.715624272823333740e-01
2.694616615772247314e-01
2.655762732028961182e-01
2.674763798713684082e-01
2.651746273040771484e-01
2.633067965507507324e-01
2.637266516685485840e-01
2.647433578968048096e-01
2.618793547153472900e-01
2.628952562808990479e-01
2.642062008380889893e-01
2.622508108615875244e-01
2.607147693634033203e-01
2.604074776172637939e-01
2.599960267543792725e-01
2.626917064189910889e-01
2.568965256214141846e-01
2.579247653484344482e-01
2.582314610481262207e-01
2.556555569171905518e-01
2.547286152839660645e-01
2.579318284988403320e-01
2.554605007171630859e-01
2.571398913860321045e-01
2.537927329540252686e-01
2.563654780387878418e-01
2.525717020034790039e-01
2.543337941169738770e-01
2.499522864818572998e-01
2.506573498249053955e-01
2.498924434185028076e-01
2.475255727767944336e-01
2.516489923000335693e-01
2.485283911228179932e-01
2.507627606391906738e-01
2.488740384578704834e-01
2.499151229858398438e-01
2.467703819274902344e-01
2.488351613283157349e-01
2.474329620599746704e-01
2.488058358430862427e-01
2.460469752550125122e-01
2.425207495689392090e-01
2.454119920730590820e-01
2.464652508497238159e-01
2.457204163074493408e-01
2.418130636215209961e-01
2.438497245311737061e-01
2.423447668552398682e-01
2.423794418573379517e-01
2.391765713691711426e-01
2.440648227930068970e-01
2.397766262292861938e-01
2.385155558586120605e-01
2.388318032026290894e-01
2.413433194160461426e-01
2.403124570846557617e-01
2.382520437240600586e-01
2.404314875602722168e-01
2.394470721483230591e-01
2.373729348182678223e-01
2.368679344654083252e-01
2.369442731142044067e-01
2.360546886920928955e-01
2.386987209320068359e-01
2.355493307113647461e-01
2.352023720741271973e-01
2.343786954879760742e-01
2.320710420608520508e-01
2.322808802127838135e-01
2.308312952518463135e-01
2.337602525949478149e-01
2.341560423374176025e-01
2.323035895824432373e-01
2.296359539031982422e-01
2.314275652170181274e-01
2.309695333242416382e-01
2.313323020935058594e-01
2.299683690071105957e-01
2.258464097976684570e-01
2.283528149127960205e-01
2.283651530742645264e-01
2.253249287605285645e-01
2.307984232902526855e-01
2.293992787599563599e-01
2.248417437076568604e-01
2.260948270559310913e-01
2.246274203062057495e-01
2.255241870880126953e-01
2.245859503746032715e-01
2.242458611726760864e-01
2.272995412349700928e-01
2.237934321165084839e-01
2.248653024435043335e-01
2.252169251441955566e-01
2.233620434999465942e-01
2.262652963399887085e-01
2.223015129566192627e-01
2.223748713731765747e-01
2.212526053190231323e-01
2.207762748003005981e-01
2.214253842830657959e-01
2.222083657979965210e-01
2.228442579507827759e-01
2.214260101318359375e-01
2.155764400959014893e-01
2.172240912914276123e-01
2.194072157144546509e-01
2.201335281133651733e-01
2.183299064636230469e-01
2.208154350519180298e-01
2.195496410131454468e-01
2.177547365427017212e-01
2.142361700534820557e-01
2.157154977321624756e-01
2.165726423263549805e-01
2.127529084682464600e-01
2.149633765220642090e-01
2.171695828437805176e-01
2.182802706956863403e-01
2.132266759872436523e-01
2.136463224887847900e-01
2.127659916877746582e-01
2.149432450532913208e-01
2.133571505546569824e-01
2.146649658679962158e-01
2.129758596420288086e-01
2.131030112504959106e-01
2.109457850456237793e-01
2.086649388074874878e-01
2.116417735815048218e-01
2.138007432222366333e-01
2.104090303182601929e-01
2.124009281396865845e-01
2.101954519748687744e-01
2.086155265569686890e-01
2.090925276279449463e-01
2.108095586299896240e-01
2.108274549245834351e-01
2.124761343002319336e-01
2.058196067810058594e-01
2.113985121250152588e-01
2.083724290132522583e-01
2.075697034597396851e-01
2.073974162340164185e-01
2.066827416419982910e-01
2.057342082262039185e-01
2.087379842996597290e-01
2.059295922517776489e-01
2.063286453485488892e-01
2.055036574602127075e-01
2.052006274461746216e-01
2.035825699567794800e-01
2.042631804943084717e-01
2.048107087612152100e-01
2.030127197504043579e-01
2.039591968059539795e-01
2.024248540401458740e-01
2.033534497022628784e-01
2.034938186407089233e-01
2.050912231206893921e-01
2.004546225070953369e-01
2.035428285598754883e-01
2.035300880670547485e-01
2.022645324468612671e-01
2.027819156646728516e-01
2.011063992977142334e-01
2.006110250949859619e-01
2.005013376474380493e-01
1.995252221822738647e-01
2.010613977909088135e-01
1.986728310585021973e-01
2.001966536045074463e-01
1.979201734066009521e-01
1.982053220272064209e-01
1.969975680112838745e-01
1.990768909454345703e-01
1.991503834724426270e-01
1.988559365272521973e-01
1.985095441341400146e-01
1.981435269117355347e-01
1.976247131824493408e-01
1.968707442283630371e-01
1.962608844041824341e-01
1.960795670747756958e-01
1.969622671604156494e-01
1.940968781709671021e-01
1.956445872783660889e-01
1.966773867607116699e-01
1.940301358699798584e-01
1.931882053613662720e-01
1.935378611087799072e-01
1.946279853582382202e-01
1.946997046470642090e-01
1.939827352762222290e-01
1.932313442230224609e-01
1.919548213481903076e-01
1.926868259906768799e-01
1.930813044309616089e-01
1.932282596826553345e-01
1.924953907728195190e-01
1.944937407970428467e-01
1.930231600999832153e-01
1.906856298446655273e-01
1.878453940153121948e-01
1.912006884813308716e-01
1.898287385702133179e-01
1.934237033128738403e-01
1.914013028144836426e-01
1.904139965772628784e-01
1.900070011615753174e-01
1.889906972646713257e-01
1.924704760313034058e-01
1.903982609510421753e-01
1.867553293704986572e-01
1.891495883464813232e-01
1.903553307056427002e-01
1.894984543323516846e-01
1.867329478263854980e-01
1.893496811389923096e-01
1.894188672304153442e-01
1.872508078813552856e-01
1.882596164941787720e-01
1.870154738426208496e-01
1.865004599094390869e-01
1.870061904191970825e-01
1.855346709489822388e-01
1.852185130119323730e-01
1.855566054582595825e-01
1.864542365074157715e-01
1.834354102611541748e-01
1.861352473497390747e-01
1.843175888061523438e-01
1.830126941204071045e-01
1.848404556512832642e-01
1.858307868242263794e-01
1.852054297924041748e-01
1.818423569202423096e-01
1.824236661195755005e-01
1.819955855607986450e-01
1.842327415943145752e-01
1.808590590953826904e-01
1.813345849514007568e-01
1.839959621429443359e-01
1.827253550291061401e-01
1.823154985904693604e-01
1.805076599121093750e-01
1.822953969240188599e-01
1.793759167194366455e-01
1.826605945825576782e-01
1.820681691169738770e-01
1.822274923324584961e-01
1.797676980495452881e-01
1.799512952566146851e-01
1.800228357315063477e-01
1.813620030879974365e-01
1.793884932994842529e-01
1.780293136835098267e-01
1.808184981346130371e-01
1.804165691137313843e-01
1.823031902313232422e-01
1.777581572532653809e-01
1.785775721073150635e-01
1.775115728378295898e-01
1.800770610570907593e-01
1.798496544361114502e-01
1.791884899139404297e-01
1.763524860143661499e-01
1.780063211917877197e-01
1.783997416496276855e-01
1.771807968616485596e-01
1.772888004779815674e-01
1.773010343313217163e-01
1.784150600433349609e-01
1.769936382770538330e-01
1.781373023986816406e-01
1.766790896654129028e-01
1.759887337684631348e-01
1.768392473459243774e-01
1.743175238370895386e-01
1.739272177219390869e-01
1.762451827526092529e-01
1.764877438545227051e-01
1.749168634414672852e-01
1.743365079164505005e-01
1.758034974336624146e-01
1.754662692546844482e-01
1.752123236656188965e-01
1.744926124811172485e-01
1.736007630825042725e-01
1.776336878538131714e-01
1.744965165853500366e-01
1.726526767015457153e-01
1.761254072189331055e-01
1.748788505792617798e-01
1.747076958417892456e-01
1.746829748153686523e-01
1.726619452238082886e-01
1.750207841396331787e-01
1.745657920837402344e-01
1.720778942108154297e-01
1.748594641685485840e-01
1.729348152875900269e-01
1.739093661308288574e-01
1.720420271158218384e-01
1.732215136289596558e-01
1.728349924087524414e-01
1.734035313129425049e-01
1.727850884199142456e-01
1.709178388118743896e-01
1.707623302936553955e-01
1.716735810041427612e-01
1.722778081893920898e-01
1.724615246057510376e-01
1.711233258247375488e-01
1.718313544988632202e-01
1.721873730421066284e-01
1.711080074310302734e-01
1.704277098178863525e-01
1.724794805049896240e-01
1.693024635314941406e-01
1.698720902204513550e-01
1.673348248004913330e-01
1.704072207212448120e-01
1.686649918556213379e-01
1.689915806055068970e-01
1.690948307514190674e-01
1.681994050741195679e-01
1.688225269317626953e-01
1.697406768798828125e-01
1.671994477510452271e-01
1.702175140380859375e-01
1.698692440986633301e-01
1.685406863689422607e-01
1.681454777717590332e-01
1.702180504798889160e-01
1.710727363824844360e-01
1.684277057647705078e-01
1.689955294132232666e-01
1.677849739789962769e-01
1.688790917396545410e-01
1.671604812145233154e-01
1.687797904014587402e-01
1.676566302776336670e-01
1.695604175329208374e-01
1.675355434417724609e-01
1.684840321540832520e-01
1.680023372173309326e-01
1.662420779466629028e-01
1.672024428844451904e-01
1.684748232364654541e-01
1.676425039768218994e-01
1.649760901927947998e-01
1.688306629657745361e-01
1.670775115489959717e-01
1.677599698305130005e-01
1.660460978746414185e-01
1.668271124362945557e-01
1.666878163814544678e-01
1.669278740882873535e-01
1.665671467781066895e-01
1.665995121002197266e-01
1.678680330514907837e-01
1.674857288599014282e-01
1.663632690906524658e-01
1.678312569856643677e-01
1.661791801452636719e-01
1.656703501939773560e-01
1.650556325912475586e-01
1.672084480524063110e-01
1.679031252861022949e-01
1.650011986494064331e-01
1.662043929100036621e-01
1.639257669448852539e-01
1.655895411968231201e-01
1.647950857877731323e-01
1.649873256683349609e-01
1.638381183147430420e-01
1.650716811418533325e-01
1.649446487426757812e-01
1.652017086744308472e-01
1.647848039865493774e-01
1.639074087142944336e-01
1.643092036247253418e-01
1.658208668231964111e-01
1.661471277475357056e-01
1.650953888893127441e-01
1.635648906230926514e-01
1.648684293031692505e-01
1.646255254745483398e-01
1.660147756338119507e-01
1.651271283626556396e-01
1.659703254699707031e-01
1.650483906269073486e-01
1.638471335172653198e-01
1.648849099874496460e-01
1.644516587257385254e-01
1.657629162073135376e-01
1.625750660896301270e-01
1.645593643188476562e-01
1.640749275684356689e-01
1.622501015663146973e-01
1.641481518745422363e-01
1.639140397310256958e-01
1.643630117177963257e-01
1.636040657758712769e-01
1.637317538261413574e-01
1.634397804737091064e-01
1.619560420513153076e-01
1.634723842144012451e-01
1.628421992063522339e-01
1.625148653984069824e-01
1.634074449539184570e-01
1.638531237840652466e-01
1.624919325113296509e-01
1.630254834890365601e-01
1.618516445159912109e-01
1.632771492004394531e-01
1.623810231685638428e-01
1.619853079319000244e-01
1.631818413734436035e-01
1.607655882835388184e-01
1.618082225322723389e-01
1.630985140800476074e-01
1.626049876213073730e-01
1.618957221508026123e-01
1.637178063392639160e-01
1.607595086097717285e-01
1.629446893930435181e-01
1.614767313003540039e-01
1.619947254657745361e-01
1.616923511028289795e-01
1.625334024429321289e-01
1.632739454507827759e-01
1.650150418281555176e-01
1.610537022352218628e-01
1.602808088064193726e-01
1.620735973119735718e-01
1.597725450992584229e-01
1.616693139076232910e-01
1.628281027078628540e-01
1.623220592737197876e-01
1.599498838186264038e-01
1.624628454446792603e-01
1.613349765539169312e-01
1.606949269771575928e-01
1.620330512523651123e-01
1.606637686491012573e-01
1.619725972414016724e-01
1.621962487697601318e-01
1.608507931232452393e-01
1.621537357568740845e-01
1.621074229478836060e-01
1.610838472843170166e-01
1.626487225294113159e-01
1.612231433391571045e-01
1.603856682777404785e-01
1.604111194610595703e-01
1.607391685247421265e-01
1.606989204883575439e-01
1.596013754606246948e-01
1.596827656030654907e-01
1.605091094970703125e-01
1.621388196945190430e-01
1.589754223823547363e-01
1.611350476741790771e-01
1.611335575580596924e-01
1.612954139709472656e-01
1.588034331798553467e-01
1.597764641046524048e-01
1.605702340602874756e-01
1.584910303354263306e-01
1.591773182153701782e-01
1.587965786457061768e-01
1.592489629983901978e-01
1.602108776569366455e-01
1.596179306507110596e-01
1.590369790792465210e-01
1.598064750432968140e-01
1.582877188920974731e-01
1.598409414291381836e-01
1.595244705677032471e-01
1.589009016752243042e-01
1.608444899320602417e-01
1.588598042726516724e-01
1.575442254543304443e-01
1.595932841300964355e-01
1.597187817096710205e-01
1.605240404605865479e-01
1.593871861696243286e-01
1.590020358562469482e-01
1.599574089050292969e-01
1.575999110937118530e-01
1.586159765720367432e-01
1.597817987203598022e-01
1.578580588102340698e-01
1.579439640045166016e-01
1.581977903842926025e-01
1.588968485593795776e-01
1.598776429891586304e-01
1.595674604177474976e-01
1.575066447257995605e-01
1.596716195344924927e-01
1.576294898986816406e-01
1.574784070253372192e-01
1.582277417182922363e-01
1.577627658843994141e-01
1.580351740121841431e-01
1.575071513652801514e-01
1.571098417043685913e-01
1.584757864475250244e-01
1.583233177661895752e-01
1.592895239591598511e-01
1.583249419927597046e-01
1.571079790592193604e-01
1.573403328657150269e-01
1.581085920333862305e-01
1.593785583972930908e-01
1.590951085090637207e-01
1.588593125343322754e-01
1.579213440418243408e-01
1.587472856044769287e-01
1.558547616004943848e-01
1.566763818264007568e-01
1.569922566413879395e-01
1.580428481101989746e-01
1.571002006530761719e-01
1.567644774913787842e-01
1.564221978187561035e-01
1.565271615982055664e-01
1.563499271869659424e-01
1.565025001764297485e-01
1.555933058261871338e-01
1.563978046178817749e-01
1.580145806074142456e-01
1.578942388296127319e-01
1.587266623973846436e-01
1.553558856248855591e-01
1.571039706468582153e-01
1.582976728677749634e-01
1.581548601388931274e-01
1.573767811059951782e-01
1.568099707365036011e-01
1.578473299741744995e-01
1.589701473712921143e-01
1.546251475811004639e-01
1.565411835908889771e-01
1.552629470825195312e-01
1.560840308666229248e-01
1.561070829629898071e-01
1.563155353069305420e-01
1.566006839275360107e-01
1.569795161485671997e-01
1.558370441198348999e-01
1.563775390386581421e-01
1.565506607294082642e-01
2.393196225166320801e-01
2.390243411064147949e-01
2.394009977579116821e-01
2.377627491950988770e-01
2.386027127504348755e-01
2.366164177656173706e-01
2.361895292997360229e-01
2.355484813451766968e-01
2.377142012119293213e-01
2.349677532911300659e-01
2.350137680768966675e-01
2.370397448539733887e-01
2.365789413452148438e-01
2.347090095281600952e-01
2.352111786603927612e-01
2.362465709447860718e-01
2.355128377676010132e-01
2.351847738027572632e-01
2.329173088073730469e-01
2.340876758098602295e-01
2.340901046991348267e-01
2.350415885448455811e-01
2.347284704446792603e-01
2.359036207199096680e-01
2.359019964933395386e-01
2.346802651882171631e-01
2.342028915882110596e-01
2.337331473827362061e-01
2.339307218790054321e-01
2.326116710901260376e-01
2.338546812534332275e-01
2.366785407066345215e-01
2.358144223690032959e-01
2.322305589914321899e-01
2.332942634820938110e-01
2.335695326328277588e-01
2.320243716239929199e-01
2.356849759817123413e-01
2.330221384763717651e-01
2.323632389307022095e-01
2.319894731044769287e-01
2.342712879180908203e-01
2.330431640148162842e-01
2.331483215093612671e-01
2.318721711635589600e-01
2.321778088808059692e-01
2.330982685089111328e-01
2.306618243455886841e-01
2.334605008363723755e-01
2.323325723409652710e-01
2.323081493377685547e-01
2.323193252086639404e-01
2.321675270795822144e-01
2.312814593315124512e-01
2.296798229217529297e-01
2.291322797536849976e-01
2.324709892272949219e-01
2.306734174489974976e-01
2.306838184595108032e-01
2.318854033946990967e-01
2.310933172702789307e-01
2.304795086383819580e-01
2.337006479501724243e-01
2.314268648624420166e-01
2.323157191276550293e-01
2.335966974496841431e-01
2.293257415294647217e-01
2.320081144571304321e-01
2.270954102277755737e-01
2.308953404426574707e-01
2.288399934768676758e-01
2.294038534164428711e-01
2.323974817991256714e-01
2.290646731853485107e-01
2.293420583009719849e-01
2.306581288576126099e-01
2.297812998294830322e-01
2.309504747390747070e-01
2.295089066028594971e-01
2.298363596200942993e-01
2.277426570653915405e-01
2.284255176782608032e-01
2.283343523740768433e-01
2.307107299566268921e-01
2.298800200223922729e-01
2.272973358631134033e-01
2.273519784212112427e-01
2.264314889907836914e-01
2.278470993041992188e-01
2.282584309577941895e-01
2.285088002681732178e-01
2.281122952699661255e-01
2.297917306423187256e-01
2.276817113161087036e-01
2.285916656255722046e-01
2.264975607395172119e-01
2.277626395225524902e-01
2.278569787740707397e-01
2.268101274967193604e-01
2.286945283412933350e-01
2.289197891950607300e-01
2.279498130083084106e-01
2.247769981622695923e-01
2.278027236461639404e-01
2.275102585554122925e-01
2.275906950235366821e-01
2.261126190423965454e-01
2.267490029335021973e-01
2.265551388263702393e-01
2.277655899524688721e-01
2.258247137069702148e-01
2.248496711254119873e-01
2.272965461015701294e-01
2.288590371608734131e-01
2.265061885118484497e-01
2.281287908554077148e-01
2.247287482023239136e-01
2.236986309289932251e-01
2.268864214420318604e-01
2.254188358783721924e-01
2.253915667533874512e-01
2.256381362676620483e-01
2.277396470308303833e-01
2.259848266839981079e-01
2.269380241632461548e-01
2.274747788906097412e-01
2.277079969644546509e-01
2.230166345834732056e-01
2.248484343290328979e-01
2.240621894598007202e-01
2.233140617609024048e-01
2.232136726379394531e-01
2.245394736528396606e-01
2.225799113512039185e-01
2.251985073089599609e-01
2.243255227804183960e-01
2.254115045070648193e-01
2.249521911144256592e-01
2.230612933635711670e-01
2.254517823457717896e-01
2.254057824611663818e-01
2.260804474353790283e-01
2.257009297609329224e-01
2.248742133378982544e-01
2.254889905452728271e-01
2.240963429212570190e-01
2.238986045122146606e-01
2.229683399200439453e-01
2.236123085021972656e-01
2.238600403070449829e-01
2.276416718959808350e-01
2.243632376194000244e-01
2.226286232471466064e-01
2.246114909648895264e-01
2.233087420463562012e-01
2.230428904294967651e-01
2.210965156555175781e-01
2.217492461204528809e-01
2.219085544347763062e-01
2.246430963277816772e-01
2.218419164419174194e-01
2.216255664825439453e-01
2.223049402236938477e-01
2.239325493574142456e-01
2.228217869997024536e-01
2.190112918615341187e-01
2.220677733421325684e-01
2.212302982807159424e-01
2.236449867486953735e-01
2.217847257852554321e-01
2.233810722827911377e-01
2.236420661211013794e-01
2.236701250076293945e-01
2.225727140903472900e-01
2.201638072729110718e-01
2.204710841178894043e-01
2.251493781805038452e-01
2.223771810531616211e-01
2.247995287179946899e-01
2.215964347124099731e-01
2.225101888179779053e-01
2.229167968034744263e-01
2.194967567920684814e-01
2.235722094774246216e-01
2.218413501977920532e-01
2.229861021041870117e-01
2.214969396591186523e-01
2.211485505104064941e-01
2.200686484575271606e-01
2.220309823751449585e-01
2.218574136495590210e-01
2.222364544868469238e-01
2.182312607765197754e-01
2.214080244302749634e-01
2.221730798482894897e-01
2.233973443508148193e-01
2.189618647098541260e-01
2.231244444847106934e-01
2.236662656068801880e-01
2.192236930131912231e-01
2.208609133958816528e-01
2.201054841279983521e-01
2.222581356763839722e-01
2.196825146675109863e-01
2.189074903726577759e-01
2.214251756668090820e-01
2.210484147071838379e-01
2.192526459693908691e-01
2.214736938476562500e-01
2.193529456853866577e-01
2.209799140691757202e-01
2.219545543193817139e-01
2.181727290153503418e-01
2.208747863769531250e-01
2.176232486963272095e-01
2.182625979185104370e-01
2.233621627092361450e-01
2.181581854820251465e-01
2.194680422544479370e-01
2.199620902538299561e-01
2.191766798496246338e-01
2.179505676031112671e-01
2.208947688341140747e-01
2.214406728744506836e-01
2.206452190876007080e-01
2.203368395566940308e-01
2.197793275117874146e-01
2.196522206068038940e-01
2.188823819160461426e-01
2.209013998508453369e-01
2.191533893346786499e-01
2.210056781768798828e-01
2.193734198808670044e-01
2.190923094749450684e-01
2.190253734588623047e-01
2.199035137891769409e-01
2.192792296409606934e-01
2.183574587106704712e-01
2.185293883085250854e-01
2.192053049802780151e-01
2.165241092443466187e-01
2.182462811470031738e-01
2.181830853223800659e-01
2.174999266862869263e-01
2.196189761161804199e-01
2.184974104166030884e-01
2.219029515981674194e-01
2.198806256055831909e-01
2.191684991121292114e-01
2.151413261890411377e-01
2.156429737806320190e-01
2.180559933185577393e-01
2.178936600685119629e-01
2.173512578010559082e-01
2.157906591892242432e-01
2.145633548498153687e-01
2.160361260175704956e-01
2.172566503286361694e-01
2.171891927719116211e-01
2.149056345224380493e-01
2.176282852888107300e-01
2.153256386518478394e-01
2.167178839445114136e-01
2.161830663681030273e-01
2.188046127557754517e-01
2.151204943656921387e-01
2.165279835462570190e-01
2.193058729171752930e-01
2.171788513660430908e-01
2.179524898529052734e-01
2.146635651588439941e-01
2.141471356153488159e-01
2.167935073375701904e-01
2.176498919725418091e-01
2.171352356672286987e-01
2.183400988578796387e-01
2.149010002613067627e-01
2.165824472904205322e-01
2.160551697015762329e-01
2.152932286262512207e-01
2.160019874572753906e-01
2.158076912164688110e-01
2.197880893945693970e-01
2.164417803287506104e-01
2.155533134937286377e-01
2.143332213163375854e-01
2.162643969058990479e-01
2.164439857006072998e-01
2.152945548295974731e-01
2.159785777330398560e-01
2.141418159008026123e-01
2.169454395771026611e-01
2.168437987565994263e-01
2.156556844711303711e-01
2.167692184448242188e-01
2.164335399866104126e-01
2.178175002336502075e-01
2.173209339380264282e-01
2.149260193109512329e-01
2.160660475492477417e-01
2.169010043144226074e-01
2.159194946289062500e-01
2.150253355503082275e-01
2.140797674655914307e-01
2.144188135862350464e-01
2.164362221956253052e-01
2.149398326873779297e-01
2.147233337163925171e-01
2.157725840806961060e-01
2.160037606954574585e-01
2.151433378458023071e-01
2.143642455339431763e-01
2.140478044748306274e-01
2.135736495256423950e-01
2.146220505237579346e-01
2.137319296598434448e-01
2.135909348726272583e-01
2.175967246294021606e-01
2.125481218099594116e-01
2.130011022090911865e-01
2.134566158056259155e-01
2.153488248586654663e-01
2.129338234663009644e-01
2.144183665513992310e-01
2.114952206611633301e-01
2.148218303918838501e-01
2.141786068677902222e-01
2.133574187755584717e-01
2.160480320453643799e-01
2.163699865341186523e-01
2.134244590997695923e-01
2.175469249486923218e-01
2.131542563438415527e-01
2.112277150154113770e-01
2.107870429754257202e-01
2.156955748796463013e-01
2.148922830820083618e-01
2.163043320178985596e-01
2.132333368062973022e-01
2.129226177930831909e-01
2.133138179779052734e-01
2.130142599344253540e-01
2.124377936124801636e-01
2.116837352514266968e-01
2.115594595670700073e-01
2.136167585849761963e-01
2.124535143375396729e-01
2.119880616664886475e-01
2.140821665525436401e-01
2.126263976097106934e-01
2.141777724027633667e-01
2.134645879268646240e-01
2.123876214027404785e-01
2.153900265693664551e-01
2.133542150259017944e-01
2.136469185352325439e-01
2.125637084245681763e-01
2.118030786514282227e-01
2.144448906183242798e-01
2.143119126558303833e-01
2.152870893478393555e-01
2.132086008787155151e-01
2.105254083871841431e-01
2.152951806783676147e-01
2.117736339569091797e-01
2.138638943433761597e-01
2.111382782459259033e-01
2.099591940641403198e-01
2.113395780324935913e-01
2.112773954868316650e-01
2.113034427165985107e-01
2.128325998783111572e-01
2.130080014467239380e-01
2.139025777578353882e-01
2.098807543516159058e-01
2.116750031709671021e-01
2.124006003141403198e-01
2.107277214527130127e-01
2.095819860696792603e-01
2.112301439046859741e-01
2.119482457637786865e-01
2.110963910818099976e-01
2.118178308010101318e-01
2.111093103885650635e-01
2.091558277606964111e-01
2.091380208730697632e-01
2.117138653993606567e-01
2.104659378528594971e-01
2.088202238082885742e-01
2.114031314849853516e-01
2.107754498720169067e-01
2.106460332870483398e-01
2.118384540081024170e-01
2.139123082160949707e-01
2.093990296125411987e-01
2.135464698076248169e-01
2.102689743041992188e-01
2.104367315769195557e-01
2.109391093254089355e-01
2.107273936271667480e-01
2.116731703281402588e-01
2.099780887365341187e-01
2.119947671890258789e-01
2.081834673881530762e-01
2.115956544876098633e-01
2.105996161699295044e-01
2.133490443229675293e-01
2.096872478723526001e-01
2.093246579170227051e-01
2.112061828374862671e-01
2.096546292304992676e-01
2.092759460210800171e-01
2.113372981548309326e-01
2.089622020721435547e-01
2.092920094728469849e-01
2.097691148519515991e-01
2.081573307514190674e-01
2.112967967987060547e-01
2.090403288602828979e-01
2.075423300266265869e-01
2.083682715892791748e-01
2.113699167966842651e-01
2.103414833545684814e-01
2.107042372226715088e-01
2.097853422164916992e-01
2.116696238517761230e-01
2.093910276889801025e-01
2.116097062826156616e-01
2.109705209732055664e-01
2.094269692897796631e-01
2.080478221178054810e-01
2.103777378797531128e-01
2.092860341072082520e-01
2.099337279796600342e-01
2.082569450139999390e-01
2.115119248628616333e-01
2.093061357736587524e-01
2.085865288972854614e-01
2.085206955671310425e-01
2.082953751087188721e-01
2.093018144369125366e-01
2.103681862354278564e-01
2.092251181602478027e-01
2.094544023275375366e-01
2.081035673618316650e-01
2.082902938127517700e-01
2.078484445810317993e-01
2.106819599866867065e-01
2.099478989839553833e-01
2.088523358106613159e-01
2.089894562959671021e-01
2.085101157426834106e-01
2.073198705911636353e-01
2.077384144067764282e-01
2.078886330127716064e-01
2.099345624446868896e-01
2.095112204551696777e-01
2.079680114984512329e-01
2.072243243455886841e-01
2.063827216625213623e-01
2.107288092374801636e-01
2.093737870454788208e-01
2.064201086759567261e-01
2.078116834163665771e-01
2.082772105932235718e-01
2.081627994775772095e-01
2.103393822908401489e-01
2.078888863325119019e-01
2.065124809741973877e-01
2.109946012496948242e-01
2.063239365816116333e-01
2.083149105310440063e-01
2.069721221923828125e-01
2.097109109163284302e-01
2.083891928195953369e-01
2.092294394969940186e-01
2.053711712360382080e-01
2.090312391519546509e-01
2.080852538347244263e-01
2.088774442672729492e-01
2.086135149002075195e-01
2.053529918193817139e-01
2.082226127386093140e-01
2.076980471611022949e-01
2.075045704841613770e-01
2.073157727718353271e-01
2.088090330362319946e-01
2.050242424011230469e-01
2.066503316164016724e-01
2.075332552194595337e-01
2.079214304685592651e-01
2.056248635053634644e-01
2.061612010002136230e-01
2.084280252456665039e-01
2.071101218461990356e-01
2.066636681556701660e-01
2.049611955881118774e-01
2.060918509960174561e-01
2.070675939321517944e-01
2.053146511316299438e-01
2.054389268159866333e-01
2.061203718185424805e-01
2.065943926572799683e-01
2.083256989717483521e-01
2.065174728631973267e-01
2.050918787717819214e-01
2.050396800041198730e-01
2.076290696859359741e-01
2.075142413377761841e-01
2.065512239933013916e-01
2.057075351476669312e-01
2.093527466058731079e-01
2.071256935596466064e-01
2.066553086042404175e-01
2.072362750768661499e-01
2.068503946065902710e-01
2.042125165462493896e-01
2.089314162731170654e-01
2.061450779438018799e-01
2.065457403659820557e-01
2.071909308433532715e-01
2.027443647384643555e-01
2.064984887838363647e-01
2.044920176267623901e-01
2.071735709905624390e-01
2.044191807508468628e-01
2.088309079408645630e-01
2.036371827125549316e-01
2.048847824335098267e-01
2.039171010255813599e-01
2.054116725921630859e-01
2.088086009025573730e-01
2.056985199451446533e-01
2.076526582241058350e-01
2.049015015363693237e-01
2.064531892538070679e-01
2.043703645467758179e-01
2.023798376321792603e-01
2.028584778308868408e-01
2.063545286655426025e-01
2.023896723985671997e-01
2.048885971307754517e-01
2.039793431758880615e-01
2.074625790119171143e-01
2.056013345718383789e-01
2.064644396305084229e-01
2.044036686420440674e-01
2.038203924894332886e-01
2.046757787466049194e-01
2.040440738201141357e-01
2.054129987955093384e-01
2.034008204936981201e-01
2.079610377550125122e-01
2.043596804141998291e-01
2.029850631952285767e-01
2.054570168256759644e-01
2.018142193555831909e-01
2.025546878576278687e-01
2.065084576606750488e-01
2.055882066488265991e-01
2.046455740928649902e-01
2.030335962772369385e-01
2.035461217164993286e-01
2.048365324735641479e-01
2.050467729568481445e-01
2.020572423934936523e-01
2.020662277936935425e-01
2.049216628074645996e-01
2.054596543312072754e-01
2.074481993913650513e-01
2.076455950736999512e-01
2.038342356681823730e-01
2.022614628076553345e-01
2.037227302789688110e-01
2.038315534591674805e-01
2.051303982734680176e-01
2.052754312753677368e-01
2.065732479095458984e-01
2.048913985490798950e-01
2.033850252628326416e-01
2.060603052377700806e-01
2.025360316038131714e-01
2.024378329515457153e-01
2.047185003757476807e-01
2.041710913181304932e-01
2.051620781421661377e-01
2.053427249193191528e-01
2.038071155548095703e-01
2.039930075407028198e-01
1.993027925491333008e-01
2.032012939453125000e-01
2.010519057512283325e-01
2.041261196136474609e-01
2.056940644979476929e-01
2.044826298952102661e-01
2.031192034482955933e-01
2.006748467683792114e-01
2.037403732538223267e-01
2.010094076395034790e-01
2.034990340471267700e-01
2.000976651906967163e-01
2.041913568973541260e-01
2.025933712720870972e-01
2.038990557193756104e-01
2.038940042257308960e-01
2.025817036628723145e-01
2.014266252517700195e-01
2.042176574468612671e-01
2.024941742420196533e-01
2.032782882452011108e-01
2.030229866504669189e-01
2.015084922313690186e-01
2.036905288696289062e-01
2.017727345228195190e-01
2.041708976030349731e-01
2.021651118993759155e-01
2.002373933792114258e-01
2.035056650638580322e-01
2.029127329587936401e-01
2.017299085855484009e-01
2.023245543241500854e-01
2.023030668497085571e-01
2.026259303092956543e-01
1.995430439710617065e-01
2.029725462198257446e-01
2.032563835382461548e-01
2.014914602041244507e-01
2.007139325141906738e-01
2.023666054010391235e-01
2.045072168111801147e-01
1.993753612041473389e-01
2.020557969808578491e-01
2.028565257787704468e-01
2.019499540328979492e-01
2.014086097478866577e-01
2.022806853055953979e-01
2.023904025554656982e-01
2.036067098379135132e-01
2.033938914537429810e-01
2.032252401113510132e-01
2.018597424030303955e-01
2.000233530998229980e-01
2.020254731178283691e-01
2.025735378265380859e-01
2.024062126874923706e-01
2.005341649055480957e-01
2.011306285858154297e-01
2.012811154127120972e-01
2.005594670772552490e-01
1.994896084070205688e-01
2.010264694690704346e-01
2.027292847633361816e-01
2.019215375185012817e-01
2.006628960371017456e-01
1.986204534769058228e-01
2.008575648069381714e-01
2.008181512355804443e-01
2.006659060716629028e-01
2.025360316038131714e-01
2.023258954286575317e-01
2.012106776237487793e-01
2.015134841203689575e-01
2.030304819345474243e-01
2.003461718559265137e-01
1.982335597276687622e-01
2.020603120326995850e-01
2.022612392902374268e-01
2.020938843488693237e-01
2.018733620643615723e-01
2.013513445854187012e-01
2.020930051803588867e-01
2.030812948942184448e-01
1.997269243001937866e-01
2.024159282445907593e-01
1.987213343381881714e-01
1.993663758039474487e-01
2.017969787120819092e-01
2.019701004028320312e-01
1.990475803613662720e-01
1.994980275630950928e-01
2.015709131956100464e-01
1.979198753833770752e-01
1.987714320421218872e-01
1.991616785526275635e-01
2.006651461124420166e-01
2.024222314357757568e-01
1.993051618337631226e-01
1.976457387208938599e-01
2.019531428813934326e-01
2.003678530454635620e-01
1.983584314584732056e-01
2.007437944412231445e-01
1.988561302423477173e-01
1.983415037393569946e-01
2.002064734697341919e-01
1.982003301382064819e-01
2.018459588289260864e-01
2.008231282234191895e-01
2.004055380821228027e-01
1.970344632863998413e-01
2.027325034141540527e-01
2.009827941656112671e-01
2.005273997783660889e-01
1.987010538578033447e-01
1.994267851114273071e-01
1.981756836175918579e-01
2.005587518215179443e-01
1.995407193899154663e-01
2.006752192974090576e-01
2.005290240049362183e-01
2.017107903957366943e-01
1.997125893831253052e-01
1.996968835592269897e-01
1.994499564170837402e-01
2.016387432813644409e-01
2.001294791698455811e-01
1.989377886056900024e-01
2.000677287578582764e-01
2.011943310499191284e-01
1.999288797378540039e-01
1.987246870994567871e-01
1.998236030340194702e-01
1.966245472431182861e-01
1.998994350433349609e-01
2.010012120008468628e-01
1.985402256250381470e-01
1.992293000221252441e-01
1.990375667810440063e-01
2.003123164176940918e-01
2.000501751899719238e-01
1.985844671726226807e-01
1.972516626119613647e-01
1.984894722700119019e-01
1.994182914495468140e-01
1.999591290950775146e-01
2.014955133199691772e-01
2.000499218702316284e-01
2.005203962326049805e-01
1.944562643766403198e-01
2.002434283494949341e-01
2.001207321882247925e-01
1.988414525985717773e-01
1.986182779073715210e-01
1.984838843345642090e-01
2.000245302915573120e-01
1.958978325128555298e-01
1.969763636589050293e-01
1.961087286472320557e-01
1.960476040840148926e-01
1.988752484321594238e-01
1.963091641664505005e-01
1.976341903209686279e-01
1.980201601982116699e-01
1.997073888778686523e-01
1.978593170642852783e-01
1.991593092679977417e-01
1.989023387432098389e-01
1.972818374633789062e-01
1.989940702915191650e-01
1.999885737895965576e-01
1.978351175785064697e-01
1.975756883621215820e-01
1.980007737874984741e-01
1.975602805614471436e-01
1.959888190031051636e-01
1.972009241580963135e-01
1.946871578693389893e-01
1.965162307024002075e-01
1.969853490591049194e-01
1.971343457698822021e-01
1.978546977043151855e-01
1.955079883337020874e-01
1.972289234399795532e-01
1.990976780652999878e-01
1.989945471286773682e-01
1.971445828676223755e-01
1.984154433012008667e-01
1.975036561489105225e-01
1.960185170173645020e-01
1.972600966691970825e-01
1.966569572687149048e-01
1.967762857675552368e-01
1.957657337188720703e-01
1.960721909999847412e-01
1.957246959209442139e-01
1.950024515390396118e-01
1.970705687999725342e-01
1.995591372251510620e-01
1.984566599130630493e-01
1.956081539392471313e-01
1.975604891777038574e-01
1.961201131343841553e-01
1.985675245523452759e-01
1.951790899038314819e-01
1.988124400377273560e-01
1.983250230550765991e-01
1.945589333772659302e-01
1.943110972642898560e-01
1.953568011522293091e-01
1.988124400377273560e-01
