9.710856080055236816e-01
9.633671045303344727e-01
9.568118453025817871e-01
9.491542577743530273e-01
9.399654865264892578e-01
9.303740262985229492e-01
9.195317029953002930e-01
9.048959016799926758e-01
8.882054686546325684e-01
8.714210987091064453e-01
8.488586544990539551e-01
8.272733688354492188e-01
8.003069758415222168e-01
7.723922729492187500e-01
7.404196262359619141e-01
7.094908356666564941e-01
6.740023493766784668e-01
6.409152150154113770e-01
6.170274019241333008e-01
5.770179033279418945e-01
5.505823493003845215e-01
5.614653229713439941e-01
5.226991772651672363e-01
5.179262757301330566e-01
5.083324909210205078e-01
5.190436244010925293e-01
5.287590622901916504e-01
5.136395692825317383e-01
5.112603902816772461e-01
5.123836398124694824e-01
4.997042417526245117e-01
4.830342233180999756e-01
4.777670204639434814e-01
4.710977673530578613e-01
4.627007246017456055e-01
4.723070561885833740e-01
4.669918715953826904e-01
4.750345945358276367e-01
4.594946801662445068e-01
4.712713658809661865e-01
4.655320942401885986e-01
4.629649221897125244e-01
4.555101096630096436e-01
4.539954364299774170e-01
4.616455435752868652e-01
4.605787396430969238e-01
4.393239319324493408e-01
4.441791474819183350e-01
4.388639628887176514e-01
4.281751513481140137e-01
4.369400441646575928e-01
4.433139264583587646e-01
4.313879907131195068e-01
4.199339449405670166e-01
4.242533147335052490e-01
4.236422777175903320e-01
4.248187839984893799e-01
4.171838164329528809e-01
4.192928075790405273e-01
4.188584089279174805e-01
4.157357513904571533e-01
4.129841029644012451e-01
4.198369085788726807e-01
4.116039276123046875e-01
4.129402637481689453e-01
4.088887870311737061e-01
4.042549431324005127e-01
4.087400734424591064e-01
4.024973213672637939e-01
4.029047489166259766e-01
4.053156673908233643e-01
4.000459611415863037e-01
3.996000587940216064e-01
3.957549035549163818e-01
4.025280475616455078e-01
3.965841829776763916e-01
3.925712108612060547e-01
3.970411121845245361e-01
3.948072195053100586e-01
3.931170105934143066e-01
3.911605179309844971e-01
3.880365192890167236e-01
3.891142308712005615e-01
3.882625102996826172e-01
3.835812211036682129e-01
3.816705048084259033e-01
3.835512399673461914e-01
3.824818432331085205e-01
3.799747824668884277e-01
3.777416050434112549e-01
3.780634105205535889e-01
3.769733607769012451e-01
3.821326792240142822e-01
3.773810565471649170e-01
3.704023063182830811e-01
3.756816387176513672e-01
3.743489980697631836e-01
3.768607079982757568e-01
3.689593970775604248e-01
3.709068596363067627e-01
3.729133903980255127e-01
3.709036707878112793e-01
3.729685246944427490e-01
3.696069419384002686e-01
3.657121658325195312e-01
3.634950220584869385e-01
3.680031597614288330e-01
3.650642931461334229e-01
3.649415671825408936e-01
3.623604476451873779e-01
3.687525093555450439e-01
3.599131405353546143e-01
3.614857792854309082e-01
3.594913482666015625e-01
3.564228117465972900e-01
3.578677475452423096e-01
3.571065664291381836e-01
3.525255024433135986e-01
3.534772992134094238e-01
3.567885756492614746e-01
3.576776981353759766e-01
3.553016185760498047e-01
3.560951948165893555e-01
3.484457731246948242e-01
3.497832417488098145e-01
3.435124456882476807e-01
3.494000732898712158e-01
3.476805984973907471e-01
3.478681743144989014e-01
3.492150604724884033e-01
3.452449440956115723e-01
3.477482795715332031e-01
3.483127653598785400e-01
3.455428183078765869e-01
3.433812558650970459e-01
3.421472311019897461e-01
3.414933681488037109e-01
3.433329463005065918e-01
3.436290025711059570e-01
3.399181962013244629e-01
3.388307392597198486e-01
3.400974869728088379e-01
3.381031751632690430e-01
3.371758759021759033e-01
3.409488499164581299e-01
3.336714208126068115e-01
3.347721695899963379e-01
3.324712216854095459e-01
3.338235616683959961e-01
3.339895308017730713e-01
3.294071853160858154e-01
3.278031349182128906e-01
3.314589262008666992e-01
3.295623362064361572e-01
3.319667279720306396e-01
3.280794024467468262e-01
3.274273574352264404e-01
3.261078596115112305e-01
3.246955871582031250e-01
3.266627192497253418e-01
3.258732259273529053e-01
3.269734978675842285e-01
3.216586709022521973e-01
3.255800008773803711e-01
3.225657045841217041e-01
3.235300481319427490e-01
3.214347064495086670e-01
3.243341445922851562e-01
3.192122578620910645e-01
3.189175426959991455e-01
3.205047547817230225e-01
3.213749229907989502e-01
3.143596053123474121e-01
3.196998536586761475e-01
3.195399343967437744e-01
3.162040710449218750e-01
3.183395862579345703e-01
3.131955862045288086e-01
3.141878247261047363e-01
3.137489855289459229e-01
3.138883113861083984e-01
3.125290274620056152e-01
3.115965723991394043e-01
3.123257160186767578e-01
3.107101619243621826e-01
3.087664842605590820e-01
3.098367750644683838e-01
3.091654479503631592e-01
3.088998794555664062e-01
3.078648746013641357e-01
3.096952438354492188e-01
3.102747201919555664e-01
3.037355244159698486e-01
3.062030971050262451e-01
3.057498931884765625e-01
3.084868788719177246e-01
3.017273247241973877e-01
3.051181435585021973e-01
3.077377676963806152e-01
3.024926781654357910e-01
3.024195134639739990e-01
3.040908277034759521e-01
3.023988306522369385e-01
3.043362200260162354e-01
3.014160692691802979e-01
3.025259971618652344e-01
2.997455894947052002e-01
3.013314008712768555e-01
2.967179715633392334e-01
3.032574355602264404e-01
2.985325157642364502e-01
2.972896099090576172e-01
2.974677979946136475e-01
2.959700524806976318e-01
2.940733134746551514e-01
2.935302257537841797e-01
2.978627085685729980e-01
2.950280606746673584e-01
2.948908805847167969e-01
2.919808030128479004e-01
2.935843467712402344e-01
2.946443557739257812e-01
2.904599308967590332e-01
2.936933934688568115e-01
2.890095412731170654e-01
2.915054261684417725e-01
2.920522689819335938e-01
2.933228611946105957e-01
2.945675551891326904e-01
2.888669967651367188e-01
2.888644337654113770e-01
2.902314960956573486e-01
2.912932634353637695e-01
2.858535349369049072e-01
2.842486202716827393e-01
2.881048917770385742e-01
2.845960855484008789e-01
2.897992432117462158e-01
2.844084203243255615e-01
2.847433090209960938e-01
2.854230701923370361e-01
2.858257591724395752e-01
2.831866145133972168e-01
2.866064608097076416e-01
2.852710783481597900e-01
2.849061489105224609e-01
2.849949002265930176e-01
2.838815748691558838e-01
2.850452363491058350e-01
2.841963171958923340e-01
2.832072973251342773e-01
2.804114818572998047e-01
2.813511192798614502e-01
2.805386483669281006e-01
2.819800972938537598e-01
2.815159857273101807e-01
2.787990868091583252e-01
2.799317836761474609e-01
2.787028551101684570e-01
2.802213728427886963e-01
2.791058421134948730e-01
2.795048356056213379e-01
2.819683849811553955e-01
2.785321474075317383e-01
2.774303555488586426e-01
2.721279859542846680e-01
2.763384282588958740e-01
2.772925794124603271e-01
2.829516530036926270e-01
2.757317721843719482e-01
2.735159397125244141e-01
2.736674845218658447e-01
2.746323645114898682e-01
2.740170061588287354e-01
2.723647952079772949e-01
2.741861939430236816e-01
2.744132876396179199e-01
2.733498513698577881e-01
2.704418897628784180e-01
2.730346620082855225e-01
2.711356282234191895e-01
2.678182721138000488e-01
2.690664529800415039e-01
2.712393701076507568e-01
2.704398036003112793e-01
2.705016434192657471e-01
2.685015797615051270e-01
2.717649936676025391e-01
2.693648040294647217e-01
2.690926194190979004e-01
2.672130167484283447e-01
2.682331204414367676e-01
2.683072388172149658e-01
2.670991420745849609e-01
2.666165828704833984e-01
2.686370313167572021e-01
2.669495940208435059e-01
2.635087668895721436e-01
2.627469003200531006e-01
2.690174877643585205e-01
2.599053978919982910e-01
2.660236954689025879e-01
2.666088640689849854e-01
2.674376368522644043e-01
2.664129137992858887e-01
2.646996080875396729e-01
2.634176611900329590e-01
2.658229470252990723e-01
2.637997865676879883e-01
2.638804316520690918e-01
2.655615508556365967e-01
2.610625624656677246e-01
2.615678012371063232e-01
2.643949389457702637e-01
2.607779204845428467e-01
2.606225311756134033e-01
2.571566700935363770e-01
2.600273489952087402e-01
2.599799633026123047e-01
2.599023282527923584e-01
2.606544792652130127e-01
2.582250833511352539e-01
2.602881789207458496e-01
2.563884556293487549e-01
2.583838999271392822e-01
2.600832581520080566e-01
2.610957026481628418e-01
2.569248378276824951e-01
2.564352750778198242e-01
2.535835802555084229e-01
2.595381438732147217e-01
2.578295767307281494e-01
2.561815083026885986e-01
2.601364850997924805e-01
2.574812769889831543e-01
2.559998929500579834e-01
2.548749148845672607e-01
2.541999518871307373e-01
2.523037195205688477e-01
2.535050213336944580e-01
2.556331455707550049e-01
2.526167631149291992e-01
2.581111192703247070e-01
2.551906704902648926e-01
2.558046579360961914e-01
2.505168318748474121e-01
2.562273442745208740e-01
2.519381642341613770e-01
2.537757456302642822e-01
2.550666034221649170e-01
2.538744211196899414e-01
2.518807947635650635e-01
2.502237260341644287e-01
2.531848549842834473e-01
2.544470131397247314e-01
2.505380213260650635e-01
2.499417066574096680e-01
2.508012354373931885e-01
2.505736947059631348e-01
2.495593726634979248e-01
2.499802708625793457e-01
2.492160797119140625e-01
2.480120360851287842e-01
2.491640448570251465e-01
2.468835562467575073e-01
2.481416463851928711e-01
2.466407865285873413e-01
2.483196854591369629e-01
2.485398650169372559e-01
2.456314116716384888e-01
2.464286386966705322e-01
2.478441745042800903e-01
2.474339604377746582e-01
2.494318038225173950e-01
2.487278133630752563e-01
2.453834116458892822e-01
2.440040707588195801e-01
2.461138218641281128e-01
2.490562945604324341e-01
2.441633939743041992e-01
2.430721968412399292e-01
2.483044415712356567e-01
2.464744746685028076e-01
2.436342090368270874e-01
2.451713979244232178e-01
2.429524809122085571e-01
2.433395236730575562e-01
2.434712648391723633e-01
2.450002133846282959e-01
2.451989948749542236e-01
2.440020143985748291e-01
2.447840869426727295e-01
2.438173294067382812e-01
2.397380322217941284e-01
2.401814162731170654e-01
2.429543733596801758e-01
2.416400313377380371e-01
2.399598509073257446e-01
2.431006133556365967e-01
2.384566366672515869e-01
2.415619641542434692e-01
2.401741743087768555e-01
2.427792847156524658e-01
2.402862459421157837e-01
2.404040843248367310e-01
2.396715134382247925e-01
2.390060722827911377e-01
2.392529994249343872e-01
2.390556931495666504e-01
2.387196719646453857e-01
2.400364875793457031e-01
2.395243942737579346e-01
2.387950122356414795e-01
2.351775914430618286e-01
2.371272742748260498e-01
2.381515949964523315e-01
2.385734170675277710e-01
2.391469180583953857e-01
2.403706461191177368e-01
2.365629225969314575e-01
2.365795522928237915e-01
2.367971837520599365e-01
2.417379319667816162e-01
2.376280128955841064e-01
2.382727861404418945e-01
2.342250496149063110e-01
2.376130968332290649e-01
2.368031293153762817e-01
2.370874881744384766e-01
2.323095649480819702e-01
2.394630312919616699e-01
2.361942529678344727e-01
2.367447316646575928e-01
2.346855252981185913e-01
2.353416830301284790e-01
2.346821129322052002e-01
2.337203174829483032e-01
2.312739044427871704e-01
2.346367537975311279e-01
2.343388497829437256e-01
2.332428097724914551e-01
2.352342903614044189e-01
2.342997044324874878e-01
2.329910099506378174e-01
2.328805625438690186e-01
2.365636229515075684e-01
2.343329340219497681e-01
2.345556616783142090e-01
2.315741181373596191e-01
2.294442504644393921e-01
2.348569035530090332e-01
2.326665073633193970e-01
2.326326966285705566e-01
2.326663285493850708e-01
2.322210371494293213e-01
2.342732250690460205e-01
2.318552732467651367e-01
2.318204790353775024e-01
2.303333729505538940e-01
2.317792028188705444e-01
2.343432009220123291e-01
2.294665873050689697e-01
2.288879007101058960e-01
2.322760075330734253e-01
2.291887402534484863e-01
2.293721586465835571e-01
2.309654355049133301e-01
2.300469875335693359e-01
2.318181991577148438e-01
2.314851880073547363e-01
2.311884015798568726e-01
2.266415655612945557e-01
2.278754264116287231e-01
2.303125560283660889e-01
2.295575588941574097e-01
2.285956442356109619e-01
2.290359884500503540e-01
2.274602502584457397e-01
2.269185185432434082e-01
2.283747047185897827e-01
2.274561226367950439e-01
2.297830134630203247e-01
2.268226593732833862e-01
2.291262149810791016e-01
2.293770909309387207e-01
2.266490608453750610e-01
2.277525961399078369e-01
2.270324975252151489e-01
2.278827279806137085e-01
2.277060747146606445e-01
2.271786481142044067e-01
2.267801016569137573e-01
2.253520339727401733e-01
2.257806062698364258e-01
2.252820134162902832e-01
2.274141013622283936e-01
2.277927249670028687e-01
2.238465547561645508e-01
2.232269644737243652e-01
2.227758616209030151e-01
2.288271188735961914e-01
2.243318408727645874e-01
2.246503531932830811e-01
2.238090783357620239e-01
2.272846847772598267e-01
2.238296270370483398e-01
2.261298745870590210e-01
2.243427485227584839e-01
2.238160967826843262e-01
2.254813760519027710e-01
2.232234328985214233e-01
2.247893661260604858e-01
2.243481427431106567e-01
2.224143147468566895e-01
2.246078848838806152e-01
2.226111888885498047e-01
2.277634143829345703e-01
2.209722995758056641e-01
2.214388549327850342e-01
2.230193316936492920e-01
2.259823679924011230e-01
2.221335619688034058e-01
2.214643061161041260e-01
2.246488630771636963e-01
2.212029397487640381e-01
2.253772169351577759e-01
2.223375588655471802e-01
2.250001430511474609e-01
2.230101376771926880e-01
2.215983718633651733e-01
2.199861407279968262e-01
2.236912697553634644e-01
2.237445861101150513e-01
2.227920144796371460e-01
2.209224104881286621e-01
2.215996235609054565e-01
2.212367802858352661e-01
2.221730500459671021e-01
2.195829153060913086e-01
2.208058983087539673e-01
2.220623642206192017e-01
2.233376652002334595e-01
2.198229581117630005e-01
2.191473543643951416e-01
2.214434891939163208e-01
2.216814309358596802e-01
2.220290899276733398e-01
2.207361161708831787e-01
2.209579646587371826e-01
2.205643951892852783e-01
2.207397073507308960e-01
2.197141796350479126e-01
2.177215665578842163e-01
2.220467478036880493e-01
2.218602895736694336e-01
2.206511944532394409e-01
2.203162312507629395e-01
2.216188162565231323e-01
2.188426107168197632e-01
2.198430299758911133e-01
2.199094146490097046e-01
2.186506241559982300e-01
2.180219590663909912e-01
2.157388925552368164e-01
2.159620970487594604e-01
2.192968726158142090e-01
2.183831483125686646e-01
2.181883752346038818e-01
2.195083200931549072e-01
2.184144258499145508e-01
2.168723344802856445e-01
2.172542065382003784e-01
2.201185524463653564e-01
2.175703346729278564e-01
2.179352939128875732e-01
2.158270925283432007e-01
2.197475284337997437e-01
2.174226641654968262e-01
2.205017656087875366e-01
2.203897982835769653e-01
2.176117151975631714e-01
2.202131301164627075e-01
2.183447331190109253e-01
2.194625288248062134e-01
2.174579948186874390e-01
2.164540439844131470e-01
2.194430232048034668e-01
2.163169384002685547e-01
2.167409658432006836e-01
2.172180712223052979e-01
2.186578214168548584e-01
2.155538797378540039e-01
2.169117480516433716e-01
2.175024300813674927e-01
2.167073637247085571e-01
2.156568467617034912e-01
2.152149081230163574e-01
2.154788970947265625e-01
2.141273468732833862e-01
2.152635008096694946e-01
2.146956175565719604e-01
2.133603692054748535e-01
2.141419947147369385e-01
2.155985981225967407e-01
2.117436230182647705e-01
2.175089567899703979e-01
2.131327092647552490e-01
2.164594680070877075e-01
2.160272896289825439e-01
2.164542973041534424e-01
2.154290378093719482e-01
2.145960330963134766e-01
2.141108810901641846e-01
2.138400971889495850e-01
2.181028723716735840e-01
2.143617421388626099e-01
2.166487276554107666e-01
2.119604498147964478e-01
2.142856121063232422e-01
2.117085903882980347e-01
2.140156328678131104e-01
2.153792381286621094e-01
2.129904776811599731e-01
2.154227644205093384e-01
2.114803344011306763e-01
2.140618711709976196e-01
2.147725224494934082e-01
2.122719436883926392e-01
2.124509364366531372e-01
2.145670354366302490e-01
2.122083008289337158e-01
2.124244868755340576e-01
2.138851433992385864e-01
2.135640680789947510e-01
2.124208360910415649e-01
2.127891480922698975e-01
2.122882604598999023e-01
2.121682465076446533e-01
2.111010253429412842e-01
2.112920582294464111e-01
2.118845582008361816e-01
2.126504331827163696e-01
2.112574428319931030e-01
2.100312262773513794e-01
2.134110778570175171e-01
2.129114717245101929e-01
2.138847261667251587e-01
2.113600671291351318e-01
2.117050737142562866e-01
2.129238098859786987e-01
2.139806151390075684e-01
2.107483446598052979e-01
2.111795693635940552e-01
2.140969485044479370e-01
2.111206650733947754e-01
2.120956480503082275e-01
2.151612341403961182e-01
2.111608237028121948e-01
2.119153738021850586e-01
2.103441804647445679e-01
2.079120129346847534e-01
2.115365415811538696e-01
2.088234722614288330e-01
2.108008265495300293e-01
2.120783030986785889e-01
2.083826959133148193e-01
2.118509709835052490e-01
2.089440524578094482e-01
2.109155654907226562e-01
2.093768864870071411e-01
2.099896222352981567e-01
2.101505100727081299e-01
2.071543931961059570e-01
2.091646790504455566e-01
2.103819847106933594e-01
2.069115042686462402e-01
2.091363370418548584e-01
2.101859003305435181e-01
2.089863866567611694e-01
2.109580785036087036e-01
2.095538228750228882e-01
2.115038931369781494e-01
2.079944461584091187e-01
2.101221233606338501e-01
2.091675698757171631e-01
2.103648930788040161e-01
2.083708643913269043e-01
2.079431712627410889e-01
2.110343128442764282e-01
2.100832462310791016e-01
2.089889645576477051e-01
2.076405882835388184e-01
2.102600187063217163e-01
2.084264606237411499e-01
2.088651210069656372e-01
2.065004259347915649e-01
2.095305919647216797e-01
2.089510709047317505e-01
2.108643352985382080e-01
2.063408643007278442e-01
2.070742100477218628e-01
2.072846591472625732e-01
2.077108323574066162e-01
2.077279686927795410e-01
2.077778875827789307e-01
2.078141570091247559e-01
2.073559612035751343e-01
2.081417590379714966e-01
2.064880281686782837e-01
2.067726552486419678e-01
2.078239619731903076e-01
2.054621130228042603e-01
2.054279297590255737e-01
2.081471830606460571e-01
2.084089964628219604e-01
2.070460766553878784e-01
2.065706849098205566e-01
2.076429277658462524e-01
2.078119963407516479e-01
2.065758109092712402e-01
2.062019109725952148e-01
2.061230987310409546e-01
2.050682306289672852e-01
2.091025561094284058e-01
2.049480378627777100e-01
2.083958685398101807e-01
2.076677232980728149e-01
2.080260068178176880e-01
2.096924334764480591e-01
2.069599628448486328e-01
2.049609571695327759e-01
2.076338976621627808e-01
2.053717970848083496e-01
2.052296102046966553e-01
2.060101777315139771e-01
2.065353095531463623e-01
2.074856013059616089e-01
2.049578577280044556e-01
2.044363915920257568e-01
2.069675326347351074e-01
2.069077789783477783e-01
2.051835358142852783e-01
2.045373469591140747e-01
2.031161040067672729e-01
2.050432264804840088e-01
2.026811838150024414e-01
2.069434821605682373e-01
2.053385525941848755e-01
2.050718069076538086e-01
2.055705636739730835e-01
2.046463638544082642e-01
2.040491849184036255e-01
2.021100521087646484e-01
2.044266909360885620e-01
2.046420574188232422e-01
2.039542943239212036e-01
2.075547575950622559e-01
2.035893052816390991e-01
2.044377326965332031e-01
2.045206427574157715e-01
2.029545903205871582e-01
2.057725191116333008e-01
2.042366713285446167e-01
2.027339637279510498e-01
2.035992890596389771e-01
2.044420391321182251e-01
2.021606266498565674e-01
2.043184638023376465e-01
2.021516412496566772e-01
2.023978829383850098e-01
2.058271765708923340e-01
2.041572332382202148e-01
2.034811526536941528e-01
2.039882689714431763e-01
2.046574354171752930e-01
2.045613676309585571e-01
2.024301141500473022e-01
2.036708146333694458e-01
2.016071677207946777e-01
2.032039612531661987e-01
2.036446630954742432e-01
2.006629854440689087e-01
2.015793323516845703e-01
2.048301398754119873e-01
2.021511346101760864e-01
2.037065327167510986e-01
2.015784084796905518e-01
2.016561031341552734e-01
2.035367339849472046e-01
2.032867372035980225e-01
2.033196240663528442e-01
2.024458944797515869e-01
2.032197862863540649e-01
2.023756206035614014e-01
2.008106708526611328e-01
2.022279053926467896e-01
2.035226225852966309e-01
1.992069035768508911e-01
2.025238275527954102e-01
2.048154324293136597e-01
2.042338252067565918e-01
2.039219737052917480e-01
2.006928473711013794e-01
2.007164508104324341e-01
2.013039588928222656e-01
2.032981067895889282e-01
2.006532400846481323e-01
2.039306461811065674e-01
2.022490352392196655e-01
2.015557438135147095e-01
2.019448131322860718e-01
1.985676288604736328e-01
1.996788978576660156e-01
1.987084895372390747e-01
2.006575018167495728e-01
2.031951695680618286e-01
2.006327807903289795e-01
1.990392059087753296e-01
2.020234614610671997e-01
2.004412412643432617e-01
2.019044458866119385e-01
2.028623074293136597e-01
2.002593427896499634e-01
2.008246928453445435e-01
1.998199075460433960e-01
1.983064562082290649e-01
2.022040039300918579e-01
1.997492909431457520e-01
2.006973773241043091e-01
1.998820602893829346e-01
1.994509994983673096e-01
1.992210447788238525e-01
2.008913457393646240e-01
2.000745534896850586e-01
1.997992247343063354e-01
1.997790336608886719e-01
1.999788284301757812e-01
2.005648612976074219e-01
1.995720714330673218e-01
2.001990526914596558e-01
1.998817026615142822e-01
2.005522996187210083e-01
1.994129866361618042e-01
2.007652819156646729e-01
1.969241052865982056e-01
1.969725936651229858e-01
2.007475495338439941e-01
1.988636106252670288e-01
1.996273696422576904e-01
1.995433270931243896e-01
1.991669833660125732e-01
1.980403214693069458e-01
1.969217061996459961e-01
1.984551548957824707e-01
1.982658952474594116e-01
1.955528110265731812e-01
1.988916248083114624e-01
1.961155235767364502e-01
1.967875659465789795e-01
1.971384286880493164e-01
1.974225789308547974e-01
1.978465318679809570e-01
1.985063850879669189e-01
1.979423910379409790e-01
1.974069625139236450e-01
1.991384029388427734e-01
1.975241601467132568e-01
1.974592804908752441e-01
1.976201981306076050e-01
1.991832107305526733e-01
1.962304115295410156e-01
1.963578313589096069e-01
1.984333992004394531e-01
1.987457722425460815e-01
1.978352963924407959e-01
1.978861838579177856e-01
1.964462399482727051e-01
1.968853771686553955e-01
1.965648531913757324e-01
1.964418590068817139e-01
1.987174600362777710e-01
1.982358992099761963e-01
1.969036161899566650e-01
1.953767687082290649e-01
1.968421339988708496e-01
1.978851556777954102e-01
1.971008479595184326e-01
1.959293931722640991e-01
1.990000009536743164e-01
1.955828368663787842e-01
1.980044692754745483e-01
1.977130919694900513e-01
1.963174343109130859e-01
1.981866806745529175e-01
1.994199305772781372e-01
1.949103176593780518e-01
1.951459795236587524e-01
1.979562044143676758e-01
1.975012719631195068e-01
1.964671909809112549e-01
1.949849724769592285e-01
1.969891190528869629e-01
1.956809759140014648e-01
1.962818950414657593e-01
1.986446231603622437e-01
1.981403380632400513e-01
1.938415616750717163e-01
1.944217979907989502e-01
1.940718591213226318e-01
1.970491558313369751e-01
1.931317895650863647e-01
1.960882544517517090e-01
1.943932771682739258e-01
1.925732195377349854e-01
1.944461464881896973e-01
1.934262067079544067e-01
1.937111467123031616e-01
1.958543360233306885e-01
1.954849511384963989e-01
1.953534185886383057e-01
1.948202550411224365e-01
1.947513371706008911e-01
1.952490359544754028e-01
1.948909759521484375e-01
1.932266503572463989e-01
1.944199949502944946e-01
1.958398371934890747e-01
1.954149305820465088e-01
1.934823691844940186e-01
1.958336383104324341e-01
1.938699334859848022e-01
1.942700594663619995e-01
1.924491822719573975e-01
1.913614124059677124e-01
1.927808821201324463e-01
1.946398019790649414e-01
1.935127675533294678e-01
1.943079233169555664e-01
1.935660392045974731e-01
1.945449858903884888e-01
1.945642977952957153e-01
1.946848332881927490e-01
1.927621811628341675e-01
1.915689259767532349e-01
1.927608549594879150e-01
1.921057701110839844e-01
1.930603235960006714e-01
1.943489909172058105e-01
1.926469802856445312e-01
1.939798295497894287e-01
1.931722760200500488e-01
1.928154230117797852e-01
1.928731352090835571e-01
1.939488053321838379e-01
1.926700472831726074e-01
1.937297284603118896e-01
1.940623521804809570e-01
1.955599635839462280e-01
1.936015039682388306e-01
1.937358230352401733e-01
1.934959441423416138e-01
1.922346353530883789e-01
1.912945359945297241e-01
1.942163705825805664e-01
1.949384808540344238e-01
1.914818733930587769e-01
1.944106519222259521e-01
1.908151507377624512e-01
1.916221380233764648e-01
1.930373013019561768e-01
1.923046708106994629e-01
1.937522590160369873e-01
1.929576843976974487e-01
1.917712390422821045e-01
1.934409886598587036e-01
1.900706738233566284e-01
1.925085783004760742e-01
1.922628283500671387e-01
1.934117525815963745e-01
1.912929713726043701e-01
1.916168481111526489e-01
1.917819827795028687e-01
1.892011612653732300e-01
1.930779963731765747e-01
1.940981894731521606e-01
1.918542981147766113e-01
1.937695443630218506e-01
1.954802572727203369e-01
1.923529803752899170e-01
1.902977973222732544e-01
1.918290108442306519e-01
1.925235688686370850e-01
1.918472051620483398e-01
1.896492093801498413e-01
1.881127506494522095e-01
1.916385143995285034e-01
1.924575120210647583e-01
1.912039220333099365e-01
1.905128955841064453e-01
1.902406513690948486e-01
2.059701681137084961e-01
2.099170684814453125e-01
2.075958251953125000e-01
2.075223922729492188e-01
2.105327546596527100e-01
2.055004239082336426e-01
2.069135308265686035e-01
2.062741667032241821e-01
2.057316750288009644e-01
2.069990932941436768e-01
2.085778266191482544e-01
2.052299380302429199e-01
2.075659483671188354e-01
2.076535373926162720e-01
2.071894556283950806e-01
2.081026434898376465e-01
2.050181776285171509e-01
2.069047093391418457e-01
2.046689242124557495e-01
2.057508081197738647e-01
2.084416300058364868e-01
2.071503251791000366e-01
2.053451985120773315e-01
2.049905508756637573e-01
2.057924419641494751e-01
2.067593634128570557e-01
2.065024524927139282e-01
2.061259895563125610e-01
2.063797712326049805e-01
2.028307616710662842e-01
2.045475840568542480e-01
2.051939815282821655e-01
2.068441510200500488e-01
2.058328092098236084e-01
2.069050371646881104e-01
2.050847113132476807e-01
2.055386006832122803e-01
2.066432535648345947e-01
2.073331326246261597e-01
2.049200087785720825e-01
2.033709138631820679e-01
2.066745907068252563e-01
2.049999833106994629e-01
2.030700594186782837e-01
2.048367410898208618e-01
2.091819941997528076e-01
2.046959400177001953e-01
2.035844922065734863e-01
2.055014818906784058e-01
2.053454220294952393e-01
2.052989155054092407e-01
2.088622748851776123e-01
2.028015851974487305e-01
2.052442580461502075e-01
2.041213214397430420e-01
2.059340029954910278e-01
2.047173827886581421e-01
2.055107504129409790e-01
2.036081701517105103e-01
2.049680799245834351e-01
2.077812403440475464e-01
2.041450887918472290e-01
2.050065249204635620e-01
2.038399428129196167e-01
2.035212516784667969e-01
2.036193013191223145e-01
2.046325951814651489e-01
2.049933075904846191e-01
2.052007913589477539e-01
2.059644907712936401e-01
2.029236704111099243e-01
2.027299255132675171e-01
2.019246965646743774e-01
2.041220217943191528e-01
2.045502066612243652e-01
2.052147388458251953e-01
2.053009122610092163e-01
2.008169591426849365e-01
2.061836719512939453e-01
2.025044709444046021e-01
2.044844478368759155e-01
2.036545276641845703e-01
2.019668072462081909e-01
2.056372314691543579e-01
2.031584382057189941e-01
2.035519182682037354e-01
2.020909488201141357e-01
2.007071822881698608e-01
2.055429518222808838e-01
2.030797600746154785e-01
2.046866863965988159e-01
2.021834999322891235e-01
2.019393891096115112e-01
2.011630386114120483e-01
2.034018039703369141e-01
2.037209421396255493e-01
2.020596712827682495e-01
2.025578618049621582e-01
2.032547295093536377e-01
2.034780532121658325e-01
2.021549046039581299e-01
2.007180452346801758e-01
2.039517462253570557e-01
2.020193636417388916e-01
2.008545696735382080e-01
2.069268673658370972e-01
2.033470273017883301e-01
2.041987180709838867e-01
2.024617046117782593e-01
2.037537693977355957e-01
2.021767944097518921e-01
2.009287029504776001e-01
2.013333886861801147e-01
2.051904946565628052e-01
2.033087909221649170e-01
1.994713991880416870e-01
2.011222243309020996e-01
2.021052539348602295e-01
2.027915418148040771e-01
2.010135650634765625e-01
2.021074742078781128e-01
2.019466161727905273e-01
2.015051394701004028e-01
2.021560370922088623e-01
2.016509771347045898e-01
2.045949548482894897e-01
1.998888105154037476e-01
2.019885182380676270e-01
2.034597098827362061e-01
2.005447596311569214e-01
2.010339647531509399e-01
2.004836350679397583e-01
1.981092393398284912e-01
2.036378234624862671e-01
2.005140334367752075e-01
2.019099742174148560e-01
1.992949098348617554e-01
1.997362375259399414e-01
2.040981948375701904e-01
1.995863318443298340e-01
2.033766508102416992e-01
2.020937502384185791e-01
2.007506340742111206e-01
2.031588256359100342e-01
2.010146826505661011e-01
2.023626863956451416e-01
2.026236206293106079e-01
2.012816965579986572e-01
1.996115446090698242e-01
1.978890597820281982e-01
2.023545503616333008e-01
2.013448625802993774e-01
1.999636143445968628e-01
2.001663893461227417e-01
2.025968283414840698e-01
2.000265717506408691e-01
1.994520425796508789e-01
1.999433785676956177e-01
1.995903700590133667e-01
2.000412791967391968e-01
1.980003267526626587e-01
2.008605003356933594e-01
1.994493454694747925e-01
1.999555528163909912e-01
1.990386396646499634e-01
1.995328813791275024e-01
2.006231844425201416e-01
1.980762928724288940e-01
1.987744271755218506e-01
1.996610462665557861e-01
2.023163884878158569e-01
1.988324522972106934e-01
1.998493522405624390e-01
2.000407278537750244e-01
2.002317160367965698e-01
1.999392211437225342e-01
2.017779052257537842e-01
2.003717273473739624e-01
2.009572386741638184e-01
2.009604573249816895e-01
1.982580572366714478e-01
1.985749304294586182e-01
1.988773345947265625e-01
1.974594295024871826e-01
1.997404992580413818e-01
1.999215781688690186e-01
1.991505026817321777e-01
1.987531185150146484e-01
2.016373276710510254e-01
1.993578374385833740e-01
1.989762783050537109e-01
1.966724246740341187e-01
1.986035406589508057e-01
1.984494030475616455e-01
2.012574821710586548e-01
1.996887922286987305e-01
1.992487460374832153e-01
1.992746442556381226e-01
1.986208409070968628e-01
1.973122358322143555e-01
1.985313594341278076e-01
1.979091465473175049e-01
2.005791515111923218e-01
1.986375898122787476e-01
1.989332139492034912e-01
1.960649043321609497e-01
1.965977102518081665e-01
1.988863050937652588e-01
1.990415453910827637e-01
1.998270601034164429e-01
1.982288211584091187e-01
2.012980878353118896e-01
1.974213421344757080e-01
1.967697143554687500e-01
1.972629874944686890e-01
1.995564848184585571e-01
1.970821022987365723e-01
1.985727995634078979e-01
1.979507207870483398e-01
1.977176219224929810e-01
1.932628154754638672e-01
1.965914666652679443e-01
1.982062906026840210e-01
1.992109715938568115e-01
1.976434141397476196e-01
1.987629532814025879e-01
1.965007632970809937e-01
1.983901411294937134e-01
1.967097967863082886e-01
1.973097473382949829e-01
1.978637874126434326e-01
1.963524818420410156e-01
1.966167986392974854e-01
1.985383778810501099e-01
1.988519579172134399e-01
1.977431476116180420e-01
1.955396682024002075e-01
1.987868547439575195e-01
1.948583722114562988e-01
1.961994320154190063e-01
1.964821666479110718e-01
1.972385793924331665e-01
1.990219652652740479e-01
1.998757570981979370e-01
1.960381120443344116e-01
1.964012384414672852e-01
1.980578452348709106e-01
1.967280209064483643e-01
1.969619095325469971e-01
1.977226436138153076e-01
1.967917531728744507e-01
1.951499134302139282e-01
1.953168660402297974e-01
1.959315836429595947e-01
1.979314535856246948e-01
1.958079487085342407e-01
1.973177939653396606e-01
1.987733691930770874e-01
1.965826153755187988e-01
1.967853754758834839e-01
1.959857195615768433e-01
1.958632022142410278e-01
1.987430006265640259e-01
1.999171227216720581e-01
1.957580894231796265e-01
1.967620700597763062e-01
1.955276280641555786e-01
1.946251988410949707e-01
1.954832673072814941e-01
1.979903578758239746e-01
1.979769915342330933e-01
1.956946700811386108e-01
1.977561861276626587e-01
1.936155110597610474e-01
1.946832239627838135e-01
1.950466632843017578e-01
1.950736045837402344e-01
1.972916126251220703e-01
1.985567659139633179e-01
1.974580138921737671e-01
1.968110799789428711e-01
1.958121508359909058e-01
1.977884173393249512e-01
1.950740963220596313e-01
1.954727172851562500e-01
1.976310759782791138e-01
1.958899050951004028e-01
1.953354179859161377e-01
1.977432072162628174e-01
1.931896060705184937e-01
1.932272911071777344e-01
1.952779144048690796e-01
1.975366324186325073e-01
1.954935938119888306e-01
1.924791187047958374e-01
1.962920725345611572e-01
1.967687904834747314e-01
1.932188719511032104e-01
1.984835118055343628e-01
1.946274787187576294e-01
1.957235038280487061e-01
1.946841627359390259e-01
1.934173107147216797e-01
1.945810467004776001e-01
1.945649683475494385e-01
1.938363909721374512e-01
1.935554295778274536e-01
1.934271007776260376e-01
1.961319297552108765e-01
1.962268352508544922e-01
1.949766874313354492e-01
1.950543671846389771e-01
1.978206783533096313e-01
1.963004916906356812e-01
1.927232295274734497e-01
1.942786723375320435e-01
1.921851933002471924e-01
1.932815760374069214e-01
1.968266963958740234e-01
1.954888850450515747e-01
1.942706704139709473e-01
1.970696151256561279e-01
1.925672441720962524e-01
1.926042139530181885e-01
1.953299045562744141e-01
1.938038021326065063e-01
1.961124986410140991e-01
1.922797262668609619e-01
1.923265457153320312e-01
1.964895874261856079e-01
1.900118589401245117e-01
1.935437023639678955e-01
1.942981481552124023e-01
1.960594952106475830e-01
1.937409043312072754e-01
1.940138489007949829e-01
1.925540566444396973e-01
1.951372623443603516e-01
1.959114074707031250e-01
1.936298906803131104e-01
1.955886930227279663e-01
1.963225156068801880e-01
1.948862969875335693e-01
1.944871544837951660e-01
1.933566927909851074e-01
1.915356814861297607e-01
1.946356445550918579e-01
1.963317692279815674e-01
1.946482658386230469e-01
1.957456767559051514e-01
1.934112161397933960e-01
1.953232586383819580e-01
1.915947347879409790e-01
1.923201531171798706e-01
1.939371675252914429e-01
1.930204629898071289e-01
1.928434967994689941e-01
1.919374614953994751e-01
1.941172480583190918e-01
1.947965025901794434e-01
1.961569935083389282e-01
1.939171850681304932e-01
1.964699178934097290e-01
1.935931891202926636e-01
1.946161687374114990e-01
1.927033364772796631e-01
1.957899034023284912e-01
1.930866390466690063e-01
1.922579258680343628e-01
1.939163506031036377e-01
1.944617331027984619e-01
1.940875351428985596e-01
1.935542821884155273e-01
1.947908401489257812e-01
1.903910636901855469e-01
1.924588382244110107e-01
1.937720477581024170e-01
1.887814402580261230e-01
1.936950981616973877e-01
1.931043863296508789e-01
1.939861774444580078e-01
1.940521150827407837e-01
1.917679458856582642e-01
1.918997019529342651e-01
1.932150721549987793e-01
1.942682713270187378e-01
1.937954872846603394e-01
1.928866803646087646e-01
1.925209760665893555e-01
1.921517252922058105e-01
1.911975890398025513e-01
1.912821978330612183e-01
1.942015290260314941e-01
1.933414191007614136e-01
1.914744973182678223e-01
1.927674114704132080e-01
1.903197467327117920e-01
1.930402219295501709e-01
1.933011263608932495e-01
1.942354291677474976e-01
1.919892132282257080e-01
1.906548142433166504e-01
1.939896047115325928e-01
1.918885111808776855e-01
1.915722340345382690e-01
1.914404481649398804e-01
1.904944777488708496e-01
1.912777274847030640e-01
1.911410093307495117e-01
1.926082223653793335e-01
1.922910511493682861e-01
1.932133734226226807e-01
1.919793188571929932e-01
1.898470073938369751e-01
1.912499964237213135e-01
1.929033249616622925e-01
1.935521811246871948e-01
1.889952570199966431e-01
1.913643032312393188e-01
1.942667663097381592e-01
1.933374106884002686e-01
1.898955404758453369e-01
1.961497813463211060e-01
1.913678199052810669e-01
1.927959322929382324e-01
1.935588270425796509e-01
1.900799870491027832e-01
1.901065111160278320e-01
1.922120302915573120e-01
1.930815130472183228e-01
1.897068172693252563e-01
1.904941499233245850e-01
1.915096342563629150e-01
1.913502663373947144e-01
1.904828697443008423e-01
1.925353556871414185e-01
1.907715946435928345e-01
1.905166953802108765e-01
1.926774978637695312e-01
1.922848671674728394e-01
1.920709013938903809e-01
1.909534186124801636e-01
1.943499743938446045e-01
1.901490241289138794e-01
1.897637546062469482e-01
1.943662315607070923e-01
1.934772133827209473e-01
1.886207312345504761e-01
1.880004107952117920e-01
1.896943151950836182e-01
1.903863996267318726e-01
1.896872818470001221e-01
1.909697502851486206e-01
1.937514990568161011e-01
1.922422349452972412e-01
1.886509507894515991e-01
1.917414218187332153e-01
1.922371685504913330e-01
1.908539384603500366e-01
1.891612559556961060e-01
1.902074813842773438e-01
1.901003569364547729e-01
1.898144036531448364e-01
1.912117898464202881e-01
1.886868476867675781e-01
1.927535682916641235e-01
1.922835707664489746e-01
1.907698810100555420e-01
1.911034584045410156e-01
1.917609572410583496e-01
1.941616684198379517e-01
1.895160526037216187e-01
1.885710656642913818e-01
1.878454685211181641e-01
1.916542500257492065e-01
1.896905750036239624e-01
1.909262835979461670e-01
1.896781027317047119e-01
1.880016475915908813e-01
1.893684267997741699e-01
1.901789903640747070e-01
1.894768923521041870e-01
1.895454078912734985e-01
1.973125189542770386e-01
1.904136240482330322e-01
1.882224529981613159e-01
1.886525899171829224e-01
1.903090775012969971e-01
1.900311857461929321e-01
1.912391930818557739e-01
1.882319450378417969e-01
1.889684051275253296e-01
1.870764046907424927e-01
1.903686523437500000e-01
1.903943568468093872e-01
1.896631568670272827e-01
1.883085817098617554e-01
1.907605379819869995e-01
1.895840018987655640e-01
1.878661960363388062e-01
