1.774497809410095162e+00
1.419813399314880265e+00
1.283227525949478087e+00
1.135622902512550381e+00
1.054171792268753016e+00
9.728073632717132435e-01
9.175320655107498391e-01
7.874492245912552146e-01
7.865026551485061468e-01
7.721213874220848039e-01
7.696598166227340831e-01
7.346776261925697105e-01
7.193052548170090210e-01
7.099868884682655201e-01
5.982154127955436884e-01
5.657369852066039817e-01
5.856565383076667297e-01
5.862557750940322610e-01
5.714229178428650302e-01
5.733345133066177768e-01
5.726552972197532787e-01
4.203100928664207370e-01
4.360723996162414462e-01
4.286663931608200029e-01
4.360071510076523049e-01
4.405286684632301331e-01
4.637017765641212597e-01
4.668226382136345110e-01
3.237219424545764723e-01
3.327600553631782643e-01
3.366712959110736980e-01
3.412634946405887493e-01
3.349713227152824602e-01
3.515568372607231207e-01
3.519478207826614580e-01
2.771333059668540932e-01
2.566849696636199774e-01
2.584159781038761206e-01
2.738564293086528934e-01
2.716841699182987457e-01
2.832298585772514143e-01
2.829580599069595470e-01
2.216407090425491222e-01
2.219229030609130848e-01
2.216519689559936501e-01
2.225768660008907440e-01
2.284791250526904960e-01
2.400547243654727880e-01
2.455837272107601055e-01
1.980742962658405271e-01
2.029424409568309773e-01
2.100891381502151545e-01
2.111434796452522356e-01
2.061013182997703530e-01
2.210598967969417683e-01
2.154329049587249689e-01
1.922224873304367032e-01
1.884464010596275385e-01
1.960142835974693354e-01
1.956082864105701535e-01
1.946737097203731504e-01
2.019920496642589602e-01
2.064458826184272788e-01
1.835707155615091402e-01
1.825208370387554069e-01
1.814066818356513955e-01
1.842417654395103466e-01
1.820143950730562232e-01
1.856204720586538404e-01
1.897943024337291618e-01
8.248038068413734991e-02
1.549300879240035900e-01
1.658804294839501259e-01
1.719541719183325656e-01
1.481428272649645828e-01
1.490706793963909038e-01
1.502944237552583107e-01
1.203471996262669569e-01
8.986145428381860090e-02
8.116218567825854435e-02
9.863960696384310722e-02
1.096233552135527090e-01
1.148367800936102856e-01
1.154341937229037274e-01
5.828188814688473746e-02
6.566469484474510288e-02
8.350254484452307446e-02
8.594009657856077622e-02
9.771150283515453450e-02
9.085303418338298853e-02
9.964000468607991934e-02
5.036773291882127440e-02
5.283988347509875616e-02
7.686518210684881169e-02
7.599768768996000012e-02
7.317852548789233191e-02
8.529268372338265347e-02
8.116156704723835602e-02
6.414666904602199515e-02
7.170633446192369032e-02
7.171092236880212412e-02
6.578488541301340253e-02
6.296380961663089471e-02
7.048245348501951113e-02
9.154663270805031561e-02
