1.473177281618118339e+00
1.075068899393081701e+00
9.416450047492981312e-01
8.356956648826598943e-01
7.834634190797805653e-01
7.305088913440704879e-01
7.019742566347122459e-01
8.712733164429664612e-01
8.627784866094588834e-01
8.212059509754180420e-01
8.132251471281051192e-01
7.789432007074356124e-01
7.610224941372871754e-01
7.423236986994743436e-01
5.896228760480880515e-01
5.538279256224631908e-01
5.696332964301109580e-01
5.637249085307121099e-01
5.826453226804733099e-01
5.843575334548950506e-01
5.937109932303428206e-01
3.787925639748573325e-01
3.647792187333107061e-01
4.162023884057998724e-01
3.877340495586395486e-01
4.111974023282528035e-01
4.125156797468662040e-01
4.266233585774898418e-01
2.373227230459451775e-01
2.425077709555625849e-01
2.462473165243864170e-01
2.657654396444559253e-01
2.790390984714031242e-01
2.897545766830444403e-01
2.970891912281513059e-01
1.652773350477218517e-01
1.640336354821920473e-01
1.806464250385761139e-01
1.746244148537516583e-01
2.016494455188512780e-01
2.122141253948211792e-01
2.141604625433683462e-01
1.216876121237873976e-01
1.356353083252906933e-01
1.295459731668233971e-01
1.361007973551750239e-01
1.308517591468989771e-01
1.465996767580509119e-01
1.567629880458116520e-01
1.005322649143636227e-01
9.454547096975148002e-02
1.187210997752845276e-01
1.120047875866293924e-01
1.261675978824496336e-01
1.324102805554866757e-01
1.333238876424729935e-01
8.672637127339839769e-02
9.594196277670562212e-02
9.964201670605689343e-02
1.192984671983867845e-01
1.176644096337258749e-01
1.336549707874655768e-01
1.118270983360707821e-01
7.544389358256012312e-02
7.431031573563813553e-02
9.600672772154211776e-02
1.051146715879440335e-01
1.063964689616113957e-01
1.003473396785557331e-01
9.050750127993524574e-02
7.735895595513284095e-02
7.737613358534872754e-02
9.151100171264260619e-02
9.434121181257068556e-02
8.291800816077739278e-02
9.476887821219862063e-02
9.870078830048441276e-02
6.257695636246353443e-02
7.271616281010211125e-02
7.008976430166512228e-02
8.159374288283288701e-02
7.484551427653059197e-02
9.532561222091316677e-02
8.273643218912184183e-02
7.616608864627778808e-02
7.529020257992670440e-02
6.815568513702600917e-02
8.101887507364154140e-02
7.476757692173123526e-02
8.154705930617638099e-02
8.431208157329819763e-02
5.318150718230753998e-02
5.221423060283995887e-02
7.525925654685124144e-02
8.160608795704320240e-02
9.419801371172070725e-02
8.364541616756468456e-02
9.678811259567737801e-02
6.244721629191189727e-02
5.945297555066644812e-02
6.884422438684850709e-02
7.653331163572146822e-02
5.949413099093362606e-02
7.440606431104242191e-02
8.512616332853212286e-02
