7.163314223289489746e-01
7.094253897666931152e-01
7.025218009948730469e-01
6.957670450210571289e-01
6.886702775955200195e-01
6.801218390464782715e-01
6.703847646713256836e-01
6.594793200492858887e-01
6.460708379745483398e-01
6.329314708709716797e-01
6.164726614952087402e-01
5.987824201583862305e-01
5.772988200187683105e-01
5.571306347846984863e-01
5.328378081321716309e-01
5.060147643089294434e-01
4.782282710075378418e-01
4.496884942054748535e-01
4.185653924942016602e-01
3.848286569118499756e-01
3.706724941730499268e-01
3.425383865833282471e-01
3.363819420337677002e-01
3.240698575973510742e-01
3.240425288677215576e-01
3.329457044601440430e-01
3.255028128623962402e-01
3.278457224369049072e-01
3.230047225952148438e-01
3.058003783226013184e-01
3.028015494346618652e-01
3.017520308494567871e-01
2.860461771488189697e-01
2.800741791725158691e-01
2.769170403480529785e-01
2.865996956825256348e-01
2.855235636234283447e-01
2.793801724910736084e-01
2.945801317691802979e-01
2.767660617828369141e-01
2.736393809318542480e-01
2.648329436779022217e-01
2.603411674499511719e-01
2.645297348499298096e-01
2.554929852485656738e-01
2.485363483428955078e-01
2.491839528083801270e-01
2.485126107931137085e-01
2.467252463102340698e-01
2.452826499938964844e-01
2.452593296766281128e-01
2.468177825212478638e-01
2.429839074611663818e-01
2.355674654245376587e-01
2.416686415672302246e-01
2.351226657629013062e-01
2.318026274442672729e-01
2.292537689208984375e-01
2.280854880809783936e-01
2.242251932621002197e-01
2.264952063560485840e-01
2.230468392372131348e-01
2.206169515848159790e-01
2.204455137252807617e-01
2.193641066551208496e-01
2.181562930345535278e-01
2.171442806720733643e-01
2.174055725336074829e-01
2.143313288688659668e-01
2.110913395881652832e-01
2.117506414651870728e-01
2.151456922292709351e-01
2.091761231422424316e-01
2.052938044071197510e-01
2.087472230195999146e-01
2.073874920606613159e-01
2.061700969934463501e-01
2.010431289672851562e-01
2.015042603015899658e-01
2.021937966346740723e-01
2.043230682611465454e-01
1.998956054449081421e-01
1.993978172540664673e-01
1.949891597032546997e-01
1.961724609136581421e-01
1.977776736021041870e-01
1.957065910100936890e-01
1.947917938232421875e-01
1.944620907306671143e-01
1.971747875213623047e-01
1.928914189338684082e-01
1.882890611886978149e-01
1.933527290821075439e-01
1.916689276695251465e-01
1.861731112003326416e-01
1.858915388584136963e-01
1.859305202960968018e-01
1.850688308477401733e-01
1.800907850265502930e-01
1.836319863796234131e-01
1.824624836444854736e-01
1.858302056789398193e-01
1.825054734945297241e-01
1.781056523323059082e-01
1.806843578815460205e-01
1.776999980211257935e-01
1.800652444362640381e-01
1.785065382719039917e-01
1.768698692321777344e-01
1.766923666000366211e-01
1.776439398527145386e-01
1.749872416257858276e-01
1.763800382614135742e-01
1.736363321542739868e-01
1.741915047168731689e-01
1.753893792629241943e-01
1.705497950315475464e-01
1.691304892301559448e-01
1.709946542978286743e-01
1.732610613107681274e-01
1.690719723701477051e-01
1.702717691659927368e-01
1.680485308170318604e-01
1.655621826648712158e-01
1.670637279748916626e-01
1.668116450309753418e-01
1.685024201869964600e-01
1.658708304166793823e-01
1.639528870582580566e-01
1.685967743396759033e-01
1.658101975917816162e-01
1.608749181032180786e-01
1.619938611984252930e-01
1.618798077106475830e-01
1.592286527156829834e-01
1.603307723999023438e-01
1.587998420000076294e-01
1.582522541284561157e-01
1.585333049297332764e-01
1.597899794578552246e-01
1.575767397880554199e-01
1.530514210462570190e-01
1.556981354951858521e-01
1.567152142524719238e-01
1.583043783903121948e-01
1.571407467126846313e-01
1.531236916780471802e-01
1.548653692007064819e-01
1.529706418514251709e-01
1.508357822895050049e-01
1.521428525447845459e-01
1.523516327142715454e-01
1.503415107727050781e-01
1.508965492248535156e-01
1.520219445228576660e-01
1.491466015577316284e-01
1.486979573965072632e-01
1.485505551099777222e-01
1.486112177371978760e-01
1.503275185823440552e-01
1.468852460384368896e-01
1.468360424041748047e-01
1.456762850284576416e-01
1.441810876131057739e-01
1.427118480205535889e-01
1.455013453960418701e-01
1.440996825695037842e-01
1.451486647129058838e-01
1.418843567371368408e-01
1.440214663743972778e-01
1.419061720371246338e-01
1.430620998144149780e-01
1.402083635330200195e-01
1.410845071077346802e-01
1.397261917591094971e-01
1.375632137060165405e-01
1.397846341133117676e-01
1.386094391345977783e-01
1.394553333520889282e-01
1.367650330066680908e-01
1.377588510513305664e-01
1.361619830131530762e-01
1.388420015573501587e-01
1.374282687902450562e-01
1.382322609424591064e-01
1.364961415529251099e-01
1.339587122201919556e-01
1.345799863338470459e-01
1.353250741958618164e-01
1.354247331619262695e-01
1.317283511161804199e-01
1.338445246219635010e-01
1.316502392292022705e-01
1.330014020204544067e-01
1.291541159152984619e-01
1.316875219345092773e-01
1.306121051311492920e-01
1.280753612518310547e-01
1.294080764055252075e-01
1.317768692970275879e-01
1.293106079101562500e-01
1.280220001935958862e-01
1.300074756145477295e-01
1.293501108884811401e-01
1.263779997825622559e-01
1.278829425573348999e-01
1.268579661846160889e-01
1.263201385736465454e-01
1.278138309717178345e-01
1.257421076297760010e-01
1.249774098396301270e-01
1.237870901823043823e-01
1.220156326889991760e-01
1.227266788482666016e-01
1.212865412235260010e-01
1.235961839556694031e-01
1.234313249588012695e-01
1.233054026961326599e-01
1.212652102112770081e-01
1.214855611324310303e-01
1.208583116531372070e-01
1.215017586946487427e-01
1.212364733219146729e-01
1.175854057073593140e-01
1.186571270227432251e-01
1.189625561237335205e-01
1.160739511251449585e-01
1.200811415910720825e-01
1.183242350816726685e-01
1.159081682562828064e-01
1.160656511783599854e-01
1.139731854200363159e-01
1.143334358930587769e-01
1.145907938480377197e-01
1.149307191371917725e-01
1.171510815620422363e-01
1.139170527458190918e-01
1.138908863067626953e-01
1.155757755041122437e-01
1.129998639225959778e-01
1.155180186033248901e-01
1.131759136915206909e-01
1.122652962803840637e-01
1.131738945841789246e-01
1.107468903064727783e-01
1.104812622070312500e-01
1.120342165231704712e-01
1.122008264064788818e-01
1.119441092014312744e-01
1.082260087132453918e-01
1.079725399613380432e-01
1.097499430179595947e-01
1.108585447072982788e-01
1.091111898422241211e-01
1.104136779904365540e-01
1.090074926614761353e-01
1.075758337974548340e-01
1.050942316651344299e-01
1.064099371433258057e-01
1.071159020066261292e-01
1.037039458751678467e-01
1.057023555040359497e-01
1.080442070960998535e-01
1.082498729228973389e-01
1.040814071893692017e-01
1.041096299886703491e-01
1.035042703151702881e-01
1.051296889781951904e-01
1.038351953029632568e-01
1.043514013290405273e-01
1.031235605478286743e-01
1.032851487398147583e-01
1.013737320899963379e-01
1.001549139618873596e-01
1.022992879152297974e-01
1.031512990593910217e-01
1.013615801930427551e-01
1.040468141436576843e-01
1.010635271668434143e-01
9.869807958602905273e-02
9.999138116836547852e-02
1.008937209844589233e-01
1.008753851056098938e-01
1.022565662860870361e-01
9.727323055267333984e-02
9.999524801969528198e-02
9.841567277908325195e-02
9.797124564647674561e-02
9.833794832229614258e-02
9.903842955827713013e-02
9.617266058921813965e-02
9.968429058790206909e-02
9.576502442359924316e-02
9.641968458890914917e-02
9.653128683567047119e-02
9.682233631610870361e-02
9.448508918285369873e-02
9.462717920541763306e-02
9.623501449823379517e-02
9.363535791635513306e-02
9.446538984775543213e-02
9.315854310989379883e-02
9.429039806127548218e-02
9.441973268985748291e-02
9.553331136703491211e-02
9.250116348266601562e-02
9.440264850854873657e-02
9.504757821559906006e-02
9.348336607217788696e-02
9.333866089582443237e-02
9.196694195270538330e-02
9.186076372861862183e-02
9.132016450166702271e-02
9.084898233413696289e-02
9.157286584377288818e-02
9.032312035560607910e-02
9.040500223636627197e-02
8.890669047832489014e-02
8.976717293262481689e-02
8.876174688339233398e-02
9.071888029575347900e-02
8.941940963268280029e-02
9.010455012321472168e-02
8.958917856216430664e-02
8.860442042350769043e-02
8.724083006381988525e-02
8.798954635858535767e-02
8.817784488201141357e-02
8.763366937637329102e-02
8.826456964015960693e-02
8.577971160411834717e-02
8.639678359031677246e-02
8.745840191841125488e-02
8.549673855304718018e-02
8.442071080207824707e-02
8.479043841361999512e-02
8.557610213756561279e-02
8.511628955602645874e-02
8.561574667692184448e-02
8.416866511106491089e-02
8.409059792757034302e-02
8.426167815923690796e-02
8.350621163845062256e-02
8.310630917549133301e-02
8.418542891740798950e-02
8.414855599403381348e-02
8.359567821025848389e-02
8.166351914405822754e-02
8.101040124893188477e-02
8.299048244953155518e-02
8.200390636920928955e-02
8.304812014102935791e-02
8.312512934207916260e-02
8.125140517950057983e-02
8.203108608722686768e-02
8.016672730445861816e-02
8.167340606451034546e-02
8.150008320808410645e-02
7.974493503570556641e-02
7.910744845867156982e-02
8.028365671634674072e-02
8.039101958274841309e-02
7.907357811927795410e-02
8.029513806104660034e-02
7.998867332935333252e-02
7.864199578762054443e-02
7.971351593732833862e-02
7.810072600841522217e-02
7.736186683177947998e-02
7.814323902130126953e-02
7.716447114944458008e-02
7.740967720746994019e-02
7.711732387542724609e-02
7.715647667646408081e-02
7.569593936204910278e-02
7.632945477962493896e-02
7.580418139696121216e-02
7.467585802078247070e-02
7.621746510267257690e-02
7.628521323204040527e-02
7.590065896511077881e-02
7.434722781181335449e-02
7.422843575477600098e-02
7.426954805850982666e-02
7.506451755762100220e-02
7.358995079994201660e-02
7.310894131660461426e-02
7.538609951734542847e-02
7.420961558818817139e-02
7.352121174335479736e-02
7.251290231943130493e-02
7.361382246017456055e-02
7.201688736677169800e-02
7.324203848838806152e-02
7.282703369855880737e-02
7.339113950729370117e-02
7.236932218074798584e-02
7.222427427768707275e-02
7.196896523237228394e-02
7.272008806467056274e-02
7.066626846790313721e-02
7.065601646900177002e-02
7.201490551233291626e-02
7.136091589927673340e-02
7.255943864583969116e-02
7.046638429164886475e-02
7.044477015733718872e-02
6.935855746269226074e-02
7.022021710872650146e-02
7.111437618732452393e-02
6.946538388729095459e-02
6.879641860723495483e-02
6.964148581027984619e-02
6.964534521102905273e-02
6.869237869977951050e-02
6.965386867523193359e-02
6.850962340831756592e-02
6.961201131343841553e-02
6.892434507608413696e-02
6.926153600215911865e-02
6.826198101043701172e-02
6.851567327976226807e-02
6.816083937883377075e-02
6.727683544158935547e-02
6.639510393142700195e-02
6.839568167924880981e-02
6.764309108257293701e-02
6.759221851825714111e-02
6.717309355735778809e-02
6.697651743888854980e-02
6.703995913267135620e-02
6.756176054477691650e-02
6.701151281595230103e-02
6.535356491804122925e-02
6.747948378324508667e-02
6.622043251991271973e-02
6.512793898582458496e-02
6.704781204462051392e-02
6.709476560354232788e-02
6.609134376049041748e-02
6.589677184820175171e-02
6.469166278839111328e-02
6.606627255678176880e-02
6.643539667129516602e-02
6.467092037200927734e-02
6.573837250471115112e-02
6.456145644187927246e-02
6.496818363666534424e-02
6.426817178726196289e-02
6.438483297824859619e-02
6.450478732585906982e-02
6.463950872421264648e-02
6.523340195417404175e-02
6.361679732799530029e-02
6.356270611286163330e-02
6.368624418973922729e-02
6.360708177089691162e-02
6.367891281843185425e-02
6.373612582683563232e-02
6.365180760622024536e-02
6.409514695405960083e-02
6.352411210536956787e-02
6.317833065986633301e-02
6.264664232730865479e-02
6.106445193290710449e-02
6.232071295380592346e-02
6.197106093168258667e-02
6.249819323420524597e-02
6.153494492173194885e-02
6.110856682062149048e-02
6.252202391624450684e-02
6.095210835337638855e-02
6.116770952939987183e-02
6.191974133253097534e-02
5.995652079582214355e-02
6.200488656759262085e-02
6.114175915718078613e-02
6.153815239667892456e-02
6.072625890374183655e-02
6.226764619350433350e-02
6.181700900197029114e-02
6.144986301660537720e-02
6.116363406181335449e-02
6.023526191711425781e-02
6.121215224266052246e-02
6.000293791294097900e-02
6.066497415304183960e-02
5.966958403587341309e-02
6.068930029869079590e-02
6.015347689390182495e-02
6.033807247877120972e-02
6.138611584901809692e-02
5.861628055572509766e-02
5.966218933463096619e-02
6.048284471035003662e-02
6.042928248643875122e-02
5.806218087673187256e-02
5.995206534862518311e-02
5.953031778335571289e-02
5.937609076499938965e-02
5.918321758508682251e-02
6.008083000779151917e-02
5.895364657044410706e-02
5.903794988989830017e-02
5.840285122394561768e-02
5.902519077062606812e-02
5.928900092840194702e-02
5.890706926584243774e-02
5.917358398437500000e-02
5.862477421760559082e-02
5.841458588838577271e-02
5.787948518991470337e-02
5.794821679592132568e-02
5.872800946235656738e-02
5.864977091550827026e-02
5.746441334486007690e-02
5.880440771579742432e-02
5.720545351505279541e-02
5.838100612163543701e-02
5.823412165045738220e-02
5.839093029499053955e-02
5.682114511728286743e-02
5.783848464488983154e-02
5.768671259284019470e-02
5.745781958103179932e-02
5.724084377288818359e-02
5.668792128562927246e-02
5.671378970146179199e-02
5.767476186156272888e-02
5.855686962604522705e-02
5.709613114595413208e-02
5.665347352623939514e-02
5.685647204518318176e-02
5.681575089693069458e-02
5.745697766542434692e-02
5.627939850091934204e-02
5.707603693008422852e-02
5.751003324985504150e-02
5.522879213094711304e-02
5.646861717104911804e-02
5.666375532746315002e-02
5.696092173457145691e-02
5.534494668245315552e-02
5.634481459856033325e-02
5.644158273935317993e-02
5.555055290460586548e-02
5.544120073318481445e-02
5.605930089950561523e-02
5.579331517219543457e-02
5.558688193559646606e-02
5.592406541109085083e-02
5.562721565365791321e-02
5.549679696559906006e-02
5.573519319295883179e-02
5.531104654073715210e-02
5.557335168123245239e-02
5.495008826255798340e-02
5.594860017299652100e-02
5.508416891098022461e-02
5.602924525737762451e-02
5.488908290863037109e-02
5.543333292007446289e-02
5.485589057207107544e-02
5.491094663739204407e-02
5.508384481072425842e-02
5.415989831089973450e-02
5.497992411255836487e-02
5.531907826662063599e-02
5.481125786900520325e-02
5.461939424276351929e-02
5.464521795511245728e-02
5.396423488855361938e-02
5.499767512083053589e-02
5.448072403669357300e-02
5.423837900161743164e-02
5.455384403467178345e-02
5.447107180953025818e-02
5.512198433279991150e-02
5.576233193278312683e-02
5.323995649814605713e-02
5.365480482578277588e-02
5.405654385685920715e-02
5.315900593996047974e-02
5.437419563531875610e-02
5.545358359813690186e-02
5.465570837259292603e-02
5.320222675800323486e-02
5.383809283375740051e-02
5.376600474119186401e-02
5.372054502367973328e-02
5.351785942912101746e-02
5.336582288146018982e-02
5.338588356971740723e-02
5.353856086730957031e-02
5.298031121492385864e-02
5.342959240078926086e-02
5.409776419401168823e-02
5.394157022237777710e-02
5.342196300625801086e-02
5.405591800808906555e-02
5.257512629032135010e-02
5.305425077676773071e-02
5.293966084718704224e-02
5.319017171859741211e-02
5.264602601528167725e-02
5.245498567819595337e-02
5.296106636524200439e-02
5.342610925436019897e-02
5.262649059295654297e-02
5.289996042847633362e-02
5.276553705334663391e-02
5.352655798196792603e-02
5.220927298069000244e-02
5.249771475791931152e-02
5.263962596654891968e-02
5.168794468045234680e-02
5.232488736510276794e-02
5.253332853317260742e-02
5.242149531841278076e-02
5.193005502223968506e-02
5.250801891088485718e-02
5.146873369812965393e-02
5.209864303469657898e-02
5.121960863471031189e-02
5.209238827228546143e-02
5.165353044867515564e-02
5.122097954154014587e-02
5.176431685686111450e-02
5.209661275148391724e-02
5.130928009748458862e-02
5.189869552850723267e-02
5.159779638051986694e-02
5.211191251873970032e-02
5.125927925109863281e-02
5.096098780632019043e-02
5.146480351686477661e-02
5.082599818706512451e-02
5.130096897482872009e-02
5.147539079189300537e-02
5.128236860036849976e-02
5.072963237762451172e-02
5.068326741456985474e-02
5.168827250599861145e-02
5.190039053559303284e-02
5.102758109569549561e-02
5.070944130420684814e-02
5.084425956010818481e-02
5.070564150810241699e-02
5.009122192859649658e-02
5.050728470087051392e-02
5.049721151590347290e-02
5.035240203142166138e-02
5.007042735815048218e-02
4.968257993459701538e-02
5.071534216403961182e-02
5.100484192371368408e-02
5.066607892513275146e-02
5.102191120386123657e-02
5.043748766183853149e-02
4.985839873552322388e-02
4.963652789592742920e-02
5.052636936306953430e-02
5.092610791325569153e-02
5.098755657672882080e-02
5.023145675659179688e-02
4.991153627634048462e-02
4.919946193695068359e-02
4.961004108190536499e-02
5.030778050422668457e-02
5.009166151285171509e-02
4.944718629121780396e-02
4.983703047037124634e-02
4.982210695743560791e-02
4.933113604784011841e-02
4.913870990276336670e-02
4.972211271524429321e-02
4.928622767329216003e-02
4.924507439136505127e-02
4.990228638052940369e-02
4.977913573384284973e-02
4.938844963908195496e-02
4.898631200194358826e-02
4.978014528751373291e-02
4.982207715511322021e-02
5.047834292054176331e-02
4.882092773914337158e-02
4.914205893874168396e-02
4.955149441957473755e-02
4.973481222987174988e-02
4.806336760520935059e-02
4.909675568342208862e-02
4.839646071195602417e-02
4.883335530757904053e-02
4.852736741304397583e-02
4.843641445040702820e-02
4.887267202138900757e-02
4.801565408706665039e-02
4.936129599809646606e-02
4.886338487267494202e-02
4.882729798555374146e-02
4.841036349534988403e-02
4.890173673629760742e-02
4.879940673708915710e-02
4.892212525010108948e-02
4.875181615352630615e-02
4.829023405909538269e-02
4.784324765205383301e-02
4.789713770151138306e-02
4.814880713820457458e-02
4.805789515376091003e-02
4.798368364572525024e-02
4.740183800458908081e-02
4.823781177401542664e-02
4.747399687767028809e-02
4.823749139904975891e-02
4.787192493677139282e-02
4.767589643597602844e-02
4.794530943036079407e-02
4.742034897208213806e-02
4.790018126368522644e-02
4.768753796815872192e-02
4.768001288175582886e-02
4.781529679894447327e-02
4.803031682968139648e-02
4.781481996178627014e-02
4.762472212314605713e-02
4.784718900918960571e-02
4.717859253287315369e-02
4.740415886044502258e-02
4.735540971159934998e-02
4.747660458087921143e-02
4.795709997415542603e-02
4.803239554166793823e-02
4.733839631080627441e-02
4.721783846616744995e-02
4.690605401992797852e-02
4.722622781991958618e-02
4.741026833653450012e-02
4.721881821751594543e-02
4.769584164023399353e-02
4.709811508655548096e-02
4.746063053607940674e-02
4.717197641730308533e-02
4.684689640998840332e-02
4.765041172504425049e-02
4.722787439823150635e-02
4.689821600914001465e-02
4.681526869535446167e-02
4.743274301290512085e-02
4.669128358364105225e-02
4.738262668251991272e-02
4.633209854364395142e-02
4.612985998392105103e-02
4.638244584202766418e-02
4.593744501471519470e-02
4.644809663295745850e-02
4.769621044397354126e-02
4.629430919885635376e-02
4.643796384334564209e-02
4.628952592611312866e-02
4.695125669240951538e-02
4.618790745735168457e-02
4.659982770681381226e-02
4.647148400545120239e-02
4.602406919002532959e-02
4.727357998490333557e-02
4.606021940708160400e-02
4.726501554250717163e-02
4.705595970153808594e-02
4.570722579956054688e-02
4.607022553682327271e-02
4.571925848722457886e-02
4.638258367776870728e-02
4.647832363843917847e-02
4.630918800830841064e-02
4.613851010799407959e-02
4.605916142463684082e-02
4.609764367341995239e-02
4.608210921287536621e-02
4.653021693229675293e-02
4.586088657379150391e-02
4.542273283004760742e-02
4.581198841333389282e-02
4.619020968675613403e-02
4.557313024997711182e-02
4.608121514320373535e-02
4.573382064700126648e-02
4.571276903152465820e-02
4.619874805212020874e-02
4.601757973432540894e-02
4.552085697650909424e-02
4.544717445969581604e-02
4.550827294588088989e-02
4.563488066196441650e-02
4.546194523572921753e-02
4.499250277876853943e-02
4.624180123209953308e-02
4.522305727005004883e-02
4.579664394259452820e-02
4.609538987278938293e-02
4.540658742189407349e-02
4.554032534360885620e-02
4.460962489247322083e-02
4.493105039000511169e-02
4.470670968294143677e-02
4.536435008049011230e-02
4.534879326820373535e-02
4.450123012065887451e-02
4.572722315788269043e-02
4.489240422844886780e-02
4.525046050548553467e-02
4.512498155236244202e-02
4.482246935367584229e-02
4.521027952432632446e-02
4.470454901456832886e-02
4.514737799763679504e-02
4.484313726425170898e-02
4.459903761744499207e-02
4.527078568935394287e-02
4.526800662279129028e-02
4.454497247934341431e-02
4.497948288917541504e-02
4.547507315874099731e-02
4.491877928376197815e-02
4.478479921817779541e-02
4.495578631758689880e-02
4.502881318330764771e-02
4.426646977663040161e-02
4.446078836917877197e-02
4.441428557038307190e-02
4.416008293628692627e-02
4.415340721607208252e-02
4.473769664764404297e-02
4.400528967380523682e-02
4.482978582382202148e-02
4.476103186607360840e-02
4.387102276086807251e-02
4.463675245642662048e-02
4.466771706938743591e-02
4.466845467686653137e-02
4.468616843223571777e-02
4.438877105712890625e-02
4.490645974874496460e-02
4.454095661640167236e-02
4.440575093030929565e-02
4.398494213819503784e-02
4.438925161957740784e-02
4.456773400306701660e-02
4.408279806375503540e-02
4.414006322622299194e-02
4.504933953285217285e-02
4.437977820634841919e-02
4.464851319789886475e-02
4.423420503735542297e-02
4.394787549972534180e-02
4.332781583070755005e-02
4.331640899181365967e-02
4.320124536752700806e-02
4.386023432016372681e-02
4.369517415761947632e-02
4.398745298385620117e-02
4.328721016645431519e-02
4.345135390758514404e-02
4.365226998925209045e-02
4.323499649763107300e-02
4.243610799312591553e-02
4.343046993017196655e-02
4.324447363615036011e-02
4.367680102586746216e-02
4.353960603475570679e-02
4.366136342287063599e-02
4.364965856075286865e-02
4.332657158374786377e-02
4.371561855077743530e-02
4.350214824080467224e-02
4.343533888459205627e-02
4.356102272868156433e-02
4.322795569896697998e-02
4.384245350956916809e-02
4.360804706811904907e-02
4.361619055271148682e-02
4.312220960855484009e-02
4.341819137334823608e-02
4.380066320300102234e-02
4.341980069875717163e-02
4.322767257690429688e-02
4.370395466685295105e-02
4.304189234972000122e-02
4.303185641765594482e-02
4.355459287762641907e-02
4.319916293025016785e-02
4.429017007350921631e-02
4.283910989761352539e-02
4.308715462684631348e-02
4.340786859393119812e-02
4.313530027866363525e-02
4.308287799358367920e-02
4.361261427402496338e-02
4.301927611231803894e-02
4.263368993997573853e-02
2.379103899002075195e-01
2.321708351373672485e-01
2.345567047595977783e-01
2.332807779312133789e-01
2.316590994596481323e-01
2.329436987638473511e-01
2.334648519754409790e-01
2.287712097167968750e-01
2.304447740316390991e-01
2.308482080698013306e-01
2.295411974191665649e-01
2.299500256776809692e-01
2.283973693847656250e-01
2.300043404102325439e-01
2.249598205089569092e-01
2.271616458892822266e-01
2.315427809953689575e-01
2.295552790164947510e-01
2.269033044576644897e-01
2.287257313728332520e-01
2.276415824890136719e-01
2.279641330242156982e-01
2.281199246644973755e-01
2.282762974500656128e-01
2.276376038789749146e-01
2.272804975509643555e-01
2.281117439270019531e-01
2.271766066551208496e-01
2.261071056127548218e-01
2.272662967443466187e-01
2.281041592359542847e-01
2.277276217937469482e-01
2.266286164522171021e-01
2.251436114311218262e-01
2.263558208942413330e-01
2.266247719526290894e-01
2.265274077653884888e-01
2.257469892501831055e-01
2.227513045072555542e-01
2.255285382270812988e-01
2.228577136993408203e-01
2.258635759353637695e-01
2.262116372585296631e-01
2.238506674766540527e-01
2.275773882865905762e-01
2.260753065347671509e-01
2.273166775703430176e-01
2.262662798166275024e-01
2.239389270544052124e-01
2.225974053144454956e-01
2.228693813085556030e-01
2.250815480947494507e-01
2.246223092079162598e-01
2.246395647525787354e-01
2.211905121803283691e-01
2.206424176692962646e-01
2.214454859495162964e-01
2.212221920490264893e-01
2.229108810424804688e-01
2.209062427282333374e-01
2.229430973529815674e-01
2.198842912912368774e-01
2.228173017501831055e-01
2.214031517505645752e-01
2.238686084747314453e-01
2.209934145212173462e-01
2.225977331399917603e-01
2.220795154571533203e-01
2.213091701269149780e-01
2.233540713787078857e-01
2.205681949853897095e-01
2.190404832363128662e-01
2.206074297428131104e-01
2.231257855892181396e-01
2.214835435152053833e-01
2.222345918416976929e-01
2.197386622428894043e-01
2.218401432037353516e-01
2.192899584770202637e-01
2.211871445178985596e-01
2.195772826671600342e-01
2.207049280405044556e-01
2.230757474899291992e-01
2.210441380739212036e-01
2.194962501525878906e-01
2.185167670249938965e-01
2.195164561271667480e-01
2.222912460565567017e-01
2.197243869304656982e-01
2.197085171937942505e-01
2.184707820415496826e-01
2.208559215068817139e-01
2.217013686895370483e-01
2.203237861394882202e-01
2.210369259119033813e-01
2.196553796529769897e-01
2.227890640497207642e-01
2.209547013044357300e-01
2.164866477251052856e-01
2.195536941289901733e-01
2.208435535430908203e-01
2.188715934753417969e-01
2.201881110668182373e-01
2.173814773559570312e-01
2.177852690219879150e-01
2.205221951007843018e-01
2.189583331346511841e-01
2.177914232015609741e-01
2.188033163547515869e-01
2.183230817317962646e-01
2.173225283622741699e-01
2.172200977802276611e-01
2.166375815868377686e-01
2.170441746711730957e-01
2.176219969987869263e-01
2.192205637693405151e-01
2.181392908096313477e-01
2.210281193256378174e-01
2.158724814653396606e-01
2.185231596231460571e-01
2.167851030826568604e-01
2.171925902366638184e-01
2.147081941366195679e-01
2.181783020496368408e-01
2.162515968084335327e-01
2.172665894031524658e-01
2.171733528375625610e-01
2.172706127166748047e-01
2.207067608833312988e-01
2.195142805576324463e-01
2.178298830986022949e-01
2.218399792909622192e-01
2.169164866209030151e-01
2.160374969244003296e-01
2.140789180994033813e-01
2.175410091876983643e-01
2.166646867990493774e-01
2.181500494480133057e-01
2.181373089551925659e-01
2.166631370782852173e-01
2.169620841741561890e-01
2.160219103097915649e-01
2.165246307849884033e-01
2.156753838062286377e-01
2.156800627708435059e-01
2.176445871591567993e-01
2.167625427246093750e-01
2.155599296092987061e-01
2.168997526168823242e-01
2.154893726110458374e-01
2.167299389839172363e-01
2.167837321758270264e-01
2.152616530656814575e-01
2.166353613138198853e-01
2.154927402734756470e-01
2.170037478208541870e-01
2.157894521951675415e-01
2.146397829055786133e-01
2.162571102380752563e-01
2.166442722082138062e-01
2.171181440353393555e-01
2.166984975337982178e-01
2.133707851171493530e-01
2.160797119140625000e-01
2.145638912916183472e-01
2.146739512681961060e-01
2.145566791296005249e-01
2.134638428688049316e-01
2.131337225437164307e-01
2.138777822256088257e-01
2.134348005056381226e-01
2.162569612264633179e-01
2.160226404666900635e-01
2.152562290430068970e-01
2.124253809452056885e-01
2.137145102024078369e-01
2.128552049398422241e-01
2.153906226158142090e-01
2.122223973274230957e-01
2.148749232292175293e-01
2.137427479028701782e-01
2.172134518623352051e-01
2.147274166345596313e-01
2.138982117176055908e-01
2.128600925207138062e-01
2.135275900363922119e-01
2.137987613677978516e-01
2.122595161199569702e-01
2.122967094182968140e-01
2.130834907293319702e-01
2.118981182575225830e-01
2.124031782150268555e-01
2.124613076448440552e-01
2.135969400405883789e-01
2.125331759452819824e-01
2.164184451103210449e-01
2.128939032554626465e-01
2.132707983255386353e-01
2.140120863914489746e-01
2.122870683670043945e-01
2.137126773595809937e-01
2.122555822134017944e-01
2.138489484786987305e-01
2.113994657993316650e-01
2.134832888841629028e-01
2.131935209035873413e-01
2.146921008825302124e-01
2.118403464555740356e-01
2.125321030616760254e-01
2.154771089553833008e-01
2.128884941339492798e-01
2.133198231458663940e-01
2.152467817068099976e-01
2.099667042493820190e-01
2.107075154781341553e-01
2.113114297389984131e-01
2.105633616447448730e-01
2.136117219924926758e-01
2.129753232002258301e-01
2.102722376585006714e-01
2.104050815105438232e-01
2.143106460571289062e-01
2.124250978231430054e-01
2.116518169641494751e-01
2.112232744693756104e-01
2.110239714384078979e-01
2.126002907752990723e-01
2.134421914815902710e-01
2.117148935794830322e-01
2.120465636253356934e-01
2.118880152702331543e-01
2.118652164936065674e-01
2.100703269243240356e-01
2.127218544483184814e-01
2.106380611658096313e-01
2.223687767982482910e-01
2.103738337755203247e-01
2.133120745420455933e-01
2.118352204561233521e-01
2.109890431165695190e-01
2.128910869359970093e-01
2.120673656463623047e-01
2.102746516466140747e-01
2.117476314306259155e-01
2.112232446670532227e-01
2.103126943111419678e-01
2.110549211502075195e-01
2.122315168380737305e-01
2.107137739658355713e-01
2.096776366233825684e-01
2.089769840240478516e-01
2.120175212621688843e-01
2.094320505857467651e-01
2.101837098598480225e-01
2.093133479356765747e-01
2.106541693210601807e-01
2.109115868806838989e-01
2.097545564174652100e-01
2.076584547758102417e-01
2.090816646814346313e-01
2.094426155090332031e-01
2.112162113189697266e-01
2.085233628749847412e-01
2.119809538125991821e-01
2.101988941431045532e-01
2.103805541992187500e-01
2.124617248773574829e-01
2.095622718334197998e-01
2.082276195287704468e-01
2.118801772594451904e-01
2.074850052595138550e-01
2.111415117979049683e-01
2.086473554372787476e-01
2.102866023778915405e-01
2.093409895896911621e-01
2.106790691614151001e-01
2.098073959350585938e-01
2.078169435262680054e-01
2.084675729274749756e-01
2.113246172666549683e-01
2.089283317327499390e-01
2.067875564098358154e-01
2.098131328821182251e-01
2.081254720687866211e-01
2.077508121728897095e-01
2.095092982053756714e-01
2.085013091564178467e-01
2.084926366806030273e-01
2.093247175216674805e-01
2.086144834756851196e-01
2.084843963384628296e-01
2.068365216255187988e-01
2.076452970504760742e-01
2.105644196271896362e-01
2.093555331230163574e-01
2.079581916332244873e-01
2.063873112201690674e-01
2.073193937540054321e-01
2.081430703401565552e-01
2.070167362689971924e-01
2.068233042955398560e-01
2.087991833686828613e-01
2.103998661041259766e-01
2.073647528886795044e-01
2.078807055950164795e-01
2.076315134763717651e-01
2.049260735511779785e-01
2.069329321384429932e-01
2.083680331707000732e-01
2.060996294021606445e-01
2.059639841318130493e-01
2.099011391401290894e-01
2.084711641073226929e-01
2.124404162168502808e-01
2.078980952501296997e-01
2.070974856615066528e-01
2.055121064186096191e-01
2.097925990819931030e-01
2.072134912014007568e-01
2.084446996450424194e-01
2.084134370088577271e-01
2.059287726879119873e-01
2.079265415668487549e-01
2.056442946195602417e-01
2.078568786382675171e-01
2.068981528282165527e-01
2.087502479553222656e-01
2.083446085453033447e-01
2.066511660814285278e-01
2.072764188051223755e-01
2.049569040536880493e-01
2.095315605401992798e-01
2.053976953029632568e-01
2.070821970701217651e-01
2.059777081012725830e-01
2.072844505310058594e-01
2.060328871011734009e-01
2.045090943574905396e-01
2.041344195604324341e-01
2.077793776988983154e-01
2.042580097913742065e-01
2.072219550609588623e-01
2.035181820392608643e-01
2.084048092365264893e-01
2.068149894475936890e-01
2.066475450992584229e-01
2.060951590538024902e-01
2.053377330303192139e-01
2.058920115232467651e-01
2.049120068550109863e-01
2.056639492511749268e-01
2.043283432722091675e-01
2.079505920410156250e-01
2.039347290992736816e-01
2.017962932586669922e-01
2.060153931379318237e-01
2.027762979269027710e-01
2.044791579246520996e-01
2.071045637130737305e-01
2.068391293287277222e-01
2.071996629238128662e-01
2.043331414461135864e-01
2.044724375009536743e-01
2.039096653461456299e-01
2.068290710449218750e-01
2.034600228071212769e-01
2.041379362344741821e-01
2.053497135639190674e-01
2.061765938997268677e-01
2.075062245130538940e-01
2.059862464666366577e-01
2.047088891267776489e-01
2.035905122756958008e-01
2.041525691747665405e-01
2.040620595216751099e-01
2.056988328695297241e-01
2.046028226613998413e-01
2.076413631439208984e-01
2.053124457597732544e-01
2.028104811906814575e-01
2.065577059984207153e-01
2.023985683917999268e-01
2.041562497615814209e-01
2.044033259153366089e-01
2.031876593828201294e-01
2.029752731323242188e-01
2.033535242080688477e-01
2.044589817523956299e-01
2.051185071468353271e-01
2.018304616212844849e-01
2.036168277263641357e-01
2.025633305311203003e-01
2.037491500377655029e-01
2.053019553422927856e-01
2.053251564502716064e-01
2.036623358726501465e-01
2.032048106193542480e-01
2.041283994913101196e-01
2.013879567384719849e-01
2.046312540769577026e-01
2.026271820068359375e-01
2.040436118841171265e-01
2.047660499811172485e-01
2.043345868587493896e-01
2.063615620136260986e-01
2.026582360267639160e-01
2.012809365987777710e-01
2.046519219875335693e-01
2.044128328561782837e-01
2.036670446395874023e-01
2.040092647075653076e-01
2.017422765493392944e-01
2.036376148462295532e-01
2.027269452810287476e-01
2.035949528217315674e-01
2.025163322687149048e-01
2.034041583538055420e-01
2.039397805929183960e-01
2.040823996067047119e-01
2.029309123754501343e-01
2.025738805532455444e-01
2.018466293811798096e-01
2.040597498416900635e-01
2.014928758144378662e-01
2.030481100082397461e-01
2.050977498292922974e-01
2.017982006072998047e-01
2.019523829221725464e-01
2.028167992830276489e-01
2.031506001949310303e-01
2.010917067527770996e-01
2.024592906236648560e-01
2.033566832542419434e-01
2.026811093091964722e-01
2.022855877876281738e-01
2.027121484279632568e-01
2.025012224912643433e-01
2.007949948310852051e-01
2.038919031620025635e-01
2.037266343832015991e-01
2.004484385251998901e-01
2.022363841533660889e-01
2.025897651910781860e-01
2.045149356126785278e-01
2.033712416887283325e-01
2.017481923103332520e-01
2.008250653743743896e-01
2.021805793046951294e-01
2.017590701580047607e-01
2.011256814002990723e-01
2.025687098503112793e-01
2.015744149684906006e-01
2.021073102951049805e-01
2.013359665870666504e-01
2.016047686338424683e-01
2.019691318273544312e-01
2.013078778982162476e-01
2.023814916610717773e-01
2.023726999759674072e-01
2.007477879524230957e-01
2.027537971735000610e-01
2.013689726591110229e-01
2.022318691015243530e-01
2.017245739698410034e-01
1.990762501955032349e-01
2.028239965438842773e-01
2.021917551755905151e-01
1.993281990289688110e-01
2.016734033823013306e-01
2.025459110736846924e-01
2.026947289705276489e-01
2.008345574140548706e-01
2.013680934906005859e-01
2.024921774864196777e-01
2.006456404924392700e-01
2.029675841331481934e-01
2.009702622890472412e-01
2.016137540340423584e-01
1.996503770351409912e-01
1.991648524999618530e-01
2.013317942619323730e-01
1.996084153652191162e-01
2.001408934593200684e-01
2.017705738544464111e-01
1.998226195573806763e-01
2.021300196647644043e-01
1.997331976890563965e-01
1.988283544778823853e-01
2.022717148065567017e-01
2.008193582296371460e-01
1.993436217308044434e-01
2.023295313119888306e-01
1.983847171068191528e-01
1.984852701425552368e-01
2.007637768983840942e-01
1.995932757854461670e-01
2.025078386068344116e-01
2.023890465497970581e-01
2.008850127458572388e-01
1.988897025585174561e-01
2.013658285140991211e-01
2.003098726272583008e-01
2.007973939180374146e-01
1.984615474939346313e-01
2.022836208343505859e-01
1.987074911594390869e-01
1.989297121763229370e-01
2.005751430988311768e-01
1.997721791267395020e-01
1.996712833642959595e-01
2.018598169088363647e-01
1.999502182006835938e-01
2.009646147489547729e-01
1.980552971363067627e-01
2.008726149797439575e-01
2.001300305128097534e-01
1.989616006612777710e-01
2.000099569559097290e-01
2.021849304437637329e-01
1.998336613178253174e-01
2.010060250759124756e-01
2.002958953380584717e-01
1.970606893301010132e-01
2.013022601604461670e-01
2.014048397541046143e-01
2.004183977842330933e-01
1.991672664880752563e-01
2.007911652326583862e-01
2.006809562444686890e-01
2.001360803842544556e-01
1.995397806167602539e-01
1.967521458864212036e-01
1.998578011989593506e-01
1.987954080104827881e-01
2.000773549079895020e-01
2.011052221059799194e-01
2.015451341867446899e-01
2.006437033414840698e-01
1.957429349422454834e-01
2.004302889108657837e-01
1.997819095849990845e-01
1.982368379831314087e-01
1.982602477073669434e-01
1.981443315744400024e-01
1.999527066946029663e-01
1.978853642940521240e-01
1.979686468839645386e-01
1.971012353897094727e-01
1.977646648883819580e-01
1.994312703609466553e-01
1.961018890142440796e-01
1.974831372499465942e-01
1.981556117534637451e-01
2.007095962762832642e-01
1.965310424566268921e-01
1.967995166778564453e-01
1.996812373399734497e-01
2.004763185977935791e-01
2.016764730215072632e-01
1.964090317487716675e-01
1.989915519952774048e-01
1.984668076038360596e-01
1.951133459806442261e-01
1.984828412532806396e-01
1.957277208566665649e-01
1.970742046833038330e-01
1.959626078605651855e-01
1.982076019048690796e-01
1.977314949035644531e-01
1.973893940448760986e-01
1.980230957269668579e-01
1.987213343381881714e-01
1.975221782922744751e-01
1.998046338558197021e-01
1.978517025709152222e-01
1.984954625368118286e-01
2.002732306718826294e-01
1.969066262245178223e-01
1.964820772409439087e-01
1.983706504106521606e-01
1.956751942634582520e-01
1.960579156875610352e-01
1.982194781303405762e-01
1.973205953836441040e-01
1.980342715978622437e-01
1.957737654447555542e-01
1.956196278333663940e-01
1.980477869510650635e-01
1.980687230825424194e-01
1.952289491891860962e-01
1.947911679744720459e-01
1.963030248880386353e-01
1.980353593826293945e-01
1.963000893592834473e-01
1.980662941932678223e-01
1.982669979333877563e-01
1.960599869489669800e-01
1.958887279033660889e-01
1.971126198768615723e-01
2.004927098751068115e-01
