1.016965880990028381e-01
1.003977209329605103e-01
9.909047931432723999e-02
9.795220941305160522e-02
9.649913012981414795e-02
9.509640187025070190e-02
9.355624020099639893e-02
9.159174561500549316e-02
9.000956267118453979e-02
8.753835409879684448e-02
8.536835759878158569e-02
8.298836648464202881e-02
8.004650473594665527e-02
7.734803110361099243e-02
7.416646927595138550e-02
7.160475105047225952e-02
6.852940469980239868e-02
6.578883528709411621e-02
6.321059167385101318e-02
6.181405112147331238e-02
5.912345647811889648e-02
5.952304601669311523e-02
5.902510508894920349e-02
5.780493095517158508e-02
5.811453983187675476e-02
5.754140019416809082e-02
5.998830869793891907e-02
5.537519603967666626e-02
5.612805113196372986e-02
5.510294064879417419e-02
5.476262792944908142e-02
5.305510386824607849e-02
5.363068729639053345e-02
5.117189511656761169e-02
5.278689414262771606e-02
5.094914510846138000e-02
5.188151821494102478e-02
5.087097361683845520e-02
5.126650258898735046e-02
5.094986781477928162e-02
5.050462484359741211e-02
5.139251425862312317e-02
4.992735013365745544e-02
4.973031207919120789e-02
5.016989260911941528e-02
4.912004247307777405e-02
4.959219321608543396e-02
4.835780709981918335e-02
4.862503334879875183e-02
4.920337721705436707e-02
4.756508767604827881e-02
4.746347665786743164e-02
4.873736575245857239e-02
4.725865274667739868e-02
4.690850898623466492e-02
4.683111980557441711e-02
4.616394266486167908e-02
4.786232858896255493e-02
4.735926911234855652e-02
4.629402980208396912e-02
4.631637409329414368e-02
4.603567719459533691e-02
4.538505896925926208e-02
4.479676857590675354e-02
4.467197507619857788e-02
4.427822679281234741e-02
4.545038565993309021e-02
4.443013668060302734e-02
4.393035545945167542e-02
4.413993284106254578e-02
4.449752718210220337e-02
4.410737380385398865e-02
4.428886994719505310e-02
4.391049221158027649e-02
4.339512810111045837e-02
4.305195808410644531e-02
4.335153847932815552e-02
4.249184951186180115e-02
4.309019446372985840e-02
4.285763949155807495e-02
4.287440702319145203e-02
4.223191365599632263e-02
4.267856106162071228e-02
4.259331524372100830e-02
4.199580848217010498e-02
4.223917052149772644e-02
4.233256727457046509e-02
4.143023118376731873e-02
4.118924587965011597e-02
4.134463518857955933e-02
4.125235974788665771e-02
4.150629788637161255e-02
4.191969707608222961e-02
4.147283732891082764e-02
4.089734703302383423e-02
4.116050526499748230e-02
4.052605479955673218e-02
4.076512157917022705e-02
4.026195406913757324e-02
4.031378775835037231e-02
4.032284393906593323e-02
4.031075909733772278e-02
4.017686843872070312e-02
4.042140766978263855e-02
3.976595401763916016e-02
3.948843851685523987e-02
3.981768712401390076e-02
3.932335600256919861e-02
4.003995284438133240e-02
3.894912824034690857e-02
3.919116035103797913e-02
3.919172286987304688e-02
3.930855169892311096e-02
3.928286582231521606e-02
3.915356099605560303e-02
3.877419605851173401e-02
3.866582736372947693e-02
3.870379552245140076e-02
3.866140171885490417e-02
3.900846838951110840e-02
3.872861713171005249e-02
3.896879404783248901e-02
3.824773803353309631e-02
3.826474770903587341e-02
3.788439556956291199e-02
3.781099244952201843e-02
3.817743062973022461e-02
3.816781565546989441e-02
3.776064887642860413e-02
3.776280581951141357e-02
3.768582269549369812e-02
3.730048239231109619e-02
3.757810220122337341e-02
3.761492669582366943e-02
3.714237362146377563e-02
3.763787075877189636e-02
3.756723552942276001e-02
3.852019831538200378e-02
3.711805120110511780e-02
3.739771246910095215e-02
3.665019199252128601e-02
3.692146763205528259e-02
3.707225248217582703e-02
3.677716478705406189e-02
3.659161180257797241e-02
3.652734681963920593e-02
3.663906455039978027e-02
3.649063408374786377e-02
3.606378659605979919e-02
3.696046397089958191e-02
3.614291176199913025e-02
3.621991351246833801e-02
3.591028973460197449e-02
3.631236404180526733e-02
3.582149744033813477e-02
3.611234948039054871e-02
3.622973710298538208e-02
3.605516254901885986e-02
3.616689145565032959e-02
3.591691330075263977e-02
3.559017553925514221e-02
3.538444265723228455e-02
3.549228608608245850e-02
3.575128316879272461e-02
3.585131093859672546e-02
3.505902737379074097e-02
3.576024994254112244e-02
3.547257557511329651e-02
3.516743704676628113e-02
3.567742556333541870e-02
3.503382578492164612e-02
3.502791747450828552e-02
3.509723395109176636e-02
3.488011285662651062e-02
3.503602743148803711e-02
3.477998450398445129e-02
3.496731072664260864e-02
3.501300513744354248e-02
3.438152372837066650e-02
3.452733159065246582e-02
3.470884263515472412e-02
3.442961350083351135e-02
3.393877297639846802e-02
3.429875522851943970e-02
3.427190706133842468e-02
3.449817746877670288e-02
3.431156277656555176e-02
3.382168710231781006e-02
3.383886069059371948e-02
3.423503413796424866e-02
3.423836827278137207e-02
3.370696678757667542e-02
3.346264362335205078e-02
3.370010107755661011e-02
3.424690291285514832e-02
3.366926312446594238e-02
3.406943380832672119e-02
3.347855433821678162e-02
3.340126946568489075e-02
3.304823487997055054e-02
3.313073515892028809e-02
3.295831009745597839e-02
3.329464420676231384e-02
3.308981284499168396e-02
3.308277204632759094e-02
3.315577283501625061e-02
3.294548019766807556e-02
3.322136029601097107e-02
3.264070302248001099e-02
3.299196809530258179e-02
3.280844911932945251e-02
3.302511200308799744e-02
3.314366564154624939e-02
3.294873982667922974e-02
3.274715319275856018e-02
3.276491537690162659e-02
3.254745528101921082e-02
3.251736238598823547e-02
3.235590085387229919e-02
3.208678960800170898e-02
3.232973441481590271e-02
3.238166496157646179e-02
3.245414048433303833e-02
3.215330839157104492e-02
3.231659531593322754e-02
3.198114037513732910e-02
3.213639929890632629e-02
3.223756328225135803e-02
3.165576606988906860e-02
3.197944164276123047e-02
3.205899521708488464e-02
3.174520656466484070e-02
3.195244818925857544e-02
3.150828927755355835e-02
3.181245550513267517e-02
3.144360706210136414e-02
3.131685778498649597e-02
3.177968040108680725e-02
3.177752718329429626e-02
3.130992874503135681e-02
3.144313022494316101e-02
3.114548884332180023e-02
3.136683627963066101e-02
3.124547004699707031e-02
3.124385513365268707e-02
3.076936304569244385e-02
3.064902499318122864e-02
3.111152350902557373e-02
3.110746107995510101e-02
3.078539483249187469e-02
3.112659230828285217e-02
3.055180050432682037e-02
3.101018629968166351e-02
3.093257918953895569e-02
3.072356060147285461e-02
3.056110814213752747e-02
3.052837960422039032e-02
3.036094643175601959e-02
3.026690892875194550e-02
3.025054000318050385e-02
3.093284741044044495e-02
3.026315942406654358e-02
3.017559088766574860e-02
3.001157753169536591e-02
3.009747900068759918e-02
3.047779202461242676e-02
3.011826612055301666e-02
2.986106276512145996e-02
3.007445298135280609e-02
2.974129654467105865e-02
2.961696125566959381e-02
2.948353625833988190e-02
2.947230637073516846e-02
2.956412732601165771e-02
2.985438704490661621e-02
2.974243275821208954e-02
2.955836057662963867e-02
2.984555065631866455e-02
2.977737784385681152e-02
2.947900071740150452e-02
2.922709286212921143e-02
2.923355065286159515e-02
2.936589717864990234e-02
2.916165068745613098e-02
2.937391772866249084e-02
2.933732978999614716e-02
2.946937456727027893e-02
2.904812432825565338e-02
2.901733294129371643e-02
2.907523326575756073e-02
2.903920225799083710e-02
2.920897305011749268e-02
2.876526676118373871e-02
2.862854674458503723e-02
2.899220399558544159e-02
2.920305542647838593e-02
2.873447351157665253e-02
2.862216532230377197e-02
2.887740731239318848e-02
2.890535071492195129e-02
2.867962233722209930e-02
2.833088114857673645e-02
2.841237559914588928e-02
2.851918339729309082e-02
2.853957749903202057e-02
2.861845493316650391e-02
2.834952808916568756e-02
2.891188673675060272e-02
2.811968885362148285e-02
2.850334718823432922e-02
2.821875177323818207e-02
2.811983786523342133e-02
2.840144746005535126e-02
2.836709283292293549e-02
2.798953652381896973e-02
2.819713018834590912e-02
2.818949334323406219e-02
2.822279930114746094e-02
2.806510031223297119e-02
2.823969535529613495e-02
2.790776267647743225e-02
2.805911377072334290e-02
2.789471484720706940e-02
2.757961861789226532e-02
2.781067788600921631e-02
2.749231271445751190e-02
2.781005576252937317e-02
2.770092152059078217e-02
2.746210806071758270e-02
2.744380198419094086e-02
2.792119793593883514e-02
2.765969000756740570e-02
2.718756161630153656e-02
2.774103544652462006e-02
2.735793963074684143e-02
2.763422392308712006e-02
2.742107026278972626e-02
2.715895138680934906e-02
2.719387412071228027e-02
2.726388536393642426e-02
2.682317793369293213e-02
2.730654738843441010e-02
2.747586369514465332e-02
2.751749753952026367e-02
2.670260332524776459e-02
2.707093767821788788e-02
2.665995992720127106e-02
2.701416052877902985e-02
2.684198133647441864e-02
2.709486521780490875e-02
2.690180018544197083e-02
2.708144299685955048e-02
2.674043551087379456e-02
2.697616815567016602e-02
2.709734812378883362e-02
2.676997147500514984e-02
2.673307992517948151e-02
2.667816914618015289e-02
2.672057785093784332e-02
2.671960927546024323e-02
2.699402906000614166e-02
2.663451805710792542e-02
2.651073411107063293e-02
2.656312659382820129e-02
2.702620066702365875e-02
2.640701830387115479e-02
2.668040804564952850e-02
2.664614655077457428e-02
2.633922174572944641e-02
2.636184170842170715e-02
2.651924826204776764e-02
2.650253288447856903e-02
2.612272277474403381e-02
2.629592083394527435e-02
2.643510699272155762e-02
2.650923095643520355e-02
2.644129469990730286e-02
2.627453207969665527e-02
2.625240385532379150e-02
2.638349868357181549e-02
2.654089592397212982e-02
2.613483183085918427e-02
2.605015039443969727e-02
2.593957446515560150e-02
2.625472284853458405e-02
2.589786611497402191e-02
2.630040422081947327e-02
2.602987363934516907e-02
2.607528306543827057e-02
2.609422244131565094e-02
2.600446715950965881e-02
2.614015713334083557e-02
2.600348368287086487e-02
2.584000304341316223e-02
2.601858973503112793e-02
2.604317478835582733e-02
2.572471275925636292e-02
2.579436637461185455e-02
2.567914128303527832e-02
2.584798634052276611e-02
2.554125525057315826e-02
2.573843300342559814e-02
2.571784332394599915e-02
2.582136169075965881e-02
2.571601606905460358e-02
2.555608563125133514e-02
2.526853419840335846e-02
2.551445178687572479e-02
2.573084644973278046e-02
2.568873763084411621e-02
2.579515986144542694e-02
2.573643438518047333e-02
2.560083009302616119e-02
2.531922422349452972e-02
2.592056058347225189e-02
2.546383440494537354e-02
2.547496929764747620e-02
2.566773258149623871e-02
2.513440325856208801e-02
2.557452395558357239e-02
2.537767961621284485e-02
2.519196644425392151e-02
2.552009187638759613e-02
2.524380385875701904e-02
2.524446323513984680e-02
2.535610459744930267e-02
2.506551146507263184e-02
2.543091587722301483e-02
2.522771432995796204e-02
2.528416551649570465e-02
2.527849748730659485e-02
2.519359625875949860e-02
2.510562539100646973e-02
2.484518289566040039e-02
2.512297593057155609e-02
2.488183230161666870e-02
2.545027807354927063e-02
2.502946555614471436e-02
2.478462830185890198e-02
2.511695958673954010e-02
2.518676780164241791e-02
2.507844008505344391e-02
2.504515089094638824e-02
2.523903548717498779e-02
2.510920166969299316e-02
2.483523450791835785e-02
2.492288127541542053e-02
2.476901561021804810e-02
2.515426091849803925e-02
2.496114932000637054e-02
2.503317408263683319e-02
2.469776943325996399e-02
2.497203275561332703e-02
2.491267584264278412e-02
2.508802153170108795e-02
2.503930963575839996e-02
2.477155439555644989e-02
2.486160770058631897e-02
2.492739818990230560e-02
2.463947050273418427e-02
2.481552772223949432e-02
2.516177855432033539e-02
2.472211979329586029e-02
2.472865208983421326e-02
2.493523061275482178e-02
2.492880448698997498e-02
2.473416365683078766e-02
2.459335327148437500e-02
2.456853352487087250e-02
2.477414719760417938e-02
2.455759234726428986e-02
2.467235364019870758e-02
2.454712614417076111e-02
2.417841739952564240e-02
2.470861561596393585e-02
2.480482123792171478e-02
2.482664212584495544e-02
2.424664981663227081e-02
2.447549067437648773e-02
2.440369501709938049e-02
2.454278618097305298e-02
2.432659827172756195e-02
2.440783008933067322e-02
2.410815656185150146e-02
2.425441332161426544e-02
2.449984662234783173e-02
2.415512502193450928e-02
2.470049634575843811e-02
2.446869201958179474e-02
2.431657537817955017e-02
2.427831478416919708e-02
2.431715093553066254e-02
2.472049184143543243e-02
2.415973693132400513e-02
2.445449121296405792e-02
2.437615580856800079e-02
2.448798529803752899e-02
2.428522333502769470e-02
2.423895336687564850e-02
2.422461286187171936e-02
2.400662563741207123e-02
2.442812733352184296e-02
2.390607632696628571e-02
2.392332628369331360e-02
2.427645213901996613e-02
2.392410859465599060e-02
2.423449419438838959e-02
2.403261326253414154e-02
2.440333366394042969e-02
2.446458302438259125e-02
2.415305003523826599e-02
2.418042346835136414e-02
2.443871833384037018e-02
2.402385510504245758e-02
2.427147701382637024e-02
2.418205514550209045e-02
2.385654859244823456e-02
2.418449334800243378e-02
2.399278245866298676e-02
2.407685294747352600e-02
2.406032010912895203e-02
2.445062622427940369e-02
2.444912865757942200e-02
2.426837757229804993e-02
2.390107326209545135e-02
2.397571690380573273e-02
2.404099330306053162e-02
2.410396374762058258e-02
2.376314252614974976e-02
2.383288368582725525e-02
2.388873137533664703e-02
2.408142574131488800e-02
2.401425503194332123e-02
2.387013100087642670e-02
2.359699644148349762e-02
2.383372001349925995e-02
2.349598705768585205e-02
2.386913076043128967e-02
2.388349547982215881e-02
2.416835539042949677e-02
2.393371798098087311e-02
2.348013035953044891e-02
2.351515553891658783e-02
2.356415055692195892e-02
2.400423213839530945e-02
2.385799400508403778e-02
2.407436817884445190e-02
2.387324720621109009e-02
2.370106056332588196e-02
2.380415238440036774e-02
2.387274615466594696e-02
2.367757074534893036e-02
2.388607524335384369e-02
2.393560670316219330e-02
2.368514239788055420e-02
2.367255650460720062e-02
2.398471534252166748e-02
2.374900318682193756e-02
2.361511252820491791e-02
2.351695112884044647e-02
2.346449531614780426e-02
2.337559312582015991e-02
2.373855561017990112e-02
2.356330305337905884e-02
2.354235202074050903e-02
2.341294661164283752e-02
2.360538020730018616e-02
2.348729409277439117e-02
2.331463992595672607e-02
2.370094507932662964e-02
2.352256514132022858e-02
2.329416200518608093e-02
2.344194799661636353e-02
2.333002351224422455e-02
2.361479960381984711e-02
2.339131198823451996e-02
2.332370169460773468e-02
2.323852665722370148e-02
2.357479184865951538e-02
2.362819947302341461e-02
2.338077127933502197e-02
2.350669912993907928e-02
2.332653105258941650e-02
2.361686341464519501e-02
2.340324036777019501e-02
2.334754168987274170e-02
2.357848733663558960e-02
2.337192371487617493e-02
2.313837409019470215e-02
2.338996157050132751e-02
2.338303439319133759e-02
2.342082187533378601e-02
2.335374616086483002e-02
2.316233329474925995e-02
2.326356247067451477e-02
2.303589321672916412e-02
2.305909059941768646e-02
2.310968190431594849e-02
2.345019951462745667e-02
2.348744310438632965e-02
2.312828451395034790e-01
2.359230965375900269e-01
2.568441033363342285e-01
2.442894279956817627e-01
2.480734884738922119e-01
2.350260615348815918e-01
2.459300458431243896e-01
2.339905947446823120e-01
2.409810572862625122e-01
2.380584627389907837e-01
2.343597114086151123e-01
2.374770939350128174e-01
2.362520247697830200e-01
2.330800890922546387e-01
2.373270690441131592e-01
2.351322770118713379e-01
2.339277863502502441e-01
2.344332933425903320e-01
2.280459851026535034e-01
2.327238917350769043e-01
2.306702136993408203e-01
2.302257120609283447e-01
2.314749211072921753e-01
2.312522530555725098e-01
2.319783866405487061e-01
2.301239818334579468e-01
2.324243932962417603e-01
2.299504578113555908e-01
2.290009409189224243e-01
2.267284393310546875e-01
2.291705161333084106e-01
2.272361665964126587e-01
2.238711565732955933e-01
2.279210686683654785e-01
2.278580069541931152e-01
2.266305983066558838e-01
2.277280092239379883e-01
2.260898649692535400e-01
2.262734025716781616e-01
2.253506034612655640e-01
2.246198654174804688e-01
2.243008911609649658e-01
2.276381552219390869e-01
2.266058772802352905e-01
2.268201112747192383e-01
2.271319627761840820e-01
2.272154688835144043e-01
2.272588759660720825e-01
2.221376001834869385e-01
2.240423411130905151e-01
2.242167741060256958e-01
2.256729602813720703e-01
2.219473570585250854e-01
2.251871377229690552e-01
2.245601415634155273e-01
2.249589711427688599e-01
2.240197211503982544e-01
2.236521244049072266e-01
2.259093821048736572e-01
2.205112129449844360e-01
2.216423302888870239e-01
2.222825884819030762e-01
2.211405783891677856e-01
2.260280847549438477e-01
2.225547432899475098e-01
2.262973636388778687e-01
2.245216071605682373e-01
2.227337509393692017e-01
2.215182632207870483e-01
2.201818376779556274e-01
2.244230508804321289e-01
2.222247421741485596e-01
2.217388451099395752e-01
2.238546907901763916e-01
2.226485311985015869e-01
2.203003615140914917e-01
2.223589569330215454e-01
2.204442769289016724e-01
2.197833657264709473e-01
2.197102606296539307e-01
2.202592045068740845e-01
2.258110046386718750e-01
2.202136218547821045e-01
2.203954607248306274e-01
2.172448486089706421e-01
2.213539034128189087e-01
2.182602733373641968e-01
2.181273996829986572e-01
2.196224033832550049e-01
2.223086059093475342e-01
2.218569815158843994e-01
2.220179885625839233e-01
2.188719362020492554e-01
2.217296063899993896e-01
2.163854837417602539e-01
2.193144559860229492e-01
2.167965173721313477e-01
2.194605767726898193e-01
2.211606204509735107e-01
2.193406671285629272e-01
2.177242040634155273e-01
2.196565568447113037e-01
2.196944504976272583e-01
2.185616344213485718e-01
2.183902412652969360e-01
2.203733772039413452e-01
2.172662019729614258e-01
2.191015928983688354e-01
2.186401188373565674e-01
2.181908786296844482e-01
2.177155315876007080e-01
2.171537727117538452e-01
2.166631072759628296e-01
2.201325595378875732e-01
2.168708294630050659e-01
2.190305441617965698e-01
2.182389348745346069e-01
2.189781367778778076e-01
2.168508172035217285e-01
2.171166539192199707e-01
2.149366289377212524e-01
2.170969843864440918e-01
2.145660519599914551e-01
2.185111939907073975e-01
2.194340378046035767e-01
2.174890488386154175e-01
2.150818854570388794e-01
2.171075195074081421e-01
2.197959721088409424e-01
2.164591401815414429e-01
2.167264968156814575e-01
2.153873294591903687e-01
2.180578261613845825e-01
2.180227488279342651e-01
2.112367749214172363e-01
2.152673602104187012e-01
2.138819247484207153e-01
2.148276865482330322e-01
2.130974680185317993e-01
2.154094427824020386e-01
2.153189629316329956e-01
2.149736285209655762e-01
2.160060256719589233e-01
2.107181996107101440e-01
2.149399816989898682e-01
2.135274708271026611e-01
2.142333090305328369e-01
2.154617905616760254e-01
2.153120189905166626e-01
2.121396064758300781e-01
2.140373438596725464e-01
2.166096270084381104e-01
2.146234065294265747e-01
2.131358385086059570e-01
2.136908769607543945e-01
2.129180431365966797e-01
2.146580070257186890e-01
2.116465121507644653e-01
2.132363021373748779e-01
2.149852216243743896e-01
2.156924456357955933e-01
2.171476781368255615e-01
2.136469930410385132e-01
2.160404771566390991e-01
2.135487347841262817e-01
2.109957337379455566e-01
2.116071283817291260e-01
2.116982340812683105e-01
2.142653316259384155e-01
2.130991220474243164e-01
2.124635428190231323e-01
2.129296809434890747e-01
2.108388245105743408e-01
2.115614712238311768e-01
2.121860533952713013e-01
2.117612957954406738e-01
2.142459005117416382e-01
2.106516957283020020e-01
2.111478894948959351e-01
2.146368920803070068e-01
2.122952938079833984e-01
2.101472616195678711e-01
2.135400176048278809e-01
2.118371576070785522e-01
2.102326154708862305e-01
2.121222168207168579e-01
2.106516659259796143e-01
2.140715867280960083e-01
2.106567025184631348e-01
2.108722031116485596e-01
2.098179459571838379e-01
2.110512405633926392e-01
2.100298851728439331e-01
2.085358649492263794e-01
2.114056497812271118e-01
2.131389230489730835e-01
2.106005847454071045e-01
2.086901068687438965e-01
2.081913053989410400e-01
2.093045711517333984e-01
2.090136259794235229e-01
2.091456204652786255e-01
2.075249403715133667e-01
2.094607949256896973e-01
2.112190574407577515e-01
2.103180736303329468e-01
2.112679034471511841e-01
2.112555801868438721e-01
2.098863124847412109e-01
2.101355344057083130e-01
2.089487165212631226e-01
2.098321765661239624e-01
2.087842375040054321e-01
2.112464904785156250e-01
2.123655676841735840e-01
2.073635607957839966e-01
2.089652717113494873e-01
2.074810862541198730e-01
2.056408226490020752e-01
2.078942507505416870e-01
2.103493809700012207e-01
2.079353183507919312e-01
2.079854458570480347e-01
2.115735411643981934e-01
2.100687474012374878e-01
2.093628793954849243e-01
2.071729451417922974e-01
2.035761326551437378e-01
2.079996764659881592e-01
2.090558856725692749e-01
2.075267583131790161e-01
2.089644968509674072e-01
2.084037959575653076e-01
2.094417810440063477e-01
2.093087583780288696e-01
2.061970084905624390e-01
2.084022909402847290e-01
2.077896445989608765e-01
2.084528654813766479e-01
2.082912325859069824e-01
2.070795595645904541e-01
2.092361450195312500e-01
2.060384452342987061e-01
2.063774466514587402e-01
2.083745449781417847e-01
2.063014358282089233e-01
2.055421620607376099e-01
2.088106721639633179e-01
2.091384083032608032e-01
2.071976363658905029e-01
2.076927721500396729e-01
2.058866769075393677e-01
2.090934365987777710e-01
2.043832391500473022e-01
2.087059020996093750e-01
2.103561013936996460e-01
2.080132067203521729e-01
2.059362828731536865e-01
2.051682770252227783e-01
2.062416225671768188e-01
2.061826586723327637e-01
2.066531181335449219e-01
2.071715593338012695e-01
2.043951153755187988e-01
2.063654512166976929e-01
2.042518705129623413e-01
2.038985192775726318e-01
2.051323503255844116e-01
2.073550075292587280e-01
2.033166736364364624e-01
2.032277286052703857e-01
2.034323066473007202e-01
2.064145654439926147e-01
2.035622894763946533e-01
2.052952051162719727e-01
2.060365080833435059e-01
2.048831433057785034e-01
2.067947685718536377e-01
2.048948109149932861e-01
2.101985365152359009e-01
2.048358470201492310e-01
2.070005983114242554e-01
2.044401317834854126e-01
2.047347575426101685e-01
2.037094235420227051e-01
2.065654993057250977e-01
2.037368565797805786e-01
2.024316042661666870e-01
2.058758735656738281e-01
2.013368606567382812e-01
2.049962133169174194e-01
2.029571384191513062e-01
2.050913274288177490e-01
2.038953453302383423e-01
2.029306888580322266e-01
2.016206830739974976e-01
2.052058726549148560e-01
2.046173512935638428e-01
2.053597867488861084e-01
2.039019316434860229e-01
2.040980458259582520e-01
2.049011439085006714e-01
2.043715417385101318e-01
2.037598639726638794e-01
2.057485282421112061e-01
2.019581198692321777e-01
2.047293335199356079e-01
2.039831578731536865e-01
2.039199620485305786e-01
2.035734355449676514e-01
2.042376399040222168e-01
2.036091387271881104e-01
2.028169333934783936e-01
2.055779397487640381e-01
2.051320821046829224e-01
2.015146762132644653e-01
1.992158442735671997e-01
2.072804421186447144e-01
2.026736736297607422e-01
2.031046748161315918e-01
2.007032036781311035e-01
2.032563686370849609e-01
2.023904919624328613e-01
2.012937068939208984e-01
2.026979029178619385e-01
2.028110921382904053e-01
2.028120160102844238e-01
2.028991580009460449e-01
1.984123289585113525e-01
2.021952420473098755e-01
2.033685743808746338e-01
2.014933973550796509e-01
2.053386718034744263e-01
2.015471309423446655e-01
1.999471932649612427e-01
2.053827643394470215e-01
2.027881145477294922e-01
2.017263174057006836e-01
2.035532146692276001e-01
2.013711482286453247e-01
2.017711400985717773e-01
2.010334283113479614e-01
2.011085301637649536e-01
2.000794112682342529e-01
2.030673921108245850e-01
2.007967084646224976e-01
2.016701847314834595e-01
2.028140574693679810e-01
2.002078592777252197e-01
2.017254233360290527e-01
2.029204219579696655e-01
2.027770578861236572e-01
2.009822279214859009e-01
2.026902437210083008e-01
2.003439068794250488e-01
2.000817805528640747e-01
2.003837376832962036e-01
1.984306722879409790e-01
2.015729844570159912e-01
1.994151324033737183e-01
1.993877887725830078e-01
2.020192742347717285e-01
1.979365199804306030e-01
1.991559714078903198e-01
2.026183605194091797e-01
2.003625929355621338e-01
1.998832672834396362e-01
2.022022306919097900e-01
1.995135247707366943e-01
1.998595595359802246e-01
2.016880512237548828e-01
1.965134292840957642e-01
1.986675560474395752e-01
1.999557316303253174e-01
2.001877874135971069e-01
1.962929069995880127e-01
1.989919543266296387e-01
2.018914967775344849e-01
2.016403973102569580e-01
1.980220377445220947e-01
1.993373334407806396e-01
1.952219158411026001e-01
1.996592432260513306e-01
2.003788948059082031e-01
1.984099745750427246e-01
1.982638835906982422e-01
1.996366977691650391e-01
1.988253742456436157e-01
1.999430805444717407e-01
1.990452557802200317e-01
1.974283605813980103e-01
1.943278312683105469e-01
2.018900364637374878e-01
2.019680291414260864e-01
1.988116651773452759e-01
2.005164325237274170e-01
1.955869048833847046e-01
1.997713893651962280e-01
2.016934752464294434e-01
2.007448822259902954e-01
2.016051560640335083e-01
1.982532888650894165e-01
1.983978450298309326e-01
1.998313069343566895e-01
1.963813900947570801e-01
1.971735358238220215e-01
1.998525112867355347e-01
2.000979930162429810e-01
1.971261054277420044e-01
2.006091475486755371e-01
1.974991261959075928e-01
1.971824467182159424e-01
1.982222199440002441e-01
1.978196501731872559e-01
1.963054090738296509e-01
1.996789723634719849e-01
1.978934705257415771e-01
1.971554458141326904e-01
1.996043920516967773e-01
2.009751796722412109e-01
1.995863765478134155e-01
1.992394775152206421e-01
1.991271078586578369e-01
2.000419497489929199e-01
1.996539831161499023e-01
1.989340782165527344e-01
1.992555111646652222e-01
1.966631859540939331e-01
1.954985558986663818e-01
1.966130137443542480e-01
1.988206952810287476e-01
1.957751363515853882e-01
1.979549676179885864e-01
1.951388567686080933e-01
1.975827217102050781e-01
1.972334533929824829e-01
1.949338018894195557e-01
1.960886269807815552e-01
1.973073482513427734e-01
1.992307901382446289e-01
2.012065947055816650e-01
1.960808187723159790e-01
1.975608617067337036e-01
1.979712247848510742e-01
1.973065286874771118e-01
1.991910636425018311e-01
1.946161389350891113e-01
1.939714699983596802e-01
1.977367550134658813e-01
1.996733546257019043e-01
1.973811984062194824e-01
1.971594393253326416e-01
1.962667852640151978e-01
1.997120827436447144e-01
1.972630620002746582e-01
1.998432874679565430e-01
1.965568959712982178e-01
1.974622160196304321e-01
1.987997591495513916e-01
1.978218406438827515e-01
1.959553807973861694e-01
1.956624388694763184e-01
1.926982551813125610e-01
1.961141377687454224e-01
1.993388384580612183e-01
1.962352395057678223e-01
1.970402002334594727e-01
1.965146511793136597e-01
1.980973333120346069e-01
1.970008164644241333e-01
1.966874748468399048e-01
1.960889995098114014e-01
1.979497522115707397e-01
1.990015208721160889e-01
1.969845443964004517e-01
1.962551921606063843e-01
1.956666111946105957e-01
1.968284398317337036e-01
1.995165795087814331e-01
1.971078366041183472e-01
1.953733563423156738e-01
1.968227922916412354e-01
1.957938522100448608e-01
1.955884844064712524e-01
1.963645368814468384e-01
1.970419287681579590e-01
1.919885426759719849e-01
1.931147724390029907e-01
1.974409520626068115e-01
1.932945251464843750e-01
1.940428912639617920e-01
1.974593102931976318e-01
1.965777277946472168e-01
1.988235116004943848e-01
1.982882022857666016e-01
1.968474239110946655e-01
1.942560374736785889e-01
1.942158192396163940e-01
1.934790760278701782e-01
1.955950111150741577e-01
1.946385949850082397e-01
1.980560719966888428e-01
1.947682052850723267e-01
1.940337121486663818e-01
1.920556724071502686e-01
1.943884193897247314e-01
1.949411183595657349e-01
1.960145235061645508e-01
1.950762122869491577e-01
1.939107775688171387e-01
1.969055086374282837e-01
1.942541748285293579e-01
1.933482885360717773e-01
1.937219500541687012e-01
1.964892596006393433e-01
1.948661804199218750e-01
1.944799423217773438e-01
1.952588260173797607e-01
1.951728612184524536e-01
1.960168033838272095e-01
1.934258788824081421e-01
1.941728740930557251e-01
1.948223263025283813e-01
1.946983337402343750e-01
1.942201405763626099e-01
1.930267810821533203e-01
1.942056715488433838e-01
1.936829835176467896e-01
1.932717263698577881e-01
1.923020184040069580e-01
1.911926716566085815e-01
1.918425709009170532e-01
1.931666284799575806e-01
1.892440915107727051e-01
1.941322535276412964e-01
1.936971694231033325e-01
1.928454190492630005e-01
1.919218152761459351e-01
1.950941532850265503e-01
1.911131739616394043e-01
1.952115744352340698e-01
1.916266381740570068e-01
1.925200819969177246e-01
1.950730532407760620e-01
1.938014626502990723e-01
1.934304088354110718e-01
1.938697993755340576e-01
1.942801028490066528e-01
1.924151778221130371e-01
1.936753094196319580e-01
1.921173930168151855e-01
1.936461627483367920e-01
1.927045881748199463e-01
1.925460994243621826e-01
1.929867118597030640e-01
1.924830228090286255e-01
1.946540325880050659e-01
1.921521276235580444e-01
1.913826465606689453e-01
1.925462186336517334e-01
1.970113962888717651e-01
1.933134496212005615e-01
1.941174119710922241e-01
1.912291347980499268e-01
1.924114376306533813e-01
1.912011057138442993e-01
1.927822232246398926e-01
1.949936002492904663e-01
1.946729719638824463e-01
1.920736283063888550e-01
1.929495930671691895e-01
1.920286118984222412e-01
1.916353553533554077e-01
1.916457414627075195e-01
1.926228106021881104e-01
1.938021779060363770e-01
1.939212232828140259e-01
1.908328980207443237e-01
1.955005973577499390e-01
1.911314725875854492e-01
1.956456750631332397e-01
1.931377351284027100e-01
1.935681104660034180e-01
1.954084485769271851e-01
1.941703706979751587e-01
1.949212998151779175e-01
1.959733366966247559e-01
1.943245828151702881e-01
1.915126740932464600e-01
1.909306496381759644e-01
1.924743056297302246e-01
1.913519501686096191e-01
1.922857910394668579e-01
1.930375099182128906e-01
1.925956308841705322e-01
1.914044320583343506e-01
1.904555559158325195e-01
1.937496662139892578e-01
1.898316293954849243e-01
1.928575485944747925e-01
1.898757219314575195e-01
1.929132640361785889e-01
1.924623847007751465e-01
1.910535246133804321e-01
1.910499483346939087e-01
1.913717240095138550e-01
1.936366409063339233e-01
1.932704299688339233e-01
1.956458538770675659e-01
1.900319457054138184e-01
1.899954974651336670e-01
1.919233649969100952e-01
1.934993118047714233e-01
1.903932243585586548e-01
1.911804527044296265e-01
1.891408264636993408e-01
1.901162713766098022e-01
1.899633407592773438e-01
1.904383152723312378e-01
1.922754347324371338e-01
1.888284832239151001e-01
1.920782029628753662e-01
1.945713907480239868e-01
1.899928897619247437e-01
1.925495117902755737e-01
1.907258182764053345e-01
1.951244324445724487e-01
1.917266100645065308e-01
1.928765326738357544e-01
1.898476332426071167e-01
1.914783716201782227e-01
1.932421177625656128e-01
1.898331642150878906e-01
1.918207556009292603e-01
1.916904896497726440e-01
1.932381391525268555e-01
1.908557564020156860e-01
1.902998685836791992e-01
1.894690841436386108e-01
1.919056177139282227e-01
1.916944235563278198e-01
1.919565051794052124e-01
1.903076469898223877e-01
1.908445060253143311e-01
1.908078342676162720e-01
1.891861557960510254e-01
1.919306516647338867e-01
1.899165511131286621e-01
1.921686232089996338e-01
1.902567446231842041e-01
1.880527734756469727e-01
1.903444379568099976e-01
1.903964430093765259e-01
1.910409033298492432e-01
1.888235360383987427e-01
1.888297051191329956e-01
1.903293281793594360e-01
1.908061355352401733e-01
1.884855777025222778e-01
1.892638504505157471e-01
1.899973005056381226e-01
1.907107532024383545e-01
1.916603893041610718e-01
1.912468671798706055e-01
1.900882869958877563e-01
1.922518908977508545e-01
1.883926540613174438e-01
1.898470371961593628e-01
1.905982643365859985e-01
1.878428757190704346e-01
1.902146488428115845e-01
1.888504922389984131e-01
1.899132281541824341e-01
1.892478764057159424e-01
1.908022761344909668e-01
1.877654194831848145e-01
1.905310600996017456e-01
1.904104053974151611e-01
1.883282214403152466e-01
1.924035102128982544e-01
1.865587383508682251e-01
1.892576515674591064e-01
1.889311522245407104e-01
1.892292052507400513e-01
1.917147934436798096e-01
1.917261183261871338e-01
1.892426013946533203e-01
1.891309171915054321e-01
1.928646713495254517e-01
1.912873238325119019e-01
1.874693185091018677e-01
1.876394301652908325e-01
1.870022118091583252e-01
1.918472647666931152e-01
1.878459751605987549e-01
1.910275518894195557e-01
1.880623549222946167e-01
1.911220103502273560e-01
1.904669106006622314e-01
1.910393983125686646e-01
1.890366673469543457e-01
1.893830448389053345e-01
1.910535246133804321e-01
1.917258799076080322e-01
1.899583339691162109e-01
1.901930421590805054e-01
1.895137131214141846e-01
1.895783841609954834e-01
1.864134669303894043e-01
1.900786459445953369e-01
1.906433701515197754e-01
1.889322251081466675e-01
1.874685287475585938e-01
1.896787881851196289e-01
1.894196569919586182e-01
1.871389597654342651e-01
1.892714947462081909e-01
1.892328262329101562e-01
1.888891309499740601e-01
1.904613971710205078e-01
1.893390417098999023e-01
1.881463676691055298e-01
1.868742704391479492e-01
1.869321763515472412e-01
1.893628984689712524e-01
1.894242167472839355e-01
1.877885311841964722e-01
1.885865181684494019e-01
1.868541687726974487e-01
1.895658075809478760e-01
1.908037811517715454e-01
1.877771466970443726e-01
1.882985979318618774e-01
1.891440749168395996e-01
1.886346638202667236e-01
1.909151822328567505e-01
1.898245066404342651e-01
1.880752593278884888e-01
1.889950931072235107e-01
1.894301027059555054e-01
1.869910210371017456e-01
1.876859664916992188e-01
1.889243125915527344e-01
1.884260028600692749e-01
1.859534084796905518e-01
1.887866109609603882e-01
1.892558336257934570e-01
1.882643252611160278e-01
1.881485581398010254e-01
1.890775412321090698e-01
1.899995952844619751e-01
1.904045045375823975e-01
1.854845285415649414e-01
1.881980001926422119e-01
1.896408498287200928e-01
1.839863359928131104e-01
1.900692433118820190e-01
1.890359967947006226e-01
1.860091835260391235e-01
1.866753399372100830e-01
1.883541345596313477e-01
1.874934136867523193e-01
1.873078495264053345e-01
1.878863424062728882e-01
1.876302510499954224e-01
1.847593486309051514e-01
1.872830837965011597e-01
1.885587722063064575e-01
1.880517452955245972e-01
1.901646405458450317e-01
1.875136196613311768e-01
1.890116780996322632e-01
1.895323246717453003e-01
1.862470209598541260e-01
1.859096735715866089e-01
1.864625364542007446e-01
1.851123869419097900e-01
1.858080178499221802e-01
1.851393282413482666e-01
1.865151971578598022e-01
1.862694174051284790e-01
1.877751946449279785e-01
1.850046664476394653e-01
1.867984533309936523e-01
1.878655552864074707e-01
1.880493909120559692e-01
1.862947046756744385e-01
1.859912723302841187e-01
1.894708871841430664e-01
1.900615990161895752e-01
1.881088465452194214e-01
1.872056573629379272e-01
1.880801022052764893e-01
1.879670917987823486e-01
1.862722486257553101e-01
1.839223057031631470e-01
1.874573975801467896e-01
1.867623925209045410e-01
1.883246004581451416e-01
1.844124346971511841e-01
1.871243566274642944e-01
1.885330677032470703e-01
1.840590536594390869e-01
1.876142919063568115e-01
1.842087954282760620e-01
1.885288655757904053e-01
1.865437626838684082e-01
1.839314848184585571e-01
1.888667792081832886e-01
1.866775304079055786e-01
1.850636005401611328e-01
1.876446008682250977e-01
1.851776689291000366e-01
1.870517581701278687e-01
1.827851831912994385e-01
1.851914227008819580e-01
1.845009028911590576e-01
1.892324984073638916e-01
1.863494813442230225e-01
1.868448853492736816e-01
1.869711726903915405e-01
1.858864426612854004e-01
1.883392930030822754e-01
1.855000555515289307e-01
1.879370957612991333e-01
1.883111745119094849e-01
1.887518465518951416e-01
1.853683143854141235e-01
1.856942623853683472e-01
1.829331219196319580e-01
1.845563352108001709e-01
1.860389113426208496e-01
1.835771203041076660e-01
1.865037530660629272e-01
1.856241077184677124e-01
1.838344782590866089e-01
1.846290528774261475e-01
1.877172142267227173e-01
1.876924335956573486e-01
1.882963776588439941e-01
1.873528212308883667e-01
1.861525177955627441e-01
1.863036900758743286e-01
1.857197731733322144e-01
1.849878281354904175e-01
1.857252418994903564e-01
1.885607838630676270e-01
1.850858628749847412e-01
1.883201301097869873e-01
1.845766603946685791e-01
1.824982166290283203e-01
1.855619847774505615e-01
1.880110055208206177e-01
1.868294924497604370e-01
1.859341412782669067e-01
1.850473135709762573e-01
1.864746212959289551e-01
1.857544481754302979e-01
1.857905387878417969e-01
1.836423277854919434e-01
1.844599097967147827e-01
1.858468353748321533e-01
1.822435557842254639e-01
1.822428405284881592e-01
1.846840828657150269e-01
1.843878924846649170e-01
1.847181022167205811e-01
1.847613900899887085e-01
1.861971467733383179e-01
1.870136409997940063e-01
1.822891235351562500e-01
1.851521432399749756e-01
1.856163740158081055e-01
1.821677386760711670e-01
1.847922205924987793e-01
1.829693764448165894e-01
1.820534765720367432e-01
1.877038925886154175e-01
1.831468939781188965e-01
1.832175701856613159e-01
1.859172582626342773e-01
1.834935843944549561e-01
1.846925467252731323e-01
1.839289665222167969e-01
1.830355674028396606e-01
1.853028833866119385e-01
1.847260594367980957e-01
1.847236454486846924e-01
1.816662400960922241e-01
1.866344809532165527e-01
1.854552328586578369e-01
1.848781108856201172e-01
1.860543340444564819e-01
1.827164888381958008e-01
1.848346292972564697e-01
1.849796921014785767e-01
1.830024421215057373e-01
1.815855950117111206e-01
1.858736276626586914e-01
1.836611479520797729e-01
