8.975833058357238770e-01
8.916938900947570801e-01
8.853701353073120117e-01
8.800734281539916992e-01
8.712452650070190430e-01
8.629079461097717285e-01
8.534101843833923340e-01
8.417630791664123535e-01
8.291355967521667480e-01
8.154757618904113770e-01
7.996425628662109375e-01
7.812453508377075195e-01
7.593255043029785156e-01
7.363893985748291016e-01
7.147834300994873047e-01
6.833825111389160156e-01
6.522409319877624512e-01
6.230006217956542969e-01
5.879611372947692871e-01
5.624433755874633789e-01
5.374763011932373047e-01
4.936612248420715332e-01
4.842205047607421875e-01
4.659032523632049561e-01
4.615425467491149902e-01
4.770442843437194824e-01
4.516479969024658203e-01
4.670471549034118652e-01
4.614255428314208984e-01
4.666779637336730957e-01
4.523568451404571533e-01
4.249616265296936035e-01
4.340106844902038574e-01
4.237021803855895996e-01
4.161412417888641357e-01
4.156991839408874512e-01
4.163944125175476074e-01
4.105204343795776367e-01
4.057678878307342529e-01
4.034706652164459229e-01
3.969482779502868652e-01
3.902873396873474121e-01
3.890067040920257568e-01
3.862309455871582031e-01
3.925090432167053223e-01
3.763967752456665039e-01
3.788483142852783203e-01
3.802033960819244385e-01
3.706564307212829590e-01
3.746737241744995117e-01
3.649699091911315918e-01
3.571946620941162109e-01
3.788181543350219727e-01
3.580863475799560547e-01
3.628945052623748779e-01
3.577045500278472900e-01
3.479650616645812988e-01
3.470052480697631836e-01
3.499275147914886475e-01
3.450221121311187744e-01
3.551970422267913818e-01
3.437769412994384766e-01
3.365591466426849365e-01
3.437579870223999023e-01
3.343843519687652588e-01
3.292167782783508301e-01
3.300082087516784668e-01
3.267537355422973633e-01
3.258605301380157471e-01
3.305210769176483154e-01
3.366279006004333496e-01
3.184220194816589355e-01
3.192167282104492188e-01
3.202980160713195801e-01
3.159301578998565674e-01
3.206204771995544434e-01
3.145821392536163330e-01
3.160608112812042236e-01
3.061386942863464355e-01
3.048820793628692627e-01
3.082505762577056885e-01
3.083880841732025146e-01
3.075375556945800781e-01
3.011887073516845703e-01
3.014375269412994385e-01
3.003484308719635010e-01
3.047423958778381348e-01
2.993933856487274170e-01
3.003989458084106445e-01
2.977733910083770752e-01
2.972401082515716553e-01
2.969197630882263184e-01
2.933206856250762939e-01
2.949486374855041504e-01
2.929929196834564209e-01
2.927491366863250732e-01
2.911574542522430420e-01
2.854644954204559326e-01
2.909532785415649414e-01
2.915827929973602295e-01
2.859322130680084229e-01
2.836668193340301514e-01
2.828881144523620605e-01
2.817558944225311279e-01
2.808880805969238281e-01
2.769486904144287109e-01
2.802547514438629150e-01
2.795662879943847656e-01
2.780478000640869141e-01
2.820395231246948242e-01
2.777305245399475098e-01
2.753041088581085205e-01
2.735504209995269775e-01
2.769080698490142822e-01
2.754775583744049072e-01
2.752685248851776123e-01
2.724353671073913574e-01
2.720716595649719238e-01
2.670453190803527832e-01
2.708560824394226074e-01
2.677064239978790283e-01
2.734203338623046875e-01
2.681483924388885498e-01
2.654740512371063232e-01
2.636894583702087402e-01
2.662095427513122559e-01
2.645315527915954590e-01
2.687563002109527588e-01
2.606650292873382568e-01
2.629365324974060059e-01
2.643700540065765381e-01
2.606123685836791992e-01
2.627476155757904053e-01
2.601249516010284424e-01
2.591591477394104004e-01
2.584705948829650879e-01
2.583000957965850830e-01
2.604517042636871338e-01
2.581708729267120361e-01
2.592400610446929932e-01
2.562320828437805176e-01
2.560745477676391602e-01
2.561617791652679443e-01
2.523135542869567871e-01
2.526439130306243896e-01
2.545318603515625000e-01
2.550569474697113037e-01
2.523165643215179443e-01
2.512110173702239990e-01
2.497912347316741943e-01
2.534641623497009277e-01
2.490464597940444946e-01
2.505768835544586182e-01
2.466365247964859009e-01
2.473924756050109863e-01
2.500969469547271729e-01
2.480894029140472412e-01
2.453385591506958008e-01
2.464573383331298828e-01
2.481426745653152466e-01
2.444441020488739014e-01
2.443009912967681885e-01
2.464171051979064941e-01
2.438900619745254517e-01
2.458985149860382080e-01
2.447420060634613037e-01
2.420282363891601562e-01
2.468721419572830200e-01
2.397038042545318604e-01
2.408456057310104370e-01
2.434765100479125977e-01
2.383687198162078857e-01
2.413663268089294434e-01
2.404586225748062134e-01
2.398125827312469482e-01
2.413851767778396606e-01
2.403751909732818604e-01
2.384043633937835693e-01
2.367787063121795654e-01
2.337352335453033447e-01
2.371955811977386475e-01
2.364720404148101807e-01
2.328027039766311646e-01
2.352846264839172363e-01
2.337343543767929077e-01
2.339729964733123779e-01
2.345873564481735229e-01
2.369380146265029907e-01
2.323278635740280151e-01
2.319504767656326294e-01
2.319028228521347046e-01
2.340219765901565552e-01
2.336931973695755005e-01
2.313441187143325806e-01
2.316886186599731445e-01
2.287083268165588379e-01
2.317275106906890869e-01
2.281084507703781128e-01
2.298087477684020996e-01
2.317525148391723633e-01
2.286675721406936646e-01
2.268446087837219238e-01
2.281352728605270386e-01
2.280660271644592285e-01
2.264524698257446289e-01
2.286557108163833618e-01
2.269259393215179443e-01
2.246051579713821411e-01
2.273055613040924072e-01
2.232935428619384766e-01
2.275277078151702881e-01
2.241949588060379028e-01
2.213744968175888062e-01
2.226082086563110352e-01
2.229594290256500244e-01
2.243482619524002075e-01
2.225137501955032349e-01
2.219307720661163330e-01
2.229312509298324585e-01
2.202936410903930664e-01
2.222459018230438232e-01
2.211469858884811401e-01
2.215682715177536011e-01
2.225525528192520142e-01
2.216970324516296387e-01
2.205602079629898071e-01
2.174261510372161865e-01
2.169158607721328735e-01
2.163818627595901489e-01
2.183314710855484009e-01
2.169675529003143311e-01
2.191924899816513062e-01
2.185136377811431885e-01
2.172077149152755737e-01
2.176307141780853271e-01
2.174809873104095459e-01
2.196430116891860962e-01
2.135142087936401367e-01
2.160961180925369263e-01
2.161342948675155640e-01
2.153950482606887817e-01
2.161648720502853394e-01
2.139311879873275757e-01
2.131261080503463745e-01
2.140580564737319946e-01
2.152106910943984985e-01
2.143184393644332886e-01
2.145413160324096680e-01
2.138581573963165283e-01
2.140681594610214233e-01
2.131574153900146484e-01
2.111253589391708374e-01
2.117926031351089478e-01
2.090681940317153931e-01
2.089978754520416260e-01
2.124255150556564331e-01
2.089653909206390381e-01
2.112868279218673706e-01
2.109007239341735840e-01
2.103248536586761475e-01
2.096749395132064819e-01
2.083487659692764282e-01
2.079710662364959717e-01
2.089752256870269775e-01
2.092858850955963135e-01
2.095784544944763184e-01
2.079757601022720337e-01
2.067265212535858154e-01
2.078305333852767944e-01
2.067058533430099487e-01
2.042478024959564209e-01
2.086311429738998413e-01
2.074288427829742432e-01
2.066296488046646118e-01
2.046673297882080078e-01
2.064697444438934326e-01
2.062079012393951416e-01
2.022786885499954224e-01
2.065455168485641479e-01
2.050167918205261230e-01
2.040126323699951172e-01
2.056935280561447144e-01
2.043330669403076172e-01
2.052637338638305664e-01
2.013285905122756958e-01
2.048619240522384644e-01
2.008846998214721680e-01
2.015908360481262207e-01
2.028665542602539062e-01
2.008152455091476440e-01
2.021367102861404419e-01
2.021824568510055542e-01
2.008184790611267090e-01
2.022541612386703491e-01
2.009674161672592163e-01
2.020222842693328857e-01
2.006060928106307983e-01
1.985563486814498901e-01
2.008193731307983398e-01
2.009637057781219482e-01
2.010246366262435913e-01
1.990781128406524658e-01
1.995994299650192261e-01
1.976497471332550049e-01
2.029770761728286743e-01
2.016410827636718750e-01
1.993842273950576782e-01
1.987558305263519287e-01
1.957013607025146484e-01
1.990642845630645752e-01
1.982516348361968994e-01
1.963472366333007812e-01
1.951783150434494019e-01
1.945475041866302490e-01
1.963375955820083618e-01
1.969579458236694336e-01
1.960165351629257202e-01
1.968162655830383301e-01
1.949510276317596436e-01
1.935807615518569946e-01
1.946970075368881226e-01
1.948584020137786865e-01
1.929680556058883667e-01
1.939861029386520386e-01
1.961376070976257324e-01
1.946300715208053589e-01
1.929797828197479248e-01
1.922535002231597900e-01
1.928263604640960693e-01
1.947403401136398315e-01
1.933279037475585938e-01
1.924176961183547974e-01
1.897712796926498413e-01
1.926795691251754761e-01
1.932215392589569092e-01
1.921127736568450928e-01
1.923134177923202515e-01
1.892133504152297974e-01
1.910649240016937256e-01
1.890824139118194580e-01
1.902208775281906128e-01
1.901247650384902954e-01
1.894353479146957397e-01
1.898507028818130493e-01
1.909636259078979492e-01
1.885023117065429688e-01
1.887833029031753540e-01
1.893839687108993530e-01
1.876048147678375244e-01
1.899925619363784790e-01
1.890771090984344482e-01
1.895741820335388184e-01
1.885924935340881348e-01
1.880366355180740356e-01
1.877643018960952759e-01
1.884822249412536621e-01
1.864564865827560425e-01
1.868254691362380981e-01
1.875373572111129761e-01
1.878064274787902832e-01
1.874999403953552246e-01
1.876291632652282715e-01
1.837009340524673462e-01
1.851458549499511719e-01
1.850672960281372070e-01
1.847388446331024170e-01
1.854886114597320557e-01
1.848979741334915161e-01
1.855456829071044922e-01
1.848116517066955566e-01
1.839862167835235596e-01
1.840599626302719116e-01
1.842468380928039551e-01
1.844451129436492920e-01
1.840997338294982910e-01
1.840206384658813477e-01
1.844765394926071167e-01
1.820847392082214355e-01
1.837715804576873779e-01
1.835582405328750610e-01
1.820002049207687378e-01
1.849199533462524414e-01
1.823308914899826050e-01
1.831334084272384644e-01
1.835727691650390625e-01
1.814556866884231567e-01
1.823136061429977417e-01
1.824467033147811890e-01
1.848407536745071411e-01
1.803097277879714966e-01
1.797566711902618408e-01
1.817871630191802979e-01
1.821400076150894165e-01
1.818814426660537720e-01
1.806412488222122192e-01
1.819176673889160156e-01
1.798231005668640137e-01
1.805540919303894043e-01
1.821858286857604980e-01
1.804406046867370605e-01
1.806177943944931030e-01
1.828484833240509033e-01
1.808725893497467041e-01
1.803151369094848633e-01
1.805751472711563110e-01
1.780503392219543457e-01
1.799975633621215820e-01
1.797384321689605713e-01
1.804102659225463867e-01
1.793572306632995605e-01
1.788527816534042358e-01
1.785960793495178223e-01
1.780585199594497681e-01
1.791188418865203857e-01
1.782650202512741089e-01
1.787639111280441284e-01
1.791887730360031128e-01
1.794033497571945190e-01
1.787769049406051636e-01
1.755722910165786743e-01
1.792911738157272339e-01
1.775789558887481689e-01
1.777691990137100220e-01
1.772774755954742432e-01
1.790526658296585083e-01
1.769785881042480469e-01
1.773395687341690063e-01
1.786620169878005981e-01
1.763133555650711060e-01
1.759354770183563232e-01
1.756895780563354492e-01
1.765135824680328369e-01
1.778054535388946533e-01
1.773432493209838867e-01
1.767260581254959106e-01
1.764140278100967407e-01
1.738788634538650513e-01
1.760332435369491577e-01
1.755395531654357910e-01
1.763556450605392456e-01
1.774960160255432129e-01
1.759905964136123657e-01
1.764342337846755981e-01
1.752797067165374756e-01
1.743617206811904907e-01
1.750186532735824585e-01
1.750044226646423340e-01
1.753490865230560303e-01
1.752925962209701538e-01
1.733552813529968262e-01
1.742523461580276489e-01
1.766619980335235596e-01
1.762404292821884155e-01
1.751768290996551514e-01
1.736101806163787842e-01
1.738258302211761475e-01
1.747967153787612915e-01
1.728694438934326172e-01
1.732330024242401123e-01
1.722650527954101562e-01
1.735348701477050781e-01
1.735510081052780151e-01
1.756365150213241577e-01
1.726818680763244629e-01
1.738400459289550781e-01
1.725282967090606689e-01
1.735322922468185425e-01
1.723819822072982788e-01
1.750613600015640259e-01
1.744975745677947998e-01
1.723084747791290283e-01
1.732687056064605713e-01
1.738241463899612427e-01
1.720004081726074219e-01
1.751060187816619873e-01
1.720179319381713867e-01
1.711983382701873779e-01
1.719536185264587402e-01
1.729101091623306274e-01
1.716628223657608032e-01
1.729135960340499878e-01
1.709950715303421021e-01
1.723407506942749023e-01
1.718075573444366455e-01
1.739763319492340088e-01
1.723058819770812988e-01
1.709434837102890015e-01
1.722686290740966797e-01
1.699778586626052856e-01
1.698406040668487549e-01
1.714134663343429565e-01
1.719873547554016113e-01
1.722717732191085815e-01
1.717107295989990234e-01
1.706260442733764648e-01
1.711500734090805054e-01
1.714609712362289429e-01
1.703435331583023071e-01
1.703171432018280029e-01
1.709844619035720825e-01
1.688373386859893799e-01
1.722592264413833618e-01
1.706376373767852783e-01
1.692679971456527710e-01
1.704188883304595947e-01
1.707567125558853149e-01
1.705803275108337402e-01
1.708388477563858032e-01
1.682225167751312256e-01
1.696613878011703491e-01
1.715130358934402466e-01
1.714913547039031982e-01
1.709331870079040527e-01
1.687661558389663696e-01
1.707327812910079956e-01
1.668582111597061157e-01
1.685138791799545288e-01
1.693053245544433594e-01
1.695230752229690552e-01
1.690231412649154663e-01
1.702931523323059082e-01
1.671448200941085815e-01
1.687511652708053589e-01
1.676968783140182495e-01
1.675357669591903687e-01
1.691323220729827881e-01
1.687007993459701538e-01
1.685307025909423828e-01
1.693935394287109375e-01
1.694096326828002930e-01
1.706556975841522217e-01
1.687663346529006958e-01
1.695260256528854370e-01
1.691369265317916870e-01
1.687674820423126221e-01
1.683738380670547485e-01
1.681005954742431641e-01
1.704923957586288452e-01
1.704004555940628052e-01
1.668307781219482422e-01
1.685992628335952759e-01
1.687581837177276611e-01
1.687570661306381226e-01
1.683244854211807251e-01
1.679729074239730835e-01
1.686338335275650024e-01
1.691555976867675781e-01
1.670413762331008911e-01
1.675557643175125122e-01
1.677056252956390381e-01
1.682132780551910400e-01
1.684959083795547485e-01
1.672776788473129272e-01
1.678567528724670410e-01
1.678304672241210938e-01
1.667834222316741943e-01
1.680681109428405762e-01
1.678243279457092285e-01
1.680270433425903320e-01
1.655770540237426758e-01
1.667353212833404541e-01
1.657740175724029541e-01
1.647788286209106445e-01
1.678834259510040283e-01
1.669235825538635254e-01
1.669105142354965210e-01
1.664228588342666626e-01
1.678721308708190918e-01
1.678291261196136475e-01
1.685619205236434937e-01
1.661349385976791382e-01
1.660809218883514404e-01
1.657439023256301880e-01
1.675842255353927612e-01
1.668976843357086182e-01
1.658486574888229370e-01
1.666113138198852539e-01
1.662469953298568726e-01
1.666555851697921753e-01
1.655906736850738525e-01
1.656303852796554565e-01
1.659081280231475830e-01
1.664965152740478516e-01
1.661514788866043091e-01
1.654089689254760742e-01
1.662745028734207153e-01
1.633163541555404663e-01
1.662223041057586670e-01
1.650882810354232788e-01
1.646485030651092529e-01
1.638279110193252563e-01
1.672080159187316895e-01
1.669220626354217529e-01
1.652816087007522583e-01
1.656220108270645142e-01
1.658401936292648315e-01
1.640662699937820435e-01
1.647022366523742676e-01
1.674455106258392334e-01
1.650272607803344727e-01
1.643291115760803223e-01
1.631379723548889160e-01
1.639810204505920410e-01
1.645001322031021118e-01
1.641538888216018677e-01
1.640722751617431641e-01
1.636399030685424805e-01
1.651817411184310913e-01
1.643112748861312866e-01
1.643912196159362793e-01
1.642093658447265625e-01
1.638805419206619263e-01
1.647875010967254639e-01
1.644573956727981567e-01
1.640700697898864746e-01
1.652286648750305176e-01
1.646342128515243530e-01
1.641594320535659790e-01
1.632536351680755615e-01
1.643516868352890015e-01
1.634775996208190918e-01
1.629144549369812012e-01
1.643278151750564575e-01
1.655747592449188232e-01
1.642217189073562622e-01
1.640262305736541748e-01
1.629934608936309814e-01
1.638536006212234497e-01
1.623259484767913818e-01
1.625389009714126587e-01
1.639953851699829102e-01
1.631374061107635498e-01
1.622282564640045166e-01
1.630700081586837769e-01
1.635099500417709351e-01
1.640579551458358765e-01
1.632361412048339844e-01
1.630735397338867188e-01
1.622412800788879395e-01
1.627589464187622070e-01
1.620016098022460938e-01
1.651949286460876465e-01
1.628032624721527100e-01
1.629743278026580811e-01
1.630978733301162720e-01
1.628715693950653076e-01
1.622396707534790039e-01
1.637054681777954102e-01
1.618378162384033203e-01
1.624254584312438965e-01
1.636269241571426392e-01
1.619518995285034180e-01
1.623176336288452148e-01
1.624541133642196655e-01
1.632419228553771973e-01
1.639038026332855225e-01
1.645255088806152344e-01
1.633789241313934326e-01
1.627538204193115234e-01
1.626538187265396118e-01
1.623708456754684448e-01
1.622295081615447998e-01
1.623866558074951172e-01
1.624404639005661011e-01
1.606177240610122681e-01
1.627911329269409180e-01
1.612642556428909302e-01
1.618266254663467407e-01
1.618563681840896606e-01
1.619272828102111816e-01
1.615112125873565674e-01
1.609047055244445801e-01
1.622773110866546631e-01
1.621577888727188110e-01
1.603713482618331909e-01
1.607129424810409546e-01
1.611840724945068359e-01
1.603469252586364746e-01
1.615980118513107300e-01
1.620820015668869019e-01
1.603866964578628540e-01
1.606148630380630493e-01
1.616216450929641724e-01
1.606199294328689575e-01
1.611913442611694336e-01
1.610716879367828369e-01
1.606814265251159668e-01
1.610749959945678711e-01
1.625130027532577515e-01
1.600907891988754272e-01
1.601714342832565308e-01
1.613111197948455811e-01
1.594247519969940186e-01
1.623019725084304810e-01
1.621412038803100586e-01
1.588557064533233643e-01
1.607593744993209839e-01
1.608828157186508179e-01
1.595801562070846558e-01
1.592762619256973267e-01
1.611598581075668335e-01
1.619230806827545166e-01
1.606528460979461670e-01
1.616093963384628296e-01
1.606229245662689209e-01
1.608095914125442505e-01
1.608807444572448730e-01
1.626024991273880005e-01
1.604760587215423584e-01
1.592405587434768677e-01
1.605387479066848755e-01
1.615844517946243286e-01
1.600893437862396240e-01
1.604853719472885132e-01
1.592186242341995239e-01
1.612191647291183472e-01
1.613324433565139771e-01
1.612091213464736938e-01
1.600432395935058594e-01
1.589451283216476440e-01
1.590574085712432861e-01
1.597949266433715820e-01
1.614250391721725464e-01
1.581685096025466919e-01
1.589956432580947876e-01
1.600017398595809937e-01
1.584373116493225098e-01
1.603853106498718262e-01
1.595652997493743896e-01
1.596443206071853638e-01
1.594674289226531982e-01
1.590687185525894165e-01
1.595048159360885620e-01
1.604148596525192261e-01
1.603586524724960327e-01
1.583148986101150513e-01
1.600246876478195190e-01
1.580697894096374512e-01
1.589102149009704590e-01
1.598608046770095825e-01
1.606204509735107422e-01
1.575041711330413818e-01
1.584450304508209229e-01
1.577259153127670288e-01
1.587801724672317505e-01
1.588516384363174438e-01
1.600212007761001587e-01
1.586687117815017700e-01
1.589364409446716309e-01
1.575546264648437500e-01
1.600757241249084473e-01
1.586580723524093628e-01
1.578029096126556396e-01
1.583791673183441162e-01
1.577148735523223877e-01
1.598028689622879028e-01
1.584458798170089722e-01
1.588270366191864014e-01
1.595830470323562622e-01
1.583096534013748169e-01
1.595157831907272339e-01
1.585706472396850586e-01
1.576730906963348389e-01
1.587775945663452148e-01
1.577790230512619019e-01
1.589095294475555420e-01
1.581861376762390137e-01
1.582915484905242920e-01
1.577798277139663696e-01
1.585406661033630371e-01
1.577924340963363647e-01
1.589925438165664673e-01
1.574127823114395142e-01
1.577242314815521240e-01
1.574732661247253418e-01
1.591520905494689941e-01
1.567330807447433472e-01
1.578308194875717163e-01
1.576546430587768555e-01
1.581160873174667358e-01
1.568319797515869141e-01
1.563216149806976318e-01
1.582813262939453125e-01
1.576475650072097778e-01
1.588916182518005371e-01
1.578763425350189209e-01
1.582708656787872314e-01
1.580477952957153320e-01
1.576731801033020020e-01
1.570197343826293945e-01
1.577804535627365112e-01
1.573681831359863281e-01
1.562056392431259155e-01
1.578329801559448242e-01
1.590441316366195679e-01
1.550360471010208130e-01
1.579712331295013428e-01
1.591554135084152222e-01
1.574015766382217407e-01
1.581330746412277222e-01
2.363975346088409424e-01
2.357520163059234619e-01
2.322094589471817017e-01
2.320262342691421509e-01
2.320036292076110840e-01
2.304598093032836914e-01
2.329961806535720825e-01
2.324530780315399170e-01
2.312409877777099609e-01
2.295796573162078857e-01
2.291070371866226196e-01
2.320070713758468628e-01
2.298909872770309448e-01
2.280755192041397095e-01
2.278274148702621460e-01
2.285046875476837158e-01
2.303666919469833374e-01
2.299989759922027588e-01
2.295842766761779785e-01
2.304156124591827393e-01
2.286387234926223755e-01
2.274485975503921509e-01
2.276347577571868896e-01
2.265851199626922607e-01
2.281067073345184326e-01
2.278561145067214966e-01
2.286098152399063110e-01
2.284739315509796143e-01
2.280303388833999634e-01
2.296114265918731689e-01
2.288716882467269897e-01
2.284756153821945190e-01
2.263960391283035278e-01
2.280240654945373535e-01
2.248928546905517578e-01
2.290180921554565430e-01
2.261910289525985718e-01
2.257417142391204834e-01
2.244201451539993286e-01
2.259775996208190918e-01
2.254064083099365234e-01
2.259704172611236572e-01
2.227746546268463135e-01
2.246746122837066650e-01
2.242143303155899048e-01
2.250595986843109131e-01
2.256465256214141846e-01
2.217530757188796997e-01
2.232358753681182861e-01
2.252236306667327881e-01
2.258987724781036377e-01
2.237140089273452759e-01
2.258155941963195801e-01
2.239632159471511841e-01
2.257210761308670044e-01
2.242124378681182861e-01
2.238843590021133423e-01
2.230192422866821289e-01
2.225749492645263672e-01
2.218971252441406250e-01
2.230150401592254639e-01
2.252090871334075928e-01
2.244035899639129639e-01
2.197843939065933228e-01
2.230906039476394653e-01
2.239398807287216187e-01
2.211768031120300293e-01
2.227743864059448242e-01
2.231647223234176636e-01
2.232572287321090698e-01
2.224333137273788452e-01
2.217674851417541504e-01
2.228188514709472656e-01
2.234935909509658813e-01
2.204234898090362549e-01
2.219179719686508179e-01
2.221239656209945679e-01
2.221457064151763916e-01
2.223530560731887817e-01
2.242559045553207397e-01
2.205934524536132812e-01
2.203242927789688110e-01
2.207250893115997314e-01
2.249608337879180908e-01
2.230026721954345703e-01
2.227496653795242310e-01
2.236631214618682861e-01
2.198657244443893433e-01
2.196720391511917114e-01
2.231799811124801636e-01
2.235578894615173340e-01
2.197032868862152100e-01
2.211777567863464355e-01
2.209060788154602051e-01
2.218930274248123169e-01
2.233891487121582031e-01
2.185683399438858032e-01
2.204862236976623535e-01
2.216431051492691040e-01
2.204472124576568604e-01
2.204668670892715454e-01
2.220983207225799561e-01
2.207397371530532837e-01
2.214202880859375000e-01
2.215036749839782715e-01
2.211556285619735718e-01
2.227408587932586670e-01
2.220720052719116211e-01
2.205594331026077271e-01
2.191294580698013306e-01
2.204792350530624390e-01
2.174833118915557861e-01
2.172916382551193237e-01
2.198954075574874878e-01
2.182966023683547974e-01
2.217863947153091431e-01
2.182974666357040405e-01
2.195188850164413452e-01
2.195636034011840820e-01
2.197872102260589600e-01
2.210295945405960083e-01
2.196275442838668823e-01
2.188217043876647949e-01
2.198720276355743408e-01
2.199575752019882202e-01
2.159223854541778564e-01
2.193249762058258057e-01
2.213949114084243774e-01
2.184960693120956421e-01
2.201012074947357178e-01
2.188642621040344238e-01
2.204940915107727051e-01
2.175104469060897827e-01
2.192381620407104492e-01
2.177816927433013916e-01
2.178647369146347046e-01
2.179915159940719604e-01
2.190769761800765991e-01
2.165302336215972900e-01
2.167494446039199829e-01
2.141157835721969604e-01
2.201964855194091797e-01
2.183596938848495483e-01
2.184473723173141479e-01
2.180100381374359131e-01
2.183814793825149536e-01
2.201558947563171387e-01
2.168437540531158447e-01
2.153333872556686401e-01
2.173359841108322144e-01
2.190556377172470093e-01
2.173106074333190918e-01
2.168290168046951294e-01
2.179911434650421143e-01
2.170729637145996094e-01
2.172564566135406494e-01
2.168635278940200806e-01
2.169166654348373413e-01
2.163738906383514404e-01
2.178056538105010986e-01
2.157810479402542114e-01
2.187475711107254028e-01
2.150620371103286743e-01
2.143514454364776611e-01
2.163361161947250366e-01
2.158270776271820068e-01
2.133575528860092163e-01
2.184413373470306396e-01
2.156512290239334106e-01
2.156699448823928833e-01
2.166158556938171387e-01
2.151641100645065308e-01
2.146327048540115356e-01
2.165163457393646240e-01
2.175290137529373169e-01
2.139263153076171875e-01
2.170971184968948364e-01
2.169353812932968140e-01
2.142787128686904907e-01
2.162690907716751099e-01
2.159309983253479004e-01
2.134728133678436279e-01
2.159431725740432739e-01
2.149237990379333496e-01
2.159659266471862793e-01
2.158295959234237671e-01
2.161099016666412354e-01
2.151602506637573242e-01
2.143280655145645142e-01
2.169069647789001465e-01
2.161952257156372070e-01
2.146094888448715210e-01
2.153129279613494873e-01
2.133294641971588135e-01
2.148456424474716187e-01
2.132542580366134644e-01
2.162935137748718262e-01
2.133171260356903076e-01
2.151711881160736084e-01
2.169116735458374023e-01
2.127096801996231079e-01
2.149785757064819336e-01
2.171232551336288452e-01
2.140943557024002075e-01
2.134255170822143555e-01
2.129103243350982666e-01
2.137141972780227661e-01
2.125274688005447388e-01
2.146735936403274536e-01
2.155670970678329468e-01
2.097673863172531128e-01
2.157779484987258911e-01
2.133559286594390869e-01
2.134094536304473877e-01
2.136024832725524902e-01
2.140325307846069336e-01
2.135133147239685059e-01
2.098153531551361084e-01
2.134259790182113647e-01
2.102128267288208008e-01
2.150650024414062500e-01
2.112055867910385132e-01
2.097593843936920166e-01
2.126524299383163452e-01
2.128865122795104980e-01
2.105908095836639404e-01
2.144982069730758667e-01
2.109762430191040039e-01
2.129539549350738525e-01
2.113481611013412476e-01
2.126111984252929688e-01
2.120476961135864258e-01
2.115358114242553711e-01
2.140853404998779297e-01
2.131524831056594849e-01
2.117078602313995361e-01
2.131633311510086060e-01
2.131974548101425171e-01
2.095847427845001221e-01
2.134483456611633301e-01
2.138981819152832031e-01
2.109831273555755615e-01
2.092941105365753174e-01
2.135032862424850464e-01
2.118869721889495850e-01
2.126199454069137573e-01
2.115124017000198364e-01
2.148232907056808472e-01
2.114610821008682251e-01
2.118170559406280518e-01
2.099422216415405273e-01
2.119438648223876953e-01
2.097880691289901733e-01
2.098136991262435913e-01
2.134750336408615112e-01
2.102912366390228271e-01
2.110701799392700195e-01
2.131847441196441650e-01
2.108874171972274780e-01
2.110046893358230591e-01
2.105860561132431030e-01
2.105024456977844238e-01
2.112159281969070435e-01
2.111741304397583008e-01
2.098765671253204346e-01
2.126215696334838867e-01
2.104114145040512085e-01
2.103086113929748535e-01
2.120071202516555786e-01
2.098976969718933105e-01
2.102472931146621704e-01
2.097735852003097534e-01
2.114237546920776367e-01
2.134486585855484009e-01
2.107767909765243530e-01
2.094168514013290405e-01
2.090019136667251587e-01
2.091476917266845703e-01
2.107137143611907959e-01
2.082485258579254150e-01
2.103575766086578369e-01
2.094733715057373047e-01
2.104896157979965210e-01
2.112488150596618652e-01
2.089830487966537476e-01
2.094243019819259644e-01
2.109789550304412842e-01
2.116025686264038086e-01
2.115366309881210327e-01
2.122737914323806763e-01
2.114062160253524780e-01
2.117804586887359619e-01
2.099518328905105591e-01
2.099219113588333130e-01
2.097145467996597290e-01
2.123011797666549683e-01
2.081861495971679688e-01
2.088327258825302124e-01
2.095024883747100830e-01
2.092069834470748901e-01
2.097945362329483032e-01
2.083903700113296509e-01
2.100225985050201416e-01
2.086579948663711548e-01
2.081891298294067383e-01
2.118532955646514893e-01
2.068179547786712646e-01
2.099691033363342285e-01
2.114817351102828979e-01
2.092436105012893677e-01
2.111294567584991455e-01
2.100178003311157227e-01
2.082115858793258667e-01
2.093182504177093506e-01
2.079268693923950195e-01
2.085372507572174072e-01
2.069864273071289062e-01
2.081850618124008179e-01
2.090960294008255005e-01
2.082000821828842163e-01
2.108353972434997559e-01
2.085229605436325073e-01
2.089520543813705444e-01
2.069706916809082031e-01
2.079250514507293701e-01
2.083977162837982178e-01
2.081070542335510254e-01
2.091598510742187500e-01
2.055671513080596924e-01
2.053714692592620850e-01
2.098493278026580811e-01
2.063563466072082520e-01
2.052814215421676636e-01
2.059773355722427368e-01
2.099038511514663696e-01
2.107598036527633667e-01
2.070664614439010620e-01
2.093813866376876831e-01
2.100376486778259277e-01
2.069802135229110718e-01
2.070975750684738159e-01
2.078478634357452393e-01
2.096892297267913818e-01
2.077627480030059814e-01
2.058057039976119995e-01
2.108509987592697144e-01
2.049257159233093262e-01
2.079331576824188232e-01
2.079996019601821899e-01
2.044118493795394897e-01
2.067432999610900879e-01
2.075028270483016968e-01
2.058261930942535400e-01
2.065570205450057983e-01
2.092497795820236206e-01
2.063980400562286377e-01
2.088480591773986816e-01
2.081750631332397461e-01
2.078290879726409912e-01
2.059960216283798218e-01
2.047512233257293701e-01
2.095667272806167603e-01
2.056055068969726562e-01
2.079969644546508789e-01
2.089228630065917969e-01
2.051347792148590088e-01
2.057992219924926758e-01
2.062262296676635742e-01
2.056498229503631592e-01
2.076444327831268311e-01
2.065483778715133667e-01
2.086729556322097778e-01
2.053894251585006714e-01
2.059237807989120483e-01
2.066920250654220581e-01
2.065479904413223267e-01
2.049167603254318237e-01
2.064546048641204834e-01
2.056646943092346191e-01
2.072222977876663208e-01
2.034624367952346802e-01
2.073524296283721924e-01
2.054865360260009766e-01
2.082304507493972778e-01
2.047202438116073608e-01
2.064453065395355225e-01
2.060444802045822144e-01
2.054325193166732788e-01
2.091817259788513184e-01
2.056695818901062012e-01
2.036185711622238159e-01
2.037419229745864868e-01
2.036551088094711304e-01
2.060709446668624878e-01
2.024994045495986938e-01
2.057706862688064575e-01
2.016900479793548584e-01
2.073038071393966675e-01
2.057493329048156738e-01
2.056962549686431885e-01
2.065691053867340088e-01
2.027033120393753052e-01
2.028712332248687744e-01
2.046635746955871582e-01
2.027437686920166016e-01
2.028225511312484741e-01
2.041644304990768433e-01
2.053225636482238770e-01
2.020395845174789429e-01
2.058312743902206421e-01
2.056078016757965088e-01
2.056962251663208008e-01
2.021115273237228394e-01
2.039127349853515625e-01
2.032327800989151001e-01
2.056406885385513306e-01
2.048474699258804321e-01
2.040917426347732544e-01
2.063204795122146606e-01
2.046905457973480225e-01
2.059869319200515747e-01
2.049393206834793091e-01
2.063017636537551880e-01
2.041845023632049561e-01
2.042991518974304199e-01
2.039609700441360474e-01
2.054444998502731323e-01
2.035639286041259766e-01
2.050781846046447754e-01
2.053675800561904907e-01
2.040077745914459229e-01
2.034405618906021118e-01
2.038306593894958496e-01
2.035999745130538940e-01
2.012897729873657227e-01
2.058286219835281372e-01
2.039455771446228027e-01
2.052722722291946411e-01
2.044260948896408081e-01
2.056569159030914307e-01
2.027820944786071777e-01
2.023296803236007690e-01
2.038682699203491211e-01
2.047632336616516113e-01
2.030649781227111816e-01
2.015162110328674316e-01
2.037193477153778076e-01
2.046256214380264282e-01
2.033518701791763306e-01
2.050004005432128906e-01
1.993358284235000610e-01
2.041871398687362671e-01
2.058212757110595703e-01
2.044036388397216797e-01
2.024766504764556885e-01
2.024376839399337769e-01
2.045171558856964111e-01
2.030222564935684204e-01
2.024449259042739868e-01
2.027550637722015381e-01
2.006929814815521240e-01
2.042903453111648560e-01
2.010482698678970337e-01
2.028994411230087280e-01
2.027277350425720215e-01
2.047329992055892944e-01
2.032770365476608276e-01
2.039224505424499512e-01
2.032950967550277710e-01
2.033500671386718750e-01
2.031330615282058716e-01
2.035551667213439941e-01
2.020713388919830322e-01
2.018283903598785400e-01
2.053577750921249390e-01
2.015889734029769897e-01
2.052964121103286743e-01
2.003111690282821655e-01
2.008978575468063354e-01
2.011422663927078247e-01
2.030159085988998413e-01
2.033577561378479004e-01
2.015911787748336792e-01
1.998469531536102295e-01
1.998986452817916870e-01
2.006794214248657227e-01
1.999171376228332520e-01
2.036016583442687988e-01
2.017311155796051025e-01
2.021570056676864624e-01
2.020160108804702759e-01
2.016207426786422729e-01
2.022396028041839600e-01
2.028003931045532227e-01
2.010812908411026001e-01
2.020332813262939453e-01
1.995098739862442017e-01
2.012309283018112183e-01
2.021120041608810425e-01
2.016447186470031738e-01
2.009190618991851807e-01
2.002803087234497070e-01
2.016439735889434814e-01
2.028964012861251831e-01
1.975613236427307129e-01
2.015178650617599487e-01
2.002075612545013428e-01
2.014549970626831055e-01
2.028665393590927124e-01
1.997972279787063599e-01
2.016428709030151367e-01
1.996242552995681763e-01
2.040456682443618774e-01
1.994972378015518188e-01
2.034881263971328735e-01
2.017527371644973755e-01
2.004191428422927856e-01
2.002184689044952393e-01
2.040597498416900635e-01
2.023960202932357788e-01
1.986688971519470215e-01
2.042757719755172729e-01
2.034832686185836792e-01
2.010026425123214722e-01
1.999781727790832520e-01
1.999166607856750488e-01
1.981370002031326294e-01
1.986283361911773682e-01
1.997066736221313477e-01
2.014445811510086060e-01
1.991078853607177734e-01
2.007243782281875610e-01
1.978388875722885132e-01
2.011428475379943848e-01
1.976925134658813477e-01
2.004798799753189087e-01
2.014593929052352905e-01
2.024424672126770020e-01
2.012261003255844116e-01
2.002690136432647705e-01
1.999831348657608032e-01
2.000998556613922119e-01
2.032087147235870361e-01
2.044918835163116455e-01
2.035020738840103149e-01
1.998604536056518555e-01
1.980687826871871948e-01
1.978990733623504639e-01
2.007910460233688354e-01
1.983623355627059937e-01
1.984842866659164429e-01
1.976857334375381470e-01
1.974966973066329956e-01
2.005933076143264771e-01
1.983521431684494019e-01
1.996259540319442749e-01
2.002966403961181641e-01
1.986060291528701782e-01
2.006703317165374756e-01
2.005477696657180786e-01
1.980302482843399048e-01
2.006607949733734131e-01
1.982191354036331177e-01
1.996541023254394531e-01
1.995511054992675781e-01
1.988712549209594727e-01
1.997988075017929077e-01
1.982792466878890991e-01
1.991461217403411865e-01
2.003451734781265259e-01
1.997752487659454346e-01
1.991988420486450195e-01
1.966767460107803345e-01
1.973779946565628052e-01
1.989353746175765991e-01
1.994974315166473389e-01
1.987634003162384033e-01
2.002015560865402222e-01
1.964306235313415527e-01
1.989213824272155762e-01
1.998903304338455200e-01
1.964114308357238770e-01
1.970334947109222412e-01
1.997867226600646973e-01
1.989977508783340454e-01
1.993911266326904297e-01
1.986358761787414551e-01
1.989648193120956421e-01
1.994083672761917114e-01
1.966147273778915405e-01
1.998457312583923340e-01
1.977961659431457520e-01
1.967707127332687378e-01
2.002165466547012329e-01
1.992054134607315063e-01
2.011668682098388672e-01
1.978620141744613647e-01
1.972991079092025757e-01
1.962541341781616211e-01
1.962731927633285522e-01
1.978085786104202271e-01
1.982069611549377441e-01
1.987103819847106934e-01
1.995262354612350464e-01
1.967353075742721558e-01
1.971587538719177246e-01
1.981136649847030640e-01
1.990087330341339111e-01
1.984169185161590576e-01
1.963686645030975342e-01
1.981937736272811890e-01
1.952718794345855713e-01
1.970493346452713013e-01
1.970516443252563477e-01
1.979029476642608643e-01
1.966473460197448730e-01
1.993456929922103882e-01
1.971794217824935913e-01
1.974858641624450684e-01
1.985748112201690674e-01
1.996174305677413940e-01
1.978911012411117554e-01
1.961697638034820557e-01
1.980161517858505249e-01
1.972083896398544312e-01
1.992275565862655640e-01
1.989827156066894531e-01
1.985937356948852539e-01
1.970161944627761841e-01
1.953033208847045898e-01
1.930325627326965332e-01
1.943470537662506104e-01
1.968248635530471802e-01
1.965664625167846680e-01
1.954670101404190063e-01
1.966847926378250122e-01
1.960905790328979492e-01
1.969476938247680664e-01
1.974828541278839111e-01
1.946721673011779785e-01
1.974801272153854370e-01
1.979556083679199219e-01
1.985867023468017578e-01
1.976180225610733032e-01
1.966728121042251587e-01
1.941045671701431274e-01
1.971028298139572144e-01
1.969492137432098389e-01
1.970902383327484131e-01
1.957840472459793091e-01
1.989175230264663696e-01
1.965212821960449219e-01
1.996361464262008667e-01
1.976471245288848877e-01
1.965008676052093506e-01
1.950684338808059692e-01
1.981204897165298462e-01
1.974513679742813110e-01
1.955825984477996826e-01
1.975454241037368774e-01
1.974390000104904175e-01
1.975397616624832153e-01
1.956919431686401367e-01
1.946905553340911865e-01
1.952652335166931152e-01
1.969830989837646484e-01
1.956343501806259155e-01
1.970971524715423584e-01
1.980467140674591064e-01
1.941172331571578979e-01
1.945406794548034668e-01
1.992100328207015991e-01
1.977588385343551636e-01
1.974510103464126587e-01
1.969899684190750122e-01
1.941711902618408203e-01
1.934728771448135376e-01
1.952429711818695068e-01
2.037291973829269409e-01
1.933467984199523926e-01
1.952584385871887207e-01
1.954690217971801758e-01
1.942725032567977905e-01
1.956247538328170776e-01
1.973199844360351562e-01
1.965540647506713867e-01
1.962111443281173706e-01
1.984628140926361084e-01
1.951735764741897583e-01
1.957824230194091797e-01
1.981370896100997925e-01
1.962450891733169556e-01
1.991216093301773071e-01
1.942020356655120850e-01
1.979745030403137207e-01
1.966610699892044067e-01
1.960939168930053711e-01
1.939147561788558960e-01
1.949607729911804199e-01
1.965032666921615601e-01
