1.028075311183929363e+00
6.733314454555511253e-01
5.257092517614364580e-01
4.389670285582542575e-01
3.771846529841422768e-01
3.548856672644615240e-01
3.262116400897502877e-01
2.837044553458690777e-01
2.693139477074146249e-01
2.703359849750995858e-01
2.730459733307361581e-01
2.650751802325248541e-01
2.601852767169475777e-01
2.638371470570564092e-01
2.141957457363605488e-01
2.191887469589710313e-01
2.136624404788017295e-01
2.123749589920043979e-01
2.230320207774639241e-01
2.195431718230247409e-01
2.228645481169223841e-01
1.809901395440101646e-01
1.848139879107475181e-01
1.862655206024646792e-01
1.852953252196311851e-01
1.914727322757244221e-01
1.890367025136947543e-01
1.881095491349697169e-01
1.647351171076297804e-01
1.619907169789075729e-01
1.607449906319379784e-01
1.631634762883186207e-01
1.660750637948512909e-01
1.701901562511921040e-01
1.718742385506629999e-01
1.498912782967090629e-01
1.505004591494798760e-01
1.487627494335174438e-01
1.550828423351049423e-01
1.534099420160055238e-01
1.505761141330003716e-01
1.573121322691440616e-01
1.436031679809093575e-01
1.363467033952474594e-01
1.407926573604345311e-01
1.380864173918962545e-01
1.420611054450273414e-01
1.450932731479406268e-01
1.489497545361518904e-01
1.335994701087474812e-01
1.312150903046131190e-01
1.317805156111717113e-01
1.346161109209060569e-01
1.364881433546543121e-01
1.394359181821346327e-01
1.373261632025241930e-01
1.270129127055406593e-01
1.278703565895557281e-01
1.288427931070327825e-01
1.316865755617618594e-01
1.299774771183729305e-01
1.306889773160219148e-01
1.359649388492107369e-01
1.238549688458442655e-01
1.225369800627231637e-01
1.247969913482666060e-01
1.264582543075084553e-01
1.270696840435266428e-01
1.287406781315803550e-01
1.290446332097053561e-01
1.232118687033653265e-01
1.218607269972562801e-01
1.209571158885955761e-01
1.224782026559114445e-01
1.277467672526836351e-01
1.240247316658496801e-01
1.227398090809583703e-01
1.169283366948366126e-01
1.187298303097486518e-01
1.183367202430963550e-01
1.227252361923456131e-01
1.195258565992116939e-01
1.200308565795421556e-01
1.192313387244939848e-01
6.627292704582213867e-01
6.401838387548923759e-01
5.944527864456177202e-01
5.670832538604736461e-01
5.639175805449485601e-01
5.234520488977432162e-01
5.263196438550948875e-01
2.818563555181026192e-01
2.662890478223562396e-01
2.732830387353897272e-01
2.731214116513729362e-01
2.829343782365322246e-01
2.834482628852129094e-01
2.887338342517614120e-01
1.451971333473920933e-01
1.390576869249343928e-01
1.495613499730825413e-01
1.399563356861472097e-01
1.600098089501261756e-01
1.726176394522190016e-01
1.913908621296286638e-01
