1.506851800680160558e+00
1.152160534262657077e+00
1.029505124688148587e+00
9.324946999549865723e-01
8.373038679361343162e-01
7.909522396326065241e-01
7.508125960826873557e-01
9.234116208553314609e-01
8.782062721252441584e-01
8.727192759513855425e-01
8.588693994283675970e-01
8.266044241189957065e-01
8.145293968915939820e-01
7.852980446815490678e-01
6.334055984020232621e-01
6.116908493638039124e-01
6.240851628780365035e-01
6.410148987174033586e-01
6.264953453838825181e-01
6.351812335848808777e-01
6.029332807660102711e-01
4.385608486831188424e-01
4.342279981076717643e-01
4.588175103068351524e-01
4.427149561047554194e-01
4.597343838214874023e-01
4.724380868673324629e-01
4.763476938009262307e-01
2.966072056442499161e-01
2.948376391828060328e-01
2.938675331324339113e-01
3.229792693257331759e-01
3.008814817667007646e-01
3.325472912192344865e-01
3.349898003041744121e-01
1.919830753654241662e-01
1.856370384246111005e-01
2.150067501515150192e-01
2.363120666146278359e-01
2.364185729622840793e-01
2.308408480137586483e-01
2.413522546738386121e-01
1.564251101016998213e-01
1.392771476507186912e-01
1.521873322874307544e-01
1.502349831908941225e-01
1.760432794317603189e-01
1.788658344000577938e-01
2.069632962346076854e-01
1.096687877736985672e-01
1.133685273677110666e-01
1.396302428469061718e-01
1.411036988720297813e-01
1.477119327709078833e-01
1.464654661715030781e-01
1.476160923764109623e-01
1.227957177907228470e-01
1.111248379386961527e-01
1.122408784739673121e-01
1.107307567913085183e-01
1.198421508260071322e-01
1.359539574757218372e-01
1.163540796563029278e-01
8.283625510521233637e-02
9.127465667203069066e-02
1.108113331906497440e-01
1.171698970533907452e-01
9.678215957246720513e-02
1.231001176685094789e-01
1.205382145103067182e-01
9.013640293851495067e-02
8.258448248263448865e-02
8.530128114856778965e-02
9.320532763144001587e-02
1.013294006697833538e-01
9.843710813671351090e-02
9.422418341040611489e-02
1.001048488263040770e-01
9.342629763297737033e-02
7.623525910079478884e-02
1.029292643070220947e-01
9.047945339232682516e-02
9.785019464325159233e-02
1.060263891145586945e-01
5.946473668795079076e-02
7.575004197540692596e-02
6.758368086069822811e-02
8.804118241183460369e-02
7.741485846228897405e-02
9.073510917834937128e-02
1.174014764837920666e-01
7.792750688269733939e-02
6.452444109600037614e-02
7.463283592835068259e-02
7.687599654309451580e-02
8.122280054958537499e-02
8.819520213641225681e-02
1.021912979707121916e-01
7.540343272266909758e-02
7.253528386820107254e-02
8.562931281514465920e-02
7.178092514164745308e-02
8.706470870412885699e-02
8.902329344302416236e-02
8.387389477808028515e-02
