7.999207335710525335e-01
4.644954247772693501e-01
4.061970408260822119e-01
3.689782337844371707e-01
3.297729431092739083e-01
3.059351465106010526e-01
3.146227227151394135e-01
2.782325780391692871e-01
2.726222634315490501e-01
2.645277914404868813e-01
2.667551194131374537e-01
2.525829842686653226e-01
2.453792804479598966e-01
2.483585695922374825e-01
2.628018432110548197e-01
2.331763924658298570e-01
2.498037432879209596e-01
2.403566710650920923e-01
1.993760498613119103e-01
2.023197950795292965e-01
2.138231773674487968e-01
2.032133213058114063e-01
2.051826176047325256e-01
2.029613897204399220e-01
2.114019614085554943e-01
1.926158905029296819e-01
1.951503805443644546e-01
1.711922134086489578e-01
1.573381813243031613e-01
1.657204965502023786e-01
1.606587006896734171e-01
1.640090995281934805e-01
1.818425425142049801e-01
1.775360994227230538e-01
1.748645516857504911e-01
1.646105634421110020e-01
1.316613863781094518e-01
1.307666663825511888e-01
1.308974768593907378e-01
1.444716610573232307e-01
1.477373699471354607e-01
1.375269823335111274e-01
1.464219447970390442e-01
1.425727756880223740e-01
1.473123696073889710e-01
1.176038817688822707e-01
1.203099220991134671e-01
1.147934883087873420e-01
1.114961474016308851e-01
1.137925028800964300e-01
1.201348182931542413e-01
1.261079400964081332e-01
1.184017178416252175e-01
1.243343536742031602e-01
9.187930447980761917e-02
8.368270570412278397e-02
8.510894146747886857e-02
1.084419148601591526e-01
1.036454906780272661e-01
1.070871507003903350e-01
1.064197924733161910e-01
9.788614617660641726e-02
1.061853570491075455e-01
6.947852258570491601e-02
6.929850778076797335e-02
7.697080045938492487e-02
7.981775529682635928e-02
8.201183859258889819e-02
8.438498594798148067e-02
8.289832772687077966e-02
9.204643426463007816e-02
8.107876252848654486e-02
5.722086671739816388e-02
6.035408595111221158e-02
5.992413071217015524e-02
6.776034431997686458e-02
6.482643728144467377e-02
7.035296223126351334e-02
8.611856371164322566e-02
7.916348482482135629e-02
7.537792430259288023e-02
4.795445133931934556e-02
5.141743871383368941e-02
5.330146819876972752e-02
6.395921668969094254e-02
5.541202004998922043e-02
7.014434044482185937e-02
6.032873902237043118e-02
6.386066387640312869e-02
6.110561494948342498e-02
4.545258667320013074e-02
4.893709464347921478e-02
5.510145571548491494e-02
4.683534373762086173e-02
5.240121957380324685e-02
4.974519627634435559e-02
4.761305811814963568e-02
5.156478536082431674e-02
5.005037753144279261e-02
4.569265390397049542e-02
3.828046491602435375e-02
4.359500721679068769e-02
4.010272777639329461e-02
4.143599211471155064e-02
4.022086005948949383e-02
4.342259184573776798e-02
5.659813444013707395e-02
5.201384421205148406e-02
4.186626660404726974e-02
3.226804916048422317e-02
3.158361853566020450e-02
4.701417054980993465e-02
3.170087288133800058e-02
4.098500466614495713e-02
4.949097003205679690e-02
4.798303125193342789e-02
5.011564388638362066e-02
3.494402339041698807e-02
2.574602330656489482e-02
4.159173031774116708e-02
4.546991197916213506e-02
4.298820569012604814e-02
3.701869187992997551e-02
4.442304179887287402e-02
4.801032374147325837e-02
4.469030041829682998e-02
3.013704088283702606e-02
3.347117859346326191e-02
3.405704236793098694e-02
3.245262800715863899e-02
3.375352547271177200e-02
4.002062462153844341e-02
3.639690414594951712e-02
4.209013735875487272e-02
4.288380185025744001e-02
