7.093269944190978560e-01
3.579501639306545413e-01
3.134356935322284432e-01
2.734145873785018832e-01
2.524165129661560258e-01
2.153508064895868213e-01
2.208959570527076754e-01
2.102888619899749845e-01
1.959962905198335548e-01
1.860774389654397953e-01
1.702466677129268746e-01
1.814937295019626584e-01
1.802098105102777348e-01
1.736456249654293182e-01
1.764527773857116622e-01
1.778212393820285675e-01
1.703391848504543227e-01
1.790795148909092027e-01
1.559451346844434871e-01
1.561187691241502640e-01
1.549596218764781874e-01
1.479727222025394306e-01
1.556977033615112305e-01
1.594007688015699475e-01
1.600016420334577638e-01
1.531632869690656706e-01
1.556726708263158898e-01
1.392169322445988566e-01
1.411512981355190210e-01
1.404037180542945795e-01
1.428113461285829555e-01
1.426289336383342876e-01
1.428557354956865311e-01
1.355670454353093968e-01
1.427758441120386135e-01
1.475346510112285625e-01
1.350234630703926186e-01
1.251694739982485705e-01
1.289270311594009344e-01
1.276866353303194035e-01
1.339931869506836015e-01
1.272550579532980841e-01
1.327595388889312722e-01
1.335051237791776702e-01
1.349873243272304568e-01
1.235966939479112570e-01
1.141848703846335411e-01
1.186307083815336255e-01
1.178604872897267286e-01
1.242535763978958180e-01
1.294210638105869338e-01
1.285997543111443431e-01
1.265115994960069601e-01
1.297781056538224176e-01
1.101539595425128915e-01
1.165576920658349946e-01
1.140615714341402104e-01
1.176691964641213423e-01
1.178024980053305609e-01
1.183002464473247584e-01
1.128463346511125592e-01
1.164615142345428456e-01
1.207180234044790273e-01
1.072037542983889646e-01
1.103161251544952370e-01
1.090981201454997024e-01
1.117822383344173470e-01
1.144279817119240733e-01
1.110562669113278333e-01
1.121958724409341801e-01
1.081110910326242430e-01
1.142508244886994428e-01
1.050077563524246249e-01
9.952854927629233017e-02
1.055428130179643653e-01
1.048373023793101322e-01
1.092032898962497778e-01
1.042024286091327717e-01
1.089179253205656978e-01
1.116882156208157534e-01
1.076701785624027269e-01
1.013713409751653693e-01
9.968735121190547277e-02
1.025560221076011608e-01
1.019380337744951182e-01
1.028224556148052277e-01
1.015418753400444962e-01
1.058432487398385941e-01
1.032418237254023596e-01
1.037268175557255756e-01
1.234628607984632198e-01
1.285516718029975913e-01
1.148136364854872166e-01
1.170795994997024525e-01
1.035071104764938299e-01
1.045061800070107016e-01
9.004793066531419088e-02
9.984381303191185164e-02
1.004552513547241621e-01
6.785710447467863116e-02
5.594074826454743798e-02
6.060797873884439524e-02
6.319004127755761813e-02
6.753879864700138014e-02
6.291773570701479634e-02
6.110052440315485306e-02
6.634528331458568184e-02
6.656072928104549147e-02
3.993970388080924500e-02
4.986106970813125594e-02
4.296716397628188439e-02
5.020444935536943348e-02
4.950716433580965026e-02
4.906463895225897376e-02
5.355092479730956534e-02
5.612779848976060665e-02
4.969477816717698948e-02
3.293812065734527672e-02
4.524699061876162609e-02
3.987461521697696631e-02
3.842231520917266385e-02
3.455138598103076053e-02
4.283214799826964847e-02
3.932114768307656133e-02
4.272024830454029115e-02
4.143761512590572044e-02
3.863087672740220940e-02
3.008189676649635630e-02
3.869949771789833737e-02
4.591457342146895715e-02
3.689303115912480335e-02
4.473695888766087564e-02
3.954211427015252162e-02
3.606226118368795197e-02
3.915678753692190817e-02
