1.709519088268280029e+00
1.358049285411834672e+00
1.225606711506843638e+00
1.122710826992988631e+00
1.082825244665145847e+00
9.999588894844054776e-01
9.414364612102508190e-01
8.536427354812622381e-01
8.312838900089264405e-01
8.089615553617477417e-01
7.986008089780807229e-01
7.710925990343093783e-01
7.841341120004653442e-01
7.860771209001541360e-01
6.499387222528457686e-01
6.444828289747238648e-01
6.545208480954169961e-01
6.593961477279662864e-01
6.676390764117240417e-01
6.771213006973266779e-01
6.656521311402321395e-01
5.388010588288306701e-01
5.286344397068023504e-01
5.124253088235855014e-01
5.436998793482780146e-01
5.457233506441115933e-01
5.568704459071159851e-01
5.546145722270011680e-01
4.333422696590423784e-01
4.351613438129425249e-01
4.334341967105865279e-01
4.482684054970741405e-01
4.654759687185287542e-01
4.564729148149490601e-01
4.602096745371818676e-01
3.664987456798553533e-01
3.616829481720924555e-01
3.795930695533752397e-01
3.785786080360412642e-01
3.773871722817421226e-01
3.757121071219444164e-01
3.878204563260078674e-01
3.255417910218239008e-01
3.253763645887374767e-01
3.277929636836052207e-01
3.267961668968200617e-01
3.306937390565872215e-01
3.399447157979011425e-01
3.446772947907447704e-01
3.023956918716430575e-01
2.990330639481544317e-01
3.058897829055786111e-01
3.030403298139572321e-01
3.073937404155731024e-01
3.154404219985008084e-01
3.175976920127868697e-01
2.864854899048805414e-01
2.845761105418205261e-01
2.882171238958835535e-01
2.947840617597103363e-01
2.954189795255661166e-01
3.000450716912746452e-01
2.997474098205566428e-01
2.792523533105850109e-01
2.789136791229248069e-01
2.779200473427772544e-01
2.795704896748065771e-01
2.834897951781749637e-01
2.868904279172420635e-01
2.899484911561012179e-01
2.752381223440170110e-01
2.666885997354984106e-01
2.708781182765960804e-01
2.724479195475578153e-01
2.764275525510311304e-01
2.813649615645408830e-01
2.857456728816032410e-01
2.690467055141925745e-01
2.707448510825634092e-01
2.648536860942840576e-01
2.680533766746521218e-01
2.707131150364875949e-01
2.702737732231617063e-01
2.792367856204509557e-01
2.622854697704315452e-01
2.622479180991649783e-01
2.604082797467708321e-01
2.594923345744609700e-01
2.694648692011833435e-01
2.687372247874736941e-01
2.677626712620258531e-01
9.484994342550635837e-02
1.653611752763390619e-01
1.401727791689336422e-01
1.532500461861491248e-01
1.234548521786928144e-01
1.379616155847906978e-01
1.309613109380006746e-01
6.800901364535093252e-02
6.257035314571111895e-02
6.607037199661135174e-02
8.958686321042477751e-02
8.370437879115343038e-02
6.424673807807267101e-02
7.731280437670648431e-02
