1.760814726352691650e+00
1.409618012905120787e+00
1.282090619802475073e+00
1.124763340950012180e+00
1.034364414811134392e+00
9.826204550266265381e-01
9.242329758405685158e-01
7.735922044515609608e-01
7.750423565506935342e-01
7.375157466530799510e-01
7.638699951767921048e-01
7.270708337426186052e-01
7.288895192742347318e-01
6.852608159184455650e-01
5.638118654489516768e-01
5.602640199661255149e-01
5.328728094696998374e-01
5.274781076610088881e-01
5.322078305482864646e-01
5.475748348236083585e-01
5.356372898817062245e-01
3.763975827395916185e-01
3.953655290603637629e-01
3.766729705035686271e-01
3.881426356732845528e-01
4.055886474251746976e-01
3.956232224404812037e-01
4.103854577243328250e-01
2.764105140417814077e-01
2.888996750116348267e-01
3.190079961717128820e-01
3.034762838482856773e-01
3.392388695478439353e-01
3.451071128994226411e-01
3.359595407545566403e-01
1.864728597551584266e-01
2.022254919260740302e-01
2.135475101321935576e-01
2.094097477197646995e-01
2.388664258271455676e-01
2.379750344157219033e-01
2.577994360029697285e-01
1.442449387721717324e-01
1.429942007362842438e-01
1.483836982399225346e-01
1.463173538073897495e-01
1.869582334905862675e-01
1.836000759154558237e-01
1.785033686831593580e-01
1.012848204933106955e-01
1.191988654620945443e-01
1.254237673059105940e-01
1.336880778707563999e-01
1.621115918830037250e-01
1.635261967405676753e-01
1.567890853062272050e-01
8.753148734569549116e-02
9.402707042172550600e-02
1.124232064746320259e-01
1.086718726716935646e-01
1.214154788292944459e-01
1.259998241998255275e-01
1.178378832153975930e-01
1.045202254503965339e-01
9.380632210522890646e-02
9.739695137366652378e-02
1.045287174638360739e-01
1.073655584454536460e-01
1.176960371620953127e-01
1.186158342845737984e-01
7.656386303715408126e-02
8.523942490573972741e-02
9.920534446835517495e-02
8.985260289162397274e-02
1.056994211953133367e-01
1.158328130375593928e-01
1.161631242930889069e-01
7.949042273685336113e-02
8.094246268272399514e-02
9.477354634553193657e-02
8.877137344330549018e-02
8.140160315670072477e-02
1.120126654393970994e-01
9.042795307934284321e-02
7.329403583658859744e-02
8.016172035597264600e-02
8.741865351796150596e-02
1.005917777121067003e-01
9.198906136676669731e-02
9.604692205786705128e-02
8.499299305491149481e-02
8.214630912058056011e-02
7.517349706497043760e-02
8.953357959631830232e-02
8.314224479254335443e-02
8.288605703040957673e-02
9.388825158122926506e-02
8.782512171193956885e-02
8.408711319789290151e-02
6.222892345394939045e-02
7.383451803587376405e-02
7.469126099720596601e-02
9.306196006014942623e-02
7.647389765828847830e-02
8.337069442961364540e-02
