7.779398182034492626e-01
4.484959609806537517e-01
3.876734532415866963e-01
3.407180991768836709e-01
3.257426688075065746e-01
3.178373391181230634e-01
2.890047273039818010e-01
2.862219283729791619e-01
2.867185410112142452e-01
2.388016020506620318e-01
2.520622701197862692e-01
2.471914730966091045e-01
2.353366803377866801e-01
2.342666530609130993e-01
2.345176193118095331e-01
2.454988750815391418e-01
2.304492264240980137e-01
2.305195010453462701e-01
2.072222314774990193e-01
1.975424633920192796e-01
2.013777841627597820e-01
2.062987033277750015e-01
2.081452445685863517e-01
2.039610172063112126e-01
1.993868331611156341e-01
1.928378853201866139e-01
1.956642944365739878e-01
1.648136682063341130e-01
1.836337813735008373e-01
1.719083143025636751e-01
1.698418278247117996e-01
1.791237983852624893e-01
1.820248305797576849e-01
1.807518140971660636e-01
1.794096109271049455e-01
1.714784505218267530e-01
1.537739525735378199e-01
1.433748361468315247e-01
1.541212076693773136e-01
1.653958948701620135e-01
1.517579454183578536e-01
1.684511581808328662e-01
1.693321488797664698e-01
1.560365287959575575e-01
1.613398491963744241e-01
1.428406910598278012e-01
1.303123816847801264e-01
1.371685355156660180e-01
1.345192488282918875e-01
1.347652328014373735e-01
1.436570490151643786e-01
1.493559936061501503e-01
1.408267524465918463e-01
1.488191496580839046e-01
1.192944868654012697e-01
1.199128088355064375e-01
1.249375503510236768e-01
1.196889333799481397e-01
1.322136227041482981e-01
1.348286318778991744e-01
1.316296570003032684e-01
1.311899848654866085e-01
1.272599086910486121e-01
1.055295537412166557e-01
1.044368948042392747e-01
1.062643851339817036e-01
1.115126283839344978e-01
1.086177284643053964e-01
1.226650073006749220e-01
1.182156226411461841e-01
1.237113423645496424e-01
1.238039884716272410e-01
6.575186312198638694e-02
7.234477425925434080e-02
8.596042260527610168e-02
9.747767254710197615e-02
8.383585911244154087e-02
8.057227725163101928e-02
8.643487717490642985e-02
8.596746282652020787e-02
7.618878148961812091e-02
5.690807974664494062e-02
5.168709959834814210e-02
5.469427288975566709e-02
6.053370567969977578e-02
5.438208146137185617e-02
5.575788846239447538e-02
5.735345795284956666e-02
5.475775660248473342e-02
6.125554596539586893e-02
5.357790826936252582e-02
4.135952371638268454e-02
4.612402710597961891e-02
3.951404635328799320e-02
5.199772709980607366e-02
5.220335093792528164e-02
4.082701463252305651e-02
4.916826938046142681e-02
4.573197585297748141e-02
3.588125633890740240e-02
3.229679341951850746e-02
3.862234985223039763e-02
3.803002213942818094e-02
3.926050237612798560e-02
3.897735115955583418e-02
4.514283905737102170e-02
4.855301612522452959e-02
4.847956715617329077e-02
3.306919139227829790e-02
2.982197673700284074e-02
2.945255691418424346e-02
3.417968582478352058e-02
4.777846928976942076e-02
5.009640493895858859e-02
3.358505706535652030e-02
4.387277790847292358e-02
4.165022320114076387e-02
2.860235001600813093e-02
2.529777494142763233e-02
2.753129946300759967e-02
3.126127225812524307e-02
2.849875669926404953e-02
4.515594346565194456e-02
3.719422512454911844e-02
4.708819722989573964e-02
3.692613959196023449e-02
2.495413574099075021e-02
2.321423431523726363e-02
2.805429804953746623e-02
2.694121271488256891e-02
2.838030515675200177e-02
2.644266613380750683e-02
3.406059357570484503e-02
4.162692415411584079e-02
4.977828330593183498e-02
