9.310009479522705078e-01
9.218338131904602051e-01
9.126266241073608398e-01
9.044628739356994629e-01
8.960078358650207520e-01
8.875855207443237305e-01
8.789142370223999023e-01
8.697305917739868164e-01
8.586781024932861328e-01
8.473640084266662598e-01
8.362125158309936523e-01
8.198736310005187988e-01
8.042052984237670898e-01
7.834153175354003906e-01
7.637135386466979980e-01
7.406740188598632812e-01
7.174572348594665527e-01
6.860652565956115723e-01
6.577711105346679688e-01
6.318733692169189453e-01
5.972725152969360352e-01
5.660464763641357422e-01
5.371669530868530273e-01
5.076177716255187988e-01
5.004878640174865723e-01
4.732435345649719238e-01
4.693422019481658936e-01
4.739076495170593262e-01
4.961685836315155029e-01
4.969846606254577637e-01
4.935800433158874512e-01
5.042278170585632324e-01
4.717512130737304688e-01
4.823077917098999023e-01
4.548760354518890381e-01
4.463562369346618652e-01
4.470289945602416992e-01
4.440952241420745850e-01
4.455589354038238525e-01
4.374106526374816895e-01
4.525673985481262207e-01
4.395288825035095215e-01
4.474081993103027344e-01
4.354600310325622559e-01
4.372687637805938721e-01
4.362783730030059814e-01
4.480951726436614990e-01
4.344603419303894043e-01
4.357645213603973389e-01
4.234018325805664062e-01
4.312315583229064941e-01
4.169103205204010010e-01
4.168381989002227783e-01
4.203834831714630127e-01
4.209792613983154297e-01
4.213454127311706543e-01
4.058377742767333984e-01
4.162000119686126709e-01
4.043999016284942627e-01
4.066305756568908691e-01
4.070523083209991455e-01
4.011302888393402100e-01
3.990142345428466797e-01
4.005933403968811035e-01
4.019513428211212158e-01
4.176475703716278076e-01
3.953862786293029785e-01
3.971914052963256836e-01
3.934513628482818604e-01
3.930211663246154785e-01
3.964828848838806152e-01
3.866721987724304199e-01
3.888671398162841797e-01
3.845765590667724609e-01
3.892177939414978027e-01
3.823272287845611572e-01
3.816996514797210693e-01
3.853152692317962646e-01
3.790700435638427734e-01
3.763632178306579590e-01
3.751575648784637451e-01
3.734601438045501709e-01
3.830420374870300293e-01
3.747923672199249268e-01
3.703368306159973145e-01
3.716557621955871582e-01
3.694475591182708740e-01
3.722847104072570801e-01
3.625303506851196289e-01
3.728595972061157227e-01
3.633057177066802979e-01
3.643557131290435791e-01
3.661437630653381348e-01
3.626048862934112549e-01
3.722421824932098389e-01
3.639455139636993408e-01
3.610975146293640137e-01
3.632386922836303711e-01
3.597381711006164551e-01
3.593949973583221436e-01
3.571982383728027344e-01
3.554133474826812744e-01
3.531278669834136963e-01
3.528583347797393799e-01
3.528135120868682861e-01
3.500278890132904053e-01
3.484398722648620605e-01
3.512854576110839844e-01
3.490665853023529053e-01
3.484157025814056396e-01
3.483614921569824219e-01
3.454244136810302734e-01
3.483835458755493164e-01
3.457778394222259521e-01
3.451220691204071045e-01
3.396553993225097656e-01
3.491729199886322021e-01
3.423171639442443848e-01
3.436164855957031250e-01
3.448985815048217773e-01
3.401815295219421387e-01
3.430072069168090820e-01
3.384395539760589600e-01
3.366717398166656494e-01
3.415175676345825195e-01
3.353695571422576904e-01
3.360363543033599854e-01
3.333157300949096680e-01
3.346973359584808350e-01
3.341262340545654297e-01
3.327498435974121094e-01
3.340209126472473145e-01
3.295013904571533203e-01
3.339677453041076660e-01
3.336122930049896240e-01
3.266399502754211426e-01
3.295988142490386963e-01
3.333242833614349365e-01
3.240721225738525391e-01
3.282623887062072754e-01
3.261162638664245605e-01
3.272780179977416992e-01
3.280591070652008057e-01
3.259035348892211914e-01
3.219087719917297363e-01
3.249493837356567383e-01
3.225579559803009033e-01
3.214802145957946777e-01
3.191777169704437256e-01
3.165675699710845947e-01
3.240282833576202393e-01
3.190350234508514404e-01
3.220786452293395996e-01
3.166573643684387207e-01
3.236629664897918701e-01
3.176930546760559082e-01
3.166790902614593506e-01
3.137773871421813965e-01
3.156981468200683594e-01
3.149772286415100098e-01
3.156813681125640869e-01
3.148433566093444824e-01
3.131640255451202393e-01
3.111969232559204102e-01
3.114072978496551514e-01
3.098603785037994385e-01
3.108560740947723389e-01
3.095581531524658203e-01
3.141067624092102051e-01
3.120473027229309082e-01
3.084609806537628174e-01
3.077100217342376709e-01
3.107131421566009521e-01
3.073833286762237549e-01
3.064511716365814209e-01
3.049459755420684814e-01
3.088861107826232910e-01
3.055095076560974121e-01
3.040125668048858643e-01
3.039951324462890625e-01
3.023348748683929443e-01
3.061692416667938232e-01
3.043463230133056641e-01
3.068826198577880859e-01
3.049056231975555420e-01
3.063384592533111572e-01
3.031145930290222168e-01
3.007512688636779785e-01
2.990561723709106445e-01
2.992013096809387207e-01
3.015760481357574463e-01
3.000921308994293213e-01
2.979709506034851074e-01
2.986315488815307617e-01
3.013606071472167969e-01
2.956132292747497559e-01
2.980911135673522949e-01
2.961789369583129883e-01
2.981981337070465088e-01
2.945275008678436279e-01
2.931016385555267334e-01
2.938048541545867920e-01
2.965863049030303955e-01
2.965367734432220459e-01
2.893200814723968506e-01
2.936802208423614502e-01
2.963000237941741943e-01
2.923380136489868164e-01
2.955950498580932617e-01
2.906258404254913330e-01
2.892763018608093262e-01
2.913585305213928223e-01
2.902840077877044678e-01
2.895413637161254883e-01
2.931763529777526855e-01
2.883751392364501953e-01
2.868119776248931885e-01
2.867638468742370605e-01
2.919690310955047607e-01
2.883398234844207764e-01
2.857830226421356201e-01
2.827484607696533203e-01
2.854086756706237793e-01
2.849026918411254883e-01
2.833946347236633301e-01
2.831529378890991211e-01
2.844177186489105225e-01
2.839126884937286377e-01
2.813981175422668457e-01
2.795737683773040771e-01
2.827499210834503174e-01
2.830116152763366699e-01
2.807232439517974854e-01
2.784151434898376465e-01
2.854275405406951904e-01
2.811212241649627686e-01
2.815720140933990479e-01
2.785155475139617920e-01
2.779331803321838379e-01
2.822018563747406006e-01
2.778046131134033203e-01
2.807893455028533936e-01
2.784244716167449951e-01
2.752099633216857910e-01
2.761169075965881348e-01
2.789553403854370117e-01
2.760953903198242188e-01
2.742387652397155762e-01
2.783958613872528076e-01
2.752165496349334717e-01
2.770127058029174805e-01
2.737960517406463623e-01
2.762050032615661621e-01
2.729497551918029785e-01
2.759717702865600586e-01
2.769699692726135254e-01
2.698964476585388184e-01
2.730761766433715820e-01
2.702921628952026367e-01
2.711767554283142090e-01
2.704278528690338135e-01
2.696718573570251465e-01
2.730105817317962646e-01
2.734290361404418945e-01
2.684350609779357910e-01
2.688445746898651123e-01
2.689484953880310059e-01
2.684099376201629639e-01
2.702153921127319336e-01
2.688475549221038818e-01
2.674770951271057129e-01
2.680633962154388428e-01
2.672811746597290039e-01
2.665450870990753174e-01
2.669484615325927734e-01
2.663682699203491211e-01
2.651008963584899902e-01
2.643686830997467041e-01
2.631247341632843018e-01
2.638578414916992188e-01
2.649328410625457764e-01
2.631073296070098877e-01
2.604391574859619141e-01
2.622176408767700195e-01
2.618236541748046875e-01
2.627385854721069336e-01
2.654186189174652100e-01
2.642358839511871338e-01
2.614021599292755127e-01
2.597932815551757812e-01
2.636289298534393311e-01
2.594533562660217285e-01
2.600544989109039307e-01
2.622612118721008301e-01
2.582240998744964600e-01
2.575100958347320557e-01
2.615671455860137939e-01
2.597397863864898682e-01
2.581452727317810059e-01
2.552605271339416504e-01
2.560257613658905029e-01
2.582880258560180664e-01
2.591189146041870117e-01
2.573672831058502197e-01
2.602607011795043945e-01
2.549609839916229248e-01
2.550214231014251709e-01
2.550168633460998535e-01
2.499064803123474121e-01
2.573563754558563232e-01
2.547015547752380371e-01
2.546020150184631348e-01
2.546731233596801758e-01
2.549611330032348633e-01
2.526486515998840332e-01
2.523983418941497803e-01
2.564025223255157471e-01
2.517454326152801514e-01
2.475543618202209473e-01
2.488214671611785889e-01
2.503710687160491943e-01
2.502761781215667725e-01
2.509296238422393799e-01
2.497101426124572754e-01
2.502334117889404297e-01
2.506577968597412109e-01
2.488766461610794067e-01
2.498655468225479126e-01
2.487790882587432861e-01
2.484735846519470215e-01
2.468808889389038086e-01
2.455476522445678711e-01
2.499467134475708008e-01
2.469361424446105957e-01
2.482450902462005615e-01
2.469590753316879272e-01
2.492547035217285156e-01
2.496417909860610962e-01
2.441280037164688110e-01
2.482926249504089355e-01
2.465728968381881714e-01
2.459483742713928223e-01
2.445320338010787964e-01
2.443592399358749390e-01
2.426203340291976929e-01
2.452706843614578247e-01
2.444012910127639771e-01
2.455924600362777710e-01
2.453612387180328369e-01
2.406542301177978516e-01
2.428818196058273315e-01
2.430555224418640137e-01
2.423904389142990112e-01
2.431598305702209473e-01
2.428722977638244629e-01
2.417787462472915649e-01
2.427666485309600830e-01
2.430347353219985962e-01
2.417672872543334961e-01
2.410949170589447021e-01
2.400112748146057129e-01
2.388025820255279541e-01
2.420088946819305420e-01
2.409197837114334106e-01
2.407597452402114868e-01
2.420713454484939575e-01
2.392807453870773315e-01
2.413469552993774414e-01
2.393007576465606689e-01
2.374135255813598633e-01
2.398056238889694214e-01
2.374968826770782471e-01
2.381592541933059692e-01
2.363326698541641235e-01
2.407532185316085815e-01
2.372477054595947266e-01
2.379509806632995605e-01
2.389566004276275635e-01
2.388598024845123291e-01
2.355766743421554565e-01
2.420027107000350952e-01
2.356252372264862061e-01
2.361538559198379517e-01
2.379394322633743286e-01
2.350276708602905273e-01
2.397684454917907715e-01
2.355198860168457031e-01
2.363464385271072388e-01
2.350609302520751953e-01
2.338616102933883667e-01
2.334007471799850464e-01
2.358000129461288452e-01
2.351249903440475464e-01
2.332561761140823364e-01
2.364454567432403564e-01
2.330023944377899170e-01
2.341149449348449707e-01
2.334416806697845459e-01
2.346772700548171997e-01
2.324330061674118042e-01
2.365545183420181274e-01
2.331719547510147095e-01
2.330458164215087891e-01
2.330308705568313599e-01
2.345827817916870117e-01
2.293142974376678467e-01
2.320663481950759888e-01
2.324249148368835449e-01
2.344231009483337402e-01
2.329371571540832520e-01
2.329998910427093506e-01
2.304372042417526245e-01
2.333779036998748779e-01
2.306506037712097168e-01
2.298527061939239502e-01
2.309539616107940674e-01
2.294222563505172729e-01
2.309748083353042603e-01
2.312008589506149292e-01
2.313866764307022095e-01
2.309585809707641602e-01
2.294740229845046997e-01
2.305327206850051880e-01
2.291367650032043457e-01
2.275802791118621826e-01
2.291831672191619873e-01
2.274318486452102661e-01
2.273588031530380249e-01
2.279861718416213989e-01
2.273632586002349854e-01
2.277169972658157349e-01
2.270684540271759033e-01
2.273125946521759033e-01
2.267296165227890015e-01
2.265765666961669922e-01
2.292043864727020264e-01
2.284684181213378906e-01
2.273015230894088745e-01
2.272662520408630371e-01
2.257374078035354614e-01
2.275178581476211548e-01
2.273769080638885498e-01
2.286994010210037231e-01
2.259632050991058350e-01
2.290528863668441772e-01
2.261644154787063599e-01
2.253376841545104980e-01
2.272922098636627197e-01
2.255177944898605347e-01
2.265753298997879028e-01
2.224739789962768555e-01
2.267530262470245361e-01
2.272166758775711060e-01
2.259280085563659668e-01
2.245348840951919556e-01
2.266671955585479736e-01
2.249869257211685181e-01
2.271469086408615112e-01
2.250197082757949829e-01
2.248254418373107910e-01
2.267834991216659546e-01
2.281146496534347534e-01
2.233491986989974976e-01
2.246979027986526489e-01
2.261516749858856201e-01
2.230921238660812378e-01
2.210189998149871826e-01
2.219599187374114990e-01
2.225877344608306885e-01
2.259611338376998901e-01
2.215872108936309814e-01
2.220642715692520142e-01
2.283583283424377441e-01
2.242337465286254883e-01
2.237689346075057983e-01
2.253410369157791138e-01
2.227503657341003418e-01
2.249529957771301270e-01
2.208541631698608398e-01
2.251908928155899048e-01
2.223380506038665771e-01
2.245888859033584595e-01
2.220983207225799561e-01
2.246997356414794922e-01
2.192735373973846436e-01
2.230241894721984863e-01
2.238243371248245239e-01
2.233506590127944946e-01
2.225945740938186646e-01
2.199772745370864868e-01
2.223554849624633789e-01
2.201813906431198120e-01
2.216027528047561646e-01
2.204645872116088867e-01
2.231642454862594604e-01
2.196319699287414551e-01
2.222678959369659424e-01
2.201608270406723022e-01
2.199529558420181274e-01
2.194442600011825562e-01
2.187674194574356079e-01
2.163013368844985962e-01
2.204997837543487549e-01
2.212269306182861328e-01
2.158660143613815308e-01
2.204252928495407104e-01
2.192062437534332275e-01
2.200075238943099976e-01
2.199116349220275879e-01
2.199254781007766724e-01
2.175680696964263916e-01
2.192344963550567627e-01
2.179205417633056641e-01
2.181241363286972046e-01
2.202868908643722534e-01
2.152053117752075195e-01
2.185608893632888794e-01
2.186295241117477417e-01
2.202275991439819336e-01
2.160646021366119385e-01
2.213284373283386230e-01
2.188152670860290527e-01
2.188490331172943115e-01
2.176238745450973511e-01
2.164509892463684082e-01
2.153986692428588867e-01
2.156292051076889038e-01
2.160477638244628906e-01
2.180460542440414429e-01
2.183123826980590820e-01
2.174951732158660889e-01
2.189136147499084473e-01
2.183280885219573975e-01
2.169054150581359863e-01
2.159767746925354004e-01
2.158539593219757080e-01
2.177842259407043457e-01
2.148449569940567017e-01
2.184235304594039917e-01
2.147670388221740723e-01
2.163470536470413208e-01
2.166722118854522705e-01
2.160801887512207031e-01
2.143640965223312378e-01
2.143843472003936768e-01
2.171971648931503296e-01
2.182405591011047363e-01
2.155140936374664307e-01
2.155060023069381714e-01
2.163452506065368652e-01
2.147260457277297974e-01
2.158856540918350220e-01
2.160126864910125732e-01
2.153727859258651733e-01
2.150190323591232300e-01
2.183465957641601562e-01
2.131619453430175781e-01
2.162884920835494995e-01
2.132902294397354126e-01
2.124107778072357178e-01
2.129940092563629150e-01
2.151644080877304077e-01
2.136732786893844604e-01
2.160152196884155273e-01
2.156645655632019043e-01
2.136420309543609619e-01
2.155569642782211304e-01
2.129470407962799072e-01
2.128552496433258057e-01
2.154163718223571777e-01
2.142972499132156372e-01
2.140561491250991821e-01
2.113681584596633911e-01
2.143059372901916504e-01
2.123019993305206299e-01
2.112454324960708618e-01
2.116852402687072754e-01
2.138936370611190796e-01
2.123191356658935547e-01
2.099642157554626465e-01
2.145618647336959839e-01
2.134338468313217163e-01
2.118377536535263062e-01
2.141877412796020508e-01
2.123822420835494995e-01
2.120148986577987671e-01
2.092576175928115845e-01
2.124692797660827637e-01
2.107108682394027710e-01
2.095879465341567993e-01
2.141625881195068359e-01
2.137157022953033447e-01
2.120042294263839722e-01
2.109332084655761719e-01
2.118481695652008057e-01
2.117359489202499390e-01
2.100460529327392578e-01
2.109815925359725952e-01
2.140520960092544556e-01
2.079210877418518066e-01
2.115422785282135010e-01
2.139701992273330688e-01
2.135920226573944092e-01
2.110988497734069824e-01
2.129371017217636108e-01
2.114113271236419678e-01
2.122013717889785767e-01
2.139524072408676147e-01
2.091878801584243774e-01
2.116030007600784302e-01
2.118590921163558960e-01
2.096076905727386475e-01
2.107342034578323364e-01
2.091285884380340576e-01
2.084356993436813354e-01
2.084337174892425537e-01
2.115593701601028442e-01
2.112438231706619263e-01
2.146075367927551270e-01
2.082466036081314087e-01
2.087513357400894165e-01
2.089288085699081421e-01
2.087537795305252075e-01
2.119092047214508057e-01
2.089609503746032715e-01
2.071494311094284058e-01
2.074399292469024658e-01
2.079831510782241821e-01
2.069445699453353882e-01
2.087766677141189575e-01
2.090563476085662842e-01
2.086178511381149292e-01
2.082149386405944824e-01
2.057735770940780640e-01
2.084361463785171509e-01
2.082161307334899902e-01
2.068286389112472534e-01
2.075885832309722900e-01
2.085640430450439453e-01
2.087673544883728027e-01
2.090319246053695679e-01
2.061992883682250977e-01
2.083002626895904541e-01
2.071121484041213989e-01
2.086089849472045898e-01
2.082461565732955933e-01
2.095577269792556763e-01
2.069604098796844482e-01
2.073232382535934448e-01
2.074321061372756958e-01
2.072646319866180420e-01
2.064923495054244995e-01
2.082533836364746094e-01
2.064725160598754883e-01
2.073915302753448486e-01
2.081371545791625977e-01
2.086409032344818115e-01
2.079026848077774048e-01
2.080410271883010864e-01
2.059368044137954712e-01
2.071370929479598999e-01
2.065883874893188477e-01
2.061785310506820679e-01
2.048590034246444702e-01
2.057615667581558228e-01
2.084581553936004639e-01
2.055478990077972412e-01
2.090895920991897583e-01
2.069107145071029663e-01
2.074071615934371948e-01
2.066734731197357178e-01
2.042447477579116821e-01
2.050911933183670044e-01
2.068149447441101074e-01
2.073843777179718018e-01
2.054100185632705688e-01
2.070723026990890503e-01
2.054550051689147949e-01
2.041626870632171631e-01
2.082974016666412354e-01
2.052447199821472168e-01
2.027767151594161987e-01
2.044350355863571167e-01
2.044456899166107178e-01
2.041894197463989258e-01
2.040375322103500366e-01
2.053587138652801514e-01
2.056909948587417603e-01
2.020069658756256104e-01
2.067798823118209839e-01
2.018862664699554443e-01
2.029608786106109619e-01
2.057104706764221191e-01
2.045130878686904907e-01
2.055930495262145996e-01
2.042203992605209351e-01
2.040655314922332764e-01
2.040172368288040161e-01
2.051839381456375122e-01
2.041654139757156372e-01
2.019948065280914307e-01
2.028790414333343506e-01
2.039990127086639404e-01
2.026664614677429199e-01
1.989739686250686646e-01
2.018262743949890137e-01
2.033670991659164429e-01
2.037972062826156616e-01
2.054208368062973022e-01
2.040501981973648071e-01
2.074825316667556763e-01
2.044166326522827148e-01
2.038162350654602051e-01
2.049794346094131470e-01
2.038913667201995850e-01
2.031738609075546265e-01
2.009543925523757935e-01
2.037779390811920166e-01
2.022776305675506592e-01
2.013979852199554443e-01
2.045216113328933716e-01
2.031197547912597656e-01
2.023160904645919800e-01
2.017732113599777222e-01
2.016420066356658936e-01
2.004482001066207886e-01
2.040058225393295288e-01
2.042451500892639160e-01
1.993411630392074585e-01
2.031962424516677856e-01
2.017416059970855713e-01
2.013015151023864746e-01
2.019590586423873901e-01
1.990502625703811646e-01
1.992425471544265747e-01
1.999579519033432007e-01
2.012657672166824341e-01
2.010300755500793457e-01
2.018178105354309082e-01
2.011952102184295654e-01
2.018024474382400513e-01
2.029956132173538208e-01
1.998062133789062500e-01
2.002394199371337891e-01
1.988500803709030151e-01
1.998138129711151123e-01
2.005594372749328613e-01
1.989338696002960205e-01
2.023788392543792725e-01
2.034039050340652466e-01
2.016813009977340698e-01
1.999881565570831299e-01
2.011685818433761597e-01
1.993550062179565430e-01
1.996762603521347046e-01
1.986499428749084473e-01
2.004215121269226074e-01
1.989743262529373169e-01
1.980079412460327148e-01
2.013494521379470825e-01
2.008901536464691162e-01
2.004310190677642822e-01
2.009810656309127808e-01
2.009886056184768677e-01
1.998690962791442871e-01
1.997968256473541260e-01
2.009642869234085083e-01
1.996649354696273804e-01
1.996657848358154297e-01
1.998457908630371094e-01
1.996162533760070801e-01
1.971261799335479736e-01
1.989414542913436890e-01
1.995705962181091309e-01
1.995646953582763672e-01
1.976869702339172363e-01
1.988924294710159302e-01
1.985163986682891846e-01
1.979676932096481323e-01
1.968137174844741821e-01
1.996059566736221313e-01
1.991437524557113647e-01
1.984144300222396851e-01
1.991077363491058350e-01
1.977452039718627930e-01
1.974095851182937622e-01
1.993541270494461060e-01
1.967333108186721802e-01
1.994578689336776733e-01
2.003050148487091064e-01
2.002217024564743042e-01
1.971188038587570190e-01
1.995794028043746948e-01
1.956494599580764771e-01
1.985291093587875366e-01
2.002359479665756226e-01
1.977766156196594238e-01
2.007174342870712280e-01
1.959194093942642212e-01
1.987399905920028687e-01
1.986284255981445312e-01
1.982817500829696655e-01
1.965169608592987061e-01
1.955731809139251709e-01
1.997667551040649414e-01
1.974359899759292603e-01
1.987113952636718750e-01
1.976859122514724731e-01
1.951593607664108276e-01
1.966834217309951782e-01
1.967202574014663696e-01
1.949515044689178467e-01
1.977355182170867920e-01
1.968324929475784302e-01
1.943024694919586182e-01
1.982651203870773315e-01
1.974134594202041626e-01
1.986369639635086060e-01
1.969539523124694824e-01
1.976902186870574951e-01
1.950499117374420166e-01
1.962200105190277100e-01
1.946050077676773071e-01
1.954963207244873047e-01
1.932395100593566895e-01
1.964489370584487915e-01
1.961881667375564575e-01
1.963966339826583862e-01
1.973472982645034790e-01
1.980753540992736816e-01
1.945407539606094360e-01
1.953232884407043457e-01
1.942342519760131836e-01
1.963484585285186768e-01
1.952219456434249878e-01
1.948348581790924072e-01
1.968419402837753296e-01
1.952950656414031982e-01
1.915572136640548706e-01
1.927929818630218506e-01
1.940707415342330933e-01
1.974223107099533081e-01
1.952245682477951050e-01
1.943778693675994873e-01
1.931065320968627930e-01
1.953473091125488281e-01
1.936846971511840820e-01
1.968729496002197266e-01
1.953153610229492188e-01
1.949346959590911865e-01
1.961071193218231201e-01
1.947085261344909668e-01
1.937489509582519531e-01
1.915193647146224976e-01
1.935211271047592163e-01
1.952902823686599731e-01
1.932468414306640625e-01
1.952508091926574707e-01
1.952127069234848022e-01
1.959688812494277954e-01
1.949723213911056519e-01
1.949431151151657104e-01
1.940337568521499634e-01
1.944531351327896118e-01
1.953390389680862427e-01
1.913744211196899414e-01
1.948720663785934448e-01
1.963132470846176147e-01
1.959833353757858276e-01
1.926934868097305298e-01
1.965352892875671387e-01
1.946056336164474487e-01
1.926168948411941528e-01
1.936713159084320068e-01
1.954827308654785156e-01
1.931546032428741455e-01
1.930068135261535645e-01
1.940405368804931641e-01
1.942123323678970337e-01
1.937264651060104370e-01
1.939058899879455566e-01
1.932278424501419067e-01
1.947258412837982178e-01
1.957351714372634888e-01
1.949759721755981445e-01
1.940661519765853882e-01
1.923819929361343384e-01
1.943474560976028442e-01
1.940214782953262329e-01
1.929126679897308350e-01
1.939598619937896729e-01
1.939964741468429565e-01
1.945462077856063843e-01
1.922208070755004883e-01
1.907740682363510132e-01
1.908111572265625000e-01
1.942189633846282959e-01
1.920302212238311768e-01
1.928526312112808228e-01
1.919407546520233154e-01
1.913209259510040283e-01
1.914446949958801270e-01
1.923022419214248657e-01
1.930168867111206055e-01
1.915633678436279297e-01
1.899821013212203979e-01
1.949101537466049194e-01
1.922118663787841797e-01
1.904700398445129395e-01
1.918777674436569214e-01
1.878254115581512451e-01
1.925427019596099854e-01
1.899400651454925537e-01
1.885930746793746948e-01
1.898608654737472534e-01
1.938898414373397827e-01
1.932104080915451050e-01
1.920267641544342041e-01
1.921309679746627808e-01
1.904006302356719971e-01
1.910242587327957153e-01
1.890801638364791870e-01
1.918293237686157227e-01
1.912065893411636353e-01
1.899527162313461304e-01
1.902186572551727295e-01
1.929512172937393188e-01
1.889578849077224731e-01
1.914397180080413818e-01
1.910170167684555054e-01
1.931595951318740845e-01
1.908519268035888672e-01
1.888765245676040649e-01
1.900691986083984375e-01
1.915203034877777100e-01
1.913449615240097046e-01
1.898243725299835205e-01
1.910133808851242065e-01
1.906446963548660278e-01
1.908680647611618042e-01
1.909613311290740967e-01
1.913421750068664551e-01
1.898086816072463989e-01
1.891503334045410156e-01
1.910758018493652344e-01
1.918459832668304443e-01
1.895007044076919556e-01
1.891731768846511841e-01
1.889353990554809570e-01
1.891522556543350220e-01
1.887283623218536377e-01
1.896642893552780151e-01
1.898296773433685303e-01
1.894039362668991089e-01
1.896426528692245483e-01
1.903930008411407471e-01
1.885464638471603394e-01
1.891269087791442871e-01
1.902813911437988281e-01
1.909846961498260498e-01
1.904585510492324829e-01
1.900540441274642944e-01
1.876887381076812744e-01
1.883270442485809326e-01
1.932630836963653564e-01
1.882938742637634277e-01
1.905335336923599243e-01
1.915295720100402832e-01
1.905936449766159058e-01
1.903581172227859497e-01
1.896950006484985352e-01
1.891333460807800293e-01
1.868535131216049194e-01
1.906622946262359619e-01
1.887775063514709473e-01
1.886079609394073486e-01
1.872858256101608276e-01
1.863609403371810913e-01
1.863819956779479980e-01
1.886100023984909058e-01
1.863844394683837891e-01
1.881950646638870239e-01
1.880391389131546021e-01
1.896140873432159424e-01
1.877370327711105347e-01
1.859632134437561035e-01
1.875568777322769165e-01
1.884094476699829102e-01
1.892946362495422363e-01
1.889199018478393555e-01
1.889026015996932983e-01
1.904488354921340942e-01
1.876704543828964233e-01
1.893049627542495728e-01
1.915746331214904785e-01
1.884957849979400635e-01
1.889684051275253296e-01
1.858922094106674194e-01
1.898375004529953003e-01
1.882755756378173828e-01
1.890509575605392456e-01
1.868047416210174561e-01
1.887708455324172974e-01
1.868332624435424805e-01
1.884424239397048950e-01
1.864164322614669800e-01
1.847926825284957886e-01
1.893442273139953613e-01
1.886981129646301270e-01
1.895085126161575317e-01
1.865547746419906616e-01
1.883224844932556152e-01
1.877638995647430420e-01
1.861276179552078247e-01
1.867897659540176392e-01
1.871296465396881104e-01
1.882942765951156616e-01
1.855420619249343872e-01
1.892019361257553101e-01
1.865743845701217651e-01
1.848096102476119995e-01
1.888567656278610229e-01
1.882130950689315796e-01
1.906745284795761108e-01
1.870715618133544922e-01
1.875846236944198608e-01
1.885074377059936523e-01
1.845890432596206665e-01
1.858006119728088379e-01
1.871511489152908325e-01
1.859433054924011230e-01
1.865031868219375610e-01
1.863732039928436279e-01
1.857898682355880737e-01
1.840468943119049072e-01
1.883499175310134888e-01
1.872196942567825317e-01
1.839397400617599487e-01
1.860865950584411621e-01
1.852201670408248901e-01
1.847450733184814453e-01
1.847857087850570679e-01
1.861920952796936035e-01
1.869144439697265625e-01
1.867049634456634521e-01
1.850693672895431519e-01
1.868559718132019043e-01
1.836861371994018555e-01
1.848812550306320190e-01
1.847145855426788330e-01
1.832668930292129517e-01
1.840101778507232666e-01
1.863674223423004150e-01
1.842580437660217285e-01
1.836251318454742432e-01
1.848722696304321289e-01
1.848208904266357422e-01
1.876900047063827515e-01
1.850861907005310059e-01
1.846655011177062988e-01
1.847026944160461426e-01
1.858438551425933838e-01
1.854953020811080933e-01
1.835183203220367432e-01
1.856404095888137817e-01
1.859936416149139404e-01
1.831359416246414185e-01
1.852847188711166382e-01
1.852137148380279541e-01
1.849041432142257690e-01
1.858129203319549561e-01
1.804165840148925781e-01
1.850125640630722046e-01
1.867225319147109985e-01
1.844179183244705200e-01
1.862438470125198364e-01
1.852270066738128662e-01
1.837181895971298218e-01
1.859878748655319214e-01
1.854843646287918091e-01
1.864968091249465942e-01
1.870314329862594604e-01
1.851284354925155640e-01
1.847680509090423584e-01
1.852147430181503296e-01
1.835466623306274414e-01
1.851201355457305908e-01
1.838692873716354370e-01
1.849291473627090454e-01
1.866398751735687256e-01
1.837819963693618774e-01
1.816526055335998535e-01
1.868993341922760010e-01
1.832761317491531372e-01
1.826827228069305420e-01
1.849114596843719482e-01
1.827542036771774292e-01
1.815906614065170288e-01
1.865076273679733276e-01
1.838849931955337524e-01
2.006905823945999146e-01
2.052818983793258667e-01
2.053368091583251953e-01
2.056626528501510620e-01
2.027380764484405518e-01
2.049748897552490234e-01
2.061617672443389893e-01
2.033307254314422607e-01
2.031005173921585083e-01
2.066617161035537720e-01
2.048357278108596802e-01
2.047523558139801025e-01
2.042836695909500122e-01
2.016146034002304077e-01
2.023988217115402222e-01
2.065335065126419067e-01
2.027439177036285400e-01
2.046790271997451782e-01
2.044905126094818115e-01
2.038303017616271973e-01
2.029646933078765869e-01
2.026062011718750000e-01
2.060797363519668579e-01
2.048621028661727905e-01
2.042338997125625610e-01
2.046743333339691162e-01
2.020581811666488647e-01
2.053572237491607666e-01
2.008555382490158081e-01
2.040360420942306519e-01
2.020413577556610107e-01
2.040969431400299072e-01
2.031601667404174805e-01
2.032895982265472412e-01
2.007395327091217041e-01
2.014552801847457886e-01
2.044784426689147949e-01
2.033708840608596802e-01
2.028776705265045166e-01
2.018432915210723877e-01
2.029421031475067139e-01
2.038136124610900879e-01
2.036066651344299316e-01
2.031476497650146484e-01
2.004422247409820557e-01
2.038737684488296509e-01
2.029688358306884766e-01
2.020857483148574829e-01
2.034494727849960327e-01
2.039950937032699585e-01
2.001357227563858032e-01
2.034252136945724487e-01
2.022389471530914307e-01
2.020517140626907349e-01
1.997606754302978516e-01
2.031753510236740112e-01
2.028320729732513428e-01
2.042419314384460449e-01
1.987312436103820801e-01
2.010284215211868286e-01
2.005385160446166992e-01
2.060354351997375488e-01
2.015411406755447388e-01
1.991447657346725464e-01
2.017657011747360229e-01
2.057824283838272095e-01
1.998825222253799438e-01
2.015028148889541626e-01
2.013296037912368774e-01
2.026056647300720215e-01
2.032810449600219727e-01
2.035051435232162476e-01
2.024013847112655640e-01
2.037469148635864258e-01
1.995036751031875610e-01
2.010668367147445679e-01
2.015254944562911987e-01
2.039478868246078491e-01
2.045968770980834961e-01
1.990589201450347900e-01
1.990958601236343384e-01
1.991555988788604736e-01
2.028892338275909424e-01
2.008485049009323120e-01
2.036897540092468262e-01
1.995220035314559937e-01
2.004896104335784912e-01
2.003937214612960815e-01
2.020262181758880615e-01
1.979455500841140747e-01
2.009030431509017944e-01
1.996315419673919678e-01
2.022942751646041870e-01
1.998133659362792969e-01
2.003194540739059448e-01
1.987190544605255127e-01
2.001787573099136353e-01
2.005660235881805420e-01
1.977689713239669800e-01
2.012406289577484131e-01
1.994253098964691162e-01
2.011429816484451294e-01
2.002067118883132935e-01
2.012608200311660767e-01
2.007034718990325928e-01
2.002944052219390869e-01
2.005073428153991699e-01
2.029611021280288696e-01
2.009504586458206177e-01
1.974838823080062866e-01
2.015822976827621460e-01
1.978988051414489746e-01
2.013063430786132812e-01
1.996905952692031860e-01
2.014589756727218628e-01
2.001260817050933838e-01
1.996947228908538818e-01
2.022515386343002319e-01
2.005705088376998901e-01
2.007344812154769897e-01
2.034294605255126953e-01
2.004193216562271118e-01
2.002050131559371948e-01
1.987465918064117432e-01
2.013147324323654175e-01
1.989145129919052124e-01
2.049776464700698853e-01
2.033116966485977173e-01
1.990933269262313843e-01
1.991828382015228271e-01
1.993975937366485596e-01
1.995165050029754639e-01
1.993332207202911377e-01
1.983538419008255005e-01
1.975016593933105469e-01
1.980629414319992065e-01
1.997899562120437622e-01
2.005126774311065674e-01
1.996410191059112549e-01
1.980814635753631592e-01
2.017767876386642456e-01
2.002338618040084839e-01
2.010522633790969849e-01
2.010665386915206909e-01
1.979571133852005005e-01
1.998098492622375488e-01
1.977761387825012207e-01
1.977743059396743774e-01
2.012079060077667236e-01
1.996690630912780762e-01
1.953451186418533325e-01
1.981009393930435181e-01
1.997988969087600708e-01
1.996368020772933960e-01
1.987184882164001465e-01
1.974696964025497437e-01
1.983642280101776123e-01
1.999244093894958496e-01
1.993456631898880005e-01
1.996959745883941650e-01
1.989320665597915649e-01
1.995906978845596313e-01
2.001734375953674316e-01
1.989084333181381226e-01
2.019785195589065552e-01
1.966028064489364624e-01
1.994504630565643311e-01
1.952342540025711060e-01
2.014973908662796021e-01
1.982748061418533325e-01
1.960464715957641602e-01
1.977750658988952637e-01
1.987112015485763550e-01
1.964704543352127075e-01
1.973413378000259399e-01
1.953173577785491943e-01
1.993021965026855469e-01
1.995358169078826904e-01
1.980058252811431885e-01
1.993944346904754639e-01
1.962403804063796997e-01
1.978017240762710571e-01
1.950975209474563599e-01
1.974888890981674194e-01
1.973241269588470459e-01
1.976231485605239868e-01
1.987880617380142212e-01
2.009797394275665283e-01
1.981296837329864502e-01
1.984586417675018311e-01
1.962246745824813843e-01
1.961393058300018311e-01
1.971415132284164429e-01
1.957382708787918091e-01
1.992109417915344238e-01
1.963769197463989258e-01
1.968239843845367432e-01
1.971712261438369751e-01
2.005808055400848389e-01
1.968677490949630737e-01
1.991643607616424561e-01
1.996840536594390869e-01
1.948999762535095215e-01
2.002140730619430542e-01
1.925418674945831299e-01
1.954881250858306885e-01
1.966059207916259766e-01
1.976324021816253662e-01
1.927704066038131714e-01
1.956344693899154663e-01
1.975872665643692017e-01
1.969639211893081665e-01
1.947608441114425659e-01
1.961473226547241211e-01
1.986456364393234253e-01
1.986034661531448364e-01
1.982635259628295898e-01
1.961483359336853027e-01
1.941837072372436523e-01
1.971217244863510132e-01
1.975641250610351562e-01
1.936007291078567505e-01
1.960107684135437012e-01
1.981452703475952148e-01
1.971598863601684570e-01
1.961852610111236572e-01
1.987962573766708374e-01
1.967590600252151489e-01
1.955281645059585571e-01
1.981551349163055420e-01
1.950735300779342651e-01
1.965903639793395996e-01
1.964361816644668579e-01
1.975973248481750488e-01
1.953070759773254395e-01
1.957478821277618408e-01
1.973519623279571533e-01
1.960515975952148438e-01
1.944080889225006104e-01
1.978022307157516479e-01
1.961868107318878174e-01
1.966166496276855469e-01
1.959446817636489868e-01
1.953362226486206055e-01
1.938938498497009277e-01
1.971250474452972412e-01
1.951322406530380249e-01
1.956004649400711060e-01
1.970183849334716797e-01
1.971477270126342773e-01
1.949895769357681274e-01
1.959503591060638428e-01
1.971182674169540405e-01
1.963345110416412354e-01
1.947239935398101807e-01
1.938542425632476807e-01
1.948463320732116699e-01
1.965656280517578125e-01
1.961716413497924805e-01
1.943421214818954468e-01
1.936237066984176636e-01
1.940935701131820679e-01
1.956127732992172241e-01
1.952854692935943604e-01
1.940786093473434448e-01
1.982824653387069702e-01
1.962855011224746704e-01
1.961888372898101807e-01
1.961854696273803711e-01
1.940298378467559814e-01
1.977600008249282837e-01
1.973009109497070312e-01
1.947071552276611328e-01
1.969572603702545166e-01
1.944722235202789307e-01
1.943173110485076904e-01
1.956623047590255737e-01
1.962592601776123047e-01
1.989723294973373413e-01
1.934311985969543457e-01
1.960520446300506592e-01
1.961344331502914429e-01
1.959193348884582520e-01
1.947298794984817505e-01
1.961651742458343506e-01
1.937137842178344727e-01
1.965754330158233643e-01
1.962911784648895264e-01
1.953840851783752441e-01
1.959427893161773682e-01
1.944798827171325684e-01
1.963226646184921265e-01
1.940734088420867920e-01
1.974714696407318115e-01
1.958412677049636841e-01
1.914767175912857056e-01
1.967676430940628052e-01
1.947439610958099365e-01
1.963356435298919678e-01
1.938060522079467773e-01
1.948756128549575806e-01
1.942415237426757812e-01
1.952985376119613647e-01
1.936092078685760498e-01
1.932830214500427246e-01
1.940592676401138306e-01
1.916332691907882690e-01
1.953222304582595825e-01
1.955255270004272461e-01
1.962682306766510010e-01
1.929931491613388062e-01
1.950615495443344116e-01
1.913439184427261353e-01
1.942886859178543091e-01
1.955444514751434326e-01
1.912604868412017822e-01
1.947299838066101074e-01
1.893671005964279175e-01
1.959074288606643677e-01
1.933949440717697144e-01
1.953164339065551758e-01
1.947081089019775391e-01
1.917703747749328613e-01
1.939575374126434326e-01
1.945502161979675293e-01
1.950349360704421997e-01
1.920399963855743408e-01
1.933588385581970215e-01
1.909639537334442139e-01
1.946669816970825195e-01
1.939448565244674683e-01
1.949052810668945312e-01
1.932598054409027100e-01
1.939487457275390625e-01
1.937157660722732544e-01
1.932002156972885132e-01
1.928680688142776489e-01
1.935767233371734619e-01
1.924914270639419556e-01
1.954945772886276245e-01
1.950086951255798340e-01
1.948806941509246826e-01
1.966229230165481567e-01
1.918314546346664429e-01
1.910516023635864258e-01
1.934036016464233398e-01
1.904823333024978638e-01
1.959984600543975830e-01
1.934147477149963379e-01
1.930154263973236084e-01
1.937594860792160034e-01
1.907772719860076904e-01
1.945640593767166138e-01
1.923379749059677124e-01
1.915465295314788818e-01
1.920801103115081787e-01
1.912724375724792480e-01
1.942075639963150024e-01
1.920100748538970947e-01
1.942315548658370972e-01
1.921257823705673218e-01
1.916954517364501953e-01
1.930378526449203491e-01
1.923943459987640381e-01
1.935021132230758667e-01
1.942277550697326660e-01
1.937735825777053833e-01
1.916425824165344238e-01
1.916744261980056763e-01
1.944622844457626343e-01
1.916380375623703003e-01
1.910721510648727417e-01
1.925110071897506714e-01
1.925065666437149048e-01
1.925866156816482544e-01
1.955243200063705444e-01
1.931944787502288818e-01
1.903814226388931274e-01
1.924769729375839233e-01
1.925937980413436890e-01
1.934238672256469727e-01
1.899745911359786987e-01
1.938137114048004150e-01
1.931172460317611694e-01
1.914262771606445312e-01
1.925077438354492188e-01
1.903405934572219849e-01
1.923765242099761963e-01
1.925058513879776001e-01
1.900910586118698120e-01
1.920019984245300293e-01
1.885904073715209961e-01
1.929152309894561768e-01
1.919978260993957520e-01
1.914605498313903809e-01
1.928119361400604248e-01
1.913573294878005981e-01
1.903231739997863770e-01
1.888364553451538086e-01
1.891040354967117310e-01
