1.533540177345275923e+00
1.125317224264144933e+00
1.025815816521644663e+00
9.183036679029464855e-01
8.738642692565917747e-01
7.935244870185852450e-01
7.351682811975479570e-01
6.449517047405243231e-01
6.533709907531738414e-01
6.017837819457053650e-01
6.148286354541778742e-01
6.211008033156395491e-01
5.916025882959365934e-01
6.114680069684982344e-01
5.150793707370757701e-01
5.174052339792251098e-01
5.188142141699790821e-01
5.147950017452239679e-01
5.095349302887917098e-01
5.095952460169792531e-01
5.106785658001899986e-01
4.423634016513824374e-01
4.465358439087867559e-01
4.494841814041137806e-01
4.532549390196800032e-01
4.508071708679199374e-01
4.513297933340072454e-01
4.609987330436706721e-01
3.972712588310241544e-01
3.950986003875732178e-01
4.088216406106948697e-01
4.012112334370613320e-01
4.098297345638275413e-01
4.108278596401214733e-01
4.008668142557144098e-01
4.268841443955898041e-01
4.707356116175651639e-01
4.686812852323055112e-01
4.523049059510231285e-01
4.724003550410270647e-01
4.520069241523742565e-01
4.647287720441818371e-01
2.730059472471475512e-01
2.808919230848550552e-01
2.744439207017421722e-01
2.889253998547792190e-01
3.011225980520248480e-01
3.088074547052383489e-01
2.966985147446393745e-01
1.917391245067119609e-01
1.817478116601705662e-01
1.854058171063661664e-01
2.007147737219929784e-01
2.101680250838398878e-01
2.104622562229633287e-01
2.365532804653048549e-01
1.332469362020492487e-01
1.444836496934294723e-01
1.555683733522892076e-01
1.565432547032833133e-01
1.647884994558989902e-01
1.704015849903225965e-01
1.855649428814649671e-01
1.094918589293956690e-01
1.140722206979989939e-01
1.285393459722399823e-01
1.396525108581408992e-01
1.322137106396257811e-01
1.412649383768439237e-01
1.397472965531051103e-01
1.005733197275549134e-01
1.078684482537209943e-01
1.056290173158049572e-01
1.236860039830207786e-01
1.210870757047086965e-01
1.112870792299509026e-01
1.325201692618429572e-01
9.414845082908868124e-02
8.501150286756456453e-02
8.736377263441681695e-02
1.028013241942971889e-01
1.195144966989755697e-01
1.116058768425136766e-01
1.020836388878524348e-01
1.058081916533410577e-01
1.068078748416155521e-01
8.388872736133634600e-02
1.009179789386689674e-01
9.372723541222512111e-02
9.438643867615610639e-02
1.264008628949523094e-01
7.311251427978276984e-02
9.294646777212620115e-02
9.640967151150107994e-02
9.620315648615360149e-02
1.058050485514104300e-01
9.439942295663059091e-02
1.180541793629527048e-01
8.129470852203667108e-02
8.870291009545326621e-02
8.898038080427796148e-02
8.280580918304622506e-02
9.523570529185235167e-02
8.757946417666971628e-02
9.461678280029445220e-02
