5.466110347211361464e-01
2.094972654432058212e-01
1.566864170134067424e-01
1.349365599453449249e-01
1.147492763400077831e-01
9.934090249240398740e-02
9.473837833851575518e-02
9.330905757844448756e-02
8.340063497424125838e-02
7.300379857420921659e-02
7.281639207154512461e-02
7.322331499308347424e-02
7.420823588967323525e-02
7.516489416360855325e-02
7.143271431326865539e-02
6.680371098220348747e-02
7.121075946837664150e-02
7.150949899107217345e-02
6.339461639523506775e-02
6.358322193846106807e-02
6.222648087888955903e-02
6.150681579485535455e-02
6.057685326784849333e-02
6.070220442488789836e-02
6.089281387627124703e-02
5.992813438177108792e-02
6.113160811364650588e-02
5.641063518822193174e-02
5.526426412165164753e-02
5.455267820507288257e-02
5.261315595358610070e-02
5.699854750186204855e-02
5.557273639366031026e-02
5.567613463848829214e-02
5.427236426621675353e-02
5.743763796985149050e-02
5.316040739417075833e-02
5.052821530029177888e-02
5.179856510832905880e-02
4.959856260567903352e-02
5.061299905180931258e-02
5.386965032666921754e-02
5.384334465488791605e-02
5.159458477050066216e-02
5.317346122115850643e-02
5.096239410340785980e-02
4.973663248121738129e-02
5.014995353296398950e-02
5.030589383095503131e-02
4.953317308798432100e-02
5.088496336713433515e-02
4.896261343732476179e-02
4.965995328500866918e-02
4.711042247712612235e-02
4.615362968295812912e-02
4.474364742636680742e-02
4.834730684757232444e-02
4.831726612523198211e-02
4.920935072004795074e-02
4.628510259091853790e-02
4.644686292856931714e-02
4.859757309779524914e-02
4.699316862970590730e-02
4.592145627364516147e-02
4.474714072421193123e-02
4.380352836102247016e-02
4.550322186201810615e-02
4.600937508046627072e-02
4.508487751707434404e-02
4.775504790246486858e-02
4.722515719011426139e-02
4.570758754387498068e-02
2.446254391968250286e-01
2.438140803575515880e-01
2.299868401885032665e-01
2.180967640504241079e-01
2.266009688377380316e-01
2.028800033032894246e-01
2.077673733979463477e-01
2.082089134305715461e-01
2.064389108493924208e-01
1.523842846974730603e-01
1.573383544757962216e-01
1.533168721571564752e-01
1.461636235006153473e-01
1.526323092356324240e-01
1.521476212516427173e-01
1.568572230637073628e-01
1.389990667812526226e-01
1.612281732261180989e-01
1.176145021989941641e-01
1.142254415526986061e-01
1.142498761229217008e-01
1.111320082005113341e-01
1.116149925813078869e-01
1.133663986250758177e-01
1.123076399788260488e-01
1.159260547719895840e-01
1.101589871849864705e-01
8.275463595055043697e-02
8.204598080366849733e-02
8.877110100351273680e-02
8.305875670164823699e-02
8.497060527093708293e-02
9.425635306164621696e-02
9.209267589263618603e-02
9.358846973627805987e-02
9.354691892862319891e-02
6.470884068403393030e-02
6.230348442681133553e-02
6.098431375809013760e-02
6.885455682873725669e-02
6.648298994638025816e-02
7.319323606789111814e-02
6.719086722470819784e-02
6.913539748638868054e-02
7.928477584384381605e-02
5.276031278539448921e-02
5.490294432267546487e-02
5.475511410273611879e-02
5.592169216135516735e-02
5.393914750777185213e-02
5.439426693366840315e-02
6.215321046300232438e-02
6.145089602097868892e-02
6.064399624941870653e-02
3.918034174712374529e-02
4.862405666150152600e-02
4.689149832352995650e-02
4.726833370979875021e-02
4.718698448501527226e-02
5.361399190267548270e-02
4.876410135533660456e-02
5.075649918522685822e-02
5.342292180983349709e-02
