8.219440069794654580e-01
4.756836330890655273e-01
4.128849594295024850e-01
3.432013878226280457e-01
3.469431619346141638e-01
3.397379112243652521e-01
2.959592342376708984e-01
2.738683827966451600e-01
2.860471665859222190e-01
2.452005603909492570e-01
2.402839604020118591e-01
2.440507030487060469e-01
2.415667699277400937e-01
2.316826274245977479e-01
2.244521411135792788e-01
2.284995234757661864e-01
2.224936077743768781e-01
2.350706069171428769e-01
2.054395643621683143e-01
1.936300822347402639e-01
1.995513945817947443e-01
1.894148252531886178e-01
1.825205903872847424e-01
1.869313912093639451e-01
1.895705571398139111e-01
1.800570159032940931e-01
1.973506110534072044e-01
1.633268722146749563e-01
1.568755409494042297e-01
1.585937372222542829e-01
1.514976458996534214e-01
1.611180639266967807e-01
1.562366037443280176e-01
1.589341058209538526e-01
1.617945691570639721e-01
1.635966474562883244e-01
1.164221215434372431e-01
1.311737344786524651e-01
1.245739271864294978e-01
1.359995935857296057e-01
1.308106746152043476e-01
1.362336307764053234e-01
1.408123769983649354e-01
1.432318687811493796e-01
1.478949865326285307e-01
1.009027141332626276e-01
1.158807768300175733e-01
1.119852333888411572e-01
1.055660331249236999e-01
1.115182855352759295e-01
1.204238537885248678e-01
1.198584833741188072e-01
1.113828933984041258e-01
1.175499690696597127e-01
8.545708838850259170e-02
9.050688734278082570e-02
9.472394704818726252e-02
9.814390342682599577e-02
9.012938462197780942e-02
9.579921595752238783e-02
1.006898745708167536e-01
9.833975972607732208e-02
9.996747793629764955e-02
8.039615495130419953e-02
7.987670890986919847e-02
7.608699757605791314e-02
7.147005399689078387e-02
8.500193813815712374e-02
8.258897332474589292e-02
8.018126320093869885e-02
8.495498666539788579e-02
9.125933874398470258e-02
7.366914534009992577e-02
7.779466524720192455e-02
6.847681881859898900e-02
7.018717685714363774e-02
7.393828531727195119e-02
7.260751277208328525e-02
7.267025414854287602e-02
7.769270228222012464e-02
7.420951310545205459e-02
5.559532485902309723e-02
5.748534916900098490e-02
5.883770409971475490e-02
6.396761968731880243e-02
5.874295413494109996e-02
6.697393076494335962e-02
7.202039323747158606e-02
6.630994025617838183e-02
7.213564898818730642e-02
5.615600896999239922e-02
5.094469322822987867e-02
5.684315880760550804e-02
5.907136598601937100e-02
5.757495979778468748e-02
5.750588760711252551e-02
5.877874100580811334e-02
5.975172759965061836e-02
6.839494425803423205e-02
4.659744757693260603e-02
4.807978454045951089e-02
5.405354647664353113e-02
5.175191857153550040e-02
5.638942882069386542e-02
6.463547623716295321e-02
6.433213840005919115e-02
6.654038880718872451e-02
6.162429646821692558e-02
3.196636213571764362e-02
4.665558117907494390e-02
3.916512069059535639e-02
4.275416415533982162e-02
4.050775358220562450e-02
4.569042891031131065e-02
4.528908482287079262e-02
4.070169225102290844e-02
5.095755493501201439e-02
3.443361926591023692e-02
3.436190725071355812e-02
3.636773111997172042e-02
3.460153344320133356e-02
4.499725550413131991e-02
3.451210921397432352e-02
4.981319031328894364e-02
4.203335838799830693e-02
4.367319972719996973e-02
2.544084595632739240e-02
2.897303006786387455e-02
2.470970797905465421e-02
3.244614444090984651e-02
3.333353318739682575e-02
3.421266897406894519e-02
3.572507934411987829e-02
4.262119621271267395e-02
3.990058639319613715e-02
