7.977377334237099049e-01
4.631523011624812947e-01
4.238501426577567788e-01
3.609415729343891099e-01
3.272274968028068276e-01
3.132825997471809232e-01
2.777990166097879521e-01
2.915859752148389772e-01
2.724643824994564256e-01
2.355992296338081382e-01
2.441918841749429747e-01
2.457107204198837325e-01
2.280837753415107805e-01
2.403778247535228729e-01
2.219890490919351478e-01
2.309334769099950779e-01
2.195520290732383695e-01
2.309375607222318716e-01
1.853731811046600286e-01
1.929238752275705404e-01
1.905771257728338108e-01
2.010224848240614037e-01
1.826279010996222363e-01
1.863345753401517979e-01
1.738611410558223713e-01
1.803695156797766597e-01
1.884684990346431610e-01
1.546360323950648208e-01
1.516622167825698864e-01
1.582440336793661251e-01
1.605532259494066305e-01
1.573708070814609505e-01
1.580065013468265611e-01
1.508180080354213637e-01
1.598666677623987176e-01
1.616222739964723598e-01
1.228897634148597706e-01
1.165428018197417204e-01
1.287723345682025011e-01
1.281175591051578466e-01
1.369225488603115215e-01
1.298971004411578201e-01
1.416750670410692747e-01
1.408948803879320755e-01
1.411272269859910056e-01
1.010069767571985661e-01
1.119248523563146636e-01
1.108566042035818155e-01
1.108270529098808743e-01
1.206918386742472649e-01
1.157824201881885590e-01
1.112255129031836931e-01
1.137311214581131907e-01
1.167710695043206182e-01
9.148584665730595533e-02
8.842930326238274130e-02
9.888874217867851812e-02
9.759645432233809981e-02
9.642038881778716708e-02
9.175790408626198491e-02
9.811396988108754547e-02
9.824384603649377601e-02
1.062321832589805115e-01
7.357365313917398064e-02
8.620687384158372268e-02
8.531194180250167847e-02
8.226110827177762763e-02
8.218471150845289841e-02
8.116487782448529587e-02
8.338513424620032366e-02
8.245304556563497200e-02
9.221216401085258196e-02
7.206930974498390596e-02
6.878827279433608055e-02
7.042335750535130834e-02
7.656983716413379160e-02
6.652108367532491573e-02
7.516239911317824929e-02
7.915700979530811143e-02
7.543695889413357114e-02
7.490021547302604110e-02
5.493527608923613748e-02
5.084393077529966720e-02
6.292999255470931030e-02
6.086905086413026134e-02
6.368849596008657743e-02
7.368086127564310583e-02
7.123644290491938647e-02
6.393511981703341174e-02
7.028997601009905061e-02
4.534606860252097388e-02
5.732009823899716222e-02
5.354051284492016005e-02
5.576976465294137403e-02
5.616431070957332572e-02
6.020240336889401411e-02
6.743514142930508160e-02
6.429347688797860949e-02
6.180753048043698128e-02
4.442874361295252872e-02
4.740881219506263428e-02
4.855478511075489445e-02
4.699629715527407769e-02
4.681354353437200411e-02
5.437108778860420127e-02
5.118671438656747369e-02
4.396671736787539225e-02
5.079404437070479672e-02
3.544033377431333315e-02
3.439656707225367122e-02
3.323183425934985585e-02
4.011741264141164415e-02
3.433357965666800765e-02
4.390711665037087819e-02
4.570959331758785854e-02
3.767758323810994903e-02
4.449477941030636347e-02
3.517122868215664944e-02
2.864937672042287831e-02
3.429024114215280944e-02
3.307515458815032949e-02
4.694809585227630727e-02
4.117115772911347782e-02
4.043821424129419306e-02
4.639779778546653660e-02
4.667113161820452688e-02
2.408407353912480134e-02
3.095964352483861204e-02
3.313052963756490249e-02
3.623752716695889664e-02
4.255652322201058241e-02
3.428946973173879059e-02
3.304167792550288113e-02
3.047722169139888138e-02
4.638558570179156931e-02
