8.283330860733986167e-01
4.885912853479385531e-01
4.113378734886646293e-01
3.703246687352657052e-01
3.543305921554565363e-01
3.194308246672153406e-01
3.006326580047607444e-01
2.805565574765205294e-01
2.867880964279174716e-01
2.415493229776620732e-01
2.439799062907695715e-01
2.445749999582767509e-01
2.374845854192972061e-01
2.310709907859563872e-01
2.355269778519868962e-01
2.275316337496042229e-01
2.122503461688756976e-01
2.199747831374406770e-01
2.005396578460931778e-01
1.734293232113122973e-01
1.854904356598854054e-01
1.877003597095608656e-01
1.901034126803279045e-01
1.838145604357123430e-01
1.907035372406244156e-01
1.977367145568132423e-01
1.859487723559141159e-01
1.533907580375671320e-01
1.391410291567444779e-01
1.613758142665028539e-01
1.615410758182406481e-01
1.635367179661989245e-01
1.665097714215517111e-01
1.692436314187943935e-01
1.559071384370326885e-01
1.540454730391502269e-01
1.293962785415351258e-01
1.267932188510894898e-01
1.234636827930808006e-01
1.389082544669509034e-01
1.389498798176646288e-01
1.325665357336401895e-01
1.294026183709502120e-01
1.425457002595066913e-01
1.308456838876008999e-01
1.054955373704433430e-01
1.074849058501422400e-01
1.018624360486864999e-01
1.033675550669431731e-01
1.183336091786622996e-01
1.095177066326141341e-01
1.145643338002264450e-01
1.154860925115644976e-01
1.149322457797825325e-01
9.522979993373155427e-02
8.618108753114939180e-02
8.561264831572770739e-02
8.937588913366198429e-02
9.341230824589728809e-02
1.001524715125560738e-01
9.431524083018302806e-02
9.586180152371526209e-02
1.012761864811182050e-01
7.506651384755969048e-02
8.293482271954416563e-02
7.828098535537719727e-02
8.096750421449541713e-02
7.947050554677843881e-02
8.376838788390159052e-02
9.100097483024001399e-02
8.342603517696262072e-02
8.113058881834149527e-02
6.400012834928929528e-02
6.681709173135459701e-02
6.415966527536511033e-02
6.662484472617506703e-02
7.241839298978447470e-02
8.315823288634419108e-02
7.328586343675852488e-02
6.802996942773460731e-02
8.109723972156643312e-02
6.337950865738094242e-02
5.410127799957990813e-02
6.210176600143313408e-02
6.504566930234431665e-02
6.259301725775003045e-02
6.095649003051221287e-02
6.747521080076694655e-02
6.736716335639357511e-02
7.378402573987841162e-02
5.852917521260678907e-02
5.040440240874886207e-02
5.258083896711468475e-02
5.882057007402181903e-02
6.442947015166282376e-02
6.433324044570326583e-02
6.090141643770038971e-02
5.600474175065756066e-02
6.857734646648168397e-02
3.567737963283434260e-02
5.047128023579716682e-02
4.811508983373641996e-02
5.692729366943240221e-02
5.235952512593940178e-02
5.942354479338973761e-02
6.514759927988052202e-02
6.596185155212878903e-02
6.019656863994896079e-02
3.838927211007103074e-02
3.662497247569262981e-02
4.717356941662728675e-02
4.254281328525394423e-02
5.285698412917554101e-02
4.512770753237418941e-02
4.752296078484505304e-02
4.858758637215942339e-02
5.544395672157406696e-02
3.479142541065811944e-02
2.939422822091728588e-02
3.554698288324289329e-02
4.447300159372389455e-02
3.960592326475307484e-02
3.266586247482337196e-02
4.973617678973824008e-02
4.732406927039847083e-02
4.088162861764430694e-02
2.851646283481386324e-02
2.909512288868427304e-02
3.063180108554661163e-02
3.585255846148356629e-02
3.676200630841777034e-02
3.707435153773985803e-02
3.286089951288886229e-02
3.354368369444273718e-02
2.872334384010173311e-02
