1.272967602610588056e+00
9.964649146795272472e-01
8.810749244689941584e-01
8.284638178348541215e-01
7.708992052078247337e-01
7.454128885269164506e-01
7.335417091846465620e-01
6.737990832328796253e-01
6.570595210790634022e-01
6.532128262519836248e-01
6.456904184818267334e-01
6.453515097498894182e-01
6.466243678331374811e-01
6.429031354188918801e-01
5.845169532299041570e-01
5.777469637989998130e-01
5.871768862009048018e-01
5.908887189626693681e-01
5.985250920057296753e-01
5.880686637759208191e-01
5.832706859707832425e-01
5.275897404551506131e-01
5.422956642508506286e-01
5.413892692327499923e-01
5.385601177811623064e-01
5.436246064305305659e-01
5.354124543070792885e-01
5.391007608175277799e-01
4.890486758947372170e-01
4.904298502206802524e-01
4.941993618011474854e-01
5.006275057792664018e-01
4.928369721770286538e-01
5.096861097216606185e-01
5.084820976853370311e-01
4.621817228198051297e-01
4.599027720093726845e-01
4.716242974996566750e-01
4.640434643626212829e-01
4.738638097047805919e-01
4.766886427998542897e-01
4.702624619007110818e-01
4.384677943587302895e-01
4.354987955093383989e-01
4.466629904508590543e-01
4.527500244975090071e-01
4.477466130256652632e-01
4.444668477773666138e-01
4.561943432688713163e-01
4.245439288020134150e-01
4.262140247225761347e-01
4.264253994822502225e-01
4.312922766804694885e-01
4.350772017240524536e-01
4.349511548876762168e-01
4.431805849075317605e-01
4.194276911020278775e-01
4.197947895526886186e-01
4.208966967463493303e-01
4.175178104639053478e-01
4.260407799482345825e-01
4.254694154858589261e-01
4.228623443841934004e-01
3.200943690538406439e-01
3.411615301668644018e-01
2.874114780128002034e-01
2.994336134195327848e-01
2.602323590219020599e-01
2.101617204397916716e-01
2.199617378413677160e-01
9.920328702777624075e-02
9.754201515577733128e-02
1.006479569990187950e-01
1.137731259874999457e-01
1.049055305868387272e-01
1.077440924569964403e-01
1.107195083517581169e-01
7.026907854247838037e-02
7.750427929684519657e-02
8.712892413139343428e-02
8.788587340619415100e-02
9.337497327476740328e-02
9.073166321963072045e-02
8.977190929464995417e-02
6.251186708454042895e-02
6.527963987551629876e-02
5.686732321744784879e-02
9.037108746822923588e-02
7.607926972443238012e-02
8.076707607135176492e-02
8.057854361832142431e-02
5.493280901107937264e-02
4.359881659736856985e-02
7.890323323197662164e-02
5.914886929560452672e-02
7.989449465880170409e-02
8.715215360047295912e-02
9.779516414273529967e-02
5.174584091408178377e-02
6.653473772923462759e-02
6.847626179456710316e-02
7.049891721457242355e-02
6.889438769780099892e-02
6.142996156588196449e-02
7.113924857228993981e-02
