1.777019277811050513e+00
1.387390445470809919e+00
1.229046639800071672e+00
1.100832527875900357e+00
1.028410477638244558e+00
9.446694099903106823e-01
8.997081112861633478e-01
7.687180444598198381e-01
7.474590891599655063e-01
7.439344567060470759e-01
7.034467864036559881e-01
7.148735809326172141e-01
6.997563114762306302e-01
6.887676203250885365e-01
5.325683239102363409e-01
5.143945017457007829e-01
5.273210206627845231e-01
5.517972013354301986e-01
5.420977678894997043e-01
5.280307397246361001e-01
5.404157325625419395e-01
3.878681221604347029e-01
3.591817283630371338e-01
4.082731819152832231e-01
4.012416522204875768e-01
4.093136312067508498e-01
3.981639608740806802e-01
4.037196326255798606e-01
2.774900954961776467e-01
2.667243376374244801e-01
2.983081667125225267e-01
2.796992205083370098e-01
2.887741456925869143e-01
2.979072494804859139e-01
3.223706436157226518e-01
1.841641464084386726e-01
1.916150959581136570e-01
1.970659755170345306e-01
2.129696629941463526e-01
2.321194469928741511e-01
2.307053492963314079e-01
2.442144934833049841e-01
1.514206930249929473e-01
1.505505723506212201e-01
1.616227477043866989e-01
1.642640247941017095e-01
1.799712006747722637e-01
1.786754196882247847e-01
1.794478613883256912e-01
1.505540250986814599e-01
1.416178457438945770e-01
1.429842564091086399e-01
1.395940348505973760e-01
1.483717209100723355e-01
1.640584571659564894e-01
1.671430412679910660e-01
1.236151019483804764e-01
1.310544351115822681e-01
1.354480675980448690e-01
1.300697837024927250e-01
1.332624606415629409e-01
1.366764517128467582e-01
1.387566590309143033e-01
1.216234788298606873e-01
1.217876531556248698e-01
1.128363610059022887e-01
1.196826572716236103e-01
1.286227606236934606e-01
1.338052383437752790e-01
1.322607239708304405e-01
1.153309581428766245e-01
1.150378665700554914e-01
1.227894769981503487e-01
1.208861725032329554e-01
1.163789216056466125e-01
1.265682757645845424e-01
1.322208235785365116e-01
1.151978533715009717e-01
1.122080716863274596e-01
1.082942681387066841e-01
1.113603028282523222e-01
1.097992649674415649e-01
1.110510236769914616e-01
1.100687018781900395e-01
1.093938268348574605e-01
1.002961326390504893e-01
1.007109484449029008e-01
1.063258711993694261e-01
1.143277769535780003e-01
1.144420448690652847e-01
1.253810241445899032e-01
1.089437529817223610e-01
1.037447415292263031e-01
9.857583548873663504e-02
1.112938328832387969e-01
1.188822325691580722e-01
1.110507824644446362e-01
1.125481780618429184e-01
7.197013213299215117e-02
1.121178032644093020e-01
1.385999734699726038e-01
1.316611382924020301e-01
1.340506418794393528e-01
1.426287149637937568e-01
1.272456764616072267e-01
