1.264742645025253243e+00
9.623181658983230857e-01
8.622359377145767390e-01
8.305843728780746282e-01
7.606632840633392734e-01
7.399253743886947676e-01
7.225695693492889538e-01
6.722279483079910412e-01
6.478985953330993475e-01
6.500495511293411521e-01
6.498733901977539196e-01
6.385700958967208685e-01
6.354718804359436035e-01
6.159907257556915816e-01
5.816873931884765092e-01
5.818390464782714488e-01
5.816497522592544156e-01
5.725502830743789406e-01
5.770073229074478283e-01
5.796407914161681996e-01
5.755325955152511552e-01
5.236432671546935591e-01
5.221083748340606956e-01
5.257520845532417386e-01
5.270680028200149803e-01
5.357112774252891230e-01
5.372471800446509960e-01
5.372638815641402887e-01
4.879585829377174333e-01
4.796370097994804294e-01
4.860856172442435952e-01
4.849507987499236950e-01
4.846778315305709794e-01
4.952869099378585660e-01
4.880256173014640986e-01
4.535630640387535162e-01
4.449761912226676830e-01
4.549566322565078980e-01
4.509113031625747725e-01
4.610534259676933311e-01
4.600137189030647500e-01
4.704942554235458374e-01
3.804912936687469549e-01
3.937564200162887440e-01
3.781712819635867917e-01
3.418919788300990859e-01
3.190834912657737887e-01
3.130606009066104756e-01
2.968352018296718797e-01
1.295103400386869996e-01
1.275624922849237786e-01
1.344008802063763053e-01
1.406600139290094253e-01
1.607864491268992391e-01
1.604563619196414936e-01
1.641134190186858133e-01
7.852249749936163203e-02
8.466139413416386150e-02
8.273184930905699841e-02
9.497470073401928503e-02
1.071049986034631751e-01
1.192851968295872145e-01
1.188160106167197166e-01
7.835374754853546841e-02
7.338710045907646806e-02
9.269146320410072415e-02
8.555278426967560801e-02
8.673947359435260629e-02
9.452839983627199516e-02
9.679284772835672346e-02
7.100307857617735308e-02
7.397385035175829682e-02
7.384076041867956852e-02
7.544499202165752538e-02
8.299577249679714053e-02
9.776808884926140031e-02
9.622040315996854831e-02
7.897006024606526009e-02
5.976788342930376696e-02
6.138929519569501225e-02
7.514518172945827690e-02
7.701055057113989633e-02
6.868678486207499545e-02
9.513691292144357825e-02
6.243336510611698087e-02
5.754079123144038160e-02
6.631920077838003580e-02
6.998820033040828448e-02
8.497467344161123426e-02
7.894255615305155460e-02
6.255415531340986768e-02
5.478633542312309063e-02
6.604100450407714151e-02
5.437705860240384798e-02
7.671470872242934502e-02
7.349271356593817250e-02
7.760436951182782261e-02
7.749910694314167403e-02
5.483393999049439999e-02
5.849057447863742487e-02
6.375041670631617641e-02
6.541220654267818069e-02
7.463373879087158158e-02
7.331330400425940808e-02
6.674550652969628295e-02
