9.081787467002868652e-01
8.953149318695068359e-01
8.838924169540405273e-01
8.725489377975463867e-01
8.610016107559204102e-01
8.493575453758239746e-01
8.384766578674316406e-01
8.251105546951293945e-01
8.088868260383605957e-01
7.942492961883544922e-01
7.752298712730407715e-01
7.569410800933837891e-01
7.349934577941894531e-01
7.111393213272094727e-01
6.858080625534057617e-01
6.583602428436279297e-01
6.264899969100952148e-01
5.946912169456481934e-01
5.678806304931640625e-01
5.353160500526428223e-01
5.486489534378051758e-01
4.995910525321960449e-01
4.842492341995239258e-01
4.731876850128173828e-01
4.634013175964355469e-01
4.714659452438354492e-01
4.993495345115661621e-01
4.838901162147521973e-01
4.754844307899475098e-01
4.701210260391235352e-01
4.506633877754211426e-01
4.390384256839752197e-01
4.672708511352539062e-01
4.287263453006744385e-01
4.215073585510253906e-01
4.366455674171447754e-01
4.229966402053833008e-01
4.214935302734375000e-01
4.282056391239166260e-01
4.232018291950225830e-01
4.146244823932647705e-01
4.120545685291290283e-01
4.063674509525299072e-01
3.977397084236145020e-01
3.987722992897033691e-01
3.942545950412750244e-01
3.946894109249114990e-01
3.922524154186248779e-01
3.873375654220581055e-01
3.759704530239105225e-01
3.846104443073272705e-01
3.831009566783905029e-01
3.801071643829345703e-01
3.711210489273071289e-01
3.672712445259094238e-01
3.646484315395355225e-01
3.729569613933563232e-01
3.626942038536071777e-01
3.613248467445373535e-01
3.572656810283660889e-01
3.558360338211059570e-01
3.530055880546569824e-01
3.528183400630950928e-01
3.571515679359436035e-01
3.524742424488067627e-01
3.431543707847595215e-01
3.486864864826202393e-01
3.436805009841918945e-01
3.420139849185943604e-01
3.449207544326782227e-01
3.391352891921997070e-01
3.407677114009857178e-01
3.386961519718170166e-01
3.412132561206817627e-01
3.348300755023956299e-01
3.246226608753204346e-01
3.363278210163116455e-01
3.340156376361846924e-01
3.267326354980468750e-01
3.239765465259552002e-01
3.228508830070495605e-01
3.212647736072540283e-01
3.214179873466491699e-01
3.215906023979187012e-01
3.182333707809448242e-01
3.163597285747528076e-01
3.161028027534484863e-01
3.152187168598175049e-01
3.150959610939025879e-01
3.103215694427490234e-01
3.129519224166870117e-01
3.107059001922607422e-01
3.112417757511138916e-01
3.105853497982025146e-01
3.092724680900573730e-01
3.083748221397399902e-01
3.068634867668151855e-01
3.109512031078338623e-01
3.039984703063964844e-01
3.058087527751922607e-01
3.026674985885620117e-01
3.076497018337249756e-01
2.995789647102355957e-01
2.980359792709350586e-01
3.005302548408508301e-01
2.957510650157928467e-01
2.986145615577697754e-01
3.000458776950836182e-01
2.963111102581024170e-01
2.961020469665527344e-01
2.941702604293823242e-01
2.906551063060760498e-01
2.898863255977630615e-01
2.930113077163696289e-01
2.916629612445831299e-01
2.919346988201141357e-01
2.916708290576934814e-01
2.887397110462188721e-01
2.855693101882934570e-01
2.869906425476074219e-01
2.881796956062316895e-01
2.861702442169189453e-01
2.818296849727630615e-01
2.809886634349822998e-01
2.816871404647827148e-01
2.825755476951599121e-01
2.832185626029968262e-01
2.797521948814392090e-01
2.775835096836090088e-01
2.797381579875946045e-01
2.782544791698455811e-01
2.794739305973052979e-01
2.756953835487365723e-01
2.789124846458435059e-01
2.777900993824005127e-01
2.780498266220092773e-01
2.747848629951477051e-01
2.731518447399139404e-01
2.762275338172912598e-01
2.713283300399780273e-01
2.744059860706329346e-01
2.724564671516418457e-01
2.705845832824707031e-01
2.714493274688720703e-01
2.696274220943450928e-01
2.684362530708312988e-01
2.695471346378326416e-01
2.650588154792785645e-01
2.676308453083038330e-01
2.695043087005615234e-01
2.640294432640075684e-01
2.667185664176940918e-01
2.662864029407501221e-01
2.715252637863159180e-01
2.631598412990570068e-01
2.630429565906524658e-01
2.613972723484039307e-01
2.592328786849975586e-01
2.597401142120361328e-01
2.634969651699066162e-01
2.624832987785339355e-01
2.606490850448608398e-01
2.601592242717742920e-01
2.581765055656433105e-01
2.596054077148437500e-01
2.583096921443939209e-01
2.576103508472442627e-01
2.561838626861572266e-01
2.550261914730072021e-01
2.562738060951232910e-01
2.550059556961059570e-01
2.582792937755584717e-01
2.587489485740661621e-01
2.528513967990875244e-01
2.534745931625366211e-01
2.543655335903167725e-01
2.523561716079711914e-01
2.499430626630783081e-01
2.543805539608001709e-01
2.494947314262390137e-01
2.517842352390289307e-01
2.487730830907821655e-01
2.493731081485748291e-01
2.494618296623229980e-01
2.487986385822296143e-01
2.494424730539321899e-01
2.483603805303573608e-01
2.467116713523864746e-01
2.430958151817321777e-01
2.458676248788833618e-01
2.470822185277938843e-01
2.440690249204635620e-01
2.453480362892150879e-01
2.444901764392852783e-01
2.474392801523208618e-01
2.468383759260177612e-01
2.449700534343719482e-01
2.445697337388992310e-01
2.415137588977813721e-01
2.429138123989105225e-01
2.404915392398834229e-01
2.414743900299072266e-01
2.391595840454101562e-01
2.371526509523391724e-01
2.371064871549606323e-01
2.413790374994277954e-01
2.393114268779754639e-01
2.402261495590209961e-01
2.374146133661270142e-01
2.392083704471588135e-01
2.385130822658538818e-01
2.345316112041473389e-01
2.396919429302215576e-01
2.395481914281845093e-01
2.318011820316314697e-01
2.357394397258758545e-01
2.342824488878250122e-01
2.366073876619338989e-01
2.346149682998657227e-01
2.335485816001892090e-01
2.330515682697296143e-01
2.324071079492568970e-01
2.350137382745742798e-01
2.312629520893096924e-01
2.317086309194564819e-01
2.312926054000854492e-01
2.284809648990631104e-01
2.307345420122146606e-01
2.300343066453933716e-01
2.285889089107513428e-01
2.291747331619262695e-01
2.306267768144607544e-01
2.289437055587768555e-01
2.302047312259674072e-01
2.304154932498931885e-01
2.299073189496994019e-01
2.268618792295455933e-01
2.278369665145874023e-01
2.243464738130569458e-01
2.286580651998519897e-01
2.261573672294616699e-01
2.260659337043762207e-01
2.236435115337371826e-01
2.263925522565841675e-01
2.245915234088897705e-01
2.261998653411865234e-01
2.215297073125839233e-01
2.210477441549301147e-01
2.243172377347946167e-01
2.207008451223373413e-01
2.212626338005065918e-01
2.232293486595153809e-01
2.223128527402877808e-01
2.203367054462432861e-01
2.215771675109863281e-01
2.188492417335510254e-01
2.215010225772857666e-01
2.218565940856933594e-01
2.194846272468566895e-01
2.181498557329177856e-01
2.216050773859024048e-01
2.173469811677932739e-01
2.183203697204589844e-01
2.180992662906646729e-01
2.160283774137496948e-01
2.179057896137237549e-01
2.153181284666061401e-01
2.167806774377822876e-01
2.155151367187500000e-01
2.146800309419631958e-01
2.132295072078704834e-01
2.133042514324188232e-01
2.171588987112045288e-01
2.139753699302673340e-01
2.123607695102691650e-01
2.119372338056564331e-01
2.162593007087707520e-01
2.133946567773818970e-01
2.129140347242355347e-01
2.107860445976257324e-01
2.106478512287139893e-01
2.106995135545730591e-01
2.123334556818008423e-01
2.089991271495819092e-01
2.116211205720901489e-01
2.093460112810134888e-01
2.109329998493194580e-01
2.088909745216369629e-01
2.067874073982238770e-01
2.072506695985794067e-01
2.072454988956451416e-01
2.089423090219497681e-01
2.060822546482086182e-01
2.063383162021636963e-01
2.052975744009017944e-01
2.047917097806930542e-01
2.043132781982421875e-01
2.021070718765258789e-01
2.055495381355285645e-01
2.058663815259933472e-01
2.042284756898880005e-01
2.031594365835189819e-01
2.021886408329010010e-01
2.014700621366500854e-01
2.033888399600982666e-01
2.047935277223587036e-01
2.015001028776168823e-01
2.026630342006683350e-01
2.019885033369064331e-01
2.020912468433380127e-01
2.001671195030212402e-01
1.982953250408172607e-01
1.985450237989425659e-01
1.996745020151138306e-01
1.982951313257217407e-01
1.992782950401306152e-01
1.998129487037658691e-01
1.989146620035171509e-01
1.969864964485168457e-01
1.978566199541091919e-01
1.992457360029220581e-01
1.978966444730758667e-01
1.987508684396743774e-01
1.957045346498489380e-01
1.973275542259216309e-01
1.968766301870346069e-01
1.961018443107604980e-01
1.963704079389572144e-01
1.956572681665420532e-01
1.953125000000000000e-01
1.938815712928771973e-01
1.967586278915405273e-01
1.961121559143066406e-01
1.918531507253646851e-01
1.959837824106216431e-01
1.923201531171798706e-01
1.937831491231918335e-01
1.927958279848098755e-01
1.929895877838134766e-01
1.931900680065155029e-01
1.904855817556381226e-01
1.901775598526000977e-01
1.890658438205718994e-01
1.893168687820434570e-01
1.916052103042602539e-01
1.892904192209243774e-01
1.885773837566375732e-01
1.896299123764038086e-01
1.885229200124740601e-01
1.894730478525161743e-01
1.890599131584167480e-01
1.884039789438247681e-01
1.881617754697799683e-01
1.873293071985244751e-01
1.890007257461547852e-01
1.883205324411392212e-01
1.865233778953552246e-01
1.858716756105422974e-01
1.865210235118865967e-01
1.875881552696228027e-01
1.876894831657409668e-01
1.852535158395767212e-01
1.894378960132598877e-01
1.854303032159805298e-01
1.839293539524078369e-01
1.862584352493286133e-01
1.866984963417053223e-01
1.851629614830017090e-01
1.884374022483825684e-01
1.852654367685317993e-01
1.847641617059707642e-01
1.889534890651702881e-01
1.835680156946182251e-01
1.875175237655639648e-01
1.817203164100646973e-01
1.836942881345748901e-01
1.810454577207565308e-01
1.820112168788909912e-01
1.833429932594299316e-01
1.820137351751327515e-01
1.823820173740386963e-01
1.811067610979080200e-01
1.818294972181320190e-01
1.827021986246109009e-01
1.798264682292938232e-01
1.812369376420974731e-01
1.794545948505401611e-01
1.813944429159164429e-01
1.828398704528808594e-01
1.805510669946670532e-01
1.813517659902572632e-01
1.806557178497314453e-01
1.817013919353485107e-01
1.794316768646240234e-01
1.807339936494827271e-01
1.799806803464889526e-01
1.794033795595169067e-01
1.791974902153015137e-01
1.781844198703765869e-01
1.799573898315429688e-01
1.776298582553863525e-01
1.782056093215942383e-01
1.751960813999176025e-01
1.768959462642669678e-01
1.774544864892959595e-01
1.782295256853103638e-01
1.771082729101181030e-01
1.775984168052673340e-01
1.765568852424621582e-01
1.773154735565185547e-01
1.769424527883529663e-01
1.758529543876647949e-01
1.751292645931243896e-01
1.769112348556518555e-01
1.762004941701889038e-01
1.772615015506744385e-01
1.765886247158050537e-01
1.746366471052169800e-01
1.749862730503082275e-01
1.760477721691131592e-01
1.722670942544937134e-01
1.757670789957046509e-01
1.752080917358398438e-01
1.758457124233245850e-01
1.725620329380035400e-01
1.752550601959228516e-01
1.735200881958007812e-01
1.753405481576919556e-01
1.743413060903549194e-01
1.747403144836425781e-01
1.759759038686752319e-01
1.729588359594345093e-01
1.743204593658447266e-01
1.751729846000671387e-01
1.746465116739273071e-01
1.720346808433532715e-01
1.719262599945068359e-01
1.728085577487945557e-01
1.736816167831420898e-01
1.730591803789138794e-01
1.729286909103393555e-01
1.725059896707534790e-01
1.735631972551345825e-01
1.725698709487915039e-01
1.716822087764739990e-01
1.719119250774383545e-01
1.716584414243698120e-01
1.718973219394683838e-01
1.727951318025588989e-01
1.714153289794921875e-01
1.722222566604614258e-01
1.709994375705718994e-01
1.715824753046035767e-01
1.688783317804336548e-01
1.701584011316299438e-01
1.693844050168991089e-01
1.735889613628387451e-01
1.712278574705123901e-01
1.710114628076553345e-01
1.700248122215270996e-01
1.700204461812973022e-01
1.707879453897476196e-01
1.703051626682281494e-01
1.705043017864227295e-01
1.713109761476516724e-01
1.704650372266769409e-01
1.696160882711410522e-01
1.701139807701110840e-01
1.691668182611465454e-01
1.687161922454833984e-01
1.673802733421325684e-01
1.667513102293014526e-01
1.685257703065872192e-01
1.665843129158020020e-01
1.690822094678878784e-01
1.701068878173828125e-01
1.672688126564025879e-01
1.677693724632263184e-01
1.687569320201873779e-01
1.671095341444015503e-01
1.666808128356933594e-01
1.675006002187728882e-01
1.695975959300994873e-01
1.680551469326019287e-01
1.667830497026443481e-01
1.681727468967437744e-01
1.675891578197479248e-01
1.656973809003829956e-01
1.661610752344131470e-01
1.675410866737365723e-01
1.649368107318878174e-01
1.650791168212890625e-01
1.671915650367736816e-01
1.686415225267410278e-01
1.661606281995773315e-01
1.657768189907073975e-01
1.675597280263900757e-01
1.679532378911972046e-01
1.667981743812561035e-01
1.652328073978424072e-01
1.654359698295593262e-01
1.679780334234237671e-01
1.648109257221221924e-01
1.660407185554504395e-01
1.650944799184799194e-01
1.653003543615341187e-01
1.655432879924774170e-01
1.633180826902389526e-01
1.665004193782806396e-01
1.643256545066833496e-01
1.648770868778228760e-01
1.659573018550872803e-01
1.636546850204467773e-01
1.665335297584533691e-01
1.643484979867935181e-01
1.655534356832504272e-01
1.629913300275802612e-01
1.639219671487808228e-01
1.637620329856872559e-01
1.654602736234664917e-01
1.634800881147384644e-01
1.636546999216079712e-01
1.651611924171447754e-01
1.646012365818023682e-01
1.645964533090591431e-01
1.627112478017807007e-01
1.641715764999389648e-01
1.622780859470367432e-01
1.627826094627380371e-01
1.634902060031890869e-01
1.626350879669189453e-01
1.653582602739334106e-01
1.629814654588699341e-01
1.618704795837402344e-01
1.610742658376693726e-01
1.626035720109939575e-01
1.617278307676315308e-01
1.625573933124542236e-01
1.612695604562759399e-01
1.635003089904785156e-01
1.623519361019134521e-01
1.619145125150680542e-01
1.610140204429626465e-01
1.598437577486038208e-01
1.633548289537429810e-01
1.626915335655212402e-01
1.613102257251739502e-01
1.631017476320266724e-01
1.605603098869323730e-01
1.611864864826202393e-01
1.602388918399810791e-01
1.594758927822113037e-01
1.605133414268493652e-01
1.613050699234008789e-01
1.618801951408386230e-01
1.610139906406402588e-01
1.620324850082397461e-01
1.601447314023971558e-01
1.606023311614990234e-01
1.622605472803115845e-01
1.617842912673950195e-01
1.614627689123153687e-01
1.609983593225479126e-01
1.616698205471038818e-01
1.612666994333267212e-01
1.594442874193191528e-01
1.587375998497009277e-01
1.591059863567352295e-01
1.594492793083190918e-01
1.609864681959152222e-01
1.593323200941085815e-01
1.613784730434417725e-01
1.594244539737701416e-01
1.600683778524398804e-01
1.605985611677169800e-01
1.589269340038299561e-01
1.617835164070129395e-01
1.596789658069610596e-01
1.596839278936386108e-01
1.579833775758743286e-01
1.581708937883377075e-01
1.591548919677734375e-01
1.575189977884292603e-01
1.557693928480148315e-01
1.577458381652832031e-01
1.591795235872268677e-01
1.593029648065567017e-01
1.592457592487335205e-01
1.586089134216308594e-01
1.560177505016326904e-01
1.587466746568679810e-01
1.566952466964721680e-01
1.569688916206359863e-01
1.586021929979324341e-01
1.576633453369140625e-01
1.580038666725158691e-01
1.564435213804244995e-01
1.565586030483245850e-01
1.574928760528564453e-01
1.572438478469848633e-01
1.585479974746704102e-01
1.557888239622116089e-01
1.591260731220245361e-01
1.578206717967987061e-01
1.580116748809814453e-01
1.560861617326736450e-01
1.560082286596298218e-01
1.562267988920211792e-01
1.562979519367218018e-01
1.560372710227966309e-01
1.562415808439254761e-01
1.581332087516784668e-01
1.565472483634948730e-01
1.578666865825653076e-01
1.568816304206848145e-01
1.562015414237976074e-01
1.564642339944839478e-01
1.560010612010955811e-01
1.563179492950439453e-01
1.541047394275665283e-01
1.568307280540466309e-01
1.565952301025390625e-01
1.568056195974349976e-01
1.556206196546554565e-01
1.555716991424560547e-01
1.558423042297363281e-01
1.560958474874496460e-01
1.549235731363296509e-01
1.543031334877014160e-01
1.569447368383407593e-01
1.557032167911529541e-01
1.563485711812973022e-01
1.560387164354324341e-01
1.552676260471343994e-01
1.551211774349212646e-01
1.554165184497833252e-01
1.534409821033477783e-01
1.542384177446365356e-01
1.550354212522506714e-01
1.549285054206848145e-01
1.539639234542846680e-01
1.546257436275482178e-01
1.537746191024780273e-01
1.559779196977615356e-01
1.546651571989059448e-01
1.531456857919692993e-01
1.537626236677169800e-01
1.568270176649093628e-01
1.527868807315826416e-01
1.533885002136230469e-01
1.558221131563186646e-01
1.546468883752822876e-01
1.550225466489791870e-01
1.545752882957458496e-01
1.544823199510574341e-01
1.545155197381973267e-01
1.538667827844619751e-01
1.541875749826431274e-01
1.557221859693527222e-01
1.545198857784271240e-01
1.524975150823593140e-01
1.541262865066528320e-01
1.523177176713943481e-01
1.540931612253189087e-01
1.525222361087799072e-01
1.550282686948776245e-01
1.549436897039413452e-01
1.532007604837417603e-01
1.535810530185699463e-01
1.521907746791839600e-01
1.533311605453491211e-01
1.527199000120162964e-01
1.531153768301010132e-01
1.537650227546691895e-01
1.525231897830963135e-01
1.509737968444824219e-01
1.529341191053390503e-01
1.538123935461044312e-01
1.531135886907577515e-01
1.526398360729217529e-01
1.534591466188430786e-01
1.530993431806564331e-01
1.535304039716720581e-01
1.506627798080444336e-01
1.508159786462783813e-01
1.536751836538314819e-01
1.518335342407226562e-01
1.532728672027587891e-01
1.532689332962036133e-01
1.506768465042114258e-01
1.522143483161926270e-01
1.533904373645782471e-01
1.513145267963409424e-01
1.512396782636642456e-01
1.512785702943801880e-01
1.509910225868225098e-01
1.506275981664657593e-01
1.531867831945419312e-01
1.514653861522674561e-01
1.520747393369674683e-01
1.534005701541900635e-01
1.515743136405944824e-01
1.503695249557495117e-01
1.517158448696136475e-01
1.528744250535964966e-01
1.516687422990798950e-01
1.513773500919342041e-01
1.516499668359756470e-01
1.502662152051925659e-01
1.509546041488647461e-01
1.516007035970687866e-01
1.498927921056747437e-01
1.511930525302886963e-01
1.517128497362136841e-01
1.512064188718795776e-01
1.513824760913848877e-01
1.519783437252044678e-01
1.503063738346099854e-01
1.522428989410400391e-01
1.506533622741699219e-01
1.502609997987747192e-01
1.508155465126037598e-01
1.499131470918655396e-01
1.504360139369964600e-01
1.513764411211013794e-01
1.520208716392517090e-01
1.493373215198516846e-01
1.504259109497070312e-01
1.501626968383789062e-01
1.498703807592391968e-01
1.502730995416641235e-01
1.512274146080017090e-01
1.501953750848770142e-01
1.510027199983596802e-01
1.501143276691436768e-01
1.510693728923797607e-01
1.504884660243988037e-01
1.489824801683425903e-01
1.507242470979690552e-01
1.495264023542404175e-01
1.499159932136535645e-01
1.499119251966476440e-01
1.501166075468063354e-01
1.489406973123550415e-01
1.493886262178421021e-01
1.492253541946411133e-01
1.504348516464233398e-01
1.493242979049682617e-01
1.494145244359970093e-01
1.485663056373596191e-01
1.488804668188095093e-01
1.501359045505523682e-01
1.493913233280181885e-01
1.497273743152618408e-01
1.487039923667907715e-01
1.491067558526992798e-01
1.487128138542175293e-01
1.486147642135620117e-01
1.490668356418609619e-01
1.481203287839889526e-01
1.478978395462036133e-01
1.489258408546447754e-01
1.504830271005630493e-01
1.489726305007934570e-01
1.494780629873275757e-01
1.484504938125610352e-01
1.489570289850234985e-01
1.488201916217803955e-01
1.478606313467025757e-01
1.473815590143203735e-01
1.504255086183547974e-01
1.476760506629943848e-01
1.476967185735702515e-01
1.487873792648315430e-01
1.486804336309432983e-01
1.487095206975936890e-01
1.481923907995223999e-01
1.489156782627105713e-01
1.469915807247161865e-01
1.480880230665206909e-01
1.487391293048858643e-01
1.500026583671569824e-01
1.471199095249176025e-01
1.482990533113479614e-01
1.486601084470748901e-01
1.487290710210800171e-01
1.493052095174789429e-01
1.484533846378326416e-01
1.501613706350326538e-01
1.474776566028594971e-01
1.468323469161987305e-01
1.485118716955184937e-01
1.479977369308471680e-01
1.476072371006011963e-01
1.495001167058944702e-01
1.479438096284866333e-01
1.456078290939331055e-01
1.474448889493942261e-01
1.476123929023742676e-01
1.468490213155746460e-01
1.482593715190887451e-01
1.481593400239944458e-01
1.484460532665252686e-01
1.471611559391021729e-01
1.482808887958526611e-01
1.471788883209228516e-01
1.462329030036926270e-01
1.471610814332962036e-01
1.473041325807571411e-01
1.471149325370788574e-01
1.483024209737777710e-01
1.472148895263671875e-01
1.474535465240478516e-01
1.459915935993194580e-01
1.472404003143310547e-01
1.480320543050765991e-01
1.484903991222381592e-01
1.460452973842620850e-01
1.479221880435943604e-01
1.463942527770996094e-01
1.451990902423858643e-01
1.475940197706222534e-01
1.456328779458999634e-01
1.469047069549560547e-01
1.466375142335891724e-01
1.468318998813629150e-01
1.456906795501708984e-01
1.464211046695709229e-01
1.468403339385986328e-01
1.454001814126968384e-01
1.466966271400451660e-01
1.463218033313751221e-01
1.462524235248565674e-01
1.478365659713745117e-01
1.469899863004684448e-01
1.456628888845443726e-01
1.469165533781051636e-01
1.463689655065536499e-01
1.462958753108978271e-01
1.451902687549591064e-01
1.480715572834014893e-01
1.467990279197692871e-01
1.446426510810852051e-01
1.470558494329452515e-01
1.455152928829193115e-01
1.462852209806442261e-01
1.460392177104949951e-01
1.457246989011764526e-01
1.471753567457199097e-01
1.452903151512145996e-01
1.471728831529617310e-01
1.464900523424148560e-01
1.464983373880386353e-01
1.461418569087982178e-01
1.443253755569458008e-01
1.450210660696029663e-01
1.453151106834411621e-01
1.453087776899337769e-01
1.468417495489120483e-01
1.462311297655105591e-01
1.451414078474044800e-01
1.453357934951782227e-01
1.459278464317321777e-01
1.433312445878982544e-01
1.432190090417861938e-01
1.423614770174026489e-01
1.452652066946029663e-01
1.449760049581527710e-01
1.450348049402236938e-01
1.433955281972885132e-01
1.452578008174896240e-01
1.440635025501251221e-01
1.445257663726806641e-01
1.454717069864273071e-01
1.447856277227401733e-01
1.450945585966110229e-01
1.439096331596374512e-01
1.443445831537246704e-01
1.441133320331573486e-01
1.447787880897521973e-01
1.444576382637023926e-01
1.435427218675613403e-01
1.451202780008316040e-01
1.447951942682266235e-01
1.444917023181915283e-01
1.449167579412460327e-01
1.443602591753005981e-01
1.457776129245758057e-01
1.448592543601989746e-01
1.441479474306106567e-01
1.448781490325927734e-01
1.440090388059616089e-01
1.432270705699920654e-01
1.440526843070983887e-01
1.448759287595748901e-01
1.444965004920959473e-01
1.441358625888824463e-01
1.435809135437011719e-01
1.444738060235977173e-01
1.435690075159072876e-01
1.434730440378189087e-01
1.438548415899276733e-01
1.443033516407012939e-01
1.444592624902725220e-01
1.439901590347290039e-01
1.423835754394531250e-01
1.447512209415435791e-01
1.437764614820480347e-01
1.419847309589385986e-01
1.418640315532684326e-01
1.428663134574890137e-01
1.441997438669204712e-01
1.454177945852279663e-01
1.438067257404327393e-01
1.445087045431137085e-01
1.453999429941177368e-01
1.439989805221557617e-01
1.442771852016448975e-01
1.430487036705017090e-01
1.426778584718704224e-01
1.443881839513778687e-01
1.441019326448440552e-01
1.433409154415130615e-01
1.435810476541519165e-01
1.426643133163452148e-01
1.427173465490341187e-01
1.433566957712173462e-01
1.445302069187164307e-01
1.435092687606811523e-01
1.435240656137466431e-01
1.416884064674377441e-01
1.436709165573120117e-01
1.440198868513107300e-01
1.423106044530868530e-01
1.427556723356246948e-01
1.434970498085021973e-01
1.437893807888031006e-01
1.419330686330795288e-01
1.430917829275131226e-01
1.423230618238449097e-01
1.419944465160369873e-01
1.434064060449600220e-01
1.422449797391891479e-01
1.427460908889770508e-01
1.421919018030166626e-01
1.425400823354721069e-01
1.422248631715774536e-01
1.420984864234924316e-01
1.425117105245590210e-01
1.418220400810241699e-01
1.430859416723251343e-01
1.432909518480300903e-01
1.417527347803115845e-01
1.429642289876937866e-01
1.423550099134445190e-01
1.436523944139480591e-01
1.433100253343582153e-01
1.420596837997436523e-01
1.429550349712371826e-01
1.424513459205627441e-01
1.422419697046279907e-01
1.426847875118255615e-01
1.418752074241638184e-01
1.417990028858184814e-01
1.416081190109252930e-01
1.425585448741912842e-01
1.423060297966003418e-01
1.409613192081451416e-01
1.422708928585052490e-01
1.424974203109741211e-01
1.421550512313842773e-01
1.415151804685592651e-01
1.422400474548339844e-01
1.405041068792343140e-01
1.430521458387374878e-01
1.426567286252975464e-01
1.416007578372955322e-01
1.436813026666641235e-01
1.425365060567855835e-01
1.424839645624160767e-01
1.409569829702377319e-01
1.416516751050949097e-01
1.413589715957641602e-01
1.428881883621215820e-01
1.414275169372558594e-01
1.428065747022628784e-01
1.421090066432952881e-01
1.423240751028060913e-01
1.420484334230422974e-01
1.405145823955535889e-01
1.406944990158081055e-01
1.423843652009963989e-01
1.406797766685485840e-01
1.415113210678100586e-01
1.400948762893676758e-01
1.411928534507751465e-01
1.409342437982559204e-01
1.406008154153823853e-01
1.411147117614746094e-01
1.413418352603912354e-01
1.417048275470733643e-01
1.399894207715988159e-01
1.420002579689025879e-01
1.411335915327072144e-01
1.403899490833282471e-01
1.412324309349060059e-01
1.411553621292114258e-01
1.399277895689010620e-01
1.427988260984420776e-01
1.412713825702667236e-01
1.388200819492340088e-01
1.411403566598892212e-01
1.399590373039245605e-01
1.404863744974136353e-01
1.413711905479431152e-01
1.415372788906097412e-01
1.407882571220397949e-01
1.402061134576797485e-01
1.405228674411773682e-01
1.408931016921997070e-01
1.406208574771881104e-01
1.398771405220031738e-01
1.404071003198623657e-01
1.422837823629379272e-01
1.397972106933593750e-01
1.417059898376464844e-01
1.412276178598403931e-01
1.402781456708908081e-01
1.414167582988739014e-01
1.403494328260421753e-01
1.406109035015106201e-01
1.404347419738769531e-01
1.404525786638259888e-01
1.409079581499099731e-01
1.398030370473861694e-01
1.401491463184356689e-01
1.405846774578094482e-01
1.408988833427429199e-01
1.403945684432983398e-01
1.387686729431152344e-01
1.397900581359863281e-01
1.421990543603897095e-01
1.403881013393402100e-01
1.399433910846710205e-01
1.402778774499893188e-01
1.394955813884735107e-01
1.397838890552520752e-01
1.409575939178466797e-01
1.390333175659179688e-01
1.401313841342926025e-01
1.398274302482604980e-01
1.410066187381744385e-01
1.410136669874191284e-01
1.398843675851821899e-01
1.403829604387283325e-01
1.395587623119354248e-01
1.402699649333953857e-01
1.408929079771041870e-01
1.392472237348556519e-01
1.401439011096954346e-01
1.401393562555313110e-01
1.401303112506866455e-01
1.398254334926605225e-01
1.397005021572113037e-01
1.389932930469512939e-01
1.396360844373703003e-01
1.399069875478744507e-01
1.409222185611724854e-01
1.389560699462890625e-01
1.396628320217132568e-01
1.386824250221252441e-01
1.386066973209381104e-01
1.401530355215072632e-01
1.404085904359817505e-01
1.387511193752288818e-01
1.379627138376235962e-01
1.395074278116226196e-01
1.400136351585388184e-01
1.393170952796936035e-01
1.374949514865875244e-01
1.387091875076293945e-01
1.381898820400238037e-01
1.377309411764144897e-01
1.389664262533187866e-01
1.404303908348083496e-01
1.388206779956817627e-01
1.388817131519317627e-01
1.395864337682723999e-01
1.399697065353393555e-01
1.389573067426681519e-01
1.385028958320617676e-01
1.390069276094436646e-01
1.385709196329116821e-01
1.403724104166030884e-01
1.387441009283065796e-01
1.394442617893218994e-01
1.384124904870986938e-01
1.394810527563095093e-01
1.385384500026702881e-01
1.379903852939605713e-01
1.398102790117263794e-01
1.385709345340728760e-01
1.398014426231384277e-01
1.383600533008575439e-01
1.385848522186279297e-01
1.384345889091491699e-01
1.389822959899902344e-01
1.392919272184371948e-01
1.394903808832168579e-01
1.397912651300430298e-01
1.388359516859054565e-01
1.390770673751831055e-01
1.395282745361328125e-01
1.389072984457015991e-01
1.385896652936935425e-01
1.380052268505096436e-01
1.390372216701507568e-01
1.390701532363891602e-01
1.391491442918777466e-01
1.378046423196792603e-01
1.406133472919464111e-01
1.384019255638122559e-01
1.393401622772216797e-01
1.384904533624649048e-01
1.375632286071777344e-01
1.365878731012344360e-01
1.398489326238632202e-01
1.384083479642868042e-01
1.388397216796875000e-01
1.397999525070190430e-01
1.390209943056106567e-01
1.387460231781005859e-01
1.388486176729202271e-01
1.385418623685836792e-01
1.373045891523361206e-01
1.381424665451049805e-01
1.376207917928695679e-01
1.380686163902282715e-01
1.377966850996017456e-01
1.366931498050689697e-01
1.389823555946350098e-01
1.378347277641296387e-01
1.374513357877731323e-01
1.375507414340972900e-01
1.385219097137451172e-01
1.396245956420898438e-01
1.380269527435302734e-01
1.384148597717285156e-01
1.377331316471099854e-01
1.375919878482818604e-01
1.370626389980316162e-01
1.383562535047531128e-01
1.379365324974060059e-01
1.382527649402618408e-01
1.370011866092681885e-01
1.391837447881698608e-01
1.377950310707092285e-01
1.367147862911224365e-01
1.376925855875015259e-01
1.382845789194107056e-01
1.377551108598709106e-01
1.377616524696350098e-01
1.373774111270904541e-01
1.389878094196319580e-01
1.372985243797302246e-01
1.377094089984893799e-01
1.388457566499710083e-01
1.389300078153610229e-01
1.378477066755294800e-01
1.367491185665130615e-01
1.392381191253662109e-01
1.376875638961791992e-01
1.373990625143051147e-01
1.378446370363235474e-01
1.371226906776428223e-01
1.380126774311065674e-01
1.378610134124755859e-01
1.381379812955856323e-01
1.355159431695938110e-01
1.386283785104751587e-01
1.368814259767532349e-01
1.387668848037719727e-01
1.367068886756896973e-01
1.387995481491088867e-01
1.354362070560455322e-01
1.381551772356033325e-01
1.361485123634338379e-01
1.362852454185485840e-01
1.355699002742767334e-01
1.371349543333053589e-01
1.368459165096282959e-01
1.370546966791152954e-01
1.371515393257141113e-01
1.352719515562057495e-01
1.362626850605010986e-01
1.370691508054733276e-01
1.380521655082702637e-01
1.372905075550079346e-01
1.366302967071533203e-01
1.370698958635330200e-01
1.375641524791717529e-01
1.373478919267654419e-01
1.368387341499328613e-01
1.370368152856826782e-01
1.366956084966659546e-01
1.380945891141891479e-01
1.362378895282745361e-01
1.359439641237258911e-01
1.359337270259857178e-01
1.365093886852264404e-01
1.354239732027053833e-01
1.377074867486953735e-01
1.362275779247283936e-01
1.369123756885528564e-01
1.360003054141998291e-01
1.375652849674224854e-01
1.362298578023910522e-01
1.373541057109832764e-01
1.358419656753540039e-01
1.378245502710342407e-01
1.365302950143814087e-01
1.367163956165313721e-01
1.362685263156890869e-01
1.359964162111282349e-01
1.380185484886169434e-01
1.358445733785629272e-01
1.363745182752609253e-01
1.351556032896041870e-01
1.353808045387268066e-01
1.364449113607406616e-01
1.361527740955352783e-01
1.363590657711029053e-01
1.369448006153106689e-01
1.380965858697891235e-01
1.363290995359420776e-01
1.357758641242980957e-01
1.356738954782485962e-01
1.365054696798324585e-01
1.355188190937042236e-01
1.356201618909835815e-01
1.378613859415054321e-01
1.365746855735778809e-01
1.362111270427703857e-01
1.362544596195220947e-01
1.356786638498306274e-01
1.374231278896331787e-01
1.362623721361160278e-01
1.371117085218429565e-01
1.359363794326782227e-01
1.361798942089080811e-01
1.362933963537216187e-01
1.355433017015457153e-01
1.352310329675674438e-01
1.361400634050369263e-01
1.362624913454055786e-01
1.345620304346084595e-01
1.370283961296081543e-01
1.364366710186004639e-01
1.343686878681182861e-01
1.344548165798187256e-01
1.369333565235137939e-01
1.374677121639251709e-01
1.359481811523437500e-01
1.358922123908996582e-01
1.363635510206222534e-01
1.347550749778747559e-01
1.361532211303710938e-01
1.357478052377700806e-01
1.362445652484893799e-01
1.352747976779937744e-01
1.361931562423706055e-01
1.360871493816375732e-01
1.359853744506835938e-01
1.368703097105026245e-01
1.338535100221633911e-01
1.357003450393676758e-01
1.361911594867706299e-01
1.360419988632202148e-01
1.357793658971786499e-01
1.364270299673080444e-01
1.347308158874511719e-01
1.351357102394104004e-01
1.351542025804519653e-01
1.355994343757629395e-01
1.351094841957092285e-01
1.343473643064498901e-01
1.360506862401962280e-01
1.353029608726501465e-01
1.357084512710571289e-01
1.355322003364562988e-01
1.370299011468887329e-01
1.355926692485809326e-01
1.360805928707122803e-01
1.346717029809951782e-01
1.353779882192611694e-01
1.362378597259521484e-01
1.346065104007720947e-01
1.360006332397460938e-01
1.340213268995285034e-01
1.371101438999176025e-01
1.345014125108718872e-01
1.362731903791427612e-01
1.368533819913864136e-01
1.359565556049346924e-01
1.353942453861236572e-01
1.342991292476654053e-01
1.349919885396957397e-01
1.348641961812973022e-01
1.345165520906448364e-01
1.353734135627746582e-01
1.342984437942504883e-01
1.352495849132537842e-01
1.341962069272994995e-01
1.359882801771163940e-01
1.352832317352294922e-01
1.343286037445068359e-01
1.358766108751296997e-01
1.347227990627288818e-01
1.344813555479049683e-01
1.343459188938140869e-01
1.337631046772003174e-01
1.339825689792633057e-01
1.351653486490249634e-01
1.361575275659561157e-01
1.336901783943176270e-01
1.357044577598571777e-01
1.343055516481399536e-01
1.353047639131546021e-01
1.361040920019149780e-01
1.350846886634826660e-01
1.343548595905303955e-01
1.347292512655258179e-01
1.349732130765914917e-01
1.344997882843017578e-01
1.355016082525253296e-01
1.336998492479324341e-01
1.352473050355911255e-01
1.345977783203125000e-01
1.339979916810989380e-01
1.344608664512634277e-01
1.340050995349884033e-01
1.351870298385620117e-01
1.354675143957138062e-01
1.351465582847595215e-01
1.341267377138137817e-01
1.341452896595001221e-01
1.389569342136383057e-01
1.352580934762954712e-01
1.356949806213378906e-01
1.346754729747772217e-01
1.364093869924545288e-01
1.341815590858459473e-01
1.353475153446197510e-01
1.337856650352478027e-01
1.347500085830688477e-01
1.333143562078475952e-01
1.341730803251266479e-01
1.345840990543365479e-01
1.354955434799194336e-01
1.337998807430267334e-01
1.341656595468521118e-01
1.337376981973648071e-01
1.344169080257415771e-01
1.324858516454696655e-01
1.349671036005020142e-01
1.346335560083389282e-01
1.344131827354431152e-01
1.350447982549667358e-01
1.353421658277511597e-01
1.335842311382293701e-01
1.353871226310729980e-01
1.348461657762527466e-01
1.333551704883575439e-01
1.335394233465194702e-01
1.344369500875473022e-01
1.336244791746139526e-01
1.347560286521911621e-01
1.344540864229202271e-01
1.343277096748352051e-01
1.342277228832244873e-01
1.333636641502380371e-01
1.336455643177032471e-01
1.351643949747085571e-01
1.348253637552261353e-01
1.327012479305267334e-01
1.342932134866714478e-01
1.343437284231185913e-01
1.335668861865997314e-01
1.334889531135559082e-01
1.326014697551727295e-01
1.338059455156326294e-01
1.350361704826354980e-01
1.342090517282485962e-01
1.349568814039230347e-01
1.350141018629074097e-01
1.358178853988647461e-01
1.338822394609451294e-01
1.332998722791671753e-01
1.340103149414062500e-01
1.344217658042907715e-01
1.347386389970779419e-01
1.324129551649093628e-01
1.337672919034957886e-01
1.331742107868194580e-01
1.337698847055435181e-01
1.342015862464904785e-01
1.339892745018005371e-01
1.335473954677581787e-01
1.341554820537567139e-01
1.335154473781585693e-01
1.331623643636703491e-01
1.343472003936767578e-01
1.338094472885131836e-01
1.314413547515869141e-01
1.341748535633087158e-01
1.345676332712173462e-01
1.326253563165664673e-01
1.332162320613861084e-01
1.346563994884490967e-01
1.338332295417785645e-01
1.348157823085784912e-01
1.332626640796661377e-01
1.337041407823562622e-01
1.343125104904174805e-01
1.346698850393295288e-01
1.341535300016403198e-01
1.325176060199737549e-01
1.340823322534561157e-01
1.343397796154022217e-01
1.336852014064788818e-01
1.339026242494583130e-01
1.348489224910736084e-01
1.328763514757156372e-01
1.329641044139862061e-01
1.325158029794692993e-01
1.322956979274749756e-01
1.330077052116394043e-01
1.327182203531265259e-01
1.317154318094253540e-01
1.342825293540954590e-01
1.323004513978958130e-01
1.325483024120330811e-01
1.328320652246475220e-01
1.330872178077697754e-01
1.325982511043548584e-01
1.328624188899993896e-01
1.326166689395904541e-01
1.336885690689086914e-01
1.329717636108398438e-01
1.329207867383956909e-01
1.335696130990982056e-01
1.323034614324569702e-01
1.328071653842926025e-01
1.336477547883987427e-01
1.334017813205718994e-01
1.330361664295196533e-01
1.335862278938293457e-01
1.326534003019332886e-01
1.337503194808959961e-01
1.325446963310241699e-01
1.323428899049758911e-01
1.337825953960418701e-01
1.321017891168594360e-01
1.326031982898712158e-01
1.335664987564086914e-01
1.327102631330490112e-01
1.330084502696990967e-01
1.330464929342269897e-01
1.335716396570205688e-01
1.324301511049270630e-01
1.338201910257339478e-01
1.328836977481842041e-01
1.335193961858749390e-01
1.335976421833038330e-01
1.328547298908233643e-01
1.336709707975387573e-01
1.326318681240081787e-01
1.326431483030319214e-01
1.338260322809219360e-01
1.334121078252792358e-01
1.337622553110122681e-01
1.325016319751739502e-01
1.329958885908126831e-01
1.323486715555191040e-01
1.338160037994384766e-01
1.328048855066299438e-01
1.311739534139633179e-01
1.326962709426879883e-01
1.339084059000015259e-01
1.319012045860290527e-01
1.335622519254684448e-01
1.336530745029449463e-01
1.336355358362197876e-01
1.315527111291885376e-01
1.321386396884918213e-01
1.320971101522445679e-01
1.328047215938568115e-01
1.330066770315170288e-01
1.323184818029403687e-01
1.323092728853225708e-01
