8.736829161643981934e-01
8.653746843338012695e-01
8.588173389434814453e-01
8.509300947189331055e-01
8.429747819900512695e-01
8.332310914993286133e-01
8.234027028083801270e-01
8.105129599571228027e-01
7.958888411521911621e-01
7.815174460411071777e-01
7.618094682693481445e-01
7.420660853385925293e-01
7.222701311111450195e-01
7.027373313903808594e-01
6.751261353492736816e-01
6.483166813850402832e-01
6.223862767219543457e-01
5.922746658325195312e-01
5.675472617149353027e-01
5.342204570770263672e-01
5.117181539535522461e-01
4.925198256969451904e-01
4.723592400550842285e-01
4.635795354843139648e-01
4.691669940948486328e-01
4.664046764373779297e-01
4.646346867084503174e-01
4.716782569885253906e-01
4.657208323478698730e-01
4.664177298545837402e-01
4.442289769649505615e-01
4.376310408115386963e-01
4.318501353263854980e-01
4.232192039489746094e-01
4.255184233188629150e-01
4.217451810836791992e-01
4.224460124969482422e-01
4.148397743701934814e-01
4.177615642547607422e-01
4.169778823852539062e-01
4.130263924598693848e-01
4.096720218658447266e-01
4.129352271556854248e-01
4.041082262992858887e-01
3.943066000938415527e-01
3.973528444766998291e-01
3.909264206886291504e-01
3.854705691337585449e-01
3.899085521697998047e-01
3.868258893489837646e-01
3.871085345745086670e-01
3.817358016967773438e-01
3.805310130119323730e-01
3.737115859985351562e-01
3.738991022109985352e-01
3.713151812553405762e-01
3.726480007171630859e-01
3.725327253341674805e-01
3.654282093048095703e-01
3.601370453834533691e-01
3.637333214282989502e-01
3.629195094108581543e-01
3.692243397235870361e-01
3.585281074047088623e-01
3.549875617027282715e-01
3.569357991218566895e-01
3.501902520656585693e-01
3.449006676673889160e-01
3.461434543132781982e-01
3.458822071552276611e-01
3.474967479705810547e-01
3.436883687973022461e-01
3.396110832691192627e-01
3.406743109226226807e-01
3.372099101543426514e-01
3.382468223571777344e-01
3.360208272933959961e-01
3.370049595832824707e-01
3.329643607139587402e-01
3.333101272583007812e-01
3.318729996681213379e-01
3.282266259193420410e-01
3.280163109302520752e-01
3.252709209918975830e-01
3.192883133888244629e-01
3.179883658885955811e-01
3.169568479061126709e-01
3.143396079540252686e-01
3.126194775104522705e-01
3.197372257709503174e-01
3.134709000587463379e-01
3.146634995937347412e-01
3.108918070793151855e-01
3.074357211589813232e-01
3.131998181343078613e-01
3.062435984611511230e-01
3.097442984580993652e-01
3.028911054134368896e-01
3.023000061511993408e-01
3.051798939704895020e-01
3.040888011455535889e-01
3.024320006370544434e-01
3.058612346649169922e-01
2.983947992324829102e-01
3.025638461112976074e-01
2.999563813209533691e-01
3.024397790431976318e-01
2.991026639938354492e-01
2.955353558063507080e-01
2.914926707744598389e-01
2.927756309509277344e-01
2.898409664630889893e-01
2.891712486743927002e-01
2.929013967514038086e-01
2.918311953544616699e-01
2.912855446338653564e-01
2.896502017974853516e-01
2.878521680831909180e-01
2.918642759323120117e-01
2.847746610641479492e-01
2.887470722198486328e-01
2.828266322612762451e-01
2.859698832035064697e-01
2.789750993251800537e-01
2.824929952621459961e-01
2.815243601799011230e-01
2.796404659748077393e-01
2.789719700813293457e-01
2.799857258796691895e-01
2.776966989040374756e-01
2.764230668544769287e-01
2.780863046646118164e-01
2.790470719337463379e-01
2.724913358688354492e-01
2.765378654003143311e-01
2.685091793537139893e-01
2.730547189712524414e-01
2.735838592052459717e-01
2.691231369972229004e-01
2.684924006462097168e-01
2.691845297813415527e-01
2.665064930915832520e-01
2.667542994022369385e-01
2.699067294597625732e-01
2.663599550724029541e-01
2.706771492958068848e-01
2.669415473937988281e-01
2.654905617237091064e-01
2.659443020820617676e-01
2.614618539810180664e-01
2.624015808105468750e-01
2.633171379566192627e-01
2.629858851432800293e-01
2.625033855438232422e-01
2.614125013351440430e-01
2.608588337898254395e-01
2.607381045818328857e-01
2.571370303630828857e-01
2.563914358615875244e-01
2.613227367401123047e-01
2.595952451229095459e-01
2.608681321144104004e-01
2.534640729427337646e-01
2.538285851478576660e-01
2.565567493438720703e-01
2.531384527683258057e-01
2.543326616287231445e-01
2.532223463058471680e-01
2.534632384777069092e-01
2.531886398792266846e-01
2.529649138450622559e-01
2.517102658748626709e-01
2.497784495353698730e-01
2.491975277662277222e-01
2.494630515575408936e-01
2.513170838356018066e-01
2.504308819770812988e-01
2.473993599414825439e-01
2.488372474908828735e-01
2.488026022911071777e-01
2.459409236907958984e-01
2.476729452610015869e-01
2.448769062757492065e-01
2.464837133884429932e-01
2.467168867588043213e-01
2.453844845294952393e-01
2.461258918046951294e-01
2.473981678485870361e-01
2.440916597843170166e-01
2.443749308586120605e-01
2.417876869440078735e-01
2.427975386381149292e-01
2.401941716670989990e-01
2.406535744667053223e-01
2.395583093166351318e-01
2.415544390678405762e-01
2.400411963462829590e-01
2.402977347373962402e-01
2.380515336990356445e-01
2.387290894985198975e-01
2.373421192169189453e-01
2.408121079206466675e-01
2.367782890796661377e-01
2.377980947494506836e-01
2.336008548736572266e-01
2.351677119731903076e-01
2.348021566867828369e-01
2.333055734634399414e-01
2.351190447807312012e-01
2.298595011234283447e-01
2.347777783870697021e-01
2.356141060590744019e-01
2.329003065824508667e-01
2.336093336343765259e-01
2.319786101579666138e-01
2.296054214239120483e-01
2.306796461343765259e-01
2.305426448583602905e-01
2.312738597393035889e-01
2.296015918254852295e-01
2.288011014461517334e-01
2.292137145996093750e-01
2.286976575851440430e-01
2.272051125764846802e-01
2.266671955585479736e-01
2.260844409465789795e-01
2.294625490903854370e-01
2.278930246829986572e-01
2.285545766353607178e-01
2.247490882873535156e-01
2.249542623758316040e-01
2.239259034395217896e-01
2.256409227848052979e-01
2.244299352169036865e-01
2.223478257656097412e-01
2.244413495063781738e-01
2.254044413566589355e-01
2.238703966140747070e-01
2.223953157663345337e-01
2.240029275417327881e-01
2.219439744949340820e-01
2.233458757400512695e-01
2.199857234954833984e-01
2.203639298677444458e-01
2.182800918817520142e-01
2.200076729059219360e-01
2.184093296527862549e-01
2.191464155912399292e-01
2.201329320669174194e-01
2.163606286048889160e-01
2.161673009395599365e-01
2.165368199348449707e-01
2.147132754325866699e-01
2.161635756492614746e-01
2.185305655002593994e-01
2.190195620059967041e-01
2.163295894861221313e-01
2.185969650745391846e-01
2.157791256904602051e-01
2.131263613700866699e-01
2.126794457435607910e-01
2.125476002693176270e-01
2.141953706741333008e-01
2.119555324316024780e-01
2.124058604240417480e-01
2.119379341602325439e-01
2.103220522403717041e-01
2.124012261629104614e-01
2.101310193538665771e-01
2.091804593801498413e-01
2.128064632415771484e-01
2.104588001966476440e-01
2.124312222003936768e-01
2.087859064340591431e-01
2.097645401954650879e-01
2.136130183935165405e-01
2.088572531938552856e-01
2.062052339315414429e-01
2.103866189718246460e-01
2.068218290805816650e-01
2.074087858200073242e-01
2.038555741310119629e-01
2.051438093185424805e-01
2.053345739841461182e-01
2.058315724134445190e-01
2.044095396995544434e-01
2.064399868249893188e-01
2.054572254419326782e-01
2.044629603624343872e-01
2.028377205133438110e-01
2.028820961713790894e-01
2.056950181722640991e-01
2.012016922235488892e-01
2.019260376691818237e-01
2.021217644214630127e-01
2.003588676452636719e-01
2.033959627151489258e-01
2.008853107690811157e-01
2.009948492050170898e-01
2.012054771184921265e-01
1.974024325609207153e-01
1.991693079471588135e-01
2.004494220018386841e-01
2.002722918987274170e-01
1.983990818262100220e-01
1.990311294794082642e-01
1.959979087114334106e-01
1.981267482042312622e-01
1.986255496740341187e-01
1.971353441476821899e-01
1.976113617420196533e-01
1.967715620994567871e-01
1.952445507049560547e-01
1.978280991315841675e-01
1.949930042028427124e-01
1.966150701045989990e-01
1.950804144144058228e-01
1.956302672624588013e-01
1.942608058452606201e-01
1.980672478675842285e-01
1.944203674793243408e-01
1.939699798822402954e-01
1.936236917972564697e-01
1.937751024961471558e-01
1.940458565950393677e-01
1.919980943202972412e-01
1.923321634531021118e-01
1.936697810888290405e-01
1.916145533323287964e-01
1.942379325628280640e-01
1.910320222377777100e-01
1.899513304233551025e-01
1.914558708667755127e-01
1.935527622699737549e-01
1.916823387145996094e-01
1.882098913192749023e-01
1.910392493009567261e-01
1.893408596515655518e-01
1.902992576360702515e-01
1.891082078218460083e-01
1.881734728813171387e-01
1.889267563819885254e-01
1.872146129608154297e-01
1.857741773128509521e-01
1.872981041669845581e-01
1.849067509174346924e-01
1.881240904331207275e-01
1.874967217445373535e-01
1.863638460636138916e-01
1.874427795410156250e-01
1.873912960290908813e-01
1.863582879304885864e-01
1.852884292602539062e-01
1.861653178930282593e-01
1.848296672105789185e-01
1.866023987531661987e-01
1.873909235000610352e-01
1.848331242799758911e-01
1.847581565380096436e-01
1.831249594688415527e-01
1.853906810283660889e-01
1.851961314678192139e-01
1.811782866716384888e-01
1.863081604242324829e-01
1.818967461585998535e-01
1.841627359390258789e-01
1.804333031177520752e-01
1.812284737825393677e-01
1.823592185974121094e-01
1.824567317962646484e-01
1.820499897003173828e-01
1.822305768728256226e-01
1.794886142015457153e-01
1.793540865182876587e-01
1.796471029520034790e-01
1.814759075641632080e-01
1.783257871866226196e-01
1.797357946634292603e-01
1.814974397420883179e-01
1.793471425771713257e-01
1.807556897401809692e-01
1.820165365934371948e-01
1.781716495752334595e-01
1.791382730007171631e-01
1.807201206684112549e-01
1.791604012250900269e-01
1.791550219058990479e-01
1.756527870893478394e-01
1.769464910030364990e-01
1.770448237657546997e-01
1.777189522981643677e-01
1.778448522090911865e-01
1.785365343093872070e-01
1.758247613906860352e-01
1.771614700555801392e-01
1.769124418497085571e-01
1.772443503141403198e-01
1.771945953369140625e-01
1.748509407043457031e-01
1.730515211820602417e-01
1.756667047739028931e-01
1.757572591304779053e-01
1.762168109416961670e-01
1.741143316030502319e-01
1.725842803716659546e-01
1.739816963672637939e-01
1.731209605932235718e-01
1.750172078609466553e-01
1.728440076112747192e-01
1.714937537908554077e-01
1.717202663421630859e-01
1.749485135078430176e-01
1.734970360994338989e-01
1.738075166940689087e-01
1.721300035715103149e-01
1.738810241222381592e-01
1.722653657197952271e-01
1.744920164346694946e-01
1.730022132396697998e-01
1.694496721029281616e-01
1.714705079793930054e-01
1.740483641624450684e-01
1.713787317276000977e-01
1.729102283716201782e-01
1.712686270475387573e-01
1.720929741859436035e-01
1.729603856801986694e-01
1.715342998504638672e-01
1.703566163778305054e-01
1.710996776819229126e-01
1.719029992818832397e-01
1.704400181770324707e-01
1.706352978944778442e-01
1.703816801309585571e-01
1.708433926105499268e-01
1.722507476806640625e-01
1.698905825614929199e-01
1.699206680059432983e-01
1.709945797920227051e-01
1.704238057136535645e-01
1.700660288333892822e-01
1.700604110956192017e-01
1.700403094291687012e-01
1.679024100303649902e-01
1.694219112396240234e-01
1.688295751810073853e-01
1.709702461957931519e-01
1.687633693218231201e-01
1.683260947465896606e-01
1.695984899997711182e-01
1.696071475744247437e-01
1.680263280868530273e-01
1.681457161903381348e-01
1.688911616802215576e-01
1.664822846651077271e-01
1.685870140790939331e-01
1.673289686441421509e-01
1.676472425460815430e-01
1.687406450510025024e-01
1.680362671613693237e-01
1.673184037208557129e-01
1.678169667720794678e-01
1.664961874485015869e-01
1.675410121679306030e-01
1.667811274528503418e-01
1.678889691829681396e-01
1.668215245008468628e-01
1.653886586427688599e-01
1.669151633977890015e-01
1.673334389925003052e-01
1.649441719055175781e-01
1.666263937950134277e-01
1.653430610895156860e-01
1.660920977592468262e-01
1.648330986499786377e-01
1.655676066875457764e-01
1.660565286874771118e-01
1.650893688201904297e-01
1.645192950963973999e-01
1.662402451038360596e-01
1.643716245889663696e-01
1.663655936717987061e-01
1.629725694656372070e-01
1.650496870279312134e-01
1.660971194505691528e-01
1.649460643529891968e-01
1.656113564968109131e-01
1.652993261814117432e-01
1.624587029218673706e-01
1.643911004066467285e-01
1.643181890249252319e-01
1.633366644382476807e-01
1.628908663988113403e-01
1.625787615776062012e-01
1.657147407531738281e-01
1.637844443321228027e-01
1.637125462293624878e-01
1.627828776836395264e-01
1.657654345035552979e-01
1.627907305955886841e-01
1.628298014402389526e-01
1.622568070888519287e-01
1.628419905900955200e-01
1.621651798486709595e-01
1.616655439138412476e-01
1.645282357931137085e-01
1.624236851930618286e-01
1.636061966419219971e-01
1.611432284116744995e-01
1.632867306470870972e-01
1.623750329017639160e-01
1.619225889444351196e-01
1.618377417325973511e-01
1.615939438343048096e-01
1.622128188610076904e-01
1.606528609991073608e-01
1.611410081386566162e-01
1.614978313446044922e-01
1.623668670654296875e-01
1.619719564914703369e-01
1.607613265514373779e-01
1.620189547538757324e-01
1.584855020046234131e-01
1.605861037969589233e-01
1.616085916757583618e-01
1.612124890089035034e-01
1.597154587507247925e-01
1.593980491161346436e-01
1.597161144018173218e-01
1.595413982868194580e-01
1.605451703071594238e-01
1.611711233854293823e-01
1.595294475555419922e-01
1.617558747529983521e-01
1.610942333936691284e-01
1.608799844980239868e-01
1.594032049179077148e-01
1.609378010034561157e-01
1.608478277921676636e-01
1.587477326393127441e-01
1.601132303476333618e-01
1.604078114032745361e-01
1.591600328683853149e-01
1.610810756683349609e-01
1.611086428165435791e-01
1.591264456510543823e-01
1.603107899427413940e-01
1.600099205970764160e-01
1.579578816890716553e-01
1.594456285238265991e-01
1.600305885076522827e-01
1.616266816854476929e-01
1.592685729265213013e-01
1.607845872640609741e-01
1.597888320684432983e-01
1.592279523611068726e-01
1.596499085426330566e-01
1.623428910970687866e-01
1.594023704528808594e-01
1.584065407514572144e-01
1.590060591697692871e-01
1.606958955526351929e-01
1.588052511215209961e-01
1.575616598129272461e-01
1.582402735948562622e-01
1.593779474496841431e-01
1.568588912487030029e-01
1.590152084827423096e-01
1.590245068073272705e-01
1.592711061239242554e-01
1.593623757362365723e-01
1.578418314456939697e-01
1.573233157396316528e-01
1.579342186450958252e-01
1.579085290431976318e-01
1.562454700469970703e-01
1.583025455474853516e-01
1.580050885677337646e-01
1.574960052967071533e-01
1.587163805961608887e-01
1.567692458629608154e-01
1.571979671716690063e-01
1.570528298616409302e-01
1.565564572811126709e-01
1.574484109878540039e-01
1.572168320417404175e-01
1.565740257501602173e-01
1.575531959533691406e-01
1.575098335742950439e-01
1.555323898792266846e-01
1.568645536899566650e-01
1.554056406021118164e-01
1.542686969041824341e-01
1.565059125423431396e-01
1.566722989082336426e-01
1.551463901996612549e-01
1.566238254308700562e-01
1.562362313270568848e-01
1.565345078706741333e-01
1.561940014362335205e-01
2.382343113422393799e-01
2.357992827892303467e-01
2.369969934225082397e-01
2.372626513242721558e-01
2.330677062273025513e-01
2.383352071046829224e-01
2.342385500669479370e-01
2.352503687143325806e-01
2.373536229133605957e-01
2.335179895162582397e-01
2.353392541408538818e-01
2.349637746810913086e-01
2.354684323072433472e-01
2.335555404424667358e-01
2.362420558929443359e-01
2.333300858736038208e-01
2.365096360445022583e-01
2.368152588605880737e-01
2.368222922086715698e-01
2.343024313449859619e-01
2.343052923679351807e-01
2.340869158506393433e-01
2.360293567180633545e-01
2.324808835983276367e-01
2.363153547048568726e-01
2.365141212940216064e-01
2.323678582906723022e-01
2.320773750543594360e-01
2.344729304313659668e-01
2.307286113500595093e-01
2.339565008878707886e-01
2.348489910364151001e-01
2.332374751567840576e-01
2.331780344247817993e-01
2.316133826971054077e-01
2.327129989862442017e-01
2.304008603096008301e-01
2.304594069719314575e-01
2.333773821592330933e-01
2.333555817604064941e-01
2.322804778814315796e-01
2.330548614263534546e-01
2.296242564916610718e-01
2.332015186548233032e-01
2.341182678937911987e-01
2.333280593156814575e-01
2.307368367910385132e-01
2.315374016761779785e-01
2.336005568504333496e-01
2.339210808277130127e-01
2.313692867755889893e-01
2.312422990798950195e-01
2.303512990474700928e-01
2.320716679096221924e-01
2.323591262102127075e-01
2.281797826290130615e-01
2.309084385633468628e-01
2.332394719123840332e-01
2.302559465169906616e-01
2.312692701816558838e-01
2.297433614730834961e-01
2.317662686109542847e-01
2.301255166530609131e-01
2.288579195737838745e-01
2.287045866250991821e-01
2.328431904315948486e-01
2.302009165287017822e-01
2.309325337409973145e-01
2.300153672695159912e-01
2.292331308126449585e-01
2.308045327663421631e-01
2.307481318712234497e-01
2.299924492835998535e-01
2.314402312040328979e-01
2.295608222484588623e-01
2.288808971643447876e-01
2.315104305744171143e-01
2.268713265657424927e-01
2.263606488704681396e-01
2.325880676507949829e-01
2.293903082609176636e-01
2.289517968893051147e-01
2.293634265661239624e-01
2.287860214710235596e-01
2.320218384265899658e-01
2.301618158817291260e-01
2.296387553215026855e-01
2.295978218317031860e-01
2.278360128402709961e-01
2.301273941993713379e-01
2.284056544303894043e-01
2.281852811574935913e-01
2.269775867462158203e-01
2.291565537452697754e-01
2.266968488693237305e-01
2.275253087282180786e-01
2.297085225582122803e-01
2.272194176912307739e-01
2.268578559160232544e-01
2.269072383642196655e-01
2.261985093355178833e-01
2.292310744524002075e-01
2.279774844646453857e-01
2.267252653837203979e-01
2.281489968299865723e-01
2.270312756299972534e-01
2.277337014675140381e-01
2.257675230503082275e-01
2.268384695053100586e-01
2.289420664310455322e-01
2.277368307113647461e-01
2.272160947322845459e-01
2.252660691738128662e-01
2.256861776113510132e-01
2.294465899467468262e-01
2.282275408506393433e-01
2.277468293905258179e-01
2.247375547885894775e-01
2.267577052116394043e-01
2.259719371795654297e-01
2.275913506746292114e-01
2.261638343334197998e-01
2.275252789258956909e-01
2.276796400547027588e-01
2.274805158376693726e-01
2.252772599458694458e-01
2.266337871551513672e-01
2.252743840217590332e-01
2.247092723846435547e-01
2.243997454643249512e-01
2.269932031631469727e-01
2.250930666923522949e-01
2.259574085474014282e-01
2.237023860216140747e-01
2.253553867340087891e-01
2.260723263025283813e-01
2.253598719835281372e-01
2.231174707412719727e-01
2.263959795236587524e-01
2.247752249240875244e-01
2.224353849887847900e-01
2.244257628917694092e-01
2.234783917665481567e-01
2.240873575210571289e-01
2.253230959177017212e-01
2.265017628669738770e-01
2.234686315059661865e-01
2.244323939085006714e-01
2.236623317003250122e-01
2.260432839393615723e-01
2.241714000701904297e-01
2.255987972021102905e-01
2.243641912937164307e-01
2.250122576951980591e-01
2.219903022050857544e-01
2.237558811902999878e-01
2.235379815101623535e-01
2.255706042051315308e-01
2.246211916208267212e-01
2.227386385202407837e-01
2.248441874980926514e-01
2.208655923604965210e-01
2.249085009098052979e-01
2.220176011323928833e-01
2.229425907135009766e-01
2.238552421331405640e-01
2.247114181518554688e-01
2.244704216718673706e-01
2.266340702772140503e-01
2.212831676006317139e-01
2.239823490381240845e-01
2.231403142213821411e-01
2.208893299102783203e-01
2.239445149898529053e-01
2.224076688289642334e-01
2.225754559040069580e-01
2.212082296609878540e-01
2.206875085830688477e-01
2.222385406494140625e-01
2.220896333456039429e-01
2.213632762432098389e-01
2.199410647153854370e-01
2.219717055559158325e-01
2.223698794841766357e-01
2.211584299802780151e-01
2.229846715927124023e-01
2.208897769451141357e-01
2.224846184253692627e-01
2.209188491106033325e-01
2.222347259521484375e-01
2.199936807155609131e-01
2.198741883039474487e-01
2.191464602947235107e-01
2.214710563421249390e-01
2.232430726289749146e-01
2.213732600212097168e-01
2.224118411540985107e-01
2.223383635282516479e-01
2.209737300872802734e-01
2.171103954315185547e-01
2.203051745891571045e-01
2.215279340744018555e-01
2.211715877056121826e-01
2.202177047729492188e-01
2.193866968154907227e-01
2.209869176149368286e-01
2.210434377193450928e-01
2.205557823181152344e-01
2.178086787462234497e-01
2.226997464895248413e-01
2.192331403493881226e-01
2.212577015161514282e-01
2.200857996940612793e-01
2.180073112249374390e-01
2.206609845161437988e-01
2.180711030960083008e-01
2.203749269247055054e-01
2.217557430267333984e-01
2.208544462919235229e-01
2.187582403421401978e-01
2.212219238281250000e-01
2.167204022407531738e-01
2.196480482816696167e-01
2.196907401084899902e-01
2.209766954183578491e-01
2.211043089628219604e-01
2.191248685121536255e-01
2.183194160461425781e-01
2.186682075262069702e-01
2.197853177785873413e-01
2.206624001264572144e-01
2.179122865200042725e-01
2.193219661712646484e-01
2.184308618307113647e-01
2.181064784526824951e-01
2.169956266880035400e-01
2.216862589120864868e-01
2.178631722927093506e-01
2.165007591247558594e-01
2.175869196653366089e-01
2.177709788084030151e-01
2.164563536643981934e-01
2.157139927148818970e-01
2.158418744802474976e-01
2.189947515726089478e-01
2.185011953115463257e-01
2.170208990573883057e-01
2.166671752929687500e-01
2.139985710382461548e-01
2.174394726753234863e-01
2.194457501173019409e-01
2.155884504318237305e-01
2.183320820331573486e-01
2.180759906768798828e-01
2.175412774085998535e-01
2.184976935386657715e-01
2.188391238451004028e-01
2.174332588911056519e-01
2.172616571187973022e-01
2.153496444225311279e-01
2.189595103263854980e-01
2.174952030181884766e-01
2.149548977613449097e-01
2.198512256145477295e-01
2.163249701261520386e-01
2.160738855600357056e-01
2.170612663030624390e-01
2.162915021181106567e-01
2.186148911714553833e-01
2.175527215003967285e-01
2.179997563362121582e-01
2.181394249200820923e-01
2.158448696136474609e-01
2.205013781785964966e-01
2.179998904466629028e-01
2.173846065998077393e-01
2.176540791988372803e-01
2.152946144342422485e-01
2.160539478063583374e-01
2.159257978200912476e-01
2.168907523155212402e-01
2.153560519218444824e-01
2.183506637811660767e-01
2.130997031927108765e-01
2.152629196643829346e-01
2.143893837928771973e-01
2.165127098560333252e-01
2.148774564266204834e-01
2.162123024463653564e-01
2.153081297874450684e-01
2.139905840158462524e-01
2.146557718515396118e-01
2.179166525602340698e-01
2.141817659139633179e-01
2.143718153238296509e-01
2.147933095693588257e-01
2.150413691997528076e-01
2.129975259304046631e-01
2.161899209022521973e-01
2.133384197950363159e-01
2.168643325567245483e-01
2.160617560148239136e-01
2.161593437194824219e-01
2.163794338703155518e-01
2.147226184606552124e-01
2.124149948358535767e-01
2.139343172311782837e-01
2.167047113180160522e-01
2.109862267971038818e-01
2.176258414983749390e-01
2.133511602878570557e-01
2.156447172164916992e-01
2.142206281423568726e-01
2.145728915929794312e-01
2.153702676296234131e-01
2.161089032888412476e-01
2.098824232816696167e-01
2.148190140724182129e-01
2.130142152309417725e-01
2.136470824480056763e-01
2.149479836225509644e-01
2.140608727931976318e-01
2.149760723114013672e-01
2.161832153797149658e-01
2.126912027597427368e-01
2.135453671216964722e-01
2.104946821928024292e-01
2.123910784721374512e-01
2.166628539562225342e-01
2.143199443817138672e-01
2.126902788877487183e-01
2.144920676946640015e-01
2.100513130426406860e-01
2.143637984991073608e-01
2.135283946990966797e-01
2.115775048732757568e-01
2.132638841867446899e-01
2.146214395761489868e-01
2.131041288375854492e-01
2.119248956441879272e-01
2.113630324602127075e-01
2.135022133588790894e-01
2.113017737865447998e-01
2.131464183330535889e-01
2.115853428840637207e-01
2.115712165832519531e-01
2.107473164796829224e-01
2.117654234170913696e-01
2.107807993888854980e-01
2.151412963867187500e-01
2.093383371829986572e-01
2.129159122705459595e-01
2.130489349365234375e-01
2.112327367067337036e-01
2.129971683025360107e-01
2.110617905855178833e-01
2.132702618837356567e-01
2.144000530242919922e-01
2.115497291088104248e-01
2.148156464099884033e-01
2.123929709196090698e-01
2.111779004335403442e-01
2.119694799184799194e-01
2.112383544445037842e-01
2.138324975967407227e-01
2.121653705835342407e-01
2.110217213630676270e-01
2.120760381221771240e-01
2.104881554841995239e-01
2.117705494165420532e-01
2.106619775295257568e-01
2.120667994022369385e-01
2.114589661359786987e-01
2.106787562370300293e-01
2.096856236457824707e-01
2.093513607978820801e-01
2.110652327537536621e-01
2.120251953601837158e-01
2.124317139387130737e-01
2.105586230754852295e-01
2.100597321987152100e-01
2.103304415941238403e-01
2.118268907070159912e-01
2.106604725122451782e-01
2.107544243335723877e-01
2.109202444553375244e-01
2.093740403652191162e-01
2.072007507085800171e-01
2.102681994438171387e-01
2.111401557922363281e-01
2.115068286657333374e-01
2.096072882413864136e-01
2.104613482952117920e-01
2.114721983671188354e-01
2.103917151689529419e-01
2.103076875209808350e-01
2.087579369544982910e-01
2.097069770097732544e-01
2.104737609624862671e-01
2.104073464870452881e-01
2.113140672445297241e-01
2.112017124891281128e-01
2.116169035434722900e-01
2.109497040510177612e-01
2.122027575969696045e-01
2.099541872739791870e-01
2.102532386779785156e-01
2.104623317718505859e-01
2.093758583068847656e-01
2.074386775493621826e-01
2.079406976699829102e-01
2.116515934467315674e-01
2.102023810148239136e-01
2.092842310667037964e-01
2.108367234468460083e-01
2.086142003536224365e-01
2.106907665729522705e-01
2.099159061908721924e-01
2.101334929466247559e-01
2.083626091480255127e-01
2.108459174633026123e-01
2.102214545011520386e-01
2.082908302545547485e-01
2.076791524887084961e-01
2.108172178268432617e-01
2.081751972436904907e-01
2.107413411140441895e-01
2.076779454946517944e-01
2.062362432479858398e-01
2.095532417297363281e-01
2.074705660343170166e-01
2.092435061931610107e-01
2.129866480827331543e-01
2.081619650125503540e-01
2.113429307937622070e-01
2.078076153993606567e-01
2.084984034299850464e-01
2.100917547941207886e-01
2.097357511520385742e-01
2.079903036355972290e-01
2.085720598697662354e-01
2.086055874824523926e-01
2.049092203378677368e-01
2.092652469873428345e-01
2.107708156108856201e-01
2.089059650897979736e-01
2.101311832666397095e-01
2.065960168838500977e-01
2.070531547069549561e-01
2.059224098920822144e-01
2.084608823060989380e-01
2.080724984407424927e-01
2.068527042865753174e-01
2.079940140247344971e-01
2.085864990949630737e-01
2.066304981708526611e-01
2.080644667148590088e-01
2.105089277029037476e-01
2.084883898496627808e-01
2.061437815427780151e-01
2.064964920282363892e-01
2.075803577899932861e-01
2.077030539512634277e-01
2.097034752368927002e-01
2.042695581912994385e-01
2.088883370161056519e-01
2.071076035499572754e-01
2.071435302495956421e-01
2.068830430507659912e-01
2.036981135606765747e-01
2.070587575435638428e-01
2.048438936471939087e-01
2.050900310277938843e-01
2.064688950777053833e-01
2.061779946088790894e-01
2.070045918226242065e-01
2.096799761056900024e-01
2.060973197221755981e-01
2.074869424104690552e-01
2.059272527694702148e-01
2.034255266189575195e-01
2.060575485229492188e-01
2.101422101259231567e-01
2.082327306270599365e-01
2.055337280035018921e-01
2.051692008972167969e-01
2.063411474227905273e-01
2.072855681180953979e-01
2.066033780574798584e-01
2.050885260105133057e-01
2.019372135400772095e-01
2.037248164415359497e-01
2.072188854217529297e-01
2.045335173606872559e-01
2.062391936779022217e-01
2.055273652076721191e-01
2.062985748052597046e-01
2.086483240127563477e-01
2.042333334684371948e-01
2.051336616277694702e-01
2.039808481931686401e-01
2.088478654623031616e-01
2.036922425031661987e-01
2.048272639513015747e-01
2.010774463415145874e-01
2.051069885492324829e-01
2.047800868749618530e-01
2.051457017660140991e-01
2.031324058771133423e-01
2.053536772727966309e-01
2.044876813888549805e-01
2.044716477394104004e-01
2.037625908851623535e-01
2.057059258222579956e-01
2.047318667173385620e-01
2.058066427707672119e-01
2.025461494922637939e-01
2.063008099794387817e-01
2.076342254877090454e-01
2.052022367715835571e-01
2.063839435577392578e-01
2.038584500551223755e-01
2.022152096033096313e-01
2.031643241643905640e-01
2.039755284786224365e-01
2.049251645803451538e-01
2.036610990762710571e-01
2.046239078044891357e-01
2.033608853816986084e-01
2.034026682376861572e-01
2.027319967746734619e-01
2.041481584310531616e-01
2.046629786491394043e-01
2.014036774635314941e-01
2.046554982662200928e-01
2.053440362215042114e-01
2.033050060272216797e-01
2.037803232669830322e-01
2.058416754007339478e-01
2.052633315324783325e-01
2.027959078550338745e-01
2.070927917957305908e-01
2.051732093095779419e-01
2.037567347288131714e-01
2.032662332057952881e-01
2.044826000928878784e-01
2.047437727451324463e-01
2.039034217596054077e-01
2.033388167619705200e-01
2.037707716226577759e-01
2.027406394481658936e-01
2.029900252819061279e-01
2.023995667695999146e-01
2.036852985620498657e-01
2.054989188909530640e-01
2.030567824840545654e-01
2.036214172840118408e-01
2.040159851312637329e-01
2.011591345071792603e-01
2.005166709423065186e-01
2.036867886781692505e-01
2.021068483591079712e-01
2.038919627666473389e-01
2.034873664379119873e-01
2.034010738134384155e-01
2.017942965030670166e-01
2.014015913009643555e-01
2.052442431449890137e-01
2.040401697158813477e-01
2.067343294620513916e-01
2.029647380113601685e-01
2.028525620698928833e-01
2.033191919326782227e-01
2.027487009763717651e-01
2.015507072210311890e-01
2.027814537286758423e-01
2.032966315746307373e-01
2.001417726278305054e-01
2.019487172365188599e-01
2.034429311752319336e-01
2.017815709114074707e-01
2.021661549806594849e-01
2.020302414894104004e-01
2.044602036476135254e-01
2.028619945049285889e-01
2.022467106580734253e-01
2.039237767457962036e-01
2.046676427125930786e-01
2.003370821475982666e-01
2.004773765802383423e-01
2.026285231113433838e-01
2.028781324625015259e-01
2.010651677846908569e-01
2.018062323331832886e-01
2.006553858518600464e-01
2.005448788404464722e-01
2.014553248882293701e-01
2.015869319438934326e-01
2.010607719421386719e-01
1.993293762207031250e-01
2.006707042455673218e-01
2.037389874458312988e-01
1.996990740299224854e-01
2.005770355463027954e-01
2.042539715766906738e-01
1.990368515253067017e-01
2.003160715103149414e-01
2.021911144256591797e-01
2.013820111751556396e-01
2.016716003417968750e-01
2.025284618139266968e-01
1.977019011974334717e-01
2.002699673175811768e-01
1.992475539445877075e-01
1.998677849769592285e-01
2.018560767173767090e-01
2.003954201936721802e-01
2.017040699720382690e-01
2.036928236484527588e-01
2.008228600025177002e-01
1.997999995946884155e-01
1.998753547668457031e-01
1.981128454208374023e-01
1.993634402751922607e-01
2.013677507638931274e-01
2.002962380647659302e-01
2.001749575138092041e-01
2.028809189796447754e-01
1.981653273105621338e-01
1.991560012102127075e-01
1.990707367658615112e-01
1.994633078575134277e-01
1.995782703161239624e-01
2.022848725318908691e-01
1.993547230958938599e-01
2.016307711601257324e-01
2.009045928716659546e-01
1.978375315666198730e-01
1.980500966310501099e-01
1.998561322689056396e-01
1.998033970594406128e-01
2.029362171888351440e-01
2.005223184823989868e-01
1.982132941484451294e-01
1.993148773908615112e-01
2.014780342578887939e-01
1.993914991617202759e-01
1.967454105615615845e-01
1.994634717702865601e-01
1.992565095424652100e-01
1.986739635467529297e-01
2.002378106117248535e-01
1.996433287858963013e-01
1.986432075500488281e-01
2.002195119857788086e-01
2.000845968723297119e-01
1.988448500633239746e-01
1.986638158559799194e-01
1.990721970796585083e-01
2.012487351894378662e-01
2.000284641981124878e-01
1.999198198318481445e-01
1.975844800472259521e-01
2.010254859924316406e-01
2.011989951133728027e-01
1.985253095626831055e-01
1.998766213655471802e-01
1.967619955539703369e-01
1.976132094860076904e-01
1.990933716297149658e-01
2.002602219581604004e-01
2.009508758783340454e-01
1.984841078519821167e-01
2.010134607553482056e-01
2.008818686008453369e-01
2.001671046018600464e-01
1.981064230203628540e-01
1.975419223308563232e-01
1.997438222169876099e-01
1.982336640357971191e-01
1.997580230236053467e-01
1.977609694004058838e-01
1.993924677371978760e-01
1.973735690116882324e-01
1.984264105558395386e-01
1.989192366600036621e-01
1.997329145669937134e-01
1.979910731315612793e-01
1.985500603914260864e-01
1.987423002719879150e-01
1.994995325803756714e-01
1.969567835330963135e-01
1.987978816032409668e-01
1.995194256305694580e-01
1.983855962753295898e-01
1.984415650367736816e-01
1.969778984785079956e-01
1.971889287233352661e-01
1.978651732206344604e-01
1.993388384580612183e-01
1.985523700714111328e-01
1.970631331205368042e-01
1.966208368539810181e-01
1.984562277793884277e-01
1.968220025300979614e-01
1.949563473463058472e-01
1.986416429281234741e-01
1.997324526309967041e-01
1.956727653741836548e-01
2.006488144397735596e-01
1.982969492673873901e-01
1.968687176704406738e-01
1.956025511026382446e-01
1.992186456918716431e-01
1.989558488130569458e-01
1.976123750209808350e-01
1.958273649215698242e-01
1.963145285844802856e-01
1.986949592828750610e-01
1.983868479728698730e-01
1.950631886720657349e-01
1.989125609397888184e-01
1.950616687536239624e-01
1.980304270982742310e-01
1.980794221162796021e-01
1.959368139505386353e-01
1.981528252363204956e-01
1.960610598325729370e-01
1.941925436258316040e-01
1.991458833217620850e-01
1.957698017358779907e-01
1.976404339075088501e-01
1.960479617118835449e-01
1.984083205461502075e-01
1.984543055295944214e-01
1.977760195732116699e-01
1.962866485118865967e-01
1.970203816890716553e-01
1.976789534091949463e-01
1.983236223459243774e-01
1.995804607868194580e-01
1.973763108253479004e-01
1.960240155458450317e-01
1.966190189123153687e-01
1.978685557842254639e-01
1.971471309661865234e-01
1.957693696022033691e-01
1.981370151042938232e-01
1.975347548723220825e-01
1.991212666034698486e-01
1.954511255025863647e-01
1.975717395544052124e-01
1.966249346733093262e-01
1.992250084877014160e-01
1.958784759044647217e-01
1.966331899166107178e-01
1.969525218009948730e-01
1.960759758949279785e-01
1.972006857395172119e-01
1.947943419218063354e-01
1.962594091892242432e-01
1.962387710809707642e-01
1.959782689809799194e-01
1.956717967987060547e-01
1.990814357995986938e-01
1.941452622413635254e-01
1.946845203638076782e-01
1.965008080005645752e-01
2.007109522819519043e-01
1.956504136323928833e-01
1.957868784666061401e-01
1.958211958408355713e-01
1.955955922603607178e-01
1.965808868408203125e-01
1.971672773361206055e-01
1.945548057556152344e-01
1.957638412714004517e-01
1.954575330018997192e-01
1.956532299518585205e-01
1.957957148551940918e-01
1.967111378908157349e-01
1.981012374162673950e-01
1.958305239677429199e-01
1.936958581209182739e-01
1.956085413694381714e-01
1.926637738943099976e-01
1.979139596223831177e-01
1.952284872531890869e-01
1.951462328433990479e-01
1.931513398885726929e-01
1.957797557115554810e-01
1.973824799060821533e-01
1.959325820207595825e-01
1.953722089529037476e-01
1.960694938898086548e-01
1.959379166364669800e-01
1.939036846160888672e-01
1.937685310840606689e-01
1.966588646173477173e-01
1.961971521377563477e-01
1.967681199312210083e-01
1.970833539962768555e-01
1.956461817026138306e-01
1.941381841897964478e-01
1.950078457593917847e-01
1.942566633224487305e-01
1.969120204448699951e-01
1.948056221008300781e-01
1.959892809391021729e-01
1.950080096721649170e-01
1.940774917602539062e-01
1.933964639902114868e-01
1.911464929580688477e-01
1.959954351186752319e-01
1.954003870487213135e-01
1.939968019723892212e-01
1.958737969398498535e-01
1.951984316110610962e-01
1.962368935346603394e-01
1.949681937694549561e-01
1.943410634994506836e-01
1.955255568027496338e-01
1.946449279785156250e-01
1.961505264043807983e-01
1.930384635925292969e-01
1.956959962844848633e-01
1.960088014602661133e-01
1.949869245290756226e-01
1.948043704032897949e-01
1.975924223661422729e-01
1.954780966043472290e-01
1.939570009708404541e-01
1.924727112054824829e-01
1.950664669275283813e-01
1.958528012037277222e-01
1.940198242664337158e-01
1.942087709903717041e-01
1.952707469463348389e-01
1.949472278356552124e-01
1.937910914421081543e-01
1.957712918519973755e-01
1.974641084671020508e-01
1.932066977024078369e-01
1.955434232950210571e-01
1.947094351053237915e-01
1.949037313461303711e-01
1.963939368724822998e-01
1.935948431491851807e-01
1.944420486688613892e-01
1.936785876750946045e-01
1.960493028163909912e-01
1.938379853963851929e-01
1.932279318571090698e-01
1.941915154457092285e-01
1.933077722787857056e-01
1.949574351310729980e-01
1.932312697172164917e-01
1.949233412742614746e-01
1.920220106840133667e-01
1.946951895952224731e-01
1.957894563674926758e-01
1.946630179882049561e-01
1.945089995861053467e-01
1.899657398462295532e-01
1.956237703561782837e-01
1.949613690376281738e-01
1.938801854848861694e-01
1.941891163587570190e-01
1.921399086713790894e-01
1.939080506563186646e-01
1.934434771537780762e-01
1.948119103908538818e-01
1.942832320928573608e-01
1.957455277442932129e-01
1.926548033952713013e-01
1.955147087574005127e-01
1.939715296030044556e-01
1.934176534414291382e-01
1.938941478729248047e-01
1.931910812854766846e-01
1.930338889360427856e-01
1.960803866386413574e-01
1.933459639549255371e-01
1.920688748359680176e-01
1.950654089450836182e-01
1.916208267211914062e-01
1.939988136291503906e-01
1.955606937408447266e-01
1.938644200563430786e-01
1.927218735218048096e-01
1.914909034967422485e-01
1.935237646102905273e-01
1.961023360490798950e-01
1.928595602512359619e-01
1.929864734411239624e-01
1.921757757663726807e-01
1.931077986955642700e-01
1.925110667943954468e-01
1.928345113992691040e-01
1.935545206069946289e-01
