7.715390324592590332e-01
7.623181939125061035e-01
7.536040544509887695e-01
7.443343400955200195e-01
7.354901432991027832e-01
7.252445220947265625e-01
7.142901420593261719e-01
7.017118334770202637e-01
6.886303424835205078e-01
6.728099584579467773e-01
6.540619730949401855e-01
6.348645687103271484e-01
6.129008531570434570e-01
5.921922326087951660e-01
5.642426609992980957e-01
5.360888838768005371e-01
5.049839019775390625e-01
4.761558473110198975e-01
4.446949064731597900e-01
4.167123436927795410e-01
3.836731910705566406e-01
3.490495681762695312e-01
3.345471322536468506e-01
3.350971341133117676e-01
3.020253181457519531e-01
3.128735721111297607e-01
3.005138635635375977e-01
3.065243959426879883e-01
3.019152283668518066e-01
3.163157105445861816e-01
3.003849387168884277e-01
2.834875285625457764e-01
3.171998560428619385e-01
2.756709456443786621e-01
2.679953575134277344e-01
2.611108422279357910e-01
2.610903680324554443e-01
2.591903209686279297e-01
2.545202970504760742e-01
2.554694116115570068e-01
2.594148218631744385e-01
2.542278170585632324e-01
2.489156574010848999e-01
2.481189519166946411e-01
2.455101609230041504e-01
2.371224462985992432e-01
2.338072657585144043e-01
2.342250198125839233e-01
2.271322309970855713e-01
2.274068146944046021e-01
2.218517214059829712e-01
2.168975621461868286e-01
2.165523320436477661e-01
2.121215462684631348e-01
2.117208987474441528e-01
2.101766467094421387e-01
2.071031928062438965e-01
2.121247649192810059e-01
2.017045468091964722e-01
1.964932531118392944e-01
2.084804326295852661e-01
1.938539296388626099e-01
1.985865980386734009e-01
2.030116915702819824e-01
1.921827644109725952e-01
1.896136552095413208e-01
1.851308941841125488e-01
1.889687776565551758e-01
1.906968951225280762e-01
1.870622336864471436e-01
1.798959672451019287e-01
1.811778843402862549e-01
1.787804663181304932e-01
1.741048693656921387e-01
1.739798933267593384e-01
1.734471023082733154e-01
1.732845306396484375e-01
1.695349216461181641e-01
1.709785759449005127e-01
1.693058609962463379e-01
1.681321263313293457e-01
1.628469079732894897e-01
1.638823747634887695e-01
1.633882969617843628e-01
1.671942472457885742e-01
1.629974395036697388e-01
1.589455902576446533e-01
1.601818799972534180e-01
1.566798835992813110e-01
1.551876664161682129e-01
1.592813283205032349e-01
1.567259579896926880e-01
1.537306308746337891e-01
1.570272892713546753e-01
1.529107987880706787e-01
1.552115231752395630e-01
1.515177339315414429e-01
1.529687643051147461e-01
1.496983021497726440e-01
1.454217284917831421e-01
1.461243480443954468e-01
1.474037021398544312e-01
1.428722888231277466e-01
1.461383700370788574e-01
1.426123082637786865e-01
1.459550559520721436e-01
1.399299204349517822e-01
1.412136405706405640e-01
1.436438113451004028e-01
1.420352160930633545e-01
1.394351124763488770e-01
1.374069750308990479e-01
1.381830275058746338e-01
1.375842541456222534e-01
1.371274590492248535e-01
1.331722885370254517e-01
1.338110417127609253e-01
1.345808655023574829e-01
1.343976408243179321e-01
1.322048753499984741e-01
1.316585987806320190e-01
1.303513348102569580e-01
1.303578019142150879e-01
1.301124095916748047e-01
1.293787062168121338e-01
1.277174204587936401e-01
1.261947751045227051e-01
1.273123025894165039e-01
1.281896531581878662e-01
1.250191926956176758e-01
1.243957132101058960e-01
1.253493875265121460e-01
1.255313456058502197e-01
1.257570087909698486e-01
1.241448298096656799e-01
1.213149577379226685e-01
1.238049715757369995e-01
1.202495247125625610e-01
1.223634928464889526e-01
1.217722743749618530e-01
1.199705451726913452e-01
1.196560114622116089e-01
1.198175400495529175e-01
1.210976988077163696e-01
1.165661662817001343e-01
1.173303127288818359e-01
1.163865327835083008e-01
1.175447031855583191e-01
1.161174625158309937e-01
1.143621951341629028e-01
1.146761924028396606e-01
1.168548837304115295e-01
1.157015264034271240e-01
1.122177839279174805e-01
1.110828816890716553e-01
1.127596795558929443e-01
1.114621758460998535e-01
1.117815151810646057e-01
1.116746366024017334e-01
1.109320968389511108e-01
1.115514934062957764e-01
1.101451367139816284e-01
1.104899197816848755e-01
1.095822304487228394e-01
1.076398640871047974e-01
1.060048267245292664e-01
1.082723736763000488e-01
1.062643900513648987e-01
1.069044768810272217e-01
1.080709099769592285e-01
1.062820851802825928e-01
1.064960509538650513e-01
1.051110327243804932e-01
1.057614684104919434e-01
1.051278114318847656e-01
1.046687066555023193e-01
1.020346879959106445e-01
1.054800599813461304e-01
1.045694574713706970e-01
1.050492674112319946e-01
1.009115874767303467e-01
1.045480817556381226e-01
1.010632812976837158e-01
1.020917445421218872e-01
1.019301861524581909e-01
9.975470602512359619e-02
1.014155298471450806e-01
9.975576400756835938e-02
9.930311143398284912e-02
9.942514449357986450e-02
9.895998239517211914e-02
9.837715327739715576e-02
9.744220972061157227e-02
9.712190926074981689e-02
9.839774668216705322e-02
9.796263277530670166e-02
9.727530181407928467e-02
9.697310626506805420e-02
9.654110670089721680e-02
9.656202793121337891e-02
9.617041051387786865e-02
9.598189592361450195e-02
9.458740800619125366e-02
9.537671506404876709e-02
9.608654677867889404e-02
9.393972158432006836e-02
9.406770020723342896e-02
9.376129508018493652e-02
9.495127201080322266e-02
9.347586333751678467e-02
9.378520399332046509e-02
9.499349445104598999e-02
9.240000694990158081e-02
9.324812889099121094e-02
9.303107857704162598e-02
8.965487778186798096e-02
9.198318421840667725e-02
9.230566024780273438e-02
9.076082706451416016e-02
9.062859416007995605e-02
9.134697914123535156e-02
9.023445844650268555e-02
9.149344265460968018e-02
9.127859026193618774e-02
8.994241058826446533e-02
9.038446843624114990e-02
8.955673128366470337e-02
8.804991841316223145e-02
8.942843973636627197e-02
9.075643122196197510e-02
8.860193938016891479e-02
8.918825536966323853e-02
8.764699846506118774e-02
8.802767097949981689e-02
8.862237632274627686e-02
8.800934255123138428e-02
8.788126707077026367e-02
8.740084618330001831e-02
8.703909814357757568e-02
8.618199825286865234e-02
8.534073829650878906e-02
8.647206425666809082e-02
8.686289936304092407e-02
8.579654991626739502e-02
8.431766927242279053e-02
8.543832600116729736e-02
8.631804585456848145e-02
8.436203002929687500e-02
8.633129298686981201e-02
8.481485396623611450e-02
8.446076512336730957e-02
8.334191143512725830e-02
8.737975358963012695e-02
8.341845870018005371e-02
8.333281427621841431e-02
8.367508649826049805e-02
8.291615545749664307e-02
8.283074200153350830e-02
8.273449540138244629e-02
8.159944415092468262e-02
8.257250487804412842e-02
8.220631629228591919e-02
8.263281732797622681e-02
8.195316046476364136e-02
8.298955857753753662e-02
8.122932910919189453e-02
8.206741511821746826e-02
8.033373951911926270e-02
8.060690760612487793e-02
7.989622652530670166e-02
7.985167205333709717e-02
7.931654155254364014e-02
7.911036908626556396e-02
7.888976484537124634e-02
7.889960706233978271e-02
7.857201993465423584e-02
7.885210216045379639e-02
7.862387597560882568e-02
7.822620868682861328e-02
7.870648801326751709e-02
7.782758772373199463e-02
7.818645238876342773e-02
7.869240641593933105e-02
7.707533240318298340e-02
7.843993604183197021e-02
7.734332978725433350e-02
7.792983949184417725e-02
7.677391171455383301e-02
7.710919529199600220e-02
7.686258852481842041e-02
7.625741511583328247e-02
7.507818192243576050e-02
7.577127218246459961e-02
7.650097459554672241e-02
7.568453252315521240e-02
7.544790953397750854e-02
7.532623410224914551e-02
7.371506839990615845e-02
7.593487203121185303e-02
7.452163100242614746e-02
7.333223521709442139e-02
7.426358014345169067e-02
7.531097531318664551e-02
7.298856973648071289e-02
7.496048510074615479e-02
7.394151389598846436e-02
7.367095351219177246e-02
7.257988303899765015e-02
7.454504072666168213e-02
7.395609468221664429e-02
7.480604201555252075e-02
7.327187061309814453e-02
7.338327169418334961e-02
7.304180413484573364e-02
7.257661968469619751e-02
7.185108959674835205e-02
7.167889922857284546e-02
7.313106954097747803e-02
7.128787785768508911e-02
7.244297116994857788e-02
7.211846113204956055e-02
7.115726172924041748e-02
7.152186334133148193e-02
7.111891359090805054e-02
7.069676369428634644e-02
6.953544914722442627e-02
7.085099071264266968e-02
6.988105177879333496e-02
7.095624506473541260e-02
6.961879879236221313e-02
7.031540572643280029e-02
7.123357057571411133e-02
6.966278702020645142e-02
7.058524340391159058e-02
7.001814991235733032e-02
7.062789797782897949e-02
6.999193131923675537e-02
6.978878378868103027e-02
7.007683813571929932e-02
7.017651945352554321e-02
6.964958459138870239e-02
6.865818053483963013e-02
6.953222304582595825e-02
6.904777139425277710e-02
6.893643736839294434e-02
6.844907253980636597e-02
6.863482296466827393e-02
6.951572746038436890e-02
6.872969865798950195e-02
6.786604225635528564e-02
6.874327361583709717e-02
6.664036214351654053e-02
6.770932674407958984e-02
6.790481507778167725e-02
6.710776686668395996e-02
6.828501075506210327e-02
6.644348055124282837e-02
6.796862930059432983e-02
6.727375835180282593e-02
6.780397891998291016e-02
6.701426208019256592e-02
6.707266718149185181e-02
6.737280637025833130e-02
6.726852804422378540e-02
6.782036274671554565e-02
6.748390942811965942e-02
6.628233939409255981e-02
6.735606491565704346e-02
6.638257205486297607e-02
6.762723624706268311e-02
6.620763242244720459e-02
6.559603661298751831e-02
6.585836410522460938e-02
6.620020419359207153e-02
6.565405428409576416e-02
6.507896631956100464e-02
6.659153848886489868e-02
6.463659554719924927e-02
6.586976349353790283e-02
6.507208198308944702e-02
6.520029902458190918e-02
6.384313106536865234e-02
6.440940499305725098e-02
6.571824848651885986e-02
6.527173519134521484e-02
6.440909951925277710e-02
6.475108861923217773e-02
6.534366309642791748e-02
6.527860462665557861e-02
6.625433266162872314e-02
6.478988379240036011e-02
6.437372416257858276e-02
6.760429590940475464e-02
6.454103440046310425e-02
6.421133130788803101e-02
6.464203447103500366e-02
6.501841545104980469e-02
6.408508867025375366e-02
6.456408649682998657e-02
6.420022994279861450e-02
6.386495381593704224e-02
6.315831840038299561e-02
6.275452673435211182e-02
6.341736763715744019e-02
6.357224285602569580e-02
6.307885050773620605e-02
6.363978981971740723e-02
6.359762698411941528e-02
6.433275341987609863e-02
6.332412362098693848e-02
6.314373016357421875e-02
6.351905316114425659e-02
6.240941584110260010e-02
6.332309544086456299e-02
6.344016641378402710e-02
6.222303956747055054e-02
6.176620721817016602e-02
6.313221901655197144e-02
6.274178624153137207e-02
6.355949491262435913e-02
6.320366263389587402e-02
6.190397590398788452e-02
6.232437863945960999e-02
6.258751451969146729e-02
6.292985379695892334e-02
6.139452755451202393e-02
6.181991100311279297e-02
6.357169151306152344e-02
6.189182773232460022e-02
6.247065216302871704e-02
6.234900653362274170e-02
6.122432649135589600e-02
6.269817799329757690e-02
6.180649250745773315e-02
6.073770672082901001e-02
6.148679554462432861e-02
6.285912543535232544e-02
6.234037131071090698e-02
6.188067793846130371e-02
6.095992028713226318e-02
6.016787886619567871e-02
6.113543733954429626e-02
6.052562594413757324e-02
6.101304292678833008e-02
6.035640835762023926e-02
6.135442852973937988e-02
5.972389131784439087e-02
6.071271747350692749e-02
6.088862195611000061e-02
6.034836918115615845e-02
6.044041365385055542e-02
6.087858974933624268e-02
6.086759269237518311e-02
6.005441397428512573e-02
6.066682934761047363e-02
6.004776060581207275e-02
5.933167040348052979e-02
5.960596352815628052e-02
6.017106771469116211e-02
5.941413342952728271e-02
6.018882244825363159e-02
6.000445038080215454e-02
6.034319102764129639e-02
6.029770150780677795e-02
5.992473661899566650e-02
5.886065214872360229e-02
5.881126224994659424e-02
6.028974428772926331e-02
5.967972800135612488e-02
5.991446971893310547e-02
5.851256847381591797e-02
5.952800437808036804e-02
5.910575389862060547e-02
5.752941966056823730e-02
5.893754214048385620e-02
5.822001770138740540e-02
5.966494232416152954e-02
5.914471298456192017e-02
6.018771231174468994e-02
5.952893570065498352e-02
5.894510447978973389e-02
5.851776152849197388e-02
5.898257344961166382e-02
5.938785895705223083e-02
5.808299779891967773e-02
5.821645259857177734e-02
5.698912218213081360e-02
5.839637666940689087e-02
5.885501950979232788e-02
5.767451226711273193e-02
5.815301463007926941e-02
5.729055032134056091e-02
5.755726620554924011e-02
5.719403177499771118e-02
5.782528221607208252e-02
5.808075517416000366e-02
5.698942393064498901e-02
5.851068347692489624e-02
5.773791670799255371e-02
5.753789097070693970e-02
5.780234560370445251e-02
5.704233050346374512e-02
5.760355293750762939e-02
5.723124742507934570e-02
5.886654928326606750e-02
5.822992324829101562e-02
5.647826939821243286e-02
5.803102254867553711e-02
5.684354901313781738e-02
5.796898901462554932e-02
5.710883066058158875e-02
5.723226815462112427e-02
5.698574706912040710e-02
5.724107474088668823e-02
5.666090548038482666e-02
5.700714141130447388e-02
5.723408609628677368e-02
5.768964067101478577e-02
5.797037482261657715e-02
5.670024827122688293e-02
5.712083727121353149e-02
5.720167234539985657e-02
5.717986077070236206e-02
5.685861408710479736e-02
5.619357526302337646e-02
5.610500648617744446e-02
5.675680190324783325e-02
5.608619004487991333e-02
5.638836324214935303e-02
5.589733272790908813e-02
5.588986352086067200e-02
5.515249446034431458e-02
5.623642355203628540e-02
5.616740137338638306e-02
5.549813061952590942e-02
5.655210465192794800e-02
5.579451099038124084e-02
5.594405531883239746e-02
5.542188510298728943e-02
5.623140931129455566e-02
5.589251965284347534e-02
5.577772855758666992e-02
5.550532042980194092e-02
5.571910738945007324e-02
5.541937053203582764e-02
5.537283793091773987e-02
5.548853427171707153e-02
5.554676800966262817e-02
5.601308494806289673e-02
5.552722141146659851e-02
5.488561093807220459e-02
5.590478703379631042e-02
5.497802793979644775e-02
5.485500395298004150e-02
5.567377433180809021e-02
5.462693795561790466e-02
5.666057020425796509e-02
5.583915114402770996e-02
5.504256859421730042e-02
5.491549521684646606e-02
5.481978878378868103e-02
5.431190878152847290e-02
5.467534437775611877e-02
5.484426766633987427e-02
5.451279133558273315e-02
5.524259433150291443e-02
5.523647367954254150e-02
5.567316710948944092e-02
5.418325960636138916e-02
5.465599149465560913e-02
5.469702929258346558e-02
5.449339374899864197e-02
5.436434224247932434e-02
5.390769988298416138e-02
5.387656018137931824e-02
5.480429530143737793e-02
5.428227037191390991e-02
5.444684624671936035e-02
5.404967814683914185e-02
5.375932157039642334e-02
5.495764687657356262e-02
5.305048823356628418e-02
5.382423847913742065e-02
5.466671660542488098e-02
5.432153865694999695e-02
5.353322252631187439e-02
5.420909449458122253e-02
5.376352369785308838e-02
5.420538038015365601e-02
5.338031798601150513e-02
5.393821746110916138e-02
5.271736532449722290e-02
5.341387540102005005e-02
5.372603982686996460e-02
5.328116565942764282e-02
5.340637639164924622e-02
5.350264906883239746e-02
5.360494926571846008e-02
5.380775034427642822e-02
5.430946499109268188e-02
5.434816703200340271e-02
5.310434848070144653e-02
5.386836081743240356e-02
5.315174907445907593e-02
5.362879484891891479e-02
5.248387530446052551e-02
5.277925357222557068e-02
5.292320996522903442e-02
5.321474373340606689e-02
5.265644565224647522e-02
5.248023569583892822e-02
5.349975079298019409e-02
5.293201655149459839e-02
5.286812782287597656e-02
5.287243798375129700e-02
5.230389907956123352e-02
5.345924198627471924e-02
5.314105004072189331e-02
5.291025713086128235e-02
5.296860635280609131e-02
5.223338678479194641e-02
5.234389752149581909e-02
5.225527286529541016e-02
5.240159481763839722e-02
5.270037055015563965e-02
5.161500349640846252e-02
5.927242338657379150e-02
5.193305760622024536e-02
5.205728858709335327e-02
5.289584398269653320e-02
5.269119888544082642e-02
5.230253189802169800e-02
5.166070908308029175e-02
5.103126913309097290e-02
5.213122069835662842e-02
5.195626243948936462e-02
5.275353789329528809e-02
5.207016319036483765e-02
5.187135189771652222e-02
5.247483029961585999e-02
5.220180004835128784e-02
5.205824971199035645e-02
5.206691473722457886e-02
5.191897600889205933e-02
5.215292796492576599e-02
5.238708481192588806e-02
5.202505737543106079e-02
5.208384990692138672e-02
5.189788341522216797e-02
5.156817287206649780e-02
5.162641033530235291e-02
5.185135826468467712e-02
5.269909650087356567e-02
5.179575830698013306e-02
5.195196717977523804e-02
5.126747861504554749e-02
5.094739422202110291e-02
5.131471902132034302e-02
5.122415721416473389e-02
5.151933804154396057e-02
5.154285579919815063e-02
5.143819749355316162e-02
5.155651271343231201e-02
5.150421708822250366e-02
5.085616558790206909e-02
5.042899399995803833e-02
5.065267160534858704e-02
5.028145015239715576e-02
5.012892931699752808e-02
5.137715488672256470e-02
5.086237937211990356e-02
5.134958773851394653e-02
5.092163383960723877e-02
5.043735355138778687e-02
5.022856965661048889e-02
5.109126493334770203e-02
5.117081850767135620e-02
5.048052594065666199e-02
5.125449225306510925e-02
5.063229799270629883e-02
5.057321488857269287e-02
5.070282891392707825e-02
5.015103518962860107e-02
5.054958164691925049e-02
5.036539584398269653e-02
5.060825869441032410e-02
5.058879405260086060e-02
5.024605989456176758e-02
5.004931986331939697e-02
5.075639486312866211e-02
5.085108429193496704e-02
5.005722492933273315e-02
4.976337030529975891e-02
5.002963542938232422e-02
5.015377700328826904e-02
4.983467608690261841e-02
5.001958832144737244e-02
5.016787350177764893e-02
5.049566924571990967e-02
4.994113743305206299e-02
5.070143938064575195e-02
5.063659697771072388e-02
4.988670349121093750e-02
5.004967376589775085e-02
5.014766007661819458e-02
4.869130998849868774e-02
5.004896223545074463e-02
4.998921602964401245e-02
4.995468631386756897e-02
4.959159344434738159e-02
4.962865263223648071e-02
4.877676069736480713e-02
4.944464191794395447e-02
4.896127060055732727e-02
4.947170987725257874e-02
4.930905252695083618e-02
4.986716061830520630e-02
4.901661351323127747e-02
4.978618770837783813e-02
4.923812299966812134e-02
4.895954579114913940e-02
4.944537580013275146e-02
4.912084341049194336e-02
4.856255277991294861e-02
4.893604665994644165e-02
5.000025033950805664e-02
4.931694269180297852e-02
5.148158967494964600e-02
4.899907857179641724e-02
4.913210868835449219e-02
5.020707845687866211e-02
4.887386411428451538e-02
4.886980354785919189e-02
4.876207560300827026e-02
4.838689416646957397e-02
4.848015680909156799e-02
4.844243824481964111e-02
4.879568889737129211e-02
4.883454740047454834e-02
4.856233298778533936e-02
4.873171448707580566e-02
4.901218414306640625e-02
4.833956062793731689e-02
4.900371283292770386e-02
4.823065549135208130e-02
4.889106005430221558e-02
4.874100536108016968e-02
4.920646548271179199e-02
4.855130612850189209e-02
4.830194264650344849e-02
4.839257150888442993e-02
4.917892068624496460e-02
4.799574241042137146e-02
4.825815558433532715e-02
4.859866946935653687e-02
4.824548959732055664e-02
4.812372848391532898e-02
4.814758896827697754e-02
4.801573604345321655e-02
4.836097359657287598e-02
4.789307713508605957e-02
4.766409844160079956e-02
4.808170720934867859e-02
4.852326214313507080e-02
4.878009855747222900e-02
4.828520864248275757e-02
4.792527109384536743e-02
4.828895255923271179e-02
4.871016740798950195e-02
4.832073301076889038e-02
4.764487594366073608e-02
4.832141846418380737e-02
4.797739908099174500e-02
4.743399098515510559e-02
4.869131743907928467e-02
4.767268896102905273e-02
4.737780988216400146e-02
4.794553667306900024e-02
4.798526316881179810e-02
4.784762859344482422e-02
4.754750058054924011e-02
4.774287343025207520e-02
4.769503325223922729e-02
4.797414690256118774e-02
4.754650220274925232e-02
4.820526391267776489e-02
4.751309752464294434e-02
4.743451252579689026e-02
4.768203571438789368e-02
4.886249825358390808e-02
4.800020903348922729e-02
4.705815762281417847e-02
4.683271795511245728e-02
4.773543775081634521e-02
4.783029109239578247e-02
4.666692763566970825e-02
4.729425162076950073e-02
4.723726958036422729e-02
4.671470075845718384e-02
4.693891108036041260e-02
4.649610072374343872e-02
4.725906997919082642e-02
4.748656600713729858e-02
4.753288626670837402e-02
4.740757122635841370e-02
4.709918797016143799e-02
4.683027043938636780e-02
4.726095497608184814e-02
4.724783450365066528e-02
4.721229523420333862e-02
4.696887731552124023e-02
4.714642465114593506e-02
4.678332060575485229e-02
4.723915457725524902e-02
4.674379155039787292e-02
4.687718674540519714e-02
4.725755006074905396e-02
4.767308384180068970e-02
4.761454463005065918e-02
4.751688987016677856e-02
4.695358127355575562e-02
4.679289832711219788e-02
4.699944704771041870e-02
4.737912863492965698e-02
4.694041982293128967e-02
4.739331081509590149e-02
4.634175077080726624e-02
4.642117395997047424e-02
4.659514129161834717e-02
4.675916582345962524e-02
4.656820744276046753e-02
4.613590240478515625e-02
4.676861315965652466e-02
4.645448178052902222e-02
4.697481542825698853e-02
4.663349688053131104e-02
4.651032388210296631e-02
4.689206182956695557e-02
4.731019586324691772e-02
4.742168635129928589e-02
4.605680704116821289e-02
4.613713175058364868e-02
4.665273055434226990e-02
4.618589580059051514e-02
4.626607894897460938e-02
4.597762599587440491e-02
4.708748310804367065e-02
4.642363637685775757e-02
4.593780636787414551e-02
4.669748246669769287e-02
4.673669114708900452e-02
4.619947075843811035e-02
4.685552045702934265e-02
4.622899740934371948e-02
4.580885544419288635e-02
4.576929658651351929e-02
4.573298618197441101e-02
4.593795910477638245e-02
4.677307978272438049e-02
4.561733454465866089e-02
4.636694118380546570e-02
4.578465223312377930e-02
4.635644704103469849e-02
4.607038572430610657e-02
4.633413627743721008e-02
4.564191401004791260e-02
4.573395475745201111e-02
4.574913904070854187e-02
4.600702226161956787e-02
4.716568067669868469e-02
4.598579555749893188e-02
4.598633199930191040e-02
4.585898667573928833e-02
4.562926292419433594e-02
4.608379304409027100e-02
4.665844142436981201e-02
4.589478671550750732e-02
4.589473456144332886e-02
4.603177681565284729e-02
4.568775370717048645e-02
4.487384110689163208e-02
4.558271914720535278e-02
4.614586383104324341e-02
4.580712318420410156e-02
4.622890055179595947e-02
4.649059474468231201e-02
4.567764326930046082e-02
4.525635391473770142e-02
4.563814774155616760e-02
4.599845036864280701e-02
4.537729173898696899e-02
4.591994732618331909e-02
4.542885348200798035e-02
4.655121639370918274e-02
4.542674869298934937e-02
4.560964554548263550e-02
4.567763954401016235e-02
4.608052968978881836e-02
4.527083039283752441e-02
4.526181146502494812e-02
2.662879228591918945e-01
2.639820277690887451e-01
2.619985044002532959e-01
2.606333792209625244e-01
2.601044476032257080e-01
2.589282095432281494e-01
2.549792826175689697e-01
2.556857764720916748e-01
2.551281452178955078e-01
2.538599371910095215e-01
2.539770901203155518e-01
2.511342763900756836e-01
2.513624429702758789e-01
2.493132650852203369e-01
2.497111409902572632e-01
2.471164166927337646e-01
2.452381253242492676e-01
2.476908713579177856e-01
2.451304644346237183e-01
2.478879243135452271e-01
2.477620393037796021e-01
2.453874647617340088e-01
2.434206157922744751e-01
2.447476834058761597e-01
2.435041368007659912e-01
2.432770580053329468e-01
2.417820394039154053e-01
2.432190924882888794e-01
2.437084913253784180e-01
2.428484410047531128e-01
2.422688007354736328e-01
2.456432580947875977e-01
2.432167232036590576e-01
2.423684895038604736e-01
2.423827797174453735e-01
2.411373853683471680e-01
2.392045855522155762e-01
2.395258396863937378e-01
2.406003177165985107e-01
2.377093732357025146e-01
2.351863086223602295e-01
2.353340834379196167e-01
2.397269457578659058e-01
2.378601729869842529e-01
2.403806596994400024e-01
2.369707375764846802e-01
2.379096597433090210e-01
2.376224547624588013e-01
2.351767420768737793e-01
2.353991717100143433e-01
2.343658357858657837e-01
2.352670431137084961e-01
2.369702607393264771e-01
2.339084297418594360e-01
2.343160808086395264e-01
2.338126599788665771e-01
2.339742183685302734e-01
2.334281802177429199e-01
2.322056889533996582e-01
2.340677827596664429e-01
2.337341308593750000e-01
2.332159876823425293e-01
2.342279404401779175e-01
2.330319285392761230e-01
2.343669533729553223e-01
2.321028560400009155e-01
2.333894968032836914e-01
2.311897575855255127e-01
2.320348322391510010e-01
2.335659116506576538e-01
2.292259484529495239e-01
2.311117202043533325e-01
2.313887476921081543e-01
2.309070825576782227e-01
2.294870615005493164e-01
2.314660549163818359e-01
2.320317476987838745e-01
2.308146208524703979e-01
2.333344221115112305e-01
2.306340038776397705e-01
2.321579754352569580e-01
2.317411154508590698e-01
2.310666739940643311e-01
2.300088256597518921e-01
2.312063425779342651e-01
2.275584042072296143e-01
2.310670316219329834e-01
2.269774526357650757e-01
2.283537685871124268e-01
2.287489771842956543e-01
2.271206676959991455e-01
2.284047901630401611e-01
2.268542498350143433e-01
2.275902032852172852e-01
2.255585193634033203e-01
2.279197871685028076e-01
2.275008261203765869e-01
2.277545183897018433e-01
2.277052551507949829e-01
2.287977635860443115e-01
2.269526720046997070e-01
2.291506975889205933e-01
2.274230718612670898e-01
2.283095419406890869e-01
2.247187048196792603e-01
2.254018634557723999e-01
2.242010235786437988e-01
2.269165217876434326e-01
2.260097712278366089e-01
2.245696187019348145e-01
2.261526584625244141e-01
2.245015203952789307e-01
2.276681959629058838e-01
2.260598987340927124e-01
2.235476225614547729e-01
2.249921709299087524e-01
2.248513698577880859e-01
2.254168540239334106e-01
2.228956222534179688e-01
2.223719805479049683e-01
2.242934703826904297e-01
2.257866710424423218e-01
2.231126278638839722e-01
2.252687364816665649e-01
2.221286594867706299e-01
2.217558175325393677e-01
2.237268239259719849e-01
2.230436652898788452e-01
2.262718528509140015e-01
2.234196811914443970e-01
2.233193814754486084e-01
2.238327711820602417e-01
2.241756767034530640e-01
2.248613536357879639e-01
2.245419621467590332e-01
2.247103005647659302e-01
2.230570316314697266e-01
2.232336252927780151e-01
2.235639095306396484e-01
2.229041159152984619e-01
2.221529930830001831e-01
2.221047431230545044e-01
2.214236706495285034e-01
2.230015546083450317e-01
2.230047136545181274e-01
2.226798683404922485e-01
2.215076088905334473e-01
2.225674688816070557e-01
2.194442749023437500e-01
2.234228253364562988e-01
2.215977758169174194e-01
2.195214033126831055e-01
2.202509790658950806e-01
2.212349027395248413e-01
2.219334542751312256e-01
2.219848334789276123e-01
2.205561846494674683e-01
2.214057147502899170e-01
2.216012477874755859e-01
2.188172042369842529e-01
2.233740091323852539e-01
2.190306782722473145e-01
2.198944985866546631e-01
2.205136865377426147e-01
2.204074114561080933e-01
2.228029668331146240e-01
2.226349562406539917e-01
2.210058271884918213e-01
2.210355252027511597e-01
2.224824875593185425e-01
2.228401601314544678e-01
2.193134576082229614e-01
2.202635258436203003e-01
2.188655287027359009e-01
2.222357392311096191e-01
2.213314622640609741e-01
2.202824652194976807e-01
2.189897000789642334e-01
2.190210968255996704e-01
2.177561819553375244e-01
2.169167399406433105e-01
2.177571356296539307e-01
2.197758555412292480e-01
2.196251600980758667e-01
2.213127613067626953e-01
2.167069464921951294e-01
2.218601852655410767e-01
2.181800752878189087e-01
2.176450937986373901e-01
2.184523046016693115e-01
2.201666682958602905e-01
2.161782681941986084e-01
2.186254858970642090e-01
2.179257571697235107e-01
2.183803319931030273e-01
2.180193662643432617e-01
2.165852189064025879e-01
2.185653150081634521e-01
2.151898592710494995e-01
2.160940170288085938e-01
2.184917777776718140e-01
2.169701457023620605e-01
2.215330302715301514e-01
2.180136442184448242e-01
2.192389965057373047e-01
2.170915901660919189e-01
2.162403762340545654e-01
2.148263454437255859e-01
2.153784036636352539e-01
2.156493067741394043e-01
2.158827632665634155e-01
2.148176431655883789e-01
2.141016274690628052e-01
2.166525423526763916e-01
2.159828096628189087e-01
2.170103490352630615e-01
2.170262932777404785e-01
2.166853547096252441e-01
2.166872918605804443e-01
2.151994556188583374e-01
2.181976437568664551e-01
2.159780859947204590e-01
2.161017805337905884e-01
2.147015631198883057e-01
2.151397764682769775e-01
2.180446684360504150e-01
2.160314619541168213e-01
2.161660492420196533e-01
2.149909287691116333e-01
2.149449586868286133e-01
2.157447338104248047e-01
2.141711860895156860e-01
2.140495777130126953e-01
2.161794006824493408e-01
2.157440483570098877e-01
2.143708467483520508e-01
2.143965363502502441e-01
2.154263854026794434e-01
2.164020985364913940e-01
2.148290127515792847e-01
2.149913460016250610e-01
2.138721495866775513e-01
2.124075144529342651e-01
2.138650864362716675e-01
2.143088430166244507e-01
2.127028405666351318e-01
2.165994495153427124e-01
2.150322049856185913e-01
2.166681140661239624e-01
2.157106548547744751e-01
2.148882299661636353e-01
2.141795158386230469e-01
2.128963917493820190e-01
2.155557721853256226e-01
2.175110131502151489e-01
2.137496769428253174e-01
2.130560129880905151e-01
2.116035223007202148e-01
2.122308611869812012e-01
2.149759232997894287e-01
2.138574868440628052e-01
2.140102237462997437e-01
2.159223556518554688e-01
2.157777696847915649e-01
2.140815109014511108e-01
2.143086344003677368e-01
2.128373682498931885e-01
2.111736536026000977e-01
2.119967192411422729e-01
2.134927213191986084e-01
2.093701362609863281e-01
2.168936282396316528e-01
2.144735902547836304e-01
2.127346098423004150e-01
2.119540125131607056e-01
2.111021876335144043e-01
2.119060456752777100e-01
2.127803117036819458e-01
2.126753628253936768e-01
2.105970978736877441e-01
2.109555900096893311e-01
2.131101936101913452e-01
2.120078355073928833e-01
2.134250402450561523e-01
2.150455564260482788e-01
2.105102837085723877e-01
2.130281627178192139e-01
2.117607742547988892e-01
2.110069543123245239e-01
2.127343863248825073e-01
2.113735228776931763e-01
2.128930538892745972e-01
2.114587277173995972e-01
2.114595174789428711e-01
2.122154533863067627e-01
2.104116231203079224e-01
2.105155438184738159e-01
2.135943919420242310e-01
2.124145328998565674e-01
2.105492353439331055e-01
2.103922963142395020e-01
2.097482681274414062e-01
2.132098525762557983e-01
2.114152461290359497e-01
2.091491520404815674e-01
2.090965062379837036e-01
2.140079140663146973e-01
2.109998911619186401e-01
2.133519202470779419e-01
2.112026661634445190e-01
2.120569944381713867e-01
2.105592340230941772e-01
2.105873376131057739e-01
2.098628729581832886e-01
2.088664621114730835e-01
2.100705653429031372e-01
2.079058140516281128e-01
2.096569389104843140e-01
2.078000009059906006e-01
2.116776704788208008e-01
2.108837664127349854e-01
2.117375582456588745e-01
2.085150480270385742e-01
2.086330056190490723e-01
2.071596533060073853e-01
2.086007595062255859e-01
2.087416499853134155e-01
2.089275121688842773e-01
2.091759294271469116e-01
2.087952494621276855e-01
2.101524323225021362e-01
2.096850872039794922e-01
2.079242765903472900e-01
2.084043174982070923e-01
2.116346955299377441e-01
2.084222584962844849e-01
2.091353982686996460e-01
2.078782767057418823e-01
2.093387842178344727e-01
2.101289480924606323e-01
2.071890980005264282e-01
2.086988538503646851e-01
2.113480716943740845e-01
2.079507708549499512e-01
2.077762931585311890e-01
2.109419703483581543e-01
2.071612179279327393e-01
2.076403200626373291e-01
2.092971205711364746e-01
2.076852023601531982e-01
2.086581736803054810e-01
2.108181715011596680e-01
2.098270952701568604e-01
2.106795459985733032e-01
2.086255848407745361e-01
2.084262967109680176e-01
2.085082530975341797e-01
2.081560194492340088e-01
2.095948755741119385e-01
2.062558084726333618e-01
2.084593325853347778e-01
2.090085893869400024e-01
2.061007767915725708e-01
2.094796299934387207e-01
2.078210264444351196e-01
2.086919844150543213e-01
2.081112563610076904e-01
2.070808410644531250e-01
2.097811549901962280e-01
2.090531140565872192e-01
2.049109339714050293e-01
2.060684114694595337e-01
2.069629579782485962e-01
2.062389105558395386e-01
2.052402049303054810e-01
2.107346057891845703e-01
2.073336094617843628e-01
2.064990550279617310e-01
2.064398378133773804e-01
2.078416049480438232e-01
2.039120346307754517e-01
2.060229480266571045e-01
2.090684473514556885e-01
2.065673172473907471e-01
2.072738260030746460e-01
2.088371962308883667e-01
2.079423069953918457e-01
2.062013894319534302e-01
2.063353061676025391e-01
2.063937634229660034e-01
2.057778686285018921e-01
2.057991623878479004e-01
2.066544592380523682e-01
2.079604566097259521e-01
2.063616514205932617e-01
2.086085677146911621e-01
2.050347775220870972e-01
2.070718556642532349e-01
2.037863284349441528e-01
2.043591886758804321e-01
2.120387703180313110e-01
2.063539326190948486e-01
2.082789987325668335e-01
2.067227959632873535e-01
2.062426656484603882e-01
2.027986794710159302e-01
2.058151215314865112e-01
2.072538584470748901e-01
2.080123722553253174e-01
2.079077064990997314e-01
2.063473016023635864e-01
2.069238275289535522e-01
2.062162011861801147e-01
2.037860602140426636e-01
2.064622640609741211e-01
2.043152004480361938e-01
2.069108039140701294e-01
2.052276432514190674e-01
2.054583728313446045e-01
2.063086181879043579e-01
2.039174586534500122e-01
2.056711912155151367e-01
2.070910632610321045e-01
2.045013606548309326e-01
2.058654725551605225e-01
2.068325579166412354e-01
2.057934552431106567e-01
2.037111371755599976e-01
2.068272680044174194e-01
2.054306715726852417e-01
2.044108211994171143e-01
2.071656882762908936e-01
2.037721276283264160e-01
2.018582373857498169e-01
2.033350318670272827e-01
2.041091918945312500e-01
2.045757323503494263e-01
2.027441263198852539e-01
2.037629932165145874e-01
2.052485048770904541e-01
2.059610933065414429e-01
2.065263539552688599e-01
2.057265341281890869e-01
2.046146541833877563e-01
2.047003805637359619e-01
2.063318938016891479e-01
2.042582035064697266e-01
2.033025026321411133e-01
2.038077116012573242e-01
2.057299017906188965e-01
2.055883109569549561e-01
2.063683718442916870e-01
2.039362639188766479e-01
2.042441517114639282e-01
2.035760134458541870e-01
2.022797316312789917e-01
2.051453143358230591e-01
2.045225203037261963e-01
2.033782899379730225e-01
2.044247537851333618e-01
2.018603831529617310e-01
2.057951241731643677e-01
2.040143311023712158e-01
2.042692899703979492e-01
2.065037637948989868e-01
2.044384330511093140e-01
2.028997689485549927e-01
2.045785933732986450e-01
2.033448368310928345e-01
2.030260115861892700e-01
2.055390775203704834e-01
2.025958448648452759e-01
2.012858688831329346e-01
2.036385387182235718e-01
2.039351761341094971e-01
2.054459601640701294e-01
2.060794085264205933e-01
2.000754028558731079e-01
2.026661485433578491e-01
2.036656737327575684e-01
2.014471143484115601e-01
2.032946646213531494e-01
2.028931826353073120e-01
2.030879706144332886e-01
2.040464878082275391e-01
2.055864781141281128e-01
2.022445946931838989e-01
2.050426155328750610e-01
2.032098919153213501e-01
2.014828920364379883e-01
2.029671221971511841e-01
2.027931213378906250e-01
2.025900036096572876e-01
2.000792473554611206e-01
2.039223015308380127e-01
2.034286409616470337e-01
2.049852907657623291e-01
2.031594514846801758e-01
2.036601155996322632e-01
2.032064348459243774e-01
2.033358961343765259e-01
2.025622576475143433e-01
2.045184224843978882e-01
2.021920531988143921e-01
2.014493793249130249e-01
2.045116275548934937e-01
2.033701390027999878e-01
2.003945112228393555e-01
2.027856409549713135e-01
2.012286186218261719e-01
2.012495249509811401e-01
2.026133537292480469e-01
2.032125592231750488e-01
2.029617428779602051e-01
2.028434872627258301e-01
2.019977420568466187e-01
2.029171437025070190e-01
2.026687711477279663e-01
2.000971585512161255e-01
2.022759467363357544e-01
2.019345015287399292e-01
2.008276879787445068e-01
2.014761567115783691e-01
2.065821141004562378e-01
2.054207175970077515e-01
2.023856639862060547e-01
2.002896666526794434e-01
2.036986500024795532e-01
1.987019777297973633e-01
2.032431960105895996e-01
2.005424797534942627e-01
2.020909488201141357e-01
2.007118612527847290e-01
2.006213963031768799e-01
2.028484493494033813e-01
2.011425048112869263e-01
2.012061327695846558e-01
1.996125280857086182e-01
2.008661627769470215e-01
2.012831866741180420e-01
2.027099430561065674e-01
2.038820236921310425e-01
2.017984241247177124e-01
2.011847198009490967e-01
2.019894868135452271e-01
2.004764825105667114e-01
2.007437348365783691e-01
2.015343904495239258e-01
2.041353285312652588e-01
1.992580443620681763e-01
2.024954259395599365e-01
2.000007331371307373e-01
2.006759643554687500e-01
1.994448602199554443e-01
2.001701444387435913e-01
1.996876597404479980e-01
1.997421532869338989e-01
2.036343663930892944e-01
1.995759159326553345e-01
1.996863484382629395e-01
2.009863406419754028e-01
2.010900229215621948e-01
2.004449814558029175e-01
1.982310563325881958e-01
2.013626098632812500e-01
2.011258602142333984e-01
2.032916694879531860e-01
2.015245705842971802e-01
2.022772580385208130e-01
2.009986191987991333e-01
2.003495693206787109e-01
2.012645155191421509e-01
2.027181237936019897e-01
2.004405409097671509e-01
1.981928646564483643e-01
1.994687467813491821e-01
2.015143185853958130e-01
1.992745101451873779e-01
2.008810639381408691e-01
2.010017037391662598e-01
1.997959762811660767e-01
1.994070857763290405e-01
2.011383771896362305e-01
1.979209631681442261e-01
2.002066373825073242e-01
2.009988874197006226e-01
2.007328271865844727e-01
1.984050869941711426e-01
1.999622881412506104e-01
2.020424008369445801e-01
1.992000639438629150e-01
2.000840604305267334e-01
1.988635957241058350e-01
1.998980343341827393e-01
1.971827447414398193e-01
1.975080817937850952e-01
1.996922940015792847e-01
2.001118808984756470e-01
1.988702714443206787e-01
1.977172195911407471e-01
