1.740265249013900783e+00
1.389324307441711426e+00
1.245926887392997839e+00
1.125943331718444851e+00
1.057787376642227217e+00
1.003092784881591815e+00
9.441612082719802457e-01
8.178831237554550215e-01
7.765514743328094660e-01
7.983115810155868575e-01
7.579546505212784169e-01
7.370085608959198176e-01
7.430419421195983976e-01
7.212266445159911665e-01
5.816413736343384322e-01
5.802218732237816035e-01
5.711358049511909840e-01
5.880747914314270464e-01
5.974808284640311662e-01
5.838660892844199646e-01
5.888078185915947005e-01
4.205354940891266047e-01
4.509400609135627569e-01
4.376368188858032471e-01
4.461289718747138977e-01
4.426509970426559248e-01
4.851918792724609353e-01
4.480907739698886671e-01
3.317575140297412961e-01
3.272249421477317899e-01
3.309567953646183058e-01
3.383345870673656330e-01
3.478070412576198533e-01
3.671252471208572565e-01
3.627591966092586495e-01
2.557364687323570029e-01
2.595950609445571988e-01
2.656674058735370436e-01
2.714905376732349440e-01
2.657596568763256339e-01
2.881803648173809074e-01
2.890469014644622692e-01
2.258442206680774667e-01
2.219130840897560186e-01
2.232956226170063063e-01
2.283241498470306441e-01
2.250569522380828913e-01
2.329297724366188038e-01
2.447816476225853077e-01
2.032594634592533034e-01
2.043101635575294561e-01
2.042729365825653176e-01
2.156479041278362152e-01
2.082335753738880080e-01
2.190264184772968414e-01
2.305451013147830908e-01
1.094354832358658269e-01
1.354398069158196383e-01
1.924865391477942334e-01
1.863471751660108477e-01
1.651949522271752291e-01
1.722682177275419169e-01
1.755029801651835364e-01
1.250336139649152745e-01
1.043429297022521463e-01
1.130603293050080477e-01
1.055910133989527849e-01
1.269114066101610649e-01
1.180586024746298757e-01
1.129576543159782898e-01
7.176363119855523609e-02
7.877262858208268492e-02
8.316133473068475224e-02
8.841748760081827307e-02
1.021992014721035957e-01
9.850732812657952975e-02
1.043519168905913813e-01
7.897722498048097284e-02
9.488347509875894037e-02
6.606889348477125445e-02
7.719899579882621987e-02
8.092810902744532187e-02
7.914712415076792518e-02
1.039342093328013972e-01
7.671059115789830019e-02
7.543290323112160356e-02
8.533853875007479939e-02
7.408174233045429491e-02
7.030307933688163813e-02
6.950270009692757767e-02
7.643058405257761867e-02
6.832924207672476380e-02
6.970719212433323930e-02
7.900850611273199653e-02
8.225774598307906971e-02
7.665981449652463364e-02
8.092893217457458599e-02
7.421014854218810353e-02
6.519937633071094807e-02
6.415106098866089901e-02
6.589682807680219412e-02
6.052183289546519268e-02
7.244500633561984371e-02
7.641802137717604304e-02
6.927621418377384599e-02
