7.963226014375686113e-01
4.176078340411186196e-01
3.385933338105678314e-01
3.089262761175632366e-01
2.948351621627807728e-01
2.603959393501281694e-01
2.457848702371120408e-01
2.275000090897083271e-01
2.359368830174207732e-01
1.950640732049941928e-01
2.058625146001577255e-01
1.828604205697774987e-01
1.826423089951276779e-01
1.862831386178731841e-01
1.806964714080095402e-01
1.782558786123991101e-01
1.787364172935485829e-01
1.700325466319918544e-01
1.550059910863637869e-01
1.424670596420764823e-01
1.439173538610339087e-01
1.425011685490608082e-01
1.491881068982184033e-01
1.518314204737544193e-01
1.472271661460399506e-01
1.505114456266164746e-01
1.512609932944178615e-01
1.187954842299222963e-01
1.185071954131126371e-01
1.307742146402597339e-01
1.261912319809198324e-01
1.206684691458940473e-01
1.241246132180094663e-01
1.300254862755537144e-01
1.300048717111349228e-01
1.291394524648785680e-01
9.832353090867400336e-02
1.065909423306584392e-01
1.110069203376770064e-01
1.082043758034706149e-01
1.138784845918417027e-01
1.143906516581773697e-01
1.130474871024489403e-01
1.050930751487612752e-01
1.104465775936842031e-01
9.383054938167333103e-02
9.794208128005266190e-02
9.643296007066964881e-02
9.708752982318401281e-02
9.249505333602428547e-02
9.967835184186696340e-02
1.000046576932072662e-01
1.025558393821120323e-01
9.974775318056344764e-02
8.274748250842094144e-02
8.737935604527592715e-02
8.974903715774416868e-02
9.098694670945406404e-02
8.934748545289039612e-02
8.925775125622749384e-02
9.055298322811722311e-02
8.490076702088117377e-02
9.637342516332864095e-02
9.998667011037469521e-02
1.204106892086565517e-01
1.143622416071593817e-01
1.134593508951365903e-01
1.108170400373637704e-01
1.245300247985869635e-01
1.241065254062414108e-01
1.133188376948237458e-01
1.157349982857704129e-01
8.283292906358838414e-02
6.595073964446783454e-02
8.542422682978212389e-02
9.287139644846320596e-02
8.500407841987907276e-02
8.641301112249494265e-02
9.650957787409425448e-02
8.590272643603384661e-02
9.067166363820433617e-02
5.505416677333414832e-02
6.035308092716149680e-02
5.891238952055573297e-02
7.175788124091923847e-02
8.042144920211286019e-02
6.736723964568228085e-02
7.563535655848681316e-02
6.982848061248660143e-02
7.976194854825735536e-02
5.684803016018122324e-02
5.537634900538250526e-02
4.740743689704686459e-02
5.974575525382533336e-02
4.510660069645382186e-02
5.835011383984237826e-02
6.437189798802137042e-02
6.726799363968893886e-02
5.907839132472872401e-02
4.203779021278023637e-02
4.883668211987242380e-02
5.032412331318483062e-02
4.681574163958430318e-02
3.964448536746204010e-02
5.213204495841636948e-02
6.471474631223828045e-02
5.156574587803333665e-02
6.412196435034274444e-02
3.803789095953107047e-02
3.691705682431347529e-02
4.060665003373287868e-02
5.041621824551839604e-02
4.196837084949947561e-02
5.174651215784251829e-02
5.756521299714222745e-02
5.605670225690118774e-02
4.309147831518202881e-02
3.615500441985204649e-02
3.255794894881546692e-02
4.805569521908182457e-02
4.034246954368427701e-02
4.245194586983416091e-02
4.340175990859279631e-02
4.490812126663513287e-02
4.242461383924819862e-02
5.275354651326779470e-02
3.909303305961657482e-02
3.532132247230038158e-02
2.748268243842176203e-02
4.239106953202281119e-02
4.504102264065295430e-02
3.792160719691309995e-02
3.898727413848973589e-02
3.634097423637285690e-02
4.352239110507070963e-02
