7.633161184191703530e-01
4.118264043331146262e-01
3.462467429041862221e-01
2.933914981782436149e-01
2.958908270299434595e-01
2.652855789661407448e-01
2.594605334848165690e-01
2.330779210478067520e-01
2.258075434714555685e-01
2.008524960279464699e-01
1.924088799208402700e-01
1.901790045201778301e-01
1.955348937958479028e-01
1.827276840806007496e-01
1.749146234989166215e-01
1.785069914907216893e-01
1.789415451884269759e-01
1.828234098851680700e-01
1.489556305110454615e-01
1.549068496376276027e-01
1.466016734391450971e-01
1.427249263972044102e-01
1.448377559334039777e-01
1.450569775700569219e-01
1.375306658074259836e-01
1.578443513065576620e-01
1.466530116647482007e-01
1.257031278312206179e-01
1.232870543003082298e-01
1.230896476469933998e-01
1.194690387323498748e-01
1.226125653460621856e-01
1.187864476814866066e-01
1.240037825703620977e-01
1.340529474243521701e-01
1.308187448978423983e-01
1.066308661177754469e-01
1.098890938982367560e-01
1.078475385531783154e-01
1.097540863975882547e-01
1.021275299042463253e-01
1.120059342309832617e-01
1.127448010817170138e-01
1.118347376585006742e-01
1.134896048903465265e-01
1.240060441754758380e-01
1.429906839504838101e-01
1.426226769387722026e-01
1.390988413896411535e-01
1.433648981526494115e-01
1.346573276445269529e-01
1.352763708867132653e-01
1.374890557490289211e-01
1.394920679926872353e-01
1.025322567671537455e-01
9.795624986290932257e-02
1.020317760668695006e-01
1.032965728826820834e-01
9.967905079945921232e-02
1.176870304625481367e-01
1.107191303092986412e-01
1.133521926775574729e-01
1.147034947015345141e-01
8.171548116020858898e-02
8.134216847829520147e-02
8.302739206701517660e-02
8.163551338948309144e-02
8.051117217168211881e-02
8.893656333908438183e-02
9.038277235813438337e-02
9.289505933411419669e-02
8.267744459211825991e-02
5.807726120110601187e-02
6.063693894539028129e-02
6.134354242123663675e-02
6.932235565502196939e-02
6.981439726892858799e-02
6.377253946848213118e-02
7.705022663343698286e-02
7.798054281622171513e-02
7.816569637507200796e-02
5.538456533511634805e-02
5.813694337382912386e-02
5.196947440039366428e-02
7.079837786033749136e-02
5.193434122949838749e-02
6.597267091623507107e-02
6.536178005393594725e-02
6.712499038316309397e-02
5.863119546789676007e-02
4.365716811735183278e-02
4.160294351633637977e-02
4.578133950592018497e-02
5.430451256805099436e-02
4.827381870243698664e-02
4.646383047103881669e-02
5.207974824588745832e-02
5.492237650789320164e-02
5.065537361428141400e-02
4.138503011781722446e-02
4.018399407621472963e-02
4.604985789163038024e-02
4.566992165870033260e-02
4.016251657158136090e-02
3.682576241903007253e-02
5.505547646433114894e-02
4.715541482786647642e-02
5.932749697705731046e-02
3.566357751609757626e-02
3.474980823550140319e-02
3.687804614775814366e-02
4.481285681715235086e-02
5.254724993137642464e-02
3.524309681961312890e-02
4.363962159608490710e-02
4.814412786625325846e-02
4.738989858073182349e-02
3.576084203319623844e-02
4.125617730314843495e-02
3.007182542831287816e-02
3.935227038629818958e-02
3.322738927759928684e-02
3.437812039279378867e-02
3.398665494518354757e-02
4.128904195851646614e-02
4.107885861012618850e-02
3.138040766498306766e-02
2.387634306214749674e-02
2.646250706995488186e-02
3.855845819227397137e-02
3.712829411757411630e-02
4.441573468298884442e-02
4.339670678455150032e-02
3.789465467445552599e-02
4.695628346409648490e-02
