1.272967602610588056e+00
9.964649146795272472e-01
8.810749244689941584e-01
8.284638178348541215e-01
7.708992052078247337e-01
7.454128885269164506e-01
7.335417091846465620e-01
6.737990832328796253e-01
6.570595210790634022e-01
6.532128262519836248e-01
6.456904184818267334e-01
6.453515097498894182e-01
6.466243678331374811e-01
6.429031354188918801e-01
5.845169532299041570e-01
5.777469637989998130e-01
5.871768862009048018e-01
5.908887189626693681e-01
5.985250920057296753e-01
5.880686637759208191e-01
5.832706859707832425e-01
5.275897404551506131e-01
5.422956642508506286e-01
5.413892692327499923e-01
5.385601177811623064e-01
5.436246064305305659e-01
5.354124543070792885e-01
5.391007608175277799e-01
5.199685895442962558e-01
5.326372510194778975e-01
5.217307689785957159e-01
5.037756961584091142e-01
4.697837132215499922e-01
4.781078416109085238e-01
4.679642732441425257e-01
2.423503676801919970e-01
2.489998230338096585e-01
2.608301431685686178e-01
2.598569955676793830e-01
2.746323069185018784e-01
2.746912452578544883e-01
2.623383309692144394e-01
1.507479254156351145e-01
1.450085850432515089e-01
1.632637078687548537e-01
1.638699055835604601e-01
1.620400452986359707e-01
1.908538223430514269e-01
1.823740846663713389e-01
1.044575720280408876e-01
1.111940631084144121e-01
1.309835220128297839e-01
1.398648811876773701e-01
1.361183388344943401e-01
1.366488909162580923e-01
1.512760584242641981e-01
9.491534061729907379e-02
1.041341933142393844e-01
9.624007632955908220e-02
9.837129745632409994e-02
1.062401752173900565e-01
1.191663508862256943e-01
1.268725379928946628e-01
7.226264393888413851e-02
8.713469535578041714e-02
8.544747453182935382e-02
8.840612630825489537e-02
9.521481932140886395e-02
1.052524363994598450e-01
1.082821675948798662e-01
8.915663692168891707e-02
7.722357557620852797e-02
1.012961672246456141e-01
8.855768034700303715e-02
9.434324662201105938e-02
7.931073396001010745e-02
1.010560798831284107e-01
6.643396354280411975e-02
6.634268732275813707e-02
8.432310567237437382e-02
7.982097387779503450e-02
8.287465844769030532e-02
9.467217105440794978e-02
9.067814861424267070e-02
7.388483220711350441e-02
7.748216215288267206e-02
6.687745563685894290e-02
7.046804409939795566e-02
7.360705852974205876e-02
9.490122024202719830e-02
1.131665749195963078e-01
6.699263525195420232e-02
6.538427154067903702e-02
6.559573869220912401e-02
6.203137970063835049e-02
8.848000278230756799e-02
8.235444291494786739e-02
9.175922060385346968e-02
6.307897797552869390e-02
6.407264117151498239e-02
5.606828252552076980e-02
6.156054639257490385e-02
7.253462532418780695e-02
7.572879285318777354e-02
7.459282401017844344e-02
