1.818998875617980904e+00
1.473875924348831079e+00
1.339506405591964766e+00
1.191318511962890625e+00
1.103156319260597318e+00
1.044068419337272680e+00
9.799482136964797752e-01
8.373773825168610019e-01
8.237307965755462646e-01
7.882670027017593117e-01
8.167427521944046198e-01
7.797084099054336637e-01
7.752391645312308732e-01
7.248514991998672441e-01
6.149712616205215143e-01
5.909410315752029463e-01
5.915349528193474260e-01
5.658003044128417924e-01
5.672673276066779735e-01
5.816127526760100919e-01
5.580019918084144770e-01
4.078919884562492437e-01
4.523545458912849315e-01
4.209732048213482014e-01
4.466054995357990332e-01
4.593241707980632582e-01
4.417650254070759064e-01
4.591955044865608238e-01
2.579460195451974691e-01
2.634930167347192542e-01
2.757072896510362470e-01
3.165128189325332464e-01
3.161508418619632943e-01
3.336785541102290087e-01
3.327084771543741271e-01
1.959670017659664032e-01
1.856531028449535381e-01
1.917807393521070436e-01
2.108800491318106596e-01
2.169275594502687587e-01
2.308421530574560065e-01
2.356837791949510652e-01
1.344428410008549624e-01
1.472025490924716018e-01
1.439797168597579113e-01
1.576888506114483002e-01
1.832977224886417345e-01
1.659906338155269501e-01
1.835637735575437468e-01
1.068341154418885747e-01
9.931747389957308603e-02
1.094570577051490606e-01
1.421571806259453175e-01
1.405006000027060609e-01
1.377245791628956828e-01
1.471392873488366615e-01
1.222341244202107130e-01
9.245546687394380625e-02
1.100304531864821911e-01
1.185611876659095343e-01
1.410979355871677388e-01
1.197715261671692122e-01
1.196902546472847495e-01
8.920551304705441609e-02
8.804574123583734646e-02
1.281679753866046545e-01
1.101919453404843763e-01
9.971412495709955359e-02
9.557217152789235226e-02
1.297639783192426066e-01
8.124021273106336871e-02
9.439829434733837399e-02
1.058030329551547799e-01
1.085908836033195324e-01
1.028833775594830552e-01
1.145141624286770826e-01
1.066668995656073066e-01
7.628715158440173283e-02
7.459472184069454448e-02
8.205159622244537210e-02
9.885693151503800735e-02
8.040577740408480500e-02
9.894634035881608169e-02
1.000347554963082058e-01
7.666835736483335051e-02
8.390992131084203109e-02
9.099382427055388578e-02
1.026698061358183589e-01
8.506726519670337883e-02
9.770903467200696413e-02
1.033075644541531779e-01
7.562843348365276552e-02
6.461699298117309920e-02
7.735183528624474392e-02
6.851424343883991130e-02
8.320795762818306018e-02
9.798967793583869546e-02
9.460382092744111515e-02
5.242628109874204051e-02
6.909128205617889873e-02
8.608975890325382130e-02
7.451562208589165848e-02
6.874619146343320664e-02
1.144859939208254240e-01
8.640351673588156367e-02
