5.565544092655181352e-01
2.152688591182231881e-01
1.611715176701545849e-01
1.376815614849329072e-01
1.146876145526766755e-01
9.857172735035418798e-02
9.830695170909166392e-02
9.426897644996642955e-02
8.747399158775806538e-02
7.895590309053659994e-02
7.533279802650212631e-02
7.612395308911799885e-02
7.431629136204719044e-02
7.355182126164436229e-02
7.231789555400609804e-02
7.128723390400409921e-02
7.308253038674593360e-02
6.671914627775549222e-02
6.187665138393640823e-02
6.281237788498401919e-02
6.360107123851775623e-02
6.172761492431164121e-02
6.386738270521163940e-02
5.972649186849594144e-02
6.420648865401744343e-02
6.235497513785958484e-02
6.549603398889303207e-02
5.803720086812973189e-02
5.661403013393282585e-02
5.535870147868991037e-02
5.802966477349400659e-02
5.767425518482923591e-02
5.494023784995079318e-02
5.347848221659660256e-02
5.700907522812485861e-02
5.464970186352730019e-02
5.168187849223613434e-02
5.106608388945460542e-02
5.422119222581386899e-02
5.010359434410929791e-02
5.461562111973762568e-02
5.355151705443859239e-02
5.399802960455417356e-02
5.288709329441190071e-02
5.117680814117193250e-02
2.766859243810176894e-01
2.629841493815183728e-01
2.495909448713064249e-01
2.462505105137824946e-01
2.245221667736768678e-01
2.140852738544344880e-01
2.004331213980913295e-01
2.115416131168603997e-01
2.162324780598282870e-01
1.644583830982446759e-01
1.517686704918742302e-01
1.677976873144507441e-01
1.659543541073799089e-01
1.857208401709795065e-01
1.565233631804585357e-01
1.700393015518784634e-01
1.650503187626600199e-01
1.634781733155250549e-01
1.356017765775322792e-01
1.217066606134176304e-01
1.248074290715158047e-01
1.239922998286783762e-01
1.280430363491177614e-01
1.234910628758370821e-01
1.303198247775435581e-01
1.393951007537543862e-01
1.387806574255228131e-01
9.103841019794345346e-02
9.984053948894143493e-02
1.010364998411387161e-01
1.019975910708308259e-01
1.041666839132085465e-01
9.119177546352147390e-02
1.021551653929054781e-01
1.126930293813347833e-01
1.111924871429800926e-01
6.376283333636820205e-02
7.122310549952089176e-02
7.623921177349984868e-02
6.843901707790792099e-02
7.882097624707967709e-02
7.826533617451786329e-02
9.041922811418771910e-02
8.201372520998120863e-02
8.889591970480978378e-02
5.699827159289270334e-02
5.491658791899681202e-02
5.977291640359908009e-02
5.980360007379204035e-02
6.056827796157449734e-02
5.996322467457503025e-02
7.185726072173564960e-02
6.420230720192193763e-02
6.628796629607677793e-02
4.116926720831542985e-02
4.624560664175078606e-02
5.246636498777661195e-02
4.920898713171482225e-02
5.034637716831639326e-02
4.690334160346537606e-02
5.207704669330268793e-02
5.670044777245493439e-02
6.806961700785904568e-02
3.793773562298156238e-02
4.006130366935394677e-02
3.895888462662697171e-02
3.773295212769881002e-02
5.165003903908654825e-02
6.032223732909187952e-02
4.149457553634419704e-02
5.015181548544205697e-02
4.631861648405902199e-02
3.409824364236555688e-02
2.981712903303559981e-02
3.945892641553655489e-02
4.424533653422258600e-02
3.907890917733311542e-02
4.295229961629956628e-02
4.869664195692166575e-02
3.944702683598734494e-02
4.344133380334824074e-02
2.895303725381381810e-02
3.606532440171576759e-02
3.370431332965381777e-02
3.067543733850470675e-02
4.444264127640053935e-02
4.050276951747946302e-02
3.987433764967136113e-02
3.195441596675663992e-02
3.878490752889774545e-02
