9.728189706802368164e-01
9.639590382575988770e-01
9.550251960754394531e-01
9.444882869720458984e-01
9.354109764099121094e-01
9.213387966156005859e-01
9.097360968589782715e-01
8.942459821701049805e-01
8.800595998764038086e-01
8.623021245002746582e-01
8.442862629890441895e-01
8.229002356529235840e-01
8.003903627395629883e-01
7.736799716949462891e-01
7.511323690414428711e-01
7.262708544731140137e-01
6.975948810577392578e-01
6.810107827186584473e-01
6.530768275260925293e-01
6.398416161537170410e-01
6.162446141242980957e-01
6.076416969299316406e-01
5.879171490669250488e-01
5.798984766006469727e-01
5.619941353797912598e-01
5.541461110115051270e-01
5.459815263748168945e-01
5.409789085388183594e-01
5.320894718170166016e-01
5.185735225677490234e-01
5.264266133308410645e-01
4.982234835624694824e-01
4.952811598777770996e-01
4.847697317600250244e-01
4.703037142753601074e-01
4.649729132652282715e-01
4.715575873851776123e-01
4.705373644828796387e-01
4.560342431068420410e-01
4.685508608818054199e-01
4.683462381362915039e-01
4.544909000396728516e-01
4.510383605957031250e-01
4.458748102188110352e-01
4.523002505302429199e-01
4.424515962600708008e-01
4.484933316707611084e-01
4.387996494770050049e-01
4.313286840915679932e-01
4.345914423465728760e-01
4.415412247180938721e-01
4.278905689716339111e-01
4.290323257446289062e-01
4.223611056804656982e-01
4.166684448719024658e-01
4.211384654045104980e-01
4.183237850666046143e-01
4.164055585861206055e-01
4.135985374450683594e-01
4.177334904670715332e-01
4.135814309120178223e-01
4.098426401615142822e-01
4.076566994190216064e-01
4.019154608249664307e-01
4.042620360851287842e-01
4.043290913105010986e-01
4.032727777957916260e-01
3.980990350246429443e-01
4.026377499103546143e-01
3.998542129993438721e-01
3.922315239906311035e-01
4.010017812252044678e-01
3.951031565666198730e-01
3.931896686553955078e-01
3.942514061927795410e-01
3.913896083831787109e-01
3.909292221069335938e-01
3.910288512706756592e-01
3.911971151828765869e-01
3.900560736656188965e-01
3.842833340167999268e-01
3.828952312469482422e-01
3.865848183631896973e-01
3.826235234737396240e-01
3.802408576011657715e-01
3.868727684020996094e-01
3.854615986347198486e-01
3.801785409450531006e-01
3.803435862064361572e-01
3.777663111686706543e-01
3.811950087547302246e-01
3.730005323886871338e-01
3.724519908428192139e-01
3.720455169677734375e-01
3.707853555679321289e-01
3.708944618701934814e-01
3.706297874450683594e-01
3.763002753257751465e-01
3.702982068061828613e-01
3.687724173069000244e-01
3.685428500175476074e-01
3.629492521286010742e-01
3.659917712211608887e-01
3.683967590332031250e-01
3.636647760868072510e-01
3.629376590251922607e-01
3.609616458415985107e-01
3.597097098827362061e-01
3.611814677715301514e-01
3.577347695827484131e-01
3.523214459419250488e-01
3.572087287902832031e-01
3.591959476470947266e-01
3.549036085605621338e-01
3.591430187225341797e-01
3.587737679481506348e-01
3.498591184616088867e-01
3.515802621841430664e-01
3.502056002616882324e-01
3.521633744239807129e-01
3.484691679477691650e-01
3.484677374362945557e-01
3.490632474422454834e-01
3.451704084873199463e-01
3.518188893795013428e-01
3.435487449169158936e-01
3.420276641845703125e-01
3.417457938194274902e-01
3.396938443183898926e-01
3.439138233661651611e-01
3.416062891483306885e-01
3.372163474559783936e-01
3.412027657032012939e-01
3.410451412200927734e-01
3.366312086582183838e-01
3.390288650989532471e-01
3.331331312656402588e-01
3.351608514785766602e-01
3.349773585796356201e-01
3.371916711330413818e-01
3.355114161968231201e-01
3.323682844638824463e-01
3.313784897327423096e-01
3.338419198989868164e-01
3.268921971321105957e-01
3.273971974849700928e-01
3.292184174060821533e-01
3.273842036724090576e-01
3.265705406665802002e-01
3.287270069122314453e-01
3.258239924907684326e-01
3.198406994342803955e-01
3.250654935836791992e-01
3.259008526802062988e-01
3.247919976711273193e-01
3.236343264579772949e-01
3.252322673797607422e-01
3.201503455638885498e-01
3.197316527366638184e-01
3.197927176952362061e-01
3.202766776084899902e-01
3.182969391345977783e-01
3.151315450668334961e-01
3.168889284133911133e-01
3.157975971698760986e-01
3.163384497165679932e-01
3.140445351600646973e-01
3.170043826103210449e-01
3.119544386863708496e-01
3.131144642829895020e-01
3.124698698520660400e-01
3.124646544456481934e-01
3.101208508014678955e-01
3.116891980171203613e-01
3.097009062767028809e-01
3.084884285926818848e-01
3.059799373149871826e-01
3.111785352230072021e-01
3.107702732086181641e-01
3.082153797149658203e-01
3.054442405700683594e-01
3.084952533245086670e-01
3.047753572463989258e-01
3.082086741924285889e-01
3.047518134117126465e-01
3.029560446739196777e-01
3.037190437316894531e-01
2.980513870716094971e-01
3.027599155902862549e-01
2.999499440193176270e-01
3.017305135726928711e-01
2.978454828262329102e-01
3.004605770111083984e-01
3.017711341381072998e-01
2.988735139369964600e-01
2.999670505523681641e-01
2.961500585079193115e-01
3.003365397453308105e-01
2.922511398792266846e-01
2.952997684478759766e-01
2.950200438499450684e-01
2.909208238124847412e-01
2.964739203453063965e-01
2.956334650516510010e-01
2.947315573692321777e-01
2.895740866661071777e-01
2.897025644779205322e-01
2.951918244361877441e-01
2.943449318408966064e-01
2.876038253307342529e-01
2.893881499767303467e-01
2.933245301246643066e-01
2.887247502803802490e-01
2.871280312538146973e-01
2.906472980976104736e-01
2.880413234233856201e-01
2.872264981269836426e-01
2.895105481147766113e-01
2.863978445529937744e-01
2.887529134750366211e-01
2.846450209617614746e-01
2.847235202789306641e-01
2.833312153816223145e-01
2.832229733467102051e-01
2.835562825202941895e-01
2.826964259147644043e-01
2.828805744647979736e-01
2.788508832454681396e-01
2.835312187671661377e-01
2.823446393013000488e-01
2.822226285934448242e-01
2.775271832942962646e-01
2.781957983970642090e-01
2.812422513961791992e-01
2.806331813335418701e-01
2.786621153354644775e-01
2.786575555801391602e-01
2.791937887668609619e-01
2.764114439487457275e-01
2.796810865402221680e-01
2.775931358337402344e-01
2.774513065814971924e-01
2.781300544738769531e-01
2.745580673217773438e-01
2.737433612346649170e-01
2.748253345489501953e-01
2.736627459526062012e-01
2.764027416706085205e-01
2.729232311248779297e-01
2.715784609317779541e-01
2.705001235008239746e-01
2.713348269462585449e-01
2.708770632743835449e-01
2.745288908481597900e-01
2.718240022659301758e-01
2.707733213901519775e-01
2.697196900844573975e-01
2.731529474258422852e-01
2.694271802902221680e-01
2.654145658016204834e-01
2.668724060058593750e-01
2.667723596096038818e-01
2.694022953510284424e-01
2.676135897636413574e-01
2.667406201362609863e-01
2.634621858596801758e-01
2.643074095249176025e-01
2.661934196949005127e-01
2.660053372383117676e-01
2.621058523654937744e-01
2.654167711734771729e-01
2.671836316585540771e-01
2.638210952281951904e-01
2.663704156875610352e-01
2.624951601028442383e-01
2.601667642593383789e-01
2.614521384239196777e-01
2.640883326530456543e-01
2.650845050811767578e-01
2.605453729629516602e-01
2.621504366397857666e-01
2.614962458610534668e-01
2.574463486671447754e-01
2.608782649040222168e-01
2.587087750434875488e-01
2.627061009407043457e-01
2.601627707481384277e-01
2.615491747856140137e-01
2.587632834911346436e-01
2.568536400794982910e-01
2.605148255825042725e-01
2.580610513687133789e-01
2.579264640808105469e-01
2.590189576148986816e-01
2.572699189186096191e-01
2.546747028827667236e-01
2.563316226005554199e-01
2.547924518585205078e-01
2.588580548763275146e-01
2.565799355506896973e-01
2.554791867733001709e-01
2.564666569232940674e-01
2.516276836395263672e-01
2.539703249931335449e-01
2.537372112274169922e-01
2.592379450798034668e-01
2.525584697723388672e-01
2.565445005893707275e-01
2.542007565498352051e-01
2.534424960613250732e-01
2.510015964508056641e-01
2.553395926952362061e-01
2.551245093345642090e-01
2.508006095886230469e-01
2.518730461597442627e-01
2.543931305408477783e-01
2.517281174659729004e-01
2.520049214363098145e-01
2.528220415115356445e-01
2.478396743535995483e-01
2.554096579551696777e-01
2.522664070129394531e-01
2.504797279834747314e-01
2.495215684175491333e-01
2.512450516223907471e-01
2.495833784341812134e-01
2.486667782068252563e-01
2.488683611154556274e-01
2.494494616985321045e-01
2.482430785894393921e-01
2.446371316909790039e-01
2.484971284866333008e-01
2.479988336563110352e-01
2.526033818721771240e-01
2.480853646993637085e-01
2.483699768781661987e-01
2.481545656919479370e-01
2.505582571029663086e-01
2.484383881092071533e-01
2.451547533273696899e-01
2.502942979335784912e-01
2.458608895540237427e-01
2.462571561336517334e-01
2.464649230241775513e-01
2.466400563716888428e-01
2.467177957296371460e-01
2.439484000205993652e-01
2.476966977119445801e-01
2.470552176237106323e-01
2.477563619613647461e-01
2.467404901981353760e-01
2.472433000802993774e-01
2.499501258134841919e-01
2.426607012748718262e-01
2.455709129571914673e-01
2.443248182535171509e-01
2.448022961616516113e-01
2.461723834276199341e-01
2.469220757484436035e-01
2.472000122070312500e-01
2.436046004295349121e-01
2.442985475063323975e-01
2.436535507440567017e-01
2.459321618080139160e-01
2.433613389730453491e-01
2.428328245878219604e-01
2.439468204975128174e-01
2.421113103628158569e-01
2.446404397487640381e-01
2.399792969226837158e-01
2.422684729099273682e-01
2.429085522890090942e-01
2.437140643596649170e-01
2.429167032241821289e-01
2.409320175647735596e-01
2.400405108928680420e-01
2.436095923185348511e-01
2.422436177730560303e-01
2.404147237539291382e-01
2.416846454143524170e-01
2.438470274209976196e-01
2.386542260646820068e-01
2.411710321903228760e-01
2.410262078046798706e-01
2.415752708911895752e-01
2.375625669956207275e-01
2.411090880632400513e-01
2.399825006723403931e-01
2.399099469184875488e-01
2.382659316062927246e-01
2.412924319505691528e-01
2.391337603330612183e-01
2.394703179597854614e-01
2.424969822168350220e-01
2.384493947029113770e-01
2.391429841518402100e-01
2.424311935901641846e-01
2.410878390073776245e-01
2.353110313415527344e-01
2.397742420434951782e-01
2.381384521722793579e-01
2.366009056568145752e-01
2.375366538763046265e-01
2.400567829608917236e-01
2.373667359352111816e-01
2.389520555734634399e-01
2.377783954143524170e-01
2.379391640424728394e-01
2.367728948593139648e-01
2.358305156230926514e-01
2.364424318075180054e-01
2.393310219049453735e-01
2.371091395616531372e-01
2.381254136562347412e-01
2.398057729005813599e-01
2.350470125675201416e-01
2.369579076766967773e-01
2.351825684309005737e-01
2.339831441640853882e-01
2.373172640800476074e-01
2.364809662103652954e-01
2.379826903343200684e-01
2.370720058679580688e-01
2.365874201059341431e-01
2.353986948728561401e-01
2.365909665822982788e-01
2.364489138126373291e-01
2.355616837739944458e-01
2.333994954824447632e-01
2.329513281583786011e-01
2.358141392469406128e-01
2.334768474102020264e-01
2.352658063173294067e-01
2.365887314081192017e-01
2.345871031284332275e-01
2.324434518814086914e-01
2.342256605625152588e-01
2.370235472917556763e-01
2.334611266851425171e-01
2.340268045663833618e-01
2.304846346378326416e-01
2.346393018960952759e-01
2.315556406974792480e-01
2.354845106601715088e-01
2.325628995895385742e-01
2.349507808685302734e-01
2.342384010553359985e-01
2.332040965557098389e-01
2.327502518892288208e-01
2.342838793992996216e-01
2.341745346784591675e-01
2.305401116609573364e-01
2.332505136728286743e-01
2.348468601703643799e-01
2.307679951190948486e-01
2.317261546850204468e-01
2.322818934917449951e-01
2.320273965597152710e-01
2.313709408044815063e-01
2.296171039342880249e-01
2.278357446193695068e-01
2.307751476764678955e-01
2.326129376888275146e-01
2.308953106403350830e-01
2.312188595533370972e-01
2.314001917839050293e-01
2.301864475011825562e-01
2.310473322868347168e-01
2.326738387346267700e-01
2.308174818754196167e-01
2.317218929529190063e-01
2.305925041437149048e-01
2.278153747320175171e-01
2.312293052673339844e-01
2.306886911392211914e-01
2.324575036764144897e-01
2.289978861808776855e-01
2.313591539859771729e-01
2.297298461198806763e-01
2.295591086149215698e-01
2.278368771076202393e-01
2.290615141391754150e-01
2.283122688531875610e-01
2.299915999174118042e-01
2.288429886102676392e-01
2.282464504241943359e-01
2.294904738664627075e-01
2.300748974084854126e-01
2.313566207885742188e-01
2.271556556224822998e-01
2.308218628168106079e-01
2.278400659561157227e-01
2.280050069093704224e-01
2.291980683803558350e-01
2.305078655481338501e-01
2.296144664287567139e-01
2.316367030143737793e-01
2.277971506118774414e-01
2.283367663621902466e-01
2.260099053382873535e-01
2.268608361482620239e-01
2.264737486839294434e-01
2.288448065519332886e-01
2.267870754003524780e-01
2.253978550434112549e-01
2.264432162046432495e-01
2.275282144546508789e-01
2.287135869264602661e-01
2.228852808475494385e-01
2.258900254964828491e-01
2.277930080890655518e-01
2.282931655645370483e-01
2.268371582031250000e-01
2.290438413619995117e-01
2.245052456855773926e-01
2.271369695663452148e-01
2.265297621488571167e-01
2.232837975025177002e-01
2.273186147212982178e-01
2.221163809299468994e-01
2.293930947780609131e-01
2.277640700340270996e-01
2.218293249607086182e-01
2.266937643289566040e-01
2.263424843549728394e-01
2.234440892934799194e-01
2.241087853908538818e-01
2.263042777776718140e-01
2.240109443664550781e-01
2.259476184844970703e-01
2.248272448778152466e-01
2.231770604848861694e-01
2.253976911306381226e-01
2.240002155303955078e-01
2.268048673868179321e-01
2.315710633993148804e-01
2.239835262298583984e-01
2.265484631061553955e-01
2.243345379829406738e-01
2.222978174686431885e-01
2.241435796022415161e-01
2.210436910390853882e-01
2.282793074846267700e-01
2.246756255626678467e-01
2.239467352628707886e-01
2.250369936227798462e-01
2.259960323572158813e-01
2.236340790987014771e-01
2.220494896173477173e-01
2.256329804658889771e-01
2.244859635829925537e-01
2.234126627445220947e-01
2.229363769292831421e-01
2.227136790752410889e-01
2.228804975748062134e-01
2.226196825504302979e-01
2.241204679012298584e-01
2.232662290334701538e-01
2.238916307687759399e-01
2.217046022415161133e-01
2.236067354679107666e-01
2.236166298389434814e-01
2.227874696254730225e-01
2.231083959341049194e-01
2.214351296424865723e-01
2.234220653772354126e-01
2.251317501068115234e-01
2.206065356731414795e-01
2.211695164442062378e-01
2.222593575716018677e-01
2.223266959190368652e-01
2.226179689168930054e-01
2.211621850728988647e-01
2.241687923669815063e-01
2.202556878328323364e-01
2.204621285200119019e-01
2.209825962781906128e-01
2.216448038816452026e-01
2.204790711402893066e-01
2.213575243949890137e-01
2.200727909803390503e-01
2.229861915111541748e-01
2.217178940773010254e-01
2.192764282226562500e-01
2.205659598112106323e-01
2.210814654827117920e-01
2.224387377500534058e-01
2.209965437650680542e-01
2.210029959678649902e-01
2.198363840579986572e-01
2.186387628316879272e-01
2.217789441347122192e-01
2.188952416181564331e-01
2.217693477869033813e-01
2.189694792032241821e-01
2.169490009546279907e-01
2.195676267147064209e-01
2.171673178672790527e-01
2.219728678464889526e-01
2.194385081529617310e-01
2.209487855434417725e-01
2.176396548748016357e-01
2.180631905794143677e-01
2.213892340660095215e-01
2.172140032052993774e-01
2.204046696424484253e-01
2.196505963802337646e-01
2.192397564649581909e-01
2.213140875101089478e-01
2.193446606397628784e-01
2.196322381496429443e-01
2.178282737731933594e-01
2.199627906084060669e-01
2.180398702621459961e-01
2.194198220968246460e-01
2.180806845426559448e-01
2.206458300352096558e-01
2.168324440717697144e-01
2.211131453514099121e-01
2.173632681369781494e-01
2.160306572914123535e-01
2.198239713907241821e-01
2.161017954349517822e-01
2.162437438964843750e-01
2.172428965568542480e-01
2.188384532928466797e-01
2.182389199733734131e-01
2.191656529903411865e-01
2.198862880468368530e-01
2.164483964443206787e-01
2.177832424640655518e-01
2.175581753253936768e-01
2.159520685672760010e-01
2.171407192945480347e-01
2.156174927949905396e-01
2.163971960544586182e-01
2.180319875478744507e-01
2.169054448604583740e-01
2.153571695089340210e-01
2.185426056385040283e-01
2.168094068765640259e-01
2.177613973617553711e-01
2.184618711471557617e-01
2.175415605306625366e-01
2.158265709877014160e-01
2.164519876241683960e-01
2.168502807617187500e-01
2.159049063920974731e-01
2.179811447858810425e-01
2.142633497714996338e-01
2.161080390214920044e-01
2.144464403390884399e-01
2.154982388019561768e-01
2.181115299463272095e-01
2.179686427116394043e-01
2.174904495477676392e-01
2.139730155467987061e-01
2.150318920612335205e-01
2.137224376201629639e-01
2.157578617334365845e-01
2.156625688076019287e-01
2.154804319143295288e-01
2.155766040086746216e-01
2.140620648860931396e-01
2.141803056001663208e-01
2.138040959835052490e-01
2.136228233575820923e-01
2.158838212490081787e-01
2.166705578565597534e-01
2.165916860103607178e-01
2.162526100873947144e-01
2.132585048675537109e-01
2.139594554901123047e-01
2.118532061576843262e-01
2.147911190986633301e-01
2.101710438728332520e-01
2.113671898841857910e-01
2.162996232509613037e-01
2.155296653509140015e-01
2.148305326700210571e-01
2.142812758684158325e-01
2.126333862543106079e-01
2.134743332862854004e-01
2.128759920597076416e-01
2.148421257734298706e-01
2.158543318510055542e-01
2.143841683864593506e-01
2.149748653173446655e-01
2.136003971099853516e-01
2.125390321016311646e-01
2.124911099672317505e-01
2.135513424873352051e-01
2.142146378755569458e-01
2.138656824827194214e-01
2.113652527332305908e-01
2.137237340211868286e-01
2.140326648950576782e-01
2.134089022874832153e-01
2.148833423852920532e-01
2.123506069183349609e-01
2.115110605955123901e-01
2.126614004373550415e-01
2.118512392044067383e-01
2.134479135274887085e-01
2.107475847005844116e-01
2.125623375177383423e-01
2.134589552879333496e-01
2.116703242063522339e-01
2.090811282396316528e-01
2.108619660139083862e-01
2.129099816083908081e-01
2.111779153347015381e-01
2.110715210437774658e-01
2.129081785678863525e-01
2.123736292123794556e-01
2.131600826978683472e-01
2.117415070533752441e-01
2.120734304189682007e-01
2.128053605556488037e-01
2.105232775211334229e-01
2.115340977907180786e-01
2.094905972480773926e-01
2.098747193813323975e-01
2.134049236774444580e-01
2.101267576217651367e-01
2.109182029962539673e-01
2.077758014202117920e-01
2.100812643766403198e-01
2.117071300745010376e-01
2.100618332624435425e-01
2.113051861524581909e-01
2.095170468091964722e-01
2.090440988540649414e-01
2.107428163290023804e-01
2.097445726394653320e-01
2.096437364816665649e-01
2.093055844306945801e-01
2.077537775039672852e-01
2.090057134628295898e-01
2.090583592653274536e-01
2.091079652309417725e-01
2.105003744363784790e-01
2.126202583312988281e-01
2.101817578077316284e-01
2.084642648696899414e-01
2.114274501800537109e-01
2.093596309423446655e-01
2.069248855113983154e-01
2.090594023466110229e-01
2.100555151700973511e-01
2.098449021577835083e-01
2.086356729269027710e-01
2.087457478046417236e-01
2.085015922784805298e-01
2.096187770366668701e-01
2.122435718774795532e-01
2.100058346986770630e-01
2.078774273395538330e-01
2.068995386362075806e-01
2.103800475597381592e-01
2.103208452463150024e-01
2.093838006258010864e-01
2.093656957149505615e-01
2.073926478624343872e-01
2.103804051876068115e-01
2.100916057825088501e-01
2.085208892822265625e-01
2.087143063545227051e-01
2.077395021915435791e-01
2.068798840045928955e-01
2.066017091274261475e-01
2.086290270090103149e-01
2.074957638978958130e-01
2.093712389469146729e-01
2.070369571447372437e-01
2.084482610225677490e-01
2.090531289577484131e-01
2.066822350025177002e-01
2.110967189073562622e-01
2.091414779424667358e-01
2.100930511951446533e-01
2.070162296295166016e-01
2.060590535402297974e-01
2.090976834297180176e-01
2.086557447910308838e-01
2.071142196655273438e-01
2.087253332138061523e-01
2.086711227893829346e-01
2.066500335931777954e-01
2.076273560523986816e-01
2.079766839742660522e-01
2.077638208866119385e-01
2.065047025680541992e-01
2.079580575227737427e-01
2.073629498481750488e-01
2.048350125551223755e-01
2.064318954944610596e-01
2.057263702154159546e-01
2.060948759317398071e-01
2.082662284374237061e-01
2.064978480339050293e-01
2.064053118228912354e-01
2.081665694713592529e-01
2.068542689085006714e-01
2.055285274982452393e-01
2.052244544029235840e-01
2.049358785152435303e-01
2.047315537929534912e-01
2.054431736469268799e-01
2.073753774166107178e-01
2.067491710186004639e-01
2.053338587284088135e-01
2.060399502515792847e-01
2.056038677692413330e-01
2.060436904430389404e-01
2.058427333831787109e-01
2.057490646839141846e-01
2.053352445363998413e-01
2.057367414236068726e-01
2.070690095424652100e-01
2.073368877172470093e-01
2.061592936515808105e-01
2.064608335494995117e-01
2.078482806682586670e-01
2.047623544931411743e-01
2.051620483398437500e-01
2.065767198801040649e-01
2.048044502735137939e-01
2.068859338760375977e-01
2.054621279239654541e-01
2.089274823665618896e-01
2.036885768175125122e-01
2.030461877584457397e-01
2.037331908941268921e-01
2.031766325235366821e-01
2.031725794076919556e-01
2.041723281145095825e-01
2.038077712059020996e-01
2.041464000940322876e-01
2.047468423843383789e-01
2.061310559511184692e-01
2.045461088418960571e-01
2.035573571920394897e-01
2.036119550466537476e-01
2.063283622264862061e-01
2.043581902980804443e-01
2.047677189111709595e-01
2.045199275016784668e-01
2.018770128488540649e-01
2.040843069553375244e-01
2.059496492147445679e-01
2.029677778482437134e-01
2.040268778800964355e-01
2.029504626989364624e-01
2.033637017011642456e-01
2.031000554561614990e-01
2.034826576709747314e-01
2.022106200456619263e-01
2.044172137975692749e-01
2.025363296270370483e-01
2.023122906684875488e-01
2.017918974161148071e-01
2.045236676931381226e-01
2.059364616870880127e-01
2.029403746128082275e-01
2.048389464616775513e-01
2.025728970766067505e-01
2.028377354145050049e-01
2.029270678758621216e-01
2.042551934719085693e-01
2.017864584922790527e-01
2.044374644756317139e-01
2.036336511373519897e-01
2.013454288244247437e-01
2.041756063699722290e-01
2.021953016519546509e-01
2.042542099952697754e-01
2.020013779401779175e-01
2.029823064804077148e-01
2.032410204410552979e-01
2.050746679306030273e-01
2.000826895236968994e-01
2.004972100257873535e-01
2.023665755987167358e-01
2.023209929466247559e-01
2.018750607967376709e-01
2.034602463245391846e-01
2.046549916267395020e-01
2.017825543880462646e-01
2.034103870391845703e-01
2.045715153217315674e-01
2.030736058950424194e-01
2.026860415935516357e-01
1.999202668666839600e-01
2.045715302228927612e-01
2.002108395099639893e-01
2.056780159473419189e-01
1.995238512754440308e-01
2.018226981163024902e-01
2.016084194183349609e-01
2.016372680664062500e-01
2.009911388158798218e-01
2.046605050563812256e-01
2.054208964109420776e-01
2.024537026882171631e-01
2.016569375991821289e-01
2.010276764631271362e-01
1.989738494157791138e-01
2.016249299049377441e-01
2.027003020048141479e-01
2.020957171916961670e-01
2.029447555541992188e-01
2.013186216354370117e-01
2.006810158491134644e-01
2.018319666385650635e-01
2.017291784286499023e-01
2.003431469202041626e-01
2.009156644344329834e-01
2.001728713512420654e-01
2.007301598787307739e-01
2.004148215055465698e-01
2.001107782125473022e-01
2.026344090700149536e-01
2.014041990041732788e-01
1.991992145776748657e-01
1.995870471000671387e-01
2.030523419380187988e-01
1.999614089727401733e-01
1.995592415332794189e-01
1.982509940862655640e-01
1.971529126167297363e-01
2.010318487882614136e-01
1.999978423118591309e-01
1.987048685550689697e-01
1.992125958204269409e-01
2.010848820209503174e-01
2.002334743738174438e-01
1.982386559247970581e-01
2.000853419303894043e-01
1.992285102605819702e-01
2.009871602058410645e-01
1.997635066509246826e-01
2.006874680519104004e-01
1.995585858821868896e-01
1.995891332626342773e-01
2.006443887948989868e-01
2.015737444162368774e-01
1.974301785230636597e-01
2.005863040685653687e-01
2.016423940658569336e-01
2.006683498620986938e-01
2.006122320890426636e-01
2.003497034311294556e-01
2.001124620437622070e-01
1.998940557241439819e-01
1.992634236812591553e-01
1.967609971761703491e-01
2.001093775033950806e-01
2.000356316566467285e-01
1.989971846342086792e-01
1.984705328941345215e-01
1.972742080688476562e-01
1.989984363317489624e-01
1.978742182254791260e-01
1.977492570877075195e-01
1.985723227262496948e-01
1.990089863538742065e-01
1.993500590324401855e-01
1.992182880640029907e-01
1.987526416778564453e-01
1.988618224859237671e-01
1.987247616052627563e-01
1.988241374492645264e-01
1.985741108655929565e-01
1.996325254440307617e-01
2.000414729118347168e-01
1.980145424604415894e-01
1.960156857967376709e-01
1.993714272975921631e-01
1.981683075428009033e-01
1.977088451385498047e-01
2.015524059534072876e-01
1.959416866302490234e-01
2.010852694511413574e-01
1.973955929279327393e-01
1.960709840059280396e-01
1.979988068342208862e-01
2.002019882202148438e-01
1.988524049520492554e-01
1.976775527000427246e-01
1.983966380357742310e-01
1.976489424705505371e-01
1.970201283693313599e-01
1.972094625234603882e-01
1.975136995315551758e-01
1.972839981317520142e-01
1.985468119382858276e-01
1.989974677562713623e-01
1.997711509466171265e-01
1.948624104261398315e-01
1.993552148342132568e-01
1.978272646665573120e-01
1.990435719490051270e-01
1.945183426141738892e-01
1.973767131567001343e-01
1.978320330381393433e-01
1.972122639417648315e-01
1.960026025772094727e-01
1.974669545888900757e-01
1.964983642101287842e-01
1.976777166128158569e-01
1.962870806455612183e-01
1.979708224534988403e-01
1.980036795139312744e-01
1.969511806964874268e-01
1.953886598348617554e-01
1.972703039646148682e-01
1.968927979469299316e-01
1.959191262722015381e-01
1.968239545822143555e-01
1.984397768974304199e-01
1.958585977554321289e-01
1.975116431713104248e-01
1.972793340682983398e-01
1.941070556640625000e-01
1.944349557161331177e-01
1.981549412012100220e-01
1.971971690654754639e-01
1.999982893466949463e-01
1.954017579555511475e-01
1.965461224317550659e-01
1.969211101531982422e-01
1.958641707897186279e-01
1.960282623767852783e-01
1.956796199083328247e-01
1.951767504215240479e-01
1.957742720842361450e-01
1.970131397247314453e-01
1.955881416797637939e-01
1.965335458517074585e-01
1.969288885593414307e-01
1.955605298280715942e-01
1.927803158760070801e-01
1.948323696851730347e-01
1.960821151733398438e-01
1.975159049034118652e-01
1.949595957994461060e-01
1.939120441675186157e-01
1.965749710798263550e-01
1.972277611494064331e-01
1.964155882596969604e-01
1.963692456483840942e-01
1.963340193033218384e-01
1.951679885387420654e-01
1.941793411970138550e-01
1.925967931747436523e-01
1.945874989032745361e-01
1.957445740699768066e-01
1.942602246999740601e-01
1.925086230039596558e-01
1.937111914157867432e-01
1.939451992511749268e-01
1.962177008390426636e-01
1.961309760808944702e-01
1.951002776622772217e-01
1.958682388067245483e-01
1.934538930654525757e-01
1.950163841247558594e-01
1.937409788370132446e-01
1.928603053092956543e-01
1.922303140163421631e-01
1.942435652017593384e-01
1.953892707824707031e-01
1.953213810920715332e-01
1.953376829624176025e-01
1.954678297042846680e-01
1.931144744157791138e-01
1.948666274547576904e-01
1.947937011718750000e-01
1.960893571376800537e-01
1.911504715681076050e-01
1.942121088504791260e-01
1.945627033710479736e-01
1.937186270952224731e-01
1.948669850826263428e-01
1.931544095277786255e-01
1.935787200927734375e-01
1.926197111606597900e-01
1.939935088157653809e-01
1.952012926340103149e-01
1.950047463178634644e-01
1.943401247262954712e-01
1.961403340101242065e-01
1.931589543819427490e-01
1.918108314275741577e-01
1.925981044769287109e-01
1.922279596328735352e-01
1.944139748811721802e-01
1.945176571607589722e-01
1.937364190816879272e-01
1.925141364336013794e-01
1.951047927141189575e-01
1.942227631807327271e-01
1.943587362766265869e-01
1.938601583242416382e-01
1.948246657848358154e-01
1.924010217189788818e-01
1.938554048538208008e-01
1.925736367702484131e-01
1.917110979557037354e-01
1.928500682115554810e-01
1.909121572971343994e-01
1.948029845952987671e-01
1.942391544580459595e-01
1.925934255123138428e-01
1.919046640396118164e-01
1.943804770708084106e-01
1.924899518489837646e-01
1.914013475179672241e-01
1.961806565523147583e-01
1.923345327377319336e-01
1.917123049497604370e-01
1.942660212516784668e-01
1.934341490268707275e-01
1.928558498620986938e-01
1.915749311447143555e-01
1.894930452108383179e-01
1.923993527889251709e-01
1.891324818134307861e-01
1.906109005212783813e-01
1.907855719327926636e-01
1.914699077606201172e-01
1.931554973125457764e-01
1.920526921749114990e-01
1.928375512361526489e-01
1.913353353738784790e-01
1.921401172876358032e-01
1.951041072607040405e-01
1.923608183860778809e-01
1.912439167499542236e-01
1.898593604564666748e-01
1.952052563428878784e-01
1.910903006792068481e-01
1.913737505674362183e-01
1.944888532161712646e-01
1.898059248924255371e-01
1.904992014169692993e-01
1.913246959447860718e-01
1.893574595451354980e-01
1.930451393127441406e-01
1.923060715198516846e-01
1.918386220932006836e-01
1.914261728525161743e-01
1.889117658138275146e-01
1.921117603778839111e-01
1.901225000619888306e-01
1.912294328212738037e-01
1.900119781494140625e-01
1.918708235025405884e-01
1.908533126115798950e-01
1.918387413024902344e-01
1.938711404800415039e-01
1.911728382110595703e-01
1.904395967721939087e-01
1.909190267324447632e-01
1.881809532642364502e-01
1.917069107294082642e-01
1.909375786781311035e-01
1.894148290157318115e-01
1.903913617134094238e-01
1.923509985208511353e-01
1.891742795705795288e-01
1.908865123987197876e-01
1.951556652784347534e-01
1.898090690374374390e-01
1.891166567802429199e-01
1.910553276538848877e-01
1.912856698036193848e-01
1.906456351280212402e-01
1.914517879486083984e-01
1.904308795928955078e-01
1.911029070615768433e-01
1.907052248716354370e-01
1.878821551799774170e-01
1.898766905069351196e-01
1.889742016792297363e-01
1.901606470346450806e-01
1.876400560140609741e-01
1.916998475790023804e-01
1.891274452209472656e-01
1.911654621362686157e-01
1.885002553462982178e-01
1.894434541463851929e-01
1.896822005510330200e-01
1.908362656831741333e-01
1.896966248750686646e-01
1.887882798910140991e-01
1.902946531772613525e-01
1.901894062757492065e-01
1.881533712148666382e-01
2.046896517276763916e-01
2.015423923730850220e-01
2.025793939828872681e-01
2.012347429990768433e-01
2.021590471267700195e-01
2.028064131736755371e-01
2.036676257848739624e-01
2.021600008010864258e-01
2.021681666374206543e-01
2.019918262958526611e-01
2.017548829317092896e-01
2.006474584341049194e-01
2.039261609315872192e-01
2.010763138532638550e-01
2.037760764360427856e-01
2.027627527713775635e-01
1.993002742528915405e-01
2.017863690853118896e-01
2.036519497632980347e-01
2.021331340074539185e-01
2.035247683525085449e-01
2.038288712501525879e-01
1.993294060230255127e-01
2.007628232240676880e-01
2.040084898471832275e-01
1.996056288480758667e-01
2.024737745523452759e-01
2.027134895324707031e-01
2.011351138353347778e-01
2.010022848844528198e-01
2.016725391149520874e-01
1.997886747121810913e-01
1.988728642463684082e-01
2.013490647077560425e-01
2.019372731447219849e-01
2.002690285444259644e-01
1.982203572988510132e-01
2.013711780309677124e-01
2.002048939466476440e-01
1.995052397251129150e-01
2.001173794269561768e-01
2.028716355562210083e-01
2.010480612516403198e-01
2.004972994327545166e-01
2.020175158977508545e-01
1.998451352119445801e-01
2.011037170886993408e-01
1.999962180852890015e-01
1.997866034507751465e-01
2.023388445377349854e-01
1.995533704757690430e-01
2.024396508932113647e-01
2.006441056728363037e-01
1.996930986642837524e-01
1.997074186801910400e-01
2.015833854675292969e-01
1.988490819931030273e-01
2.005185633897781372e-01
2.035059630870819092e-01
1.990832090377807617e-01
2.015398591756820679e-01
1.989486515522003174e-01
2.003165930509567261e-01
1.996846348047256470e-01
2.011679410934448242e-01
2.003883272409439087e-01
1.993809938430786133e-01
1.995418220758438110e-01
1.996117830276489258e-01
2.002098709344863892e-01
1.981699913740158081e-01
1.998849660158157349e-01
1.994650810956954956e-01
1.973666995763778687e-01
2.002346962690353394e-01
1.968733966350555420e-01
1.993670910596847534e-01
2.025775760412216187e-01
2.010517865419387817e-01
1.994540840387344360e-01
2.017555236816406250e-01
2.012133896350860596e-01
1.997238844633102417e-01
1.996664851903915405e-01
1.979941427707672119e-01
1.997128576040267944e-01
2.001184970140457153e-01
1.980110257863998413e-01
1.993714123964309692e-01
1.999071687459945679e-01
1.991261541843414307e-01
1.979537755250930786e-01
2.026122361421585083e-01
1.982220858335494995e-01
1.985794007778167725e-01
2.006687968969345093e-01
1.989686489105224609e-01
1.980596184730529785e-01
2.000121772289276123e-01
2.017757445573806763e-01
2.008161991834640503e-01
2.000167965888977051e-01
1.965400576591491699e-01
1.975256800651550293e-01
1.987981498241424561e-01
1.999795287847518921e-01
1.989724487066268921e-01
2.012591511011123657e-01
2.028469592332839966e-01
1.974089145660400391e-01
1.958474069833755493e-01
2.007130980491638184e-01
1.992735415697097778e-01
1.997462660074234009e-01
1.993022561073303223e-01
2.001281380653381348e-01
1.984482407569885254e-01
1.987074911594390869e-01
1.967650651931762695e-01
1.955368518829345703e-01
2.007184475660324097e-01
1.985163688659667969e-01
1.978666633367538452e-01
1.974581331014633179e-01
1.985290348529815674e-01
1.979994326829910278e-01
1.989827752113342285e-01
1.993210911750793457e-01
2.003276497125625610e-01
1.965906322002410889e-01
1.977744996547698975e-01
1.979318112134933472e-01
1.964880526065826416e-01
1.987260282039642334e-01
1.980543732643127441e-01
1.945339590311050415e-01
1.977316290140151978e-01
1.982386857271194458e-01
1.963875144720077515e-01
1.985020041465759277e-01
1.982887387275695801e-01
1.980496197938919067e-01
1.980051547288894653e-01
1.982972770929336548e-01
1.971964240074157715e-01
1.954286545515060425e-01
1.958155333995819092e-01
1.978379040956497192e-01
1.977259963750839233e-01
1.974500268697738647e-01
1.972791701555252075e-01
1.953758597373962402e-01
1.966495066881179810e-01
1.974441409111022949e-01
1.975650191307067871e-01
1.970470547676086426e-01
1.966532915830612183e-01
1.970919221639633179e-01
1.954662650823593140e-01
1.989070028066635132e-01
1.975827813148498535e-01
1.953119337558746338e-01
1.985401809215545654e-01
1.979022026062011719e-01
1.960023492574691772e-01
1.945235729217529297e-01
1.989459246397018433e-01
1.973994970321655273e-01
1.970756649971008301e-01
1.967171132564544678e-01
1.953971385955810547e-01
1.956413686275482178e-01
1.960159093141555786e-01
1.948615312576293945e-01
1.986442953348159790e-01
1.959836184978485107e-01
1.945275664329528809e-01
1.956105828285217285e-01
1.964369565248489380e-01
1.941189318895339966e-01
1.963197439908981323e-01
1.950224041938781738e-01
1.959432512521743774e-01
1.968393772840499878e-01
1.958361417055130005e-01
1.956911534070968628e-01
1.954457759857177734e-01
1.934497803449630737e-01
1.921195536851882935e-01
1.945209354162216187e-01
1.950293630361557007e-01
1.974873691797256470e-01
1.964757442474365234e-01
1.976274996995925903e-01
1.978306174278259277e-01
1.950452774763107300e-01
1.945018023252487183e-01
1.950859278440475464e-01
1.966224908828735352e-01
1.986100077629089355e-01
1.979490816593170166e-01
1.960788071155548096e-01
1.968644559383392334e-01
1.934776306152343750e-01
1.933699101209640503e-01
1.936455816030502319e-01
1.960735321044921875e-01
1.977925002574920654e-01
1.971182972192764282e-01
1.938707530498504639e-01
1.952290832996368408e-01
1.953625977039337158e-01
1.933386027812957764e-01
1.984298825263977051e-01
1.929435133934020996e-01
1.959707587957382202e-01
1.983702927827835083e-01
1.932928115129470825e-01
1.930069625377655029e-01
1.954441815614700317e-01
1.945008337497711182e-01
1.972891241312026978e-01
1.960730403661727905e-01
1.982577145099639893e-01
1.945532709360122681e-01
1.965519487857818604e-01
1.929313242435455322e-01
1.917039901018142700e-01
1.922384500503540039e-01
1.946903318166732788e-01
1.925832480192184448e-01
1.936076730489730835e-01
1.937665194272994995e-01
1.961349993944168091e-01
1.932014971971511841e-01
1.926580667495727539e-01
1.953702270984649658e-01
1.925345510244369507e-01
1.957003474235534668e-01
1.963970661163330078e-01
1.951612234115600586e-01
1.927235871553421021e-01
1.947971284389495850e-01
1.956115514039993286e-01
1.947406679391860962e-01
1.938081383705139160e-01
1.961674392223358154e-01
1.940027624368667603e-01
1.956787258386611938e-01
1.907956451177597046e-01
1.936353892087936401e-01
1.983397305011749268e-01
1.914408206939697266e-01
1.925541460514068604e-01
1.922007650136947632e-01
1.919165700674057007e-01
1.953502148389816284e-01
1.910091340541839600e-01
1.951133310794830322e-01
1.946135759353637695e-01
1.915489435195922852e-01
1.930483430624008179e-01
1.953597217798233032e-01
1.938366293907165527e-01
1.947133094072341919e-01
1.932996064424514771e-01
1.938258856534957886e-01
1.956401467323303223e-01
1.923272460699081421e-01
1.918243765830993652e-01
1.932735443115234375e-01
1.959438771009445190e-01
1.918554008007049561e-01
1.926312893629074097e-01
1.908426284790039062e-01
1.941077113151550293e-01
1.941166371107101440e-01
1.938347965478897095e-01
1.940454542636871338e-01
1.932648867368698120e-01
1.942354589700698853e-01
1.935251206159591675e-01
1.920368820428848267e-01
1.935023218393325806e-01
1.928618699312210083e-01
1.953812241554260254e-01
1.923082321882247925e-01
1.923612505197525024e-01
1.917094290256500244e-01
1.928096860647201538e-01
1.908190250396728516e-01
1.911387741565704346e-01
1.904290318489074707e-01
1.940535157918930054e-01
1.926492452621459961e-01
1.955655962228775024e-01
1.930343210697174072e-01
1.952900290489196777e-01
1.925188153982162476e-01
1.913782507181167603e-01
