7.277354001998901367e-01
7.180209755897521973e-01
7.098906040191650391e-01
7.019141316413879395e-01
6.938404440879821777e-01
6.846073269844055176e-01
6.750395894050598145e-01
6.644310951232910156e-01
6.511201262474060059e-01
6.379186511039733887e-01
6.217169761657714844e-01
6.060693264007568359e-01
5.862351059913635254e-01
5.622587800025939941e-01
5.410575270652770996e-01
5.169179439544677734e-01
4.853782653808593750e-01
4.595556855201721191e-01
4.334581792354583740e-01
4.089097678661346436e-01
3.829275369644165039e-01
3.639411926269531250e-01
3.420882523059844971e-01
3.368624150753021240e-01
3.354178369045257568e-01
3.525178730487823486e-01
3.504346013069152832e-01
3.460301756858825684e-01
3.637523949146270752e-01
3.429595530033111572e-01
3.549605906009674072e-01
3.155678212642669678e-01
3.126852810382843018e-01
3.037617802619934082e-01
3.199504911899566650e-01
2.940519750118255615e-01
2.958406209945678711e-01
2.904520034790039062e-01
2.883506715297698975e-01
2.895154356956481934e-01
2.842513322830200195e-01
2.865519523620605469e-01
2.859197556972503662e-01
2.787556052207946777e-01
2.713880538940429688e-01
2.661114633083343506e-01
2.662393450736999512e-01
2.626843154430389404e-01
2.622046172618865967e-01
2.604385614395141602e-01
2.599802315235137939e-01
2.534420788288116455e-01
2.544307708740234375e-01
2.456932812929153442e-01
2.476713061332702637e-01
2.401997148990631104e-01
2.394784092903137207e-01
2.335616946220397949e-01
2.348799109458923340e-01
2.355067431926727295e-01
2.276994884014129639e-01
2.283641993999481201e-01
2.306376844644546509e-01
2.263884395360946655e-01
2.237146943807601929e-01
2.228863835334777832e-01
2.252372503280639648e-01
2.192676365375518799e-01
2.201060354709625244e-01
2.150607109069824219e-01
2.183574885129928589e-01
2.132324278354644775e-01
2.201912403106689453e-01
2.082525193691253662e-01
2.096552997827529907e-01
2.097549140453338623e-01
2.068313658237457275e-01
2.050147950649261475e-01
2.012832611799240112e-01
2.001284807920455933e-01
2.035993784666061401e-01
1.998258680105209351e-01
2.010588347911834717e-01
1.950414478778839111e-01
2.012411952018737793e-01
1.930136084556579590e-01
1.926211714744567871e-01
1.884574741125106812e-01
1.915145814418792725e-01
1.904625296592712402e-01
1.859110891819000244e-01
1.874958276748657227e-01
1.861452460289001465e-01
1.833340823650360107e-01
1.858504116535186768e-01
1.833612471818923950e-01
1.833583414554595947e-01
1.793435513973236084e-01
1.809312254190444946e-01
1.767099946737289429e-01
3.971232175827026367e-01
3.960684835910797119e-01
3.917134106159210205e-01
3.954274356365203857e-01
3.971710801124572754e-01
3.913386166095733643e-01
3.874025642871856689e-01
3.893781006336212158e-01
3.911565840244293213e-01
3.909166753292083740e-01
3.902479410171508789e-01
3.844226598739624023e-01
3.874972164630889893e-01
3.877141177654266357e-01
3.838148415088653564e-01
3.867137134075164795e-01
3.814584612846374512e-01
3.792255818843841553e-01
3.797915875911712646e-01
3.809441924095153809e-01
3.784524202346801758e-01
3.697116971015930176e-01
3.777937591075897217e-01
3.732252717018127441e-01
3.751146197319030762e-01
3.764807581901550293e-01
3.733558952808380127e-01
3.683562874794006348e-01
3.668759167194366455e-01
3.676646351814270020e-01
3.666256368160247803e-01
3.691266775131225586e-01
3.683013617992401123e-01
3.621516525745391846e-01
3.736917972564697266e-01
3.618143200874328613e-01
3.651628494262695312e-01
3.638267815113067627e-01
3.598178625106811523e-01
3.584587574005126953e-01
3.622092306613922119e-01
3.568955361843109131e-01
3.562994599342346191e-01
3.592574298381805420e-01
3.565014898777008057e-01
3.565761446952819824e-01
3.578489422798156738e-01
3.538225293159484863e-01
3.555520772933959961e-01
3.477177023887634277e-01
3.548036217689514160e-01
3.492890894412994385e-01
3.485127985477447510e-01
3.475991189479827881e-01
3.542267084121704102e-01
3.498091697692871094e-01
3.486838638782501221e-01
3.469173014163970947e-01
3.454885482788085938e-01
3.482410609722137451e-01
3.472139239311218262e-01
3.431563377380371094e-01
3.455719947814941406e-01
3.429602682590484619e-01
3.427694141864776611e-01
3.409458100795745850e-01
3.434308767318725586e-01
3.433882296085357666e-01
3.406412303447723389e-01
3.414633870124816895e-01
3.413343727588653564e-01
3.421825170516967773e-01
3.397270143032073975e-01
3.361181914806365967e-01
3.373824656009674072e-01
3.367524743080139160e-01
3.373168706893920898e-01
3.349887728691101074e-01
3.358525633811950684e-01
3.393626511096954346e-01
3.368607759475708008e-01
3.318314552307128906e-01
3.332343995571136475e-01
3.321093320846557617e-01
3.327695131301879883e-01
3.330584466457366943e-01
3.295067548751831055e-01
3.313657641410827637e-01
3.319000601768493652e-01
3.326389491558074951e-01
3.307859599590301514e-01
3.300961256027221680e-01
3.284295499324798584e-01
3.271398246288299561e-01
3.264682888984680176e-01
3.314366936683654785e-01
3.275610208511352539e-01
3.273031711578369141e-01
3.247526884078979492e-01
3.251668214797973633e-01
3.218923509120941162e-01
3.257606923580169678e-01
3.238709270954132080e-01
3.219043910503387451e-01
3.180573284626007080e-01
3.179433643817901611e-01
3.231444358825683594e-01
3.202181756496429443e-01
3.198348581790924072e-01
3.223853111267089844e-01
3.224736154079437256e-01
3.165129423141479492e-01
3.175304234027862549e-01
3.201124072074890137e-01
3.160658776760101318e-01
3.178149163722991943e-01
3.178100585937500000e-01
3.174837231636047363e-01
3.147029876708984375e-01
3.144732713699340820e-01
3.111901581287384033e-01
3.124096691608428955e-01
3.174669146537780762e-01
3.120538890361785889e-01
3.120880424976348877e-01
3.126471936702728271e-01
3.123983144760131836e-01
3.120576441287994385e-01
3.118325173854827881e-01
3.114281892776489258e-01
3.150368034839630127e-01
3.084597885608673096e-01
3.104529976844787598e-01
3.103573620319366455e-01
3.068245053291320801e-01
3.074995875358581543e-01
3.067706227302551270e-01
3.060913681983947754e-01
3.058509528636932373e-01
3.106533586978912354e-01
3.072691559791564941e-01
3.097516298294067383e-01
3.072878122329711914e-01
3.086417913436889648e-01
3.051029145717620850e-01
3.058247566223144531e-01
3.010373413562774658e-01
3.054427206516265869e-01
3.068351447582244873e-01
3.033007085323333740e-01
3.021043241024017334e-01
3.012065887451171875e-01
3.007606565952301025e-01
3.004752993583679199e-01
3.022149801254272461e-01
2.988878488540649414e-01
2.999734282493591309e-01
3.005053997039794922e-01
2.986903190612792969e-01
2.977942824363708496e-01
2.985540330410003662e-01
2.994598746299743652e-01
2.990045547485351562e-01
3.022952377796173096e-01
3.000165224075317383e-01
2.981677949428558350e-01
2.965975105762481689e-01
2.945902049541473389e-01
2.973743677139282227e-01
2.945388853549957275e-01
2.952522337436676025e-01
2.941199243068695068e-01
2.938941419124603271e-01
2.923727929592132568e-01
2.919717431068420410e-01
2.933563590049743652e-01
2.934125661849975586e-01
2.920753657817840576e-01
2.910324335098266602e-01
2.934860587120056152e-01
2.908703088760375977e-01
2.933222353458404541e-01
2.929716408252716064e-01
2.892360091209411621e-01
2.874867618083953857e-01
2.940122485160827637e-01
2.902216315269470215e-01
2.866165637969970703e-01
2.905303239822387695e-01
2.889367640018463135e-01
2.903657853603363037e-01
2.876935899257659912e-01
2.915060818195343018e-01
2.888134419918060303e-01
2.864516675472259521e-01
2.864354848861694336e-01
2.848794758319854736e-01
2.861982285976409912e-01
2.867468297481536865e-01
2.847863733768463135e-01
2.873771190643310547e-01
2.805372178554534912e-01
2.867721915245056152e-01
2.844935357570648193e-01
2.821410298347473145e-01
2.840230762958526611e-01
2.850798368453979492e-01
2.807970345020294189e-01
2.837774455547332764e-01
2.815557122230529785e-01
2.806743681430816650e-01
2.821142971515655518e-01
2.783707380294799805e-01
2.822860777378082275e-01
2.776092886924743652e-01
2.795441448688507080e-01
2.811494171619415283e-01
2.815813720226287842e-01
2.816144227981567383e-01
2.832162082195281982e-01
2.806285917758941650e-01
2.779119908809661865e-01
2.784669101238250732e-01
2.782219946384429932e-01
2.767627239227294922e-01
2.792607545852661133e-01
2.778711915016174316e-01
2.768920361995697021e-01
2.753314077854156494e-01
2.790658771991729736e-01
2.771834433078765869e-01
2.783780992031097412e-01
2.787175774574279785e-01
2.772170603275299072e-01
2.743979096412658691e-01
2.783512473106384277e-01
2.747106552124023438e-01
2.741346657276153564e-01
2.744351029396057129e-01
2.683314085006713867e-01
2.723058760166168213e-01
2.707974314689636230e-01
2.758940756320953369e-01
2.703803479671478271e-01
2.744027078151702881e-01
2.702040076255798340e-01
2.703860700130462646e-01
2.753604650497436523e-01
2.710174918174743652e-01
2.712446749210357666e-01
2.694628834724426270e-01
2.729068696498870850e-01
2.691439390182495117e-01
2.730549573898315430e-01
2.668111026287078857e-01
2.720508873462677002e-01
2.709265351295471191e-01
2.683869004249572754e-01
2.676590681076049805e-01
2.698444128036499023e-01
2.687297165393829346e-01
2.700217366218566895e-01
2.665191888809204102e-01
2.667767703533172607e-01
2.681103348731994629e-01
2.660680711269378662e-01
2.642251551151275635e-01
2.649019956588745117e-01
2.667337954044342041e-01
2.663839757442474365e-01
2.683925628662109375e-01
2.651564776897430420e-01
2.642133235931396484e-01
2.685198187828063965e-01
2.651698589324951172e-01
2.656219303607940674e-01
2.644621133804321289e-01
2.649728953838348389e-01
2.626247704029083252e-01
2.635842859745025635e-01
2.639296352863311768e-01
2.628769874572753906e-01
2.656632661819458008e-01
2.664809525012969971e-01
2.625724077224731445e-01
2.631387412548065186e-01
2.621120512485504150e-01
2.637816965579986572e-01
2.608207166194915771e-01
2.635102570056915283e-01
2.616007030010223389e-01
2.638448774814605713e-01
2.612590789794921875e-01
2.611091732978820801e-01
2.598610818386077881e-01
2.609228789806365967e-01
2.600081861019134521e-01
2.610885798931121826e-01
2.599599063396453857e-01
2.590696811676025391e-01
2.583042681217193604e-01
2.588665783405303955e-01
2.624436914920806885e-01
2.595601677894592285e-01
2.581524550914764404e-01
2.576418817043304443e-01
2.598649263381958008e-01
2.577974796295166016e-01
2.542734742164611816e-01
2.582419216632843018e-01
2.587450742721557617e-01
2.578332722187042236e-01
2.556222677230834961e-01
2.584706842899322510e-01
2.595058083534240723e-01
2.575878500938415527e-01
2.565745115280151367e-01
2.543043494224548340e-01
2.627535462379455566e-01
2.549473047256469727e-01
2.554075717926025391e-01
2.587361335754394531e-01
2.549867033958435059e-01
2.543272972106933594e-01
2.549867331981658936e-01
2.527138292789459229e-01
2.552576363086700439e-01
2.565878331661224365e-01
2.546879053115844727e-01
2.580600976943969727e-01
2.545831799507141113e-01
2.545420825481414795e-01
2.523234188556671143e-01
2.532097995281219482e-01
2.509998381137847900e-01
2.557741105556488037e-01
2.548461556434631348e-01
2.532425224781036377e-01
2.506883144378662109e-01
2.479465603828430176e-01
2.512425780296325684e-01
2.535049021244049072e-01
2.543020844459533691e-01
2.505452930927276611e-01
2.510522007942199707e-01
2.552492916584014893e-01
2.524757087230682373e-01
2.535887956619262695e-01
2.497497051954269409e-01
2.523641586303710938e-01
2.500438988208770752e-01
2.509505748748779297e-01
2.493584752082824707e-01
2.542789578437805176e-01
2.513665556907653809e-01
2.500954866409301758e-01
2.514664828777313232e-01
2.484876960515975952e-01
2.483241111040115356e-01
2.491149902343750000e-01
2.470048218965530396e-01
2.491028010845184326e-01
2.479868382215499878e-01
2.481355816125869751e-01
2.481129318475723267e-01
2.530531883239746094e-01
2.487453818321228027e-01
2.474694699048995972e-01
2.476144284009933472e-01
2.482407987117767334e-01
2.484710514545440674e-01
2.495467364788055420e-01
2.487524449825286865e-01
2.462722957134246826e-01
2.465833574533462524e-01
2.481554299592971802e-01
2.458932846784591675e-01
2.464046925306320190e-01
2.473233789205551147e-01
2.479088455438613892e-01
2.445106804370880127e-01
2.444295287132263184e-01
2.489873021841049194e-01
2.457551509141921997e-01
2.464241832494735718e-01
2.474294304847717285e-01
2.449856698513031006e-01
2.444010823965072632e-01
2.463546842336654663e-01
2.426741570234298706e-01
2.444648742675781250e-01
2.467433810234069824e-01
2.452393770217895508e-01
2.468503117561340332e-01
2.452516257762908936e-01
2.445001453161239624e-01
2.467518001794815063e-01
2.479174435138702393e-01
2.433715462684631348e-01
2.458944618701934814e-01
2.467145025730133057e-01
2.459019422531127930e-01
2.459514290094375610e-01
2.467729002237319946e-01
2.450542300939559937e-01
2.420010864734649658e-01
2.406640499830245972e-01
2.423166036605834961e-01
2.425398975610733032e-01
2.451213747262954712e-01
2.447687089443206787e-01
2.439638525247573853e-01
2.428533583879470825e-01
2.433975487947463989e-01
2.447832822799682617e-01
2.422147691249847412e-01
2.412913292646408081e-01
2.397799193859100342e-01
2.406945079565048218e-01
2.455873638391494751e-01
2.449270933866500854e-01
2.422925084829330444e-01
2.384141981601715088e-01
2.440235614776611328e-01
2.417638301849365234e-01
2.423214614391326904e-01
2.395139336585998535e-01
2.392425239086151123e-01
2.414097189903259277e-01
2.388261854648590088e-01
2.432687729597091675e-01
2.405695319175720215e-01
2.424409985542297363e-01
2.418937981128692627e-01
2.366004288196563721e-01
2.409968972206115723e-01
2.422292828559875488e-01
2.405391037464141846e-01
2.390546053647994995e-01
2.394091933965682983e-01
2.399432808160781860e-01
2.412899583578109741e-01
2.406028658151626587e-01
2.429871261119842529e-01
2.368787825107574463e-01
2.394543141126632690e-01
2.406798303127288818e-01
2.384913712739944458e-01
2.413650155067443848e-01
2.381792664527893066e-01
2.390538305044174194e-01
2.397373616695404053e-01
2.398919314146041870e-01
2.379319518804550171e-01
2.391004860401153564e-01
2.407785058021545410e-01
2.378262281417846680e-01
2.372102886438369751e-01
2.366120368242263794e-01
2.386841475963592529e-01
2.342446744441986084e-01
2.355632930994033813e-01
2.379072904586791992e-01
2.367492914199829102e-01
2.394803315401077271e-01
2.376664280891418457e-01
2.345064580440521240e-01
2.360954880714416504e-01
2.379519641399383545e-01
2.350132018327713013e-01
2.360180169343948364e-01
2.358087897300720215e-01
2.380374819040298462e-01
2.377948015928268433e-01
2.416490018367767334e-01
2.365308105945587158e-01
2.363337874412536621e-01
2.358828037977218628e-01
2.372070103883743286e-01
2.369816452264785767e-01
2.351229190826416016e-01
2.360222786664962769e-01
2.361644506454467773e-01
2.368943244218826294e-01
2.367849349975585938e-01
2.375727742910385132e-01
2.329930961132049561e-01
2.340189367532730103e-01
2.345470637083053589e-01
2.349611669778823853e-01
2.322594970464706421e-01
2.352994531393051147e-01
2.366246432065963745e-01
2.362335026264190674e-01
2.329108566045761108e-01
2.358967363834381104e-01
2.353974580764770508e-01
2.365901470184326172e-01
2.319908738136291504e-01
2.373012900352478027e-01
2.335820347070693970e-01
2.357496321201324463e-01
2.342210561037063599e-01
2.320436537265777588e-01
2.317455559968948364e-01
2.340765297412872314e-01
2.337465733289718628e-01
2.347303628921508789e-01
2.315827608108520508e-01
2.325925827026367188e-01
2.357120662927627563e-01
2.328319996595382690e-01
2.340779900550842285e-01
2.336414158344268799e-01
2.356322854757308960e-01
2.331892848014831543e-01
2.325957268476486206e-01
2.338158935308456421e-01
2.316011339426040649e-01
2.319597303867340088e-01
2.308128625154495239e-01
2.321523129940032959e-01
2.319889068603515625e-01
2.291415035724639893e-01
2.311106771230697632e-01
2.326736897230148315e-01
2.309999465942382812e-01
2.331468015909194946e-01
2.328594923019409180e-01
2.324051409959793091e-01
2.301240414381027222e-01
2.308584600687026978e-01
2.319096177816390991e-01
2.327650785446166992e-01
2.336586713790893555e-01
2.308432161808013916e-01
2.342460155487060547e-01
2.306464314460754395e-01
2.320373356342315674e-01
2.307104021310806274e-01
2.309792041778564453e-01
2.306407243013381958e-01
2.320265918970108032e-01
2.325173020362854004e-01
2.316520810127258301e-01
2.312013208866119385e-01
2.296647876501083374e-01
2.306700795888900757e-01
2.306812107563018799e-01
2.294789105653762817e-01
2.326381653547286987e-01
2.315133810043334961e-01
2.301701903343200684e-01
2.276552617549896240e-01
2.274647802114486694e-01
2.265368849039077759e-01
2.307498008012771606e-01
2.307188659906387329e-01
2.262872755527496338e-01
2.272991836071014404e-01
2.287616580724716187e-01
2.299322336912155151e-01
2.282674610614776611e-01
2.295780330896377563e-01
2.279699444770812988e-01
2.269385904073715210e-01
2.279618978500366211e-01
2.285151034593582153e-01
2.253897637128829956e-01
2.265288829803466797e-01
2.287067472934722900e-01
2.292093634605407715e-01
2.265641540288925171e-01
2.301863878965377808e-01
2.273575663566589355e-01
2.307804375886917114e-01
2.294013500213623047e-01
2.269243299961090088e-01
2.267016023397445679e-01
2.283392250537872314e-01
2.277835905551910400e-01
2.262820750474929810e-01
2.252940386533737183e-01
2.262499928474426270e-01
2.293309569358825684e-01
2.270201146602630615e-01
2.271675318479537964e-01
2.266559153795242310e-01
2.263873070478439331e-01
2.277331352233886719e-01
2.266894727945327759e-01
2.271756380796432495e-01
2.263297736644744873e-01
2.250992953777313232e-01
2.250998169183731079e-01
2.255385965108871460e-01
2.266133129596710205e-01
2.285992056131362915e-01
2.256528884172439575e-01
2.282030284404754639e-01
2.259571254253387451e-01
2.251519858837127686e-01
2.258910536766052246e-01
2.283114939928054810e-01
2.247399240732192993e-01
2.284425348043441772e-01
2.266932576894760132e-01
2.253247350454330444e-01
2.277389913797378540e-01
2.233794033527374268e-01
2.269213497638702393e-01
2.237799912691116333e-01
2.261288613080978394e-01
2.235408425331115723e-01
2.243145853281021118e-01
2.251892983913421631e-01
2.241755127906799316e-01
2.247332185506820679e-01
2.242063283920288086e-01
2.259200811386108398e-01
2.238948047161102295e-01
2.253394275903701782e-01
2.249794453382492065e-01
2.253423631191253662e-01
2.233555465936660767e-01
2.224085927009582520e-01
2.221260368824005127e-01
2.229212075471878052e-01
2.218726128339767456e-01
2.243614196777343750e-01
2.249419987201690674e-01
2.242871969938278198e-01
2.230785638093948364e-01
2.240701168775558472e-01
2.234767675399780273e-01
2.237709909677505493e-01
2.236389666795730591e-01
2.246594578027725220e-01
2.238464802503585815e-01
2.231633067131042480e-01
2.235412001609802246e-01
2.239449918270111084e-01
2.207498848438262939e-01
2.194582819938659668e-01
2.226656526327133179e-01
2.240261435508728027e-01
2.214990705251693726e-01
2.202686667442321777e-01
2.200599908828735352e-01
2.244230806827545166e-01
2.232127189636230469e-01
2.207480221986770630e-01
2.221759557723999023e-01
2.222543358802795410e-01
2.225297391414642334e-01
2.238503098487854004e-01
2.207111865282058716e-01
2.210438698530197144e-01
2.220727056264877319e-01
2.248079478740692139e-01
2.246593236923217773e-01
2.242417484521865845e-01
2.199890017509460449e-01
2.234909832477569580e-01
2.190819829702377319e-01
2.197231948375701904e-01
2.194782048463821411e-01
2.212894558906555176e-01
2.199711352586746216e-01
2.232827693223953247e-01
2.214087843894958496e-01
2.207799255847930908e-01
2.223798185586929321e-01
2.228823751211166382e-01
2.242318093776702881e-01
2.195501327514648438e-01
2.191249579191207886e-01
2.230798602104187012e-01
2.214011400938034058e-01
2.199012339115142822e-01
2.206486016511917114e-01
2.216533869504928589e-01
2.226583212614059448e-01
2.243646979331970215e-01
2.208326905965805054e-01
2.199418991804122925e-01
2.192970365285873413e-01
2.193645238876342773e-01
2.226000875234603882e-01
2.197254151105880737e-01
2.190065830945968628e-01
2.217831164598464966e-01
2.197991162538528442e-01
2.202970981597900391e-01
2.210960388183593750e-01
2.191767394542694092e-01
2.178607881069183350e-01
2.187154591083526611e-01
2.219544947147369385e-01
2.190276086330413818e-01
2.187015265226364136e-01
2.211396545171737671e-01
2.180618196725845337e-01
2.191417366266250610e-01
2.195663154125213623e-01
2.165298461914062500e-01
2.189243733882904053e-01
2.199544757604598999e-01
2.197273075580596924e-01
2.193429321050643921e-01
2.173001617193222046e-01
2.192347794771194458e-01
2.206173688173294067e-01
2.190522700548171997e-01
2.177346348762512207e-01
2.174471914768218994e-01
2.184239327907562256e-01
2.180319130420684814e-01
2.161744982004165649e-01
2.173795104026794434e-01
2.175085097551345825e-01
2.192062288522720337e-01
2.177397757768630981e-01
2.187759578227996826e-01
2.192232608795166016e-01
2.175245881080627441e-01
2.181572914123535156e-01
2.205634266138076782e-01
2.190190106630325317e-01
2.198315113782882690e-01
2.158620357513427734e-01
2.188324928283691406e-01
2.168112397193908691e-01
2.173228263854980469e-01
2.193277627229690552e-01
2.186618000268936157e-01
2.190975844860076904e-01
2.156719863414764404e-01
2.159990966320037842e-01
2.163620889186859131e-01
2.183587551116943359e-01
2.193422466516494751e-01
2.158919274806976318e-01
2.181526571512222290e-01
2.173221260309219360e-01
2.169606089591979980e-01
2.173900306224822998e-01
2.165346741676330566e-01
2.166968286037445068e-01
2.172099500894546509e-01
2.142029404640197754e-01
2.153270691633224487e-01
2.147837281227111816e-01
2.161492258310317993e-01
2.163787931203842163e-01
2.173262387514114380e-01
2.128560543060302734e-01
2.176897972822189331e-01
2.182339876890182495e-01
2.181995958089828491e-01
2.155257016420364380e-01
2.142330259084701538e-01
2.158432304859161377e-01
2.159572392702102661e-01
2.156208902597427368e-01
2.156608998775482178e-01
2.120891362428665161e-01
2.144744992256164551e-01
2.174988389015197754e-01
2.141051143407821655e-01
2.134142369031906128e-01
2.154116779565811157e-01
2.142974585294723511e-01
2.158740162849426270e-01
2.157156318426132202e-01
2.137983143329620361e-01
2.155368477106094360e-01
2.145398408174514771e-01
2.148976325988769531e-01
2.151877284049987793e-01
2.120314240455627441e-01
2.177360057830810547e-01
2.167138159275054932e-01
2.153217047452926636e-01
2.135541439056396484e-01
2.157482057809829712e-01
2.144581377506256104e-01
2.158149927854537964e-01
2.167156487703323364e-01
2.150323688983917236e-01
2.118685990571975708e-01
2.158743292093276978e-01
2.155379205942153931e-01
2.126899808645248413e-01
2.127518206834793091e-01
2.102909833192825317e-01
2.140701115131378174e-01
2.126649320125579834e-01
2.136773914098739624e-01
2.132104635238647461e-01
2.143229097127914429e-01
2.111430764198303223e-01
2.118145525455474854e-01
2.143698185682296753e-01
2.137872874736785889e-01
2.129060924053192139e-01
2.124762982130050659e-01
2.145300656557083130e-01
2.150734812021255493e-01
2.116777598857879639e-01
2.111249864101409912e-01
2.141028940677642822e-01
2.097914367914199829e-01
2.147541195154190063e-01
2.151261717081069946e-01
2.142094522714614868e-01
2.118843495845794678e-01
2.101522386074066162e-01
2.159176170825958252e-01
2.143817692995071411e-01
2.134031653404235840e-01
2.137803882360458374e-01
2.109482586383819580e-01
2.114242911338806152e-01
2.097821831703186035e-01
2.117868810892105103e-01
2.145545482635498047e-01
2.123978435993194580e-01
2.114344835281372070e-01
2.105321288108825684e-01
2.118703573942184448e-01
2.111442685127258301e-01
2.127470076084136963e-01
2.125085592269897461e-01
2.128364443778991699e-01
2.094068974256515503e-01
2.105528712272644043e-01
2.139930874109268188e-01
2.112016826868057251e-01
2.120759636163711548e-01
2.122690081596374512e-01
2.096820771694183350e-01
2.129394859075546265e-01
2.116642445325851440e-01
2.097026258707046509e-01
2.133232504129409790e-01
2.122761011123657227e-01
2.092495709657669067e-01
2.097311019897460938e-01
2.081280946731567383e-01
2.105590403079986572e-01
2.098281234502792358e-01
2.101867049932479858e-01
2.087423354387283325e-01
2.136022597551345825e-01
2.123183906078338623e-01
2.093513756990432739e-01
2.098130136728286743e-01
2.115716189146041870e-01
2.106919884681701660e-01
2.115749865770339966e-01
2.112529128789901733e-01
2.080405950546264648e-01
2.099207639694213867e-01
2.097551822662353516e-01
2.106707394123077393e-01
2.092674374580383301e-01
2.114781439304351807e-01
2.105380296707153320e-01
2.086445093154907227e-01
2.094186246395111084e-01
2.120678871870040894e-01
2.094122469425201416e-01
2.078489214181900024e-01
2.114212810993194580e-01
2.092789560556411743e-01
2.095983028411865234e-01
2.068022936582565308e-01
2.101425379514694214e-01
2.075036913156509399e-01
2.094468027353286743e-01
2.099737077951431274e-01
2.102149724960327148e-01
2.083359509706497192e-01
2.099745124578475952e-01
2.095135003328323364e-01
2.097079604864120483e-01
2.070128768682479858e-01
2.096665203571319580e-01
2.074988186359405518e-01
2.079247534275054932e-01
2.084416598081588745e-01
2.077665477991104126e-01
2.086849361658096313e-01
2.098316550254821777e-01
2.092832177877426147e-01
2.097400128841400146e-01
2.086777538061141968e-01
2.093874067068099976e-01
2.086227834224700928e-01
2.093698680400848389e-01
2.086474448442459106e-01
2.079647630453109741e-01
2.098914384841918945e-01
2.086468487977981567e-01
2.078885138034820557e-01
2.077708542346954346e-01
2.060314416885375977e-01
2.086622267961502075e-01
2.064090520143508911e-01
2.074136883020401001e-01
2.078380733728408813e-01
2.085319012403488159e-01
2.095090001821517944e-01
2.094715982675552368e-01
2.079939395189285278e-01
2.091183662414550781e-01
2.061504125595092773e-01
2.064976990222930908e-01
2.063473761081695557e-01
2.085923999547958374e-01
2.074778527021408081e-01
2.085437774658203125e-01
2.051587104797363281e-01
2.062612622976303101e-01
2.073340117931365967e-01
2.061558663845062256e-01
2.058903723955154419e-01
2.072643935680389404e-01
2.067661136388778687e-01
2.051473706960678101e-01
2.089402377605438232e-01
2.064790129661560059e-01
2.064233869314193726e-01
2.066129595041275024e-01
2.057053893804550171e-01
2.076664417982101440e-01
2.051853090524673462e-01
2.073852419853210449e-01
2.065822035074234009e-01
2.036152184009552002e-01
2.070313692092895508e-01
2.058449983596801758e-01
2.080131322145462036e-01
2.088940292596817017e-01
2.074099928140640259e-01
2.063771635293960571e-01
2.093814760446548462e-01
2.087967097759246826e-01
2.054954022169113159e-01
2.075933516025543213e-01
2.050749361515045166e-01
2.060639411211013794e-01
2.065949589014053345e-01
2.051236331462860107e-01
2.048290818929672241e-01
2.053964883089065552e-01
2.060283124446868896e-01
2.053662240505218506e-01
2.078023850917816162e-01
2.037920355796813965e-01
2.073737084865570068e-01
2.059514820575714111e-01
2.052739411592483521e-01
2.054673433303833008e-01
2.077080756425857544e-01
2.077848762273788452e-01
2.026414275169372559e-01
2.057251334190368652e-01
2.064713984727859497e-01
2.082749605178833008e-01
2.066560834646224976e-01
2.047432661056518555e-01
2.031027823686599731e-01
2.043957859277725220e-01
2.052383720874786377e-01
2.055323719978332520e-01
2.066276669502258301e-01
2.034129947423934937e-01
2.056676000356674194e-01
2.048036456108093262e-01
2.041171640157699585e-01
2.035861462354660034e-01
2.043441385030746460e-01
2.072893381118774414e-01
2.060238718986511230e-01
2.020394355058670044e-01
2.065174579620361328e-01
2.019082456827163696e-01
2.102542966604232788e-01
2.048205584287643433e-01
2.023511826992034912e-01
2.020394057035446167e-01
2.053320556879043579e-01
2.027616202831268311e-01
2.065564244985580444e-01
2.021518647670745850e-01
2.027985602617263794e-01
2.042720168828964233e-01
2.031519711017608643e-01
2.026931345462799072e-01
2.048700004816055298e-01
2.025621086359024048e-01
2.052029669284820557e-01
2.032897323369979858e-01
2.043774425983428955e-01
2.019855529069900513e-01
2.040877491235733032e-01
2.041074931621551514e-01
2.027981430292129517e-01
2.036020904779434204e-01
2.048601508140563965e-01
2.038018852472305298e-01
2.064466327428817749e-01
2.036762833595275879e-01
2.055111080408096313e-01
2.041539251804351807e-01
2.040049433708190918e-01
2.006413340568542480e-01
2.010977864265441895e-01
2.036516070365905762e-01
2.038466632366180420e-01
2.041158378124237061e-01
2.043579518795013428e-01
2.030947804450988770e-01
2.027967572212219238e-01
2.019018977880477905e-01
2.030888646841049194e-01
2.017731219530105591e-01
2.007614374160766602e-01
2.035386413335800171e-01
2.029188275337219238e-01
2.005936950445175171e-01
2.035400569438934326e-01
2.034706473350524902e-01
2.029305994510650635e-01
2.043597102165222168e-01
2.037579417228698730e-01
2.038567662239074707e-01
2.019502669572830200e-01
2.034291177988052368e-01
2.021057605743408203e-01
2.018798738718032837e-01
1.999569684267044067e-01
2.042111754417419434e-01
2.028776109218597412e-01
2.046052515506744385e-01
2.054871320724487305e-01
2.062889486551284790e-01
2.031941413879394531e-01
2.040747702121734619e-01
2.033282369375228882e-01
2.036624103784561157e-01
2.009408771991729736e-01
2.030891925096511841e-01
2.025905847549438477e-01
2.022530734539031982e-01
2.030083686113357544e-01
1.992733329534530640e-01
2.018413692712783813e-01
2.025553137063980103e-01
1.993100345134735107e-01
2.021761387586593628e-01
1.998854875564575195e-01
2.028686255216598511e-01
2.027741968631744385e-01
2.020450532436370850e-01
2.008616179227828979e-01
2.037521898746490479e-01
1.999934613704681396e-01
2.034752964973449707e-01
2.006062567234039307e-01
2.001072168350219727e-01
2.003097385168075562e-01
2.039757072925567627e-01
1.993514895439147949e-01
2.013587951660156250e-01
1.993325203657150269e-01
2.025840282440185547e-01
2.008750736713409424e-01
1.989707052707672119e-01
2.024791240692138672e-01
1.980281174182891846e-01
2.002453058958053589e-01
2.001334577798843384e-01
2.002542018890380859e-01
2.017945498228073120e-01
2.024383246898651123e-01
2.024722993373870850e-01
2.016008049249649048e-01
1.987055093050003052e-01
2.009613513946533203e-01
2.023723274469375610e-01
1.980218291282653809e-01
2.014646828174591064e-01
2.021085768938064575e-01
1.995423436164855957e-01
2.015006244182586670e-01
2.019262760877609253e-01
2.032016366720199585e-01
1.999654173851013184e-01
2.000963985919952393e-01
2.022129893302917480e-01
2.010614871978759766e-01
1.978926509618759155e-01
1.988504976034164429e-01
1.976589858531951904e-01
2.014812827110290527e-01
1.991658806800842285e-01
1.997035145759582520e-01
1.993735730648040771e-01
2.015540003776550293e-01
2.005127519369125366e-01
2.025609314441680908e-01
2.023509889841079712e-01
1.972485631704330444e-01
1.990540921688079834e-01
2.033898085355758667e-01
1.985304355621337891e-01
1.993015110492706299e-01
2.001326680183410645e-01
1.981012821197509766e-01
2.009042799472808838e-01
1.993307024240493774e-01
2.004071325063705444e-01
2.002361863851547241e-01
2.025383859872817993e-01
2.028224319219589233e-01
1.986004114151000977e-01
1.994345337152481079e-01
1.987039148807525635e-01
1.971550434827804565e-01
1.994948834180831909e-01
2.007560133934020996e-01
1.966121941804885864e-01
1.971453875303268433e-01
1.972554326057434082e-01
1.987072825431823730e-01
1.991280913352966309e-01
2.005103975534439087e-01
2.022305428981781006e-01
2.025035619735717773e-01
1.982613354921340942e-01
1.980533450841903687e-01
1.999411731958389282e-01
2.012428939342498779e-01
2.001386433839797974e-01
1.992948651313781738e-01
1.999969482421875000e-01
2.007051259279251099e-01
1.980344802141189575e-01
1.968305408954620361e-01
1.959570944309234619e-01
1.977383196353912354e-01
1.981949359178543091e-01
1.988775134086608887e-01
1.967127323150634766e-01
1.976418644189834595e-01
1.970973908901214600e-01
1.986129879951477051e-01
1.987614482641220093e-01
1.998488008975982666e-01
1.978121995925903320e-01
1.973541527986526489e-01
2.006338685750961304e-01
1.967171579599380493e-01
2.009335905313491821e-01
1.982367783784866333e-01
1.975791901350021362e-01
1.982613950967788696e-01
2.003783881664276123e-01
1.978584975004196167e-01
1.979951709508895874e-01
1.985502690076828003e-01
1.994723528623580933e-01
1.974761486053466797e-01
1.979724019765853882e-01
1.983885467052459717e-01
1.973828226327896118e-01
1.971874088048934937e-01
1.983594894409179688e-01
1.986567378044128418e-01
1.969416886568069458e-01
1.993475258350372314e-01
1.981952339410781860e-01
1.984124630689620972e-01
1.996315270662307739e-01
1.969068050384521484e-01
1.979091614484786987e-01
1.974563002586364746e-01
1.986818313598632812e-01
2.008034437894821167e-01
1.982751041650772095e-01
1.972998380661010742e-01
1.958122849464416504e-01
1.969068199396133423e-01
1.976902335882186890e-01
1.952714771032333374e-01
1.977667659521102905e-01
1.956284642219543457e-01
1.957865059375762939e-01
1.976120173931121826e-01
2.003528028726577759e-01
1.928296536207199097e-01
1.965831816196441650e-01
1.965767592191696167e-01
1.981551796197891235e-01
1.945830881595611572e-01
1.957196295261383057e-01
1.962719112634658813e-01
1.984399706125259399e-01
1.948027610778808594e-01
1.963163167238235474e-01
1.952373236417770386e-01
1.954370588064193726e-01
1.959609985351562500e-01
1.952120959758758545e-01
1.968462467193603516e-01
1.952074319124221802e-01
1.958556324243545532e-01
1.983898729085922241e-01
1.942532509565353394e-01
1.964340507984161377e-01
1.978113353252410889e-01
1.975851058959960938e-01
1.967150717973709106e-01
1.943025738000869751e-01
1.978119611740112305e-01
1.967557817697525024e-01
2.006541341543197632e-01
1.938930898904800415e-01
1.964756548404693604e-01
1.963438242673873901e-01
1.974077671766281128e-01
1.980796456336975098e-01
1.977493911981582642e-01
1.970763355493545532e-01
1.961252093315124512e-01
1.957711428403854370e-01
1.964927762746810913e-01
1.983393579721450806e-01
1.965718567371368408e-01
1.974792480468750000e-01
1.968382596969604492e-01
1.982809901237487793e-01
1.952748745679855347e-01
1.961190551519393921e-01
1.950052380561828613e-01
1.970176398754119873e-01
1.940272450447082520e-01
1.956197470426559448e-01
1.942666172981262207e-01
1.969475001096725464e-01
1.979341655969619751e-01
1.954125165939331055e-01
1.949756890535354614e-01
1.947911828756332397e-01
1.977986544370651245e-01
1.935916990041732788e-01
1.965249180793762207e-01
1.963334828615188599e-01
1.951969861984252930e-01
1.945071667432785034e-01
1.959543526172637939e-01
1.952134966850280762e-01
1.921689957380294800e-01
1.981192529201507568e-01
1.948080658912658691e-01
1.954161822795867920e-01
1.951017677783966064e-01
1.966407597064971924e-01
1.953748315572738647e-01
1.933453232049942017e-01
1.938408911228179932e-01
1.949145942926406860e-01
1.953848004341125488e-01
1.933587789535522461e-01
1.952061057090759277e-01
1.957413852214813232e-01
1.922157704830169678e-01
1.947885155677795410e-01
1.949020773172378540e-01
1.927485316991806030e-01
1.940295249223709106e-01
1.946754306554794312e-01
1.952593028545379639e-01
1.968473941087722778e-01
1.960087269544601440e-01
1.941545158624649048e-01
1.948524564504623413e-01
1.934351325035095215e-01
1.933647543191909790e-01
1.959854811429977417e-01
1.956908702850341797e-01
1.971845030784606934e-01
1.925533413887023926e-01
1.919618248939514160e-01
1.932116150856018066e-01
1.915508955717086792e-01
1.944933682680130005e-01
1.950898468494415283e-01
1.932992190122604370e-01
1.949589252471923828e-01
1.942939013242721558e-01
1.914518922567367554e-01
1.937881261110305786e-01
1.987694501876831055e-01
1.944132745265960693e-01
1.928048282861709595e-01
1.949062198400497437e-01
1.945933550596237183e-01
1.950970441102981567e-01
1.971496790647506714e-01
1.958175003528594971e-01
1.928399801254272461e-01
1.937513947486877441e-01
1.943508535623550415e-01
1.937898397445678711e-01
1.942900419235229492e-01
1.952127814292907715e-01
1.940182745456695557e-01
1.925424486398696899e-01
1.928787827491760254e-01
1.938477605581283569e-01
1.944359987974166870e-01
1.939394325017929077e-01
1.927801966667175293e-01
1.952415555715560913e-01
1.930732131004333496e-01
1.953218877315521240e-01
1.919589489698410034e-01
1.924652010202407837e-01
1.936845332384109497e-01
1.938676089048385620e-01
1.930958181619644165e-01
1.924898326396942139e-01
1.936464756727218628e-01
1.939042806625366211e-01
1.968249529600143433e-01
1.927647292613983154e-01
1.920173168182373047e-01
1.927711814641952515e-01
1.934718787670135498e-01
1.932116746902465820e-01
1.922047436237335205e-01
1.942504495382308960e-01
1.942334175109863281e-01
1.931557208299636841e-01
1.929727494716644287e-01
1.928170621395111084e-01
1.918844729661941528e-01
1.910948306322097778e-01
1.926500797271728516e-01
1.955324560403823853e-01
1.920548975467681885e-01
1.918226480484008789e-01
1.926407814025878906e-01
1.908327490091323853e-01
1.903670430183410645e-01
1.938915103673934937e-01
1.938779056072235107e-01
1.938279867172241211e-01
1.938403695821762085e-01
1.944683939218521118e-01
1.923707723617553711e-01
1.941103935241699219e-01
1.936319619417190552e-01
1.924107372760772705e-01
1.934542357921600342e-01
1.923791021108627319e-01
1.898510009050369263e-01
1.942881196737289429e-01
1.915500909090042114e-01
1.926427334547042847e-01
1.936216950416564941e-01
1.939882636070251465e-01
1.927649676799774170e-01
1.918135136365890503e-01
1.925062388181686401e-01
1.919770389795303345e-01
1.897599250078201294e-01
1.887725442647933960e-01
1.948173940181732178e-01
1.930511146783828735e-01
1.912440508604049683e-01
1.918580234050750732e-01
1.949418932199478149e-01
1.907988488674163818e-01
1.912188827991485596e-01
1.915069669485092163e-01
1.925537586212158203e-01
1.920100003480911255e-01
1.901640146970748901e-01
1.931625753641128540e-01
1.941669136285781860e-01
1.929859966039657593e-01
1.892457753419876099e-01
1.917549520730972290e-01
1.920845210552215576e-01
1.925117075443267822e-01
