6.846534997224807961e-01
3.312295289337635062e-01
2.486591789871454294e-01
2.223170172423124258e-01
2.039167713373899460e-01
1.719478767365217320e-01
1.666649767383933112e-01
1.529525534063577719e-01
1.493720068782568022e-01
1.265556114912033125e-01
1.148627638816833441e-01
1.116605987586081067e-01
1.174581471085548445e-01
1.175436388701200513e-01
9.899124741554260476e-02
1.037467319890856693e-01
1.071288240700960098e-01
1.068768915161490418e-01
7.774100724607706236e-02
8.180584068410098886e-02
8.035844573751091402e-02
8.003453616052866315e-02
8.196555970236658883e-02
8.776583602651953642e-02
8.170012138783931677e-02
8.807774312794208749e-02
8.296500531956553515e-02
6.982132310047745039e-02
6.466247614473104310e-02
7.187967101112008317e-02
6.684206198900938256e-02
6.761822694912553167e-02
6.508497230708598646e-02
6.758731739595531807e-02
6.507066827267408982e-02
6.842128412798047232e-02
5.753991376608610236e-02
5.209343755617737437e-02
5.459291635081171823e-02
6.181247759610414283e-02
6.453812692314386812e-02
6.231396395713090924e-02
6.006781343370676263e-02
6.601555552333593369e-02
6.023367311805486596e-02
4.857742778956890273e-02
4.591645351611077508e-02
4.731096250936388942e-02
5.005053160712123056e-02
4.978715004399418553e-02
5.542934507131576372e-02
5.512653924524783811e-02
5.249269917607307656e-02
4.898516399785876607e-02
4.300902942195534984e-02
4.279991602525114874e-02
4.649706155061721774e-02
4.734439587220549278e-02
4.762088159099221035e-02
4.881823744624853162e-02
4.994394747540354534e-02
5.046339616179466164e-02
5.144988443702459141e-02
4.019207783043384635e-02
4.296739585697650909e-02
4.424274583347141687e-02
4.168236695230007061e-02
4.472037421539425822e-02
4.294929353520274273e-02
4.467320853844285178e-02
4.164143738336861106e-02
4.616375543177127921e-02
4.097222184762358554e-02
3.779509687796234890e-02
4.344679114408791371e-02
4.053524838760495103e-02
4.137277910485863408e-02
3.895933687686919944e-02
4.450266420841217374e-02
4.154481165111065244e-02
4.076261100359260953e-02
1.587586934864521071e-01
1.654362861067056600e-01
1.608570490032434352e-01
1.524049656093120486e-01
1.577835338935255904e-01
1.482713747397065296e-01
1.491551499068737019e-01
1.505651596561074224e-01
1.482707539945840869e-01
1.085066009685397154e-01
9.240633835084736958e-02
1.042973017133772412e-01
1.094524382986128280e-01
1.048873229790478895e-01
1.124560548551380573e-01
1.086373567767441317e-01
1.054673199728131255e-01
1.076128635928034760e-01
7.001731592230499290e-02
7.498541213106363346e-02
6.415593802463263884e-02
8.761536873877048825e-02
9.077336761169135793e-02
9.186308857053518406e-02
8.545174253173172529e-02
8.373994101770222687e-02
9.860809373669326972e-02
5.061158655211329266e-02
5.446382244117557725e-02
5.187722189817577795e-02
6.092630639672279302e-02
6.065467418171465591e-02
6.143828889820724531e-02
6.233001865912228545e-02
7.608555162325501831e-02
8.015562088228761484e-02
4.972024669405072927e-02
4.326222167816012876e-02
5.088131230906583341e-02
5.129031769465654950e-02
4.665063969674520389e-02
5.378302200115285536e-02
5.827933571999892315e-02
4.723364999517798424e-02
5.892206604592502284e-02
3.593661969760433145e-02
4.226852562977000821e-02
4.117743059527129157e-02
4.231737938243895769e-02
4.596114318410400579e-02
6.170337700692471450e-02
4.760983555810525958e-02
5.968049966963007852e-02
4.815777058887760892e-02
