6.003888249397277832e-01
5.950472950935363770e-01
5.897061228752136230e-01
5.833655595779418945e-01
5.779425501823425293e-01
5.694579482078552246e-01
5.625422000885009766e-01
5.532236099243164062e-01
5.447311401367187500e-01
5.341024398803710938e-01
5.232642292976379395e-01
5.104544162750244141e-01
4.968860745429992676e-01
4.808811545372009277e-01
4.673242568969726562e-01
4.523812830448150635e-01
4.352172315120697021e-01
4.254049062728881836e-01
4.087825417518615723e-01
4.007059037685394287e-01
3.865473270416259766e-01
3.814291059970855713e-01
3.695067167282104492e-01
3.647026121616363525e-01
3.539261817932128906e-01
3.491866886615753174e-01
3.444026708602905273e-01
3.413680791854858398e-01
3.360366821289062500e-01
3.276557326316833496e-01
3.321554660797119141e-01
3.154858350753784180e-01
3.136557042598724365e-01
3.071962594985961914e-01
2.983934283256530762e-01
2.953514754772186279e-01
2.996557354927062988e-01
2.987894117832183838e-01
2.901929318904876709e-01
2.976470291614532471e-01
2.975519299507141113e-01
2.889642119407653809e-01
2.869622707366943359e-01
2.842037379741668701e-01
2.878284752368927002e-01
2.820033133029937744e-01
2.852718830108642578e-01
2.799496054649353027e-01
2.750794887542724609e-01
2.769363820552825928e-01
2.816691696643829346e-01
2.733351290225982666e-01
2.740009427070617676e-01
2.698591649532318115e-01
2.663183510303497314e-01
2.690606713294982910e-01
2.674012184143066406e-01
2.663017511367797852e-01
2.644834518432617188e-01
2.672037780284881592e-01
2.647459805011749268e-01
2.622390985488891602e-01
2.610031366348266602e-01
2.572844028472900391e-01
2.589636743068695068e-01
2.589192390441894531e-01
2.584819197654724121e-01
2.551086544990539551e-01
2.580397427082061768e-01
2.564482688903808594e-01
2.514265775680541992e-01
2.570150792598724365e-01
2.530807852745056152e-01
2.521864771842956543e-01
2.529520690441131592e-01
2.511687278747558594e-01
2.508976161479949951e-01
2.510356903076171875e-01
2.511256337165832520e-01
2.502753734588623047e-01
2.468885034322738647e-01
2.459551841020584106e-01
2.484833598136901855e-01
2.454958558082580566e-01
2.444104552268981934e-01
2.483707964420318604e-01
2.475210577249526978e-01
2.442470937967300415e-01
2.443181425333023071e-01
2.427669316530227661e-01
2.451291829347610474e-01
2.398439198732376099e-01
2.394822239875793457e-01
2.393587082624435425e-01
2.384565621614456177e-01
2.386619150638580322e-01
2.384149581193923950e-01
2.421469390392303467e-01
2.383582890033721924e-01
2.374998033046722412e-01
2.373418509960174561e-01
2.337229102849960327e-01
2.356732934713363647e-01
2.372689694166183472e-01
2.342370748519897461e-01
2.338793724775314331e-01
2.324683368206024170e-01
2.318237274885177612e-01
2.326543778181076050e-01
2.306054085493087769e-01
2.270835191011428833e-01
2.302996665239334106e-01
2.315812706947326660e-01
2.286760658025741577e-01
2.316087335348129272e-01
2.312599569559097290e-01
2.256001830101013184e-01
2.268530279397964478e-01
2.261252850294113159e-01
2.271337658166885376e-01
2.248478084802627563e-01
2.246943563222885132e-01
2.250512391328811646e-01
2.228581160306930542e-01
2.271562963724136353e-01
2.219203561544418335e-01
2.208674252033233643e-01
2.207039296627044678e-01
2.195859700441360474e-01
2.222389280796051025e-01
2.205171585083007812e-01
2.178331762552261353e-01
2.204844057559967041e-01
2.203304618597030640e-01
2.174580097198486328e-01
2.189781069755554199e-01
2.153242975473403931e-01
2.165366411209106445e-01
2.167583554983139038e-01
2.180238813161849976e-01
2.171618491411209106e-01
2.149625271558761597e-01
2.143136113882064819e-01
2.158797234296798706e-01
2.114566266536712646e-01
2.118014991283416748e-01
2.131347060203552246e-01
2.118378877639770508e-01
2.112602144479751587e-01
2.126726508140563965e-01
2.107331603765487671e-01
2.069206982851028442e-01
2.104476243257522583e-01
2.109496146440505981e-01
2.102406173944473267e-01
2.095661610364913940e-01
2.105128318071365356e-01
2.075443416833877563e-01
2.071146070957183838e-01
2.070311605930328369e-01
2.071785032749176025e-01
2.061130255460739136e-01
2.039048969745635986e-01
2.053165584802627563e-01
2.045154273509979248e-01
2.050528377294540405e-01
2.034693509340286255e-01
2.053773105144500732e-01
2.021764814853668213e-01
2.029133886098861694e-01
2.023679614067077637e-01
2.022804766893386841e-01
2.007739692926406860e-01
2.020249813795089722e-01
2.005714625120162964e-01
1.998180747032165527e-01
1.983036994934082031e-01
2.016075998544692993e-01
2.010912299156188965e-01
1.995939761400222778e-01
1.979426294565200806e-01
2.000520378351211548e-01
1.973873972892761230e-01
1.998166590929031372e-01
1.975273638963699341e-01
1.961941719055175781e-01
1.968460232019424438e-01
1.932064145803451538e-01
1.962334662675857544e-01
1.943571269512176514e-01
1.953309327363967896e-01
1.931344419717788696e-01
1.947145462036132812e-01
1.956424862146377563e-01
1.937672644853591919e-01
1.943678557872772217e-01
1.920340657234191895e-01
1.948936432600021362e-01
1.894962936639785767e-01
1.913500577211380005e-01
1.911833435297012329e-01
1.885402798652648926e-01
1.922365576028823853e-01
1.916790306568145752e-01
1.910415440797805786e-01
1.877995878458023071e-01
1.877593547105789185e-01
1.915725618600845337e-01
1.906634420156478882e-01
1.864439249038696289e-01
1.874919086694717407e-01
1.901979595422744751e-01
1.872195601463317871e-01
1.862110197544097900e-01
1.884262859821319580e-01
1.868752092123031616e-01
1.861670762300491333e-01
1.876206547021865845e-01
1.857929378747940063e-01
1.873432546854019165e-01
1.845418363809585571e-01
1.847033202648162842e-01
1.835568845272064209e-01
1.836253404617309570e-01
1.840519756078720093e-01
1.832941174507141113e-01
1.833417266607284546e-01
1.808474361896514893e-01
1.839202344417572021e-01
1.830652207136154175e-01
1.832068264484405518e-01
1.802218109369277954e-01
1.805718541145324707e-01
1.825288236141204834e-01
1.819427162408828735e-01
1.811287701129913330e-01
1.807280778884887695e-01
1.810071468353271484e-01
1.794658452272415161e-01
1.814992427825927734e-01
1.801214218139648438e-01
1.802932024002075195e-01
1.805385798215866089e-01
1.780336350202560425e-01
1.775457561016082764e-01
1.785558015108108521e-01
1.773625910282135010e-01
1.794224232435226440e-01
1.773258447647094727e-01
1.764329224824905396e-01
1.755289435386657715e-01
1.761873662471771240e-01
1.759727001190185547e-01
1.780963093042373657e-01
1.764263808727264404e-01
1.758241355419158936e-01
1.751189678907394409e-01
1.776521652936935425e-01
1.748926639556884766e-01
1.723212748765945435e-01
1.732462942600250244e-01
1.733826398849487305e-01
1.749152243137359619e-01
1.736379563808441162e-01
1.729562431573867798e-01
1.708150506019592285e-01
1.714988946914672852e-01
1.726627945899963379e-01
1.726478040218353271e-01
1.699478328227996826e-01
1.724032759666442871e-01
1.734935343265533447e-01
1.714305132627487183e-01
1.729885339736938477e-01
1.704415977001190186e-01
1.688084453344345093e-01
1.695496737957000732e-01
1.712687462568283081e-01
1.720190942287445068e-01
1.690179705619812012e-01
1.704216450452804565e-01
1.694581210613250732e-01
1.669853031635284424e-01
1.694663465023040771e-01
1.675050258636474609e-01
1.706613451242446899e-01
1.687549650669097900e-01
1.696061640977859497e-01
1.678968966007232666e-01
1.662702262401580811e-01
1.689931452274322510e-01
1.671457737684249878e-01
1.669877469539642334e-01
1.677694916725158691e-01
1.666975915431976318e-01
1.648999750614166260e-01
1.660380959510803223e-01
1.650846898555755615e-01
1.675768643617630005e-01
1.663667261600494385e-01
1.653004735708236694e-01
1.660841554403305054e-01
1.627621948719024658e-01
1.642403602600097656e-01
1.643116474151611328e-01
1.680136322975158691e-01
1.634269505739212036e-01
1.662170588970184326e-01
1.642800271511077881e-01
1.641697436571121216e-01
1.623426973819732666e-01
1.653576195240020752e-01
1.648907065391540527e-01
1.622551977634429932e-01
1.627039462327957153e-01
1.645622253417968750e-01
1.628921180963516235e-01
1.627907454967498779e-01
1.635385304689407349e-01
1.603411138057708740e-01
1.652593761682510376e-01
1.630553603172302246e-01
1.621122658252716064e-01
1.611613780260086060e-01
1.624953597784042358e-01
1.614664494991302490e-01
1.609410345554351807e-01
1.612436622381210327e-01
1.616384088993072510e-01
1.603876054286956787e-01
1.579808443784713745e-01
1.604244261980056763e-01
1.601366847753524780e-01
1.633807271718978882e-01
1.602907776832580566e-01
1.604930162429809570e-01
1.602125316858291626e-01
1.617510914802551270e-01
1.607756912708282471e-01
1.582782864570617676e-01
1.615583598613739014e-01
1.589210480451583862e-01
1.590889245271682739e-01
1.592943072319030762e-01
1.592615544795989990e-01
1.592174023389816284e-01
1.576709747314453125e-01
1.599635779857635498e-01
1.595000922679901123e-01
1.597855687141418457e-01
1.593165993690490723e-01
1.596778482198715210e-01
1.616751104593276978e-01
1.569371968507766724e-01
1.584975123405456543e-01
1.576775610446929932e-01
1.578763425350189209e-01
1.591378599405288696e-01
1.594427525997161865e-01
1.595601886510848999e-01
1.573205888271331787e-01
1.576453149318695068e-01
1.573522388935089111e-01
1.587646603584289551e-01
1.569517403841018677e-01
1.566072702407836914e-01
1.574333608150482178e-01
1.563145220279693604e-01
1.578564047813415527e-01
1.550361961126327515e-01
1.565002351999282837e-01
1.567383259534835815e-01
1.572886556386947632e-01
1.571702510118484497e-01
1.555221229791641235e-01
1.549128890037536621e-01
1.571330726146697998e-01
1.563786268234252930e-01
1.549886465072631836e-01
1.565370112657546997e-01
1.575855910778045654e-01
1.538444757461547852e-01
1.555923074483871460e-01
1.555300951004028320e-01
1.557182669639587402e-01
1.533457189798355103e-01
1.554102599620819092e-01
1.548607796430587769e-01
1.546608209609985352e-01
1.536856144666671753e-01
1.558585464954376221e-01
1.543373167514801025e-01
1.545067280530929565e-01
1.565845906734466553e-01
1.538028419017791748e-01
1.543838232755661011e-01
1.564227491617202759e-01
1.553013324737548828e-01
1.515977382659912109e-01
1.546596139669418335e-01
1.534554809331893921e-01
1.525132656097412109e-01
1.528275609016418457e-01
1.548237204551696777e-01
1.527800261974334717e-01
1.542916297912597656e-01
1.532393395900726318e-01
1.535978168249130249e-01
1.528102457523345947e-01
1.520823240280151367e-01
1.525124460458755493e-01
1.545144468545913696e-01
1.528331190347671509e-01
1.531025767326354980e-01
1.544303596019744873e-01
1.515566110610961914e-01
1.532929390668869019e-01
1.517474353313446045e-01
1.507435888051986694e-01
1.530862599611282349e-01
1.521994769573211670e-01
1.532315611839294434e-01
1.527881920337677002e-01
1.524082571268081665e-01
1.518782377243041992e-01
1.528198271989822388e-01
1.524306535720825195e-01
1.520633250474929810e-01
1.506768763065338135e-01
1.499870866537094116e-01
1.519578248262405396e-01
1.507775634527206421e-01
1.516444683074951172e-01
1.524037122726440430e-01
1.510823071002960205e-01
1.497938632965087891e-01
1.508239954710006714e-01
1.529819220304489136e-01
1.499775052070617676e-01
1.512980461120605469e-01
1.482744812965393066e-01
1.513882279396057129e-01
1.492924988269805908e-01
1.513213515281677246e-01
1.496523618698120117e-01
1.516528129577636719e-01
1.507916450500488281e-01
1.501068770885467529e-01
1.499206870794296265e-01
1.508087664842605591e-01
1.506653577089309692e-01
1.482004821300506592e-01
1.499250978231430054e-01
1.514015197753906250e-01
1.488779783248901367e-01
1.491858959197998047e-01
1.496477425098419189e-01
1.491772532463073730e-01
1.489903479814529419e-01
1.478271037340164185e-01
1.466031521558761597e-01
1.489463895559310913e-01
1.499891132116317749e-01
1.486378163099288940e-01
1.488706618547439575e-01
1.489820629358291626e-01
1.480405479669570923e-01
1.484083384275436401e-01
1.494961827993392944e-01
1.486170589923858643e-01
1.488097161054611206e-01
1.486138999462127686e-01
1.464002281427383423e-01
1.489801108837127686e-01
1.480621844530105591e-01
1.495757400989532471e-01
1.473389118909835815e-01
1.490707248449325562e-01
1.479112505912780762e-01
1.476568579673767090e-01
1.467240601778030396e-01
1.475007534027099609e-01
1.468340158462524414e-01
1.478142291307449341e-01
1.472131013870239258e-01
1.466866880655288696e-01
1.479608714580535889e-01
1.478379815816879272e-01
1.488747745752334595e-01
1.461076140403747559e-01
1.486261188983917236e-01
1.468106508255004883e-01
1.465943008661270142e-01
1.474290937185287476e-01
1.483648866415023804e-01
1.475479006767272949e-01
1.489314138889312744e-01
1.462715864181518555e-01
1.469741463661193848e-01
1.451537311077117920e-01
1.459922343492507935e-01
1.460847109556198120e-01
1.473709195852279663e-01
1.459493190050125122e-01
1.451521366834640503e-01
1.456615179777145386e-01
1.466954350471496582e-01
1.473776549100875854e-01
1.434278190135955811e-01
1.450614482164382935e-01
1.461389958858489990e-01
1.468799710273742676e-01
1.456674188375473022e-01
1.474734395742416382e-01
1.445450037717819214e-01
1.457578092813491821e-01
1.455508321523666382e-01
1.435764133930206299e-01
1.467084437608718872e-01
1.429269164800643921e-01
1.476648449897766113e-01
1.460568755865097046e-01
1.428117305040359497e-01
1.457401961088180542e-01
1.452514827251434326e-01
1.434174180030822754e-01
1.441345661878585815e-01
1.448342651128768921e-01
1.441151797771453857e-01
1.454357653856277466e-01
1.444883346557617188e-01
1.433853954076766968e-01
1.443796753883361816e-01
1.437785476446151733e-01
1.459121406078338623e-01
1.494530141353607178e-01
1.435903012752532959e-01
1.458130776882171631e-01
1.441764533519744873e-01
1.428065150976181030e-01
1.446590274572372437e-01
1.420726776123046875e-01
1.467967629432678223e-01
1.444356441497802734e-01
1.438711434602737427e-01
1.447601914405822754e-01
1.450166106224060059e-01
1.435681730508804321e-01
1.426619291305541992e-01
1.445853561162948608e-01
1.439859718084335327e-01
1.435784846544265747e-01
1.431508362293243408e-01
1.431668847799301147e-01
1.432041227817535400e-01
1.425494849681854248e-01
1.436636447906494141e-01
1.436894834041595459e-01
1.439015269279479980e-01
1.425055116415023804e-01
1.437923163175582886e-01
1.441812217235565186e-01
1.426628381013870239e-01
1.432879865169525146e-01
1.419951766729354858e-01
1.435755193233489990e-01
1.450713723897933960e-01
1.418442875146865845e-01
1.422068327665328979e-01
1.431730836629867554e-01
1.428383737802505493e-01
1.424237489700317383e-01
1.419395953416824341e-01
1.440060585737228394e-01
1.410519629716873169e-01
1.414899230003356934e-01
1.419524699449539185e-01
1.423790752887725830e-01
1.413284391164779663e-01
1.420250833034515381e-01
1.415345817804336548e-01
1.432719677686691284e-01
1.427755355834960938e-01
1.409143209457397461e-01
1.418756693601608276e-01
1.413996070623397827e-01
1.427412629127502441e-01
1.417450904846191406e-01
1.418610066175460815e-01
1.412862986326217651e-01
1.408443450927734375e-01
1.425057053565979004e-01
1.405705362558364868e-01
1.421861648559570312e-01
1.409758776426315308e-01
1.392498761415481567e-01
1.413439512252807617e-01
1.391270011663436890e-01
1.424217969179153442e-01
1.407923102378845215e-01
1.419275701045989990e-01
1.397232264280319214e-01
1.394269466400146484e-01
1.419985890388488770e-01
1.394537538290023804e-01
1.410953700542449951e-01
1.408797502517700195e-01
1.406182795763015747e-01
1.412245482206344604e-01
1.408266127109527588e-01
1.405164897441864014e-01
1.394027918577194214e-01
1.414094418287277222e-01
1.392878592014312744e-01
1.407224535942077637e-01
1.402935236692428589e-01
1.417137533426284790e-01
1.391046494245529175e-01
1.420795023441314697e-01
1.392118781805038452e-01
1.388110667467117310e-01
1.412304937839508057e-01
1.386210322380065918e-01
1.387159526348114014e-01
1.394747346639633179e-01
1.403406709432601929e-01
1.402622014284133911e-01
1.403573453426361084e-01
1.410800367593765259e-01
1.393819451332092285e-01
1.397625654935836792e-01
1.391083300113677979e-01
1.385309100151062012e-01
1.392457634210586548e-01
1.388507485389709473e-01
1.389356553554534912e-01
1.396493464708328247e-01
1.388264447450637817e-01
1.377980113029479980e-01
1.404852867126464844e-01
1.389399468898773193e-01
1.394957453012466431e-01
1.402636170387268066e-01
1.395977735519409180e-01
1.384141296148300171e-01
1.390404254198074341e-01
1.388718932867050171e-01
1.383098959922790527e-01
1.399376839399337769e-01
1.373981982469558716e-01
1.384639889001846313e-01
1.370810270309448242e-01
1.378971487283706665e-01
1.401636600494384766e-01
1.391783505678176880e-01
1.388891488313674927e-01
1.368985027074813843e-01
1.369146108627319336e-01
1.371815055608749390e-01
1.381276249885559082e-01
1.386667340993881226e-01
1.388593465089797974e-01
1.382818520069122314e-01
1.367433071136474609e-01
1.372135281562805176e-01
1.369430571794509888e-01
1.369466781616210938e-01
1.381594985723495483e-01
1.391267031431198120e-01
1.390433460474014282e-01
1.381512284278869629e-01
1.366253048181533813e-01
1.365326941013336182e-01
1.352988630533218384e-01
1.375021934509277344e-01
1.343854665756225586e-01
1.358083933591842651e-01
1.384220123291015625e-01
1.376282423734664917e-01
1.380902081727981567e-01
1.372724026441574097e-01
1.359760165214538574e-01
1.363171935081481934e-01
1.363044530153274536e-01
1.376915574073791504e-01
1.381460428237915039e-01
1.371211409568786621e-01
1.375201791524887085e-01
1.365779489278793335e-01
1.356148570775985718e-01
1.360733062028884888e-01
1.368791013956069946e-01
1.370202004909515381e-01
1.367320418357849121e-01
1.358188092708587646e-01
1.363718211650848389e-01
1.373088359832763672e-01
1.365179121494293213e-01
1.371719092130661011e-01
1.360407471656799316e-01
1.351985335350036621e-01
1.358002871274948120e-01
1.357905715703964233e-01
1.366118639707565308e-01
1.352029144763946533e-01
1.357288211584091187e-01
1.360959112644195557e-01
1.352976709604263306e-01
1.335719376802444458e-01
1.347237825393676758e-01
1.363324373960494995e-01
1.347047239542007446e-01
1.345004886388778687e-01
1.364531368017196655e-01
1.359979063272476196e-01
1.362227499485015869e-01
1.352004110813140869e-01
1.355941593647003174e-01
1.361801624298095703e-01
1.344251036643981934e-01
1.351917088031768799e-01
1.340700387954711914e-01
1.346902847290039062e-01
1.363580524921417236e-01
1.344600170850753784e-01
1.344566047191619873e-01
1.328562498092651367e-01
1.345234066247940063e-01
1.350075751543045044e-01
1.337946504354476929e-01
1.351141780614852905e-01
1.339826434850692749e-01
1.337290853261947632e-01
1.341372281312942505e-01
1.344153583049774170e-01
1.341738551855087280e-01
1.330480724573135376e-01
1.325334310531616211e-01
1.336915194988250732e-01
1.337293088436126709e-01
1.332265734672546387e-01
1.346611976623535156e-01
1.355796605348587036e-01
1.343302130699157715e-01
1.333729177713394165e-01
1.347400993108749390e-01
1.333784162998199463e-01
1.319576501846313477e-01
1.333802491426467896e-01
1.343907117843627930e-01
1.339798867702484131e-01
1.330617219209671021e-01
1.329817026853561401e-01
1.332112252712249756e-01
1.340593993663787842e-01
1.356512457132339478e-01
1.340490579605102539e-01
1.328078359365463257e-01
1.320642381906509399e-01
1.344478875398635864e-01
1.338979005813598633e-01
1.337343603372573853e-01
1.334726810455322266e-01
1.328100413084030151e-01
1.338320821523666382e-01
1.343732476234436035e-01
1.337187588214874268e-01
1.334850192070007324e-01
1.319878250360488892e-01
1.319732964038848877e-01
1.319136470556259155e-01
1.330471336841583252e-01
1.327461153268814087e-01
1.338571161031723022e-01
1.319552958011627197e-01
1.324125528335571289e-01
1.328947097063064575e-01
1.321181505918502808e-01
1.347997337579727173e-01
1.333058178424835205e-01
1.343525648117065430e-01
1.318790018558502197e-01
1.318057924509048462e-01
1.330908685922622681e-01
1.324549764394760132e-01
1.316691339015960693e-01
1.329595595598220825e-01
1.334622651338577271e-01
1.318017542362213135e-01
1.322218924760818481e-01
1.327276080846786499e-01
1.330592483282089233e-01
1.310707181692123413e-01
1.330317705869674683e-01
1.323295831680297852e-01
1.309885978698730469e-01
1.313324868679046631e-01
1.313029527664184570e-01
1.316772848367691040e-01
1.326633244752883911e-01
1.310558766126632690e-01
1.319590359926223755e-01
1.323067843914031982e-01
1.312591582536697388e-01
1.310450434684753418e-01
1.306817382574081421e-01
1.302060186862945557e-01
1.303174048662185669e-01
1.316328495740890503e-01
1.320411711931228638e-01
1.319116055965423584e-01
1.307822763919830322e-01
1.312975287437438965e-01
1.314408779144287109e-01
1.315757185220718384e-01
1.312158852815628052e-01
1.308578550815582275e-01
1.305510103702545166e-01
1.313638091087341309e-01
1.320313513278961182e-01
1.316522359848022461e-01
1.313890963792800903e-01
1.320363134145736694e-01
1.330545842647552490e-01
1.304323077201843262e-01
1.301236301660537720e-01
1.318587064743041992e-01
1.308839172124862671e-01
1.320537775754928589e-01
1.307009309530258179e-01
1.334848105907440186e-01
1.302443593740463257e-01
1.291011124849319458e-01
1.293555647134780884e-01
1.295586824417114258e-01
1.294644027948379517e-01
1.299794912338256836e-01
1.294969916343688965e-01
1.302321553230285645e-01
1.294413208961486816e-01
1.315710842609405518e-01
1.303643435239791870e-01
1.295819878578186035e-01
1.299147605895996094e-01
1.311282217502593994e-01
1.304948627948760986e-01
1.300172954797744751e-01
1.302629113197326660e-01
1.289634257555007935e-01
1.301102787256240845e-01
1.318053454160690308e-01
1.293578892946243286e-01
1.301160305738449097e-01
1.291777193546295166e-01
1.294724047183990479e-01
1.295079290866851807e-01
1.288619935512542725e-01
1.284581571817398071e-01
1.302333921194076538e-01
1.286431849002838135e-01
1.288862228393554688e-01
1.282807439565658569e-01
1.307050138711929321e-01
1.309340298175811768e-01
1.295929551124572754e-01
1.303731799125671387e-01
1.293587386608123779e-01
1.285141110420227051e-01
1.291087418794631958e-01
1.305934488773345947e-01
1.287913471460342407e-01
1.303661465644836426e-01
1.295628547668457031e-01
1.282275617122650146e-01
1.301018893718719482e-01
1.286942213773727417e-01
1.298675686120986938e-01
1.283863037824630737e-01
1.289727091789245605e-01
1.297069340944290161e-01
1.305495202541351318e-01
1.272682696580886841e-01
1.275727450847625732e-01
1.284502148628234863e-01
1.288597434759140015e-01
1.289685964584350586e-01
1.293044686317443848e-01
1.299429833889007568e-01
1.287676095962524414e-01
1.294856220483779907e-01
1.306606084108352661e-01
1.300933957099914551e-01
1.287984997034072876e-01
1.276447176933288574e-01
1.297947764396667480e-01
1.269438415765762329e-01
1.299223452806472778e-01
1.272904425859451294e-01
1.286034435033798218e-01
1.279673278331756592e-01
1.277973502874374390e-01
1.279624551534652710e-01
1.298976242542266846e-01
1.305651217699050903e-01
1.290534138679504395e-01
1.279220134019851685e-01
1.281075477600097656e-01
1.268905252218246460e-01
1.282188892364501953e-01
1.288930326700210571e-01
1.287377625703811646e-01
1.293821632862091064e-01
1.283689141273498535e-01
1.276631504297256470e-01
1.292370855808258057e-01
1.281580924987792969e-01
1.275626271963119507e-01
1.276872158050537109e-01
1.263680458068847656e-01
1.270994693040847778e-01
1.278897523880004883e-01
1.267848759889602661e-01
1.291692852973937988e-01
1.278142184019088745e-01
1.269550621509552002e-01
1.275619268417358398e-01
1.302983462810516357e-01
1.274127811193466187e-01
1.268774569034576416e-01
1.263784319162368774e-01
1.258273124694824219e-01
1.276641488075256348e-01
1.268433034420013428e-01
1.265102326869964600e-01
1.272526681423187256e-01
1.274973899126052856e-01
1.270945519208908081e-01
1.263151168823242188e-01
1.272069364786148071e-01
1.269472241401672363e-01
1.282991170883178711e-01
1.267071813344955444e-01
1.279153972864151001e-01
1.269080042839050293e-01
1.271797269582748413e-01
1.276272833347320557e-01
1.281267851591110229e-01
1.252785027027130127e-01
1.274619102478027344e-01
1.280629634857177734e-01
1.272070705890655518e-01
1.274780482053756714e-01
1.277855187654495239e-01
1.273668259382247925e-01
1.268517822027206421e-01
1.267562955617904663e-01
1.254630833864212036e-01
1.276458799839019775e-01
1.267825514078140259e-01
1.269631981849670410e-01
1.249706372618675232e-01
1.255182027816772461e-01
1.266337782144546509e-01
1.258413642644882202e-01
1.258919239044189453e-01
1.264433562755584717e-01
1.266846954822540283e-01
1.268802881240844727e-01
1.263668090105056763e-01
1.267511397600173950e-01
1.263231486082077026e-01
1.260565668344497681e-01
1.264106631278991699e-01
1.260631084442138672e-01
1.273844093084335327e-01
1.273694634437561035e-01
1.252821683883666992e-01
1.244293227791786194e-01
1.270112544298171997e-01
1.254290789365768433e-01
1.254555881023406982e-01
1.279056370258331299e-01
1.245779171586036682e-01
1.273066252470016479e-01
1.246247664093971252e-01
1.242260485887527466e-01
1.254012137651443481e-01
1.271297186613082886e-01
1.254834681749343872e-01
1.257274895906448364e-01
1.260081529617309570e-01
1.253694444894790649e-01
1.245145499706268311e-01
1.251197606325149536e-01
1.244235783815383911e-01
1.248544901609420776e-01
1.261341422796249390e-01
1.265114843845367432e-01
1.270201951265335083e-01
1.240742206573486328e-01
1.263293921947479248e-01
1.256508976221084595e-01
1.266459524631500244e-01
1.239055171608924866e-01
1.258851736783981323e-01
1.263874769210815430e-01
1.250665932893753052e-01
1.249699220061302185e-01
1.251696497201919556e-01
1.248865947127342224e-01
1.251887232065200806e-01
1.244871169328689575e-01
1.248300150036811829e-01
1.254156976938247681e-01
1.253246814012527466e-01
1.234179958701133728e-01
1.249797865748405457e-01
1.247367858886718750e-01
1.245567426085472107e-01
1.244551017880439758e-01
1.254306435585021973e-01
1.239502355456352234e-01
1.249242201447486877e-01
1.251814961433410645e-01
1.230737119913101196e-01
1.239167004823684692e-01
1.250914782285690308e-01
1.255950182676315308e-01
1.265308707952499390e-01
1.246326491236686707e-01
1.249332204461097717e-01
1.249900832772254944e-01
1.244850680232048035e-01
1.244446411728858948e-01
1.248612254858016968e-01
1.247533187270164490e-01
1.234693080186843872e-01
1.248002946376800537e-01
1.235955283045768738e-01
1.247816756367683411e-01
1.248721852898597717e-01
1.240680292248725891e-01
1.222859621047973633e-01
1.237762346863746643e-01
1.251194924116134644e-01
1.259640008211135864e-01
1.234170347452163696e-01
1.228786408901214600e-01
1.248917058110237122e-01
1.252002865076065063e-01
1.242093965411186218e-01
1.236263066530227661e-01
1.239255741238594055e-01
1.234767958521842957e-01
1.234069764614105225e-01
1.229639276862144470e-01
1.236061900854110718e-01
1.241540610790252686e-01
1.231406852602958679e-01
1.226756945252418518e-01
1.223270893096923828e-01
1.226296871900558472e-01
1.240333765745162964e-01
1.241595521569252014e-01
1.240841373801231384e-01
1.237871944904327393e-01
1.226704567670822144e-01
1.240997537970542908e-01
1.232766285538673401e-01
1.221205443143844604e-01
1.224798336625099182e-01
1.231607496738433838e-01
1.235704496502876282e-01
1.233485713601112366e-01
1.237245425581932068e-01
1.238130107522010803e-01
1.231542229652404785e-01
1.237568780779838562e-01
1.230395808815956116e-01
1.243748441338539124e-01
1.210460960865020752e-01
1.227804794907569885e-01
1.233383640646934509e-01
1.226917877793312073e-01
1.240241304039955139e-01
1.225814744830131531e-01
1.231278702616691589e-01
1.218153610825538635e-01
1.235294118523597717e-01
1.241928562521934509e-01
1.229118555784225464e-01
1.224770471453666687e-01
1.244199052453041077e-01
1.221286728978157043e-01
1.225633472204208374e-01
1.220173463225364685e-01
1.211012303829193115e-01
1.231191381812095642e-01
1.224092394113540649e-01
1.225697025656700134e-01
1.221566125750541687e-01
1.235762462019920349e-01
1.225214675068855286e-01
1.228618249297142029e-01
1.220295503735542297e-01
1.238611862063407898e-01
1.220465973019599915e-01
1.232899129390716553e-01
1.216175332665443420e-01
1.213262528181076050e-01
1.227065324783325195e-01
1.207365170121192932e-01
1.235059127211570740e-01
1.228964552283287048e-01
1.222718283534049988e-01
1.210731938481330872e-01
1.232032626867294312e-01
1.214214041829109192e-01
1.216475293040275574e-01
1.240591183304786682e-01
1.219718754291534424e-01
1.215524077415466309e-01
1.232150793075561523e-01
1.226017028093338013e-01
1.225077286362648010e-01
1.222381815314292908e-01
1.200836449861526489e-01
1.218492612242698669e-01
1.195588037371635437e-01
1.203675121068954468e-01
1.206679195165634155e-01
1.210997626185417175e-01
1.220432221889495850e-01
1.212711855769157410e-01
1.214376986026763916e-01
1.222176849842071533e-01
1.214370056986808777e-01
1.227042078971862793e-01
1.220803260803222656e-01
1.206707134842872620e-01
1.200656965374946594e-01
1.227416098117828369e-01
1.212122961878776550e-01
1.214499697089195251e-01
1.234458237886428833e-01
1.210156232118606567e-01
1.203391924500465393e-01
1.212730929255485535e-01
1.202714294195175171e-01
1.228325590491294861e-01
1.214894875884056091e-01
1.217098906636238098e-01
1.212625503540039062e-01
1.193232238292694092e-01
1.215233206748962402e-01
1.206888929009437561e-01
1.215528175234794617e-01
1.209450587630271912e-01
1.220732480287551880e-01
1.205669566988945007e-01
1.216043308377265930e-01
1.220009103417396545e-01
1.210046485066413879e-01
1.211188286542892456e-01
1.214776188135147095e-01
1.194440349936485291e-01
1.224061548709869385e-01
1.206332296133041382e-01
1.196921765804290771e-01
1.197917833924293518e-01
1.214278116822242737e-01
1.190971955657005310e-01
1.211587041616439819e-01
1.227527409791946411e-01
1.200241446495056152e-01
1.191366240382194519e-01
1.208713278174400330e-01
1.211405768990516663e-01
1.207287907600402832e-01
1.206406950950622559e-01
1.203652620315551758e-01
1.216820403933525085e-01
1.204512491822242737e-01
1.185499951243400574e-01
1.195757240056991577e-01
1.200608238577842712e-01
1.201233863830566406e-01
1.184964403510093689e-01
1.206748113036155701e-01
1.187712624669075012e-01
1.214171275496482849e-01
1.199026405811309814e-01
1.204356849193572998e-01
1.208718344569206238e-01
1.208627596497535706e-01
1.207919567823410034e-01
1.202556863427162170e-01
1.203240379691123962e-01
1.204084903001785278e-01
1.193410828709602356e-01
2.024837434291839600e-01
1.986971795558929443e-01
2.023731172084808350e-01
1.978810578584671021e-01
1.986666768789291382e-01
1.997105628252029419e-01
2.014280557632446289e-01
1.994936019182205200e-01
1.994144618511199951e-01
2.021969258785247803e-01
1.998485177755355835e-01
1.990344673395156860e-01
2.034640610218048096e-01
1.978132724761962891e-01
2.000736296176910400e-01
2.013696134090423584e-01
1.967720985412597656e-01
2.001125812530517578e-01
2.021321207284927368e-01
2.001005709171295166e-01
2.003502994775772095e-01
2.018737196922302246e-01
1.987764984369277954e-01
1.980508416891098022e-01
2.035485506057739258e-01
1.965677142143249512e-01
2.004191726446151733e-01
2.012591063976287842e-01
1.982231289148330688e-01
1.992088407278060913e-01
1.996718943119049072e-01
1.978047043085098267e-01
1.974204033613204956e-01
1.989852786064147949e-01
1.993766874074935913e-01
1.986901462078094482e-01
1.982535123825073242e-01
1.994041353464126587e-01
1.986734271049499512e-01
1.955206990242004395e-01
1.979123502969741821e-01
2.011928856372833252e-01
1.989518105983734131e-01
1.984466761350631714e-01
1.999805420637130737e-01
1.983965188264846802e-01
1.988779455423355103e-01
1.981106251478195190e-01
1.978217363357543945e-01
1.997224390506744385e-01
1.979445219039916992e-01
1.990734338760375977e-01
1.988976299762725830e-01
1.984768807888031006e-01
1.970769762992858887e-01
1.996116191148757935e-01
1.976572722196578979e-01
1.979064941406250000e-01
2.019751220941543579e-01
1.975210011005401611e-01
1.988225728273391724e-01
1.971881240606307983e-01
1.989872455596923828e-01
1.973196268081665039e-01
2.006692141294479370e-01
1.991062909364700317e-01
1.969203203916549683e-01
1.976660192012786865e-01
1.970792114734649658e-01
1.974558532238006592e-01
1.976534575223922729e-01
1.983433812856674194e-01
1.966172754764556885e-01
1.958940774202346802e-01
1.970534473657608032e-01
1.944013237953186035e-01
1.964324116706848145e-01
1.994594037532806396e-01
1.977324038743972778e-01
1.982498764991760254e-01
1.980092823505401611e-01
1.988020837306976318e-01
1.961744874715805054e-01
1.975062191486358643e-01
1.959047615528106689e-01
1.972488313913345337e-01
1.997324377298355103e-01
1.952601522207260132e-01
1.990508735179901123e-01
1.970057040452957153e-01
1.955705136060714722e-01
1.958243250846862793e-01
2.003928422927856445e-01
1.972021460533142090e-01
1.959854960441589355e-01
1.984554231166839600e-01
1.958286464214324951e-01
1.962832361459732056e-01
1.966144293546676636e-01
1.984476596117019653e-01
1.984398663043975830e-01
1.975013017654418945e-01
1.935304254293441772e-01
1.961091756820678711e-01
1.962238550186157227e-01
1.969666033983230591e-01
1.976525783538818359e-01
1.968049407005310059e-01
2.009896188974380493e-01
1.959549784660339355e-01
1.935624331235885620e-01
1.979573518037796021e-01
1.951827257871627808e-01
1.954011470079421997e-01
1.974339485168457031e-01
1.980088502168655396e-01
1.956944912672042847e-01
1.975139230489730835e-01
1.945720016956329346e-01
1.927675604820251465e-01
1.978276520967483521e-01
1.954961270093917847e-01
1.960817128419876099e-01
1.947018951177597046e-01
1.960934251546859741e-01
1.966809332370758057e-01
1.956368088722229004e-01
1.958484351634979248e-01
1.974910497665405273e-01
1.944605261087417603e-01
1.962495893239974976e-01
1.949862688779830933e-01
1.935805827379226685e-01
1.964036226272583008e-01
1.944438815116882324e-01
1.910219639539718628e-01
1.942293196916580200e-01
1.953797489404678345e-01
1.942227929830551147e-01
1.948006749153137207e-01
1.967031359672546387e-01
1.960296332836151123e-01
1.968627721071243286e-01
1.962890774011611938e-01
1.927733868360519409e-01
1.929610371589660645e-01
1.933060139417648315e-01
1.959851831197738647e-01
1.951490640640258789e-01
1.938989013433456421e-01
1.947171986103057861e-01
1.942026317119598389e-01
1.940556019544601440e-01
1.931759566068649292e-01
1.947549581527709961e-01
1.936269998550415039e-01
1.926705390214920044e-01
1.939482539892196655e-01
1.935307830572128296e-01
1.953944414854049683e-01
1.947576850652694702e-01
1.926462054252624512e-01
1.939182281494140625e-01
1.940472573041915894e-01
1.931869983673095703e-01
1.919471919536590576e-01
1.944485455751419067e-01
1.946192830801010132e-01
1.942706853151321411e-01
1.932462602853775024e-01
1.927668601274490356e-01
1.928446143865585327e-01
1.935505867004394531e-01
1.918902099132537842e-01
1.933713555335998535e-01
1.937245726585388184e-01
1.914312243461608887e-01
1.933201551437377930e-01
1.934910416603088379e-01
1.914658099412918091e-01
1.924956589937210083e-01
1.922905892133712769e-01
1.928797513246536255e-01
1.970688253641128540e-01
1.934440284967422485e-01
1.931772977113723755e-01
1.925259977579116821e-01
1.914472877979278564e-01
1.890950351953506470e-01
1.927265226840972900e-01
1.924306601285934448e-01
1.941878348588943481e-01
1.937167048454284668e-01
1.950433850288391113e-01
1.942787468433380127e-01
1.919863820075988770e-01
1.912134140729904175e-01
1.910992860794067383e-01
1.940224915742874146e-01
1.968084275722503662e-01
1.935751587152481079e-01
1.933701932430267334e-01
1.952750235795974731e-01
1.913644075393676758e-01
1.904719322919845581e-01
1.914846450090408325e-01
1.930965632200241089e-01
1.935898214578628540e-01
1.928303986787796021e-01
1.921423524618148804e-01
1.928310990333557129e-01
1.912673413753509521e-01
1.904931962490081787e-01
1.958946138620376587e-01
1.892174184322357178e-01
1.926542371511459351e-01
1.940105408430099487e-01
1.901358067989349365e-01
1.902662217617034912e-01
1.917049139738082886e-01
1.920896768569946289e-01
1.929008662700653076e-01
1.923207938671112061e-01
1.961552202701568604e-01
1.905183494091033936e-01
1.929483264684677124e-01
1.893876343965530396e-01
1.890214681625366211e-01
1.883968412876129150e-01
1.916379034519195557e-01
1.903175115585327148e-01
1.901818513870239258e-01
1.910370737314224243e-01
1.910434514284133911e-01
1.913401186466217041e-01
1.902130246162414551e-01
1.925097256898880005e-01
1.881340742111206055e-01
1.929347366094589233e-01
1.936496794223785400e-01
1.913030892610549927e-01
1.913071274757385254e-01
1.905310302972793579e-01
1.918126940727233887e-01
1.894872188568115234e-01
1.882707923650741577e-01
1.915858834981918335e-01
1.914512068033218384e-01
1.916702538728713989e-01
1.907309293746948242e-01
1.909300535917282104e-01
1.927686333656311035e-01
1.891687959432601929e-01
1.880913525819778442e-01
1.917446404695510864e-01
1.885343194007873535e-01
1.918035000562667847e-01
1.868585497140884399e-01
1.908538341522216797e-01
1.903400719165802002e-01
1.898318082094192505e-01
1.890721619129180908e-01
1.922377645969390869e-01
1.910234987735748291e-01
1.892764121294021606e-01
1.910172104835510254e-01
1.911209076642990112e-01
1.923769563436508179e-01
1.888822168111801147e-01
1.886623650789260864e-01
1.907870769500732422e-01
1.894432306289672852e-01
1.879409998655319214e-01
1.889088600873947144e-01
1.875521540641784668e-01
1.899312287569046021e-01
1.907885521650314331e-01
1.903880536556243896e-01
1.912310719490051270e-01
1.904923319816589355e-01
1.919253468513488770e-01
1.898889541625976562e-01
1.896168589591979980e-01
1.895929425954818726e-01
1.883334219455718994e-01
1.906846761703491211e-01
1.880139708518981934e-01
1.895451694726943970e-01
1.891331970691680908e-01
1.888016909360885620e-01
1.874691992998123169e-01
1.881877928972244263e-01
1.866951882839202881e-01
1.916217654943466187e-01
1.883116662502288818e-01
1.908209919929504395e-01
1.892926841974258423e-01
1.903384327888488770e-01
1.890583634376525879e-01
1.891087740659713745e-01
