1.220119761824607796e+00
6.703007823228835926e-01
5.899125373363495184e-01
5.143932190537452431e-01
4.982224011421203524e-01
4.593409419059753529e-01
4.490130227804183805e-01
4.164064694941043698e-01
4.153809101879596954e-01
3.848653374612331368e-01
3.852928996086120716e-01
3.877861854434013211e-01
3.769577424228191531e-01
3.603604669868946120e-01
3.634287379682064056e-01
3.640854366123676411e-01
3.429777731001377172e-01
3.577336318790912406e-01
3.270075976848602073e-01
3.331951414048671678e-01
3.152367495000362174e-01
3.242238612473011261e-01
3.219524136185645813e-01
3.161182831227779544e-01
3.221186058223247661e-01
3.117928452789783256e-01
3.236118456721305825e-01
2.867000409960746565e-01
2.979754151403903872e-01
3.173747112601995601e-01
2.911267107725143410e-01
2.893086095154285275e-01
2.947108457237482271e-01
2.935751862078905261e-01
2.949136254191398465e-01
2.911151381582021691e-01
2.690065839141607129e-01
2.760684320330619723e-01
2.608329278975725085e-01
2.709261675924062862e-01
2.716038288921117649e-01
2.681227156519889743e-01
2.809955664724111402e-01
2.801923654973507150e-01
2.812551417946815291e-01
2.469719497114419848e-01
2.571796904504299319e-01
2.636461368203162903e-01
2.589215607941150465e-01
2.613724929839372768e-01
2.631931429356336727e-01
2.461121012270450492e-01
2.509159629791974933e-01
2.450446507334709256e-01
2.413841521739959750e-01
2.318874951452016830e-01
2.317200882732868283e-01
2.374235055595636246e-01
2.434030754864215940e-01
2.394263791292905730e-01
2.436696024984121300e-01
2.514018898084759979e-01
2.564000569283962361e-01
2.220274092629551943e-01
2.155644016340375058e-01
2.200726827979087863e-01
2.282509814947843441e-01
2.255448400974273682e-01
2.279334276914596613e-01
2.383426059782504935e-01
2.224479223042726550e-01
2.374622718989849168e-01
2.026017275452613731e-01
1.996174108982086137e-01
2.290879499167203792e-01
2.210079102218150959e-01
2.152800089120864846e-01
2.011502048373222384e-01
2.086741476505994675e-01
2.226294628530740838e-01
2.200280525535344978e-01
2.086579574644565616e-01
2.028500739485025461e-01
2.112864287942647912e-01
1.955251387506723448e-01
1.938628262281417713e-01
2.082163202762603860e-01
2.064800895750522614e-01
2.068897430598735931e-01
1.908721255138516315e-01
1.785896575078368131e-01
1.804986623674631196e-01
1.943669304996728797e-01
1.887345726042986005e-01
1.937284226715564606e-01
1.980805464833974849e-01
2.038745046406984229e-01
2.052549860626459166e-01
1.930231246724724847e-01
1.915371178835630350e-01
1.768616763502359468e-01
1.844117820262908825e-01
1.841308735311031342e-01
1.811475183814764134e-01
2.037674439698457796e-01
1.875742409378290121e-01
1.846876428276300330e-01
1.819064611569047030e-01
1.583385447412729297e-01
1.587144462764263075e-01
1.688802849873900502e-01
1.820308218523860044e-01
1.693880593031644732e-01
1.809844224900007126e-01
1.926368118077516622e-01
1.815564951300621122e-01
1.777255305647850170e-01
1.648948463425040367e-01
1.685008250921964656e-01
1.683953763917088453e-01
1.742792379111051670e-01
1.763049562275409710e-01
1.693706477060913929e-01
1.578944099321961392e-01
1.755811376497149467e-01
1.709944443777203504e-01
1.620929908379912243e-01
1.594980872794985738e-01
1.577714855596423216e-01
1.538447630777955155e-01
1.621553578600287426e-01
1.633101906627416611e-01
1.687277072295546576e-01
1.627493902668356862e-01
1.578663616627454802e-01
