9.867615103721618652e-01
9.782156348228454590e-01
9.692889451980590820e-01
9.604048132896423340e-01
9.507762193679809570e-01
9.402319788932800293e-01
9.303632974624633789e-01
9.192521572113037109e-01
9.071791172027587891e-01
8.934316635131835938e-01
8.814204335212707520e-01
8.668707013130187988e-01
8.450732827186584473e-01
8.291924595832824707e-01
8.053597807884216309e-01
7.919183373451232910e-01
7.641680240631103516e-01
7.346187829971313477e-01
7.078297138214111328e-01
6.834402084350585938e-01
6.522563099861145020e-01
6.298463344573974609e-01
6.302921772003173828e-01
5.862029790878295898e-01
5.894203186035156250e-01
5.510072708129882812e-01
5.695561170578002930e-01
5.492665171623229980e-01
5.416212081909179688e-01
5.460131168365478516e-01
5.579060316085815430e-01
5.432621836662292480e-01
5.480729937553405762e-01
5.342913269996643066e-01
5.228332877159118652e-01
5.277099609375000000e-01
5.132910013198852539e-01
4.994973242282867432e-01
4.976804852485656738e-01
4.923387169837951660e-01
4.842234849929809570e-01
4.892509281635284424e-01
4.793498814105987549e-01
4.769632518291473389e-01
4.733274579048156738e-01
4.724540114402770996e-01
4.653305709362030029e-01
4.634989202022552490e-01
4.536763429641723633e-01
4.524409472942352295e-01
4.465872049331665039e-01
4.455558359622955322e-01
4.457756280899047852e-01
4.379580616950988770e-01
4.385177195072174072e-01
4.341053366661071777e-01
4.365855157375335693e-01
4.395630359649658203e-01
4.298323094844818115e-01
4.382333159446716309e-01
4.265555739402770996e-01
4.186702966690063477e-01
4.214298427104949951e-01
4.207067787647247314e-01
4.184723198413848877e-01
4.101584851741790771e-01
4.080695211887359619e-01
4.103743433952331543e-01
4.051098823547363281e-01
4.009209275245666504e-01
4.023731946945190430e-01
3.988018631935119629e-01
3.975529074668884277e-01
3.982870578765869141e-01
3.948384523391723633e-01
3.920264244079589844e-01
3.966903984546661377e-01
3.902420997619628906e-01
3.834408819675445557e-01
3.916774988174438477e-01
3.866738677024841309e-01
3.873276114463806152e-01
3.796820342540740967e-01
3.821755051612854004e-01
3.809945583343505859e-01
3.767879307270050049e-01
3.781462311744689941e-01
3.768408000469207764e-01
3.717259168624877930e-01
3.731478750705718994e-01
3.712574243545532227e-01
3.719896376132965088e-01
3.674547672271728516e-01
3.707252144813537598e-01
3.729177713394165039e-01
3.660091757774353027e-01
3.632415831089019775e-01
3.629122078418731689e-01
3.637707233428955078e-01
3.648889660835266113e-01
3.616535663604736328e-01
3.606114089488983154e-01
3.597958981990814209e-01
3.566784560680389404e-01
3.559505045413970947e-01
3.506929874420166016e-01
3.517218232154846191e-01
3.521632254123687744e-01
3.535264432430267334e-01
3.497733175754547119e-01
3.482880890369415283e-01
3.519898355007171631e-01
3.516130447387695312e-01
3.474073410034179688e-01
3.445311784744262695e-01
3.466110825538635254e-01
3.444620668888092041e-01
3.495804667472839355e-01
3.469077348709106445e-01
3.419288992881774902e-01
3.412926793098449707e-01
3.427482843399047852e-01
3.419412076473236084e-01
3.450809717178344727e-01
3.409426510334014893e-01
3.410919010639190674e-01
3.366447389125823975e-01
3.369141519069671631e-01
3.362929821014404297e-01
3.390149772167205811e-01
3.331276178359985352e-01
3.364304900169372559e-01
3.347138762474060059e-01
3.341130018234252930e-01
3.345077633857727051e-01
3.373247385025024414e-01
3.347778618335723877e-01
3.310522139072418213e-01
3.316741585731506348e-01
3.276448547840118408e-01
3.281905949115753174e-01
3.287988603115081787e-01
3.270262181758880615e-01
3.299637138843536377e-01
3.272470831871032715e-01
3.298709392547607422e-01
3.237559795379638672e-01
3.238865435123443604e-01
3.246875703334808350e-01
3.217212259769439697e-01
3.214940130710601807e-01
3.200551569461822510e-01
3.232820332050323486e-01
3.202654421329498291e-01
3.217456042766571045e-01
3.224868774414062500e-01
3.223239183425903320e-01
3.198993802070617676e-01
3.146316707134246826e-01
3.174724876880645752e-01
3.197354078292846680e-01
3.182252049446105957e-01
3.153232932090759277e-01
3.167089521884918213e-01
3.133049011230468750e-01
3.137143850326538086e-01
3.153097033500671387e-01
3.126767277717590332e-01
3.142218589782714844e-01
3.069444894790649414e-01
3.149562180042266846e-01
3.117655813694000244e-01
3.100471794605255127e-01
3.053527176380157471e-01
3.116844892501831055e-01
3.109656870365142822e-01
3.067779242992401123e-01
3.104189038276672363e-01
3.075715005397796631e-01
3.061944544315338135e-01
3.097661137580871582e-01
3.064123094081878662e-01
3.019050657749176025e-01
3.029454946517944336e-01
3.047220706939697266e-01
2.988926172256469727e-01
3.030048906803131104e-01
3.006134629249572754e-01
3.007898926734924316e-01
3.039336502552032471e-01
3.035093545913696289e-01
2.971692085266113281e-01
2.987514734268188477e-01
2.989683449268341064e-01
2.992978692054748535e-01
2.991180717945098877e-01
2.999294400215148926e-01
2.995046377182006836e-01
2.970201969146728516e-01
2.940739095211029053e-01
2.967779040336608887e-01
2.966474294662475586e-01
2.989778220653533936e-01
2.920399606227874756e-01
2.939659953117370605e-01
2.900128066539764404e-01
2.942494750022888184e-01
2.958097755908966064e-01
2.913228571414947510e-01
2.930532395839691162e-01
2.922546863555908203e-01
2.908548414707183838e-01
2.912883758544921875e-01
2.892287075519561768e-01
2.910650670528411865e-01
2.853530347347259521e-01
2.908912599086761475e-01
2.911128699779510498e-01
2.854027450084686279e-01
2.888569235801696777e-01
2.856936156749725342e-01
2.847971022129058838e-01
2.879321873188018799e-01
2.853212058544158936e-01
2.847277820110321045e-01
2.814889550209045410e-01
2.842049002647399902e-01
2.871014773845672607e-01
2.870855927467346191e-01
2.836856544017791748e-01
2.787002623081207275e-01
2.818182408809661865e-01
2.808757722377777100e-01
2.815233469009399414e-01
2.798401713371276855e-01
2.793599665164947510e-01
2.789740562438964844e-01
2.777520418167114258e-01
2.799473702907562256e-01
2.787722945213317871e-01
2.762345671653747559e-01
2.772708833217620850e-01
2.759372293949127197e-01
2.769525647163391113e-01
2.758899927139282227e-01
2.747571766376495361e-01
2.751890420913696289e-01
2.712590694427490234e-01
2.750218510627746582e-01
2.719680070877075195e-01
2.739840745925903320e-01
2.737708985805511475e-01
2.718581855297088623e-01
2.734968364238739014e-01
2.701792120933532715e-01
2.708828151226043701e-01
2.683179974555969238e-01
2.723106145858764648e-01
2.715184390544891357e-01
2.678375840187072754e-01
2.692964375019073486e-01
2.687141597270965576e-01
2.710707485675811768e-01
2.635962367057800293e-01
2.694789171218872070e-01
2.651422619819641113e-01
2.661930918693542480e-01
2.645686864852905273e-01
2.658853530883789062e-01
2.629323303699493408e-01
2.618848979473114014e-01
2.665763199329376221e-01
2.625061869621276855e-01
2.640950381755828857e-01
2.631184160709381104e-01
2.597983777523040771e-01
2.620072364807128906e-01
2.621173262596130371e-01
2.601723968982696533e-01
2.606467902660369873e-01
2.608498334884643555e-01
2.608595192432403564e-01
2.601020932197570801e-01
2.600667476654052734e-01
2.604114711284637451e-01
2.611878216266632080e-01
2.606636583805084229e-01
2.601211071014404297e-01
2.611849009990692139e-01
2.566981017589569092e-01
2.604991197586059570e-01
2.541054487228393555e-01
2.563318610191345215e-01
2.573155760765075684e-01
2.545783817768096924e-01
2.539923787117004395e-01
2.547731399536132812e-01
2.566467821598052979e-01
2.563028633594512939e-01
2.534644901752471924e-01
2.546819448471069336e-01
2.528372108936309814e-01
2.555727362632751465e-01
2.536422908306121826e-01
2.542940080165863037e-01
2.523165941238403320e-01
2.507742941379547119e-01
2.564088106155395508e-01
2.537510395050048828e-01
2.506312727928161621e-01
2.517703473567962646e-01
2.525783181190490723e-01
2.508800029754638672e-01
2.520389556884765625e-01
2.497319132089614868e-01
2.503258883953094482e-01
2.491935342550277710e-01
2.485684901475906372e-01
2.496153563261032104e-01
2.481094449758529663e-01
2.487159520387649536e-01
2.516014277935028076e-01
2.492272406816482544e-01
2.501400411128997803e-01
2.498634159564971924e-01
2.485854178667068481e-01
2.455204427242279053e-01
2.474258989095687866e-01
2.477678209543228149e-01
2.457757592201232910e-01
2.444228231906890869e-01
2.446627467870712280e-01
2.468422651290893555e-01
2.460170537233352661e-01
2.449143826961517334e-01
2.441095709800720215e-01
2.417603433132171631e-01
2.454198598861694336e-01
2.436347901821136475e-01
2.472648918628692627e-01
2.435745000839233398e-01
2.433595955371856689e-01
2.426322698593139648e-01
2.398080229759216309e-01
2.420638650655746460e-01
2.413276582956314087e-01
2.432924360036849976e-01
2.428492605686187744e-01
2.406605333089828491e-01
2.439592629671096802e-01
2.463084012269973755e-01
2.429008930921554565e-01
2.398001402616500854e-01
2.423455119132995605e-01
2.439651191234588623e-01
2.383883297443389893e-01
2.392504066228866577e-01
2.398649156093597412e-01
2.397750914096832275e-01
2.409356981515884399e-01
2.379319369792938232e-01
2.418595701456069946e-01
2.392079830169677734e-01
2.375598847866058350e-01
2.381044328212738037e-01
2.387837022542953491e-01
2.372665405273437500e-01
2.353126406669616699e-01
2.338594943284988403e-01
2.396260946989059448e-01
2.364447861909866333e-01
2.350246161222457886e-01
2.388887107372283936e-01
2.376598417758941650e-01
2.363409101963043213e-01
2.356252819299697876e-01
2.348423898220062256e-01
2.354655265808105469e-01
2.332914322614669800e-01
2.368646264076232910e-01
2.370315939188003540e-01
2.363608181476593018e-01
2.351575046777725220e-01
2.351103425025939941e-01
2.355222404003143311e-01
2.385451346635818481e-01
2.378300279378890991e-01
2.368878722190856934e-01
2.358337193727493286e-01
2.344505935907363892e-01
2.369547635316848755e-01
2.350346893072128296e-01
2.327618747949600220e-01
2.375352382659912109e-01
2.327744215726852417e-01
2.362461090087890625e-01
2.344890683889389038e-01
2.311365753412246704e-01
2.339534163475036621e-01
2.355452179908752441e-01
2.332281172275543213e-01
2.338252812623977661e-01
2.354222983121871948e-01
2.321104258298873901e-01
2.341762483119964600e-01
2.299936860799789429e-01
2.334484308958053589e-01
2.333080172538757324e-01
2.318140268325805664e-01
2.345378547906875610e-01
2.312763929367065430e-01
2.298298478126525879e-01
2.311708778142929077e-01
2.329610139131546021e-01
2.321539819240570068e-01
2.314514815807342529e-01
2.308012694120407104e-01
2.280239313840866089e-01
2.290412038564682007e-01
2.298167347908020020e-01
2.284184247255325317e-01
2.303873002529144287e-01
2.297155410051345825e-01
2.309747338294982910e-01
2.308295965194702148e-01
2.285620123147964478e-01
2.279953956604003906e-01
2.272513657808303833e-01
2.308676093816757202e-01
2.305777370929718018e-01
2.288220971822738647e-01
2.306289970874786377e-01
2.277052551507949829e-01
2.278259098529815674e-01
2.302047461271286011e-01
2.266775518655776978e-01
2.296679317951202393e-01
2.270380854606628418e-01
2.277525067329406738e-01
2.287926524877548218e-01
2.291738092899322510e-01
2.253410816192626953e-01
2.280592024326324463e-01
2.278728485107421875e-01
2.255486845970153809e-01
2.241007983684539795e-01
2.260032445192337036e-01
2.277839779853820801e-01
2.279288172721862793e-01
2.229295969009399414e-01
2.258831709623336792e-01
2.256814390420913696e-01
2.263156771659851074e-01
2.264235913753509521e-01
2.265376150608062744e-01
2.249652296304702759e-01
2.251560986042022705e-01
2.265822291374206543e-01
2.250775247812271118e-01
2.242005318403244019e-01
2.243741899728775024e-01
2.223995178937911987e-01
2.259792089462280273e-01
2.264105081558227539e-01
2.248429358005523682e-01
2.220752537250518799e-01
2.246289104223251343e-01
2.219201028347015381e-01
2.253479361534118652e-01
2.228518873453140259e-01
2.236890345811843872e-01
2.224243134260177612e-01
2.227545380592346191e-01
2.231201231479644775e-01
2.218225896358489990e-01
2.219974696636199951e-01
2.246911972761154175e-01
2.239134907722473145e-01
2.215757071971893311e-01
2.228844314813613892e-01
2.224876880645751953e-01
2.219147980213165283e-01
2.229322791099548340e-01
2.253198027610778809e-01
2.225349098443984985e-01
2.211019247770309448e-01
2.225220948457717896e-01
2.202814966440200806e-01
2.216222137212753296e-01
2.232245057821273804e-01
2.235932499170303345e-01
2.213816642761230469e-01
2.204658687114715576e-01
2.226454764604568481e-01
2.215347439050674438e-01
2.224576622247695923e-01
2.225326001644134521e-01
2.219779789447784424e-01
2.206461280584335327e-01
2.213488221168518066e-01
2.199800908565521240e-01
2.189249247312545776e-01
2.224150151014328003e-01
2.212673574686050415e-01
2.176569104194641113e-01
2.222646474838256836e-01
2.209442406892776489e-01
2.187950164079666138e-01
2.202215492725372314e-01
2.169822007417678833e-01
2.198313772678375244e-01
2.156760990619659424e-01
2.220888733863830566e-01
2.198946475982666016e-01
2.193159759044647217e-01
2.211013734340667725e-01
2.206168919801712036e-01
2.212725132703781128e-01
2.201098054647445679e-01
2.206929028034210205e-01
2.185386419296264648e-01
2.171546369791030884e-01
2.169974595308303833e-01
2.190321534872055054e-01
2.186705321073532104e-01
2.162837833166122437e-01
2.172495275735855103e-01
2.193774282932281494e-01
2.167023122310638428e-01
2.201078087091445923e-01
2.191741913557052612e-01
2.181471586227416992e-01
2.193024158477783203e-01
2.176494896411895752e-01
2.184378355741500854e-01
2.179152369499206543e-01
2.162860035896301270e-01
2.178951799869537354e-01
2.159963399171829224e-01
2.169445306062698364e-01
2.157001495361328125e-01
2.146933376789093018e-01
2.177993655204772949e-01
2.176254391670227051e-01
2.167392075061798096e-01
2.150011211633682251e-01
2.176842093467712402e-01
2.160639315843582153e-01
2.163541913032531738e-01
2.178911566734313965e-01
2.181958407163619995e-01
2.164266705513000488e-01
2.152386456727981567e-01
2.125657051801681519e-01
2.158519923686981201e-01
2.154624462127685547e-01
2.156501263380050659e-01
2.166572809219360352e-01
2.149984836578369141e-01
2.161349207162857056e-01
2.169634997844696045e-01
2.164578586816787720e-01
2.107551842927932739e-01
2.129623293876647949e-01
2.166166454553604126e-01
2.159017622470855713e-01
2.133381217718124390e-01
2.144571393728256226e-01
2.158718109130859375e-01
2.155304402112960815e-01
2.149714827537536621e-01
2.132718712091445923e-01
2.152793556451797485e-01
2.156635522842407227e-01
2.129729092121124268e-01
2.150094360113143921e-01
2.147405594587326050e-01
2.148872315883636475e-01
2.127257585525512695e-01
2.140759676694869995e-01
2.126862406730651855e-01
2.127597182989120483e-01
2.130285203456878662e-01
2.137485444545745850e-01
2.116617560386657715e-01
2.147143185138702393e-01
2.116461247205734253e-01
2.124539911746978760e-01
2.133368551731109619e-01
2.108214795589447021e-01
2.131303548812866211e-01
2.102293968200683594e-01
2.141890078783035278e-01
2.117055654525756836e-01
2.121256887912750244e-01
2.098239660263061523e-01
2.113290131092071533e-01
2.110323309898376465e-01
2.130651026964187622e-01
2.133516967296600342e-01
2.102662026882171631e-01
2.117690891027450562e-01
2.135678380727767944e-01
2.096780985593795776e-01
2.118792980909347534e-01
2.109960019588470459e-01
2.140550017356872559e-01
2.128007411956787109e-01
2.128130197525024414e-01
2.089176923036575317e-01
2.103342860937118530e-01
2.109361588954925537e-01
2.122842222452163696e-01
2.113813906908035278e-01
2.082632035017013550e-01
2.126891314983367920e-01
2.117199599742889404e-01
2.127623260021209717e-01
2.127840518951416016e-01
2.099025100469589233e-01
2.116808891296386719e-01
2.087976038455963135e-01
2.107783704996109009e-01
2.132770568132400513e-01
2.088993936777114868e-01
2.099082022905349731e-01
2.104181051254272461e-01
2.090161442756652832e-01
2.096133679151535034e-01
2.106737047433853149e-01
2.107063829898834229e-01
2.129304409027099609e-01
2.068309485912322998e-01
2.104980498552322388e-01
2.090255469083786011e-01
2.080819308757781982e-01
2.093640118837356567e-01
2.091751843690872192e-01
2.089748531579971313e-01
2.088518589735031128e-01
2.074618041515350342e-01
2.079325020313262939e-01
2.077118158340454102e-01
2.092334330081939697e-01
2.075292021036148071e-01
2.104803472757339478e-01
2.091442346572875977e-01
2.085962295532226562e-01
2.061153948307037354e-01
2.076479941606521606e-01
2.092355191707611084e-01
2.076441794633865356e-01
2.077487558126449585e-01
2.052564769983291626e-01
2.081908434629440308e-01
2.096347063779830933e-01
2.078783661127090454e-01
2.081246376037597656e-01
2.095425575971603394e-01
2.073071300983428955e-01
2.071444243192672729e-01
2.086960673332214355e-01
2.064136713743209839e-01
2.069207131862640381e-01
2.063675373792648315e-01
2.093524485826492310e-01
2.095175534486770630e-01
2.048716694116592407e-01
2.059995234012603760e-01
2.077742367982864380e-01
2.084132432937622070e-01
2.070086300373077393e-01
2.079073339700698853e-01
2.072332054376602173e-01
2.070226967334747314e-01
2.082446068525314331e-01
2.054878324270248413e-01
2.067503035068511963e-01
2.045256048440933228e-01
2.066501826047897339e-01
2.059742212295532227e-01
2.076899856328964233e-01
2.063123136758804321e-01
2.036299705505371094e-01
2.063707262277603149e-01
2.058641761541366577e-01
2.036239951848983765e-01
2.070380449295043945e-01
2.045516073703765869e-01
2.073114812374114990e-01
2.077255547046661377e-01
2.071999907493591309e-01
2.066785842180252075e-01
2.069526612758636475e-01
2.063728272914886475e-01
2.044299244880676270e-01
2.047165036201477051e-01
2.034741342067718506e-01
2.058472186326980591e-01
2.061908096075057983e-01
2.053663879632949829e-01
2.065712213516235352e-01
2.027138620615005493e-01
2.051680386066436768e-01
2.026024907827377319e-01
2.052403241395950317e-01
2.016958147287368774e-01
2.049248218536376953e-01
2.021502107381820679e-01
2.046410590410232544e-01
2.028164416551589966e-01
2.068586349487304688e-01
2.068500071763992310e-01
2.045027166604995728e-01
2.057651132345199585e-01
2.037088125944137573e-01
2.035401761531829834e-01
2.059592306613922119e-01
2.060510367155075073e-01
2.045190930366516113e-01
2.050981521606445312e-01
2.040753364562988281e-01
2.031983882188796997e-01
2.047573924064636230e-01
2.052745521068572998e-01
2.029809355735778809e-01
2.064076215028762817e-01
2.015095502138137817e-01
2.061301171779632568e-01
2.045119404792785645e-01
2.061400711536407471e-01
2.044324576854705811e-01
2.033653706312179565e-01
2.032889127731323242e-01
2.031167894601821899e-01
2.030951529741287231e-01
2.022487223148345947e-01
1.999785900115966797e-01
2.026306390762329102e-01
2.023056149482727051e-01
2.045393288135528564e-01
2.024095207452774048e-01
2.037193328142166138e-01
2.023640871047973633e-01
2.021875977516174316e-01
2.065167129039764404e-01
2.043159604072570801e-01
2.025679349899291992e-01
2.015175819396972656e-01
2.016566991806030273e-01
2.050424814224243164e-01
2.041283547878265381e-01
1.996720135211944580e-01
2.030488401651382446e-01
2.039504349231719971e-01
2.026140242815017700e-01
2.014367431402206421e-01
2.019011229276657104e-01
2.003857791423797607e-01
2.038791477680206299e-01
2.017523497343063354e-01
2.031795978546142578e-01
2.033393383026123047e-01
2.036701589822769165e-01
2.033097743988037109e-01
2.026991844177246094e-01
2.007872909307479858e-01
2.035398334264755249e-01
2.013516575098037720e-01
2.005582302808761597e-01
2.031128555536270142e-01
2.025652974843978882e-01
2.032887637615203857e-01
2.047380506992340088e-01
2.039135396480560303e-01
2.047596573829650879e-01
2.026265263557434082e-01
2.001833021640777588e-01
2.017458528280258179e-01
2.026603668928146362e-01
2.016152292490005493e-01
1.989993900060653687e-01
2.007353454828262329e-01
2.002472579479217529e-01
2.001616954803466797e-01
2.019092291593551636e-01
2.005005180835723877e-01
2.001189291477203369e-01
1.989834904670715332e-01
1.978151947259902954e-01
1.995572745800018311e-01
2.010926455259323120e-01
2.015432566404342651e-01
1.995688676834106445e-01
2.025444656610488892e-01
1.986084431409835815e-01
2.027893513441085815e-01
1.996136158704757690e-01
1.993779242038726807e-01
2.018661648035049438e-01
1.997514069080352783e-01
1.994269341230392456e-01
1.986749470233917236e-01
2.011252343654632568e-01
1.991676688194274902e-01
1.999432891607284546e-01
2.009592056274414062e-01
2.011107653379440308e-01
1.987405270338058472e-01
2.005261927843093872e-01
2.000192999839782715e-01
1.988409757614135742e-01
1.991261839866638184e-01
2.003545463085174561e-01
1.993805021047592163e-01
2.001594156026840210e-01
1.999098956584930420e-01
2.001682817935943604e-01
1.984741240739822388e-01
1.988025903701782227e-01
1.987550258636474609e-01
1.972319483757019043e-01
2.023016363382339478e-01
1.981486082077026367e-01
2.009825706481933594e-01
2.010123580694198608e-01
1.999280005693435669e-01
1.998629271984100342e-01
1.998369693756103516e-01
1.995809823274612427e-01
1.989953964948654175e-01
1.972994953393936157e-01
1.973177939653396606e-01
1.974333077669143677e-01
2.010214924812316895e-01
1.962110847234725952e-01
2.016620635986328125e-01
1.958655267953872681e-01
1.998780667781829834e-01
1.968150585889816284e-01
1.991543173789978027e-01
1.967130750417709351e-01
1.972105205059051514e-01
1.958955824375152588e-01
1.985982656478881836e-01
2.002002447843551636e-01
1.992940604686737061e-01
1.975057870149612427e-01
1.984311342239379883e-01
1.979224532842636108e-01
1.970955878496170044e-01
1.979867815971374512e-01
1.987639665603637695e-01
1.989466547966003418e-01
1.976168453693389893e-01
1.966206282377243042e-01
1.998295783996582031e-01
1.987717300653457642e-01
1.998817920684814453e-01
1.951721608638763428e-01
1.977319717407226562e-01
1.980559676885604858e-01
1.972828358411788940e-01
1.993037611246109009e-01
1.983264684677124023e-01
1.964262574911117554e-01
1.983533501625061035e-01
1.972456425428390503e-01
1.964674443006515503e-01
1.966623365879058838e-01
1.964859962463378906e-01
1.949743181467056274e-01
1.968079507350921631e-01
1.986423134803771973e-01
1.963891088962554932e-01
1.966362744569778442e-01
1.957053989171981812e-01
1.959794610738754272e-01
1.969141215085983276e-01
1.953828036785125732e-01
1.964579373598098755e-01
1.986079961061477661e-01
1.947670131921768188e-01
1.947252154350280762e-01
1.975286453962326050e-01
1.965062469244003296e-01
1.966028213500976562e-01
1.968313306570053101e-01
1.944388896226882935e-01
1.964453458786010742e-01
1.980440914630889893e-01
1.961101442575454712e-01
1.971659660339355469e-01
1.961571127176284790e-01
1.964821368455886841e-01
1.960286796092987061e-01
1.961819678544998169e-01
1.965802311897277832e-01
1.951454728841781616e-01
1.940458267927169800e-01
1.966304630041122437e-01
1.947616487741470337e-01
1.962266117334365845e-01
1.944003999233245850e-01
1.958615332841873169e-01
1.947463750839233398e-01
1.948226094245910645e-01
1.972122192382812500e-01
1.947693675756454468e-01
1.957923322916030884e-01
1.956447809934616089e-01
1.941651701927185059e-01
1.950376331806182861e-01
1.958608776330947876e-01
1.947702765464782715e-01
1.932592540979385376e-01
1.973409801721572876e-01
1.941275000572204590e-01
1.939531415700912476e-01
1.951192766427993774e-01
1.963453739881515503e-01
1.958840489387512207e-01
1.954894661903381348e-01
1.939947158098220825e-01
1.966862976551055908e-01
1.934171169996261597e-01
1.950622648000717163e-01
1.937075108289718628e-01
1.918045133352279663e-01
1.922598183155059814e-01
1.950666606426239014e-01
1.951652914285659790e-01
1.943510174751281738e-01
1.963490098714828491e-01
1.934039294719696045e-01
1.953289806842803955e-01
1.933468580245971680e-01
1.940979212522506714e-01
1.945985555648803711e-01
1.959685087203979492e-01
1.943531334400177002e-01
1.971186250448226929e-01
1.957868039608001709e-01
1.934390813112258911e-01
1.939440965652465820e-01
1.940604299306869507e-01
1.932165920734405518e-01
1.946918666362762451e-01
1.942663341760635376e-01
1.940311938524246216e-01
1.926284879446029663e-01
1.923924982547760010e-01
1.921821534633636475e-01
1.934112012386322021e-01
1.928689032793045044e-01
1.928775608539581299e-01
1.914168894290924072e-01
1.924134045839309692e-01
1.925265789031982422e-01
1.951382309198379517e-01
1.930532604455947876e-01
1.934214681386947632e-01
1.937687098979949951e-01
1.959789097309112549e-01
1.917332261800765991e-01
1.914800256490707397e-01
1.933908313512802124e-01
1.917234957218170166e-01
1.951077580451965332e-01
1.912838071584701538e-01
1.928865462541580200e-01
1.916291862726211548e-01
1.931299269199371338e-01
1.918565630912780762e-01
1.934237927198410034e-01
1.934264451265335083e-01
1.938335597515106201e-01
1.903560161590576172e-01
1.915300339460372925e-01
1.944239586591720581e-01
1.940675079822540283e-01
1.915953755378723145e-01
1.941137909889221191e-01
1.926324814558029175e-01
1.900794506072998047e-01
1.940151304006576538e-01
1.932213753461837769e-01
1.917946934700012207e-01
1.921494305133819580e-01
1.915064305067062378e-01
1.934619843959808350e-01
1.918981969356536865e-01
1.928085982799530029e-01
1.927699744701385498e-01
1.941808164119720459e-01
1.911683231592178345e-01
1.927994787693023682e-01
1.921941190958023071e-01
1.930523663759231567e-01
1.914957314729690552e-01
1.912079900503158569e-01
1.924834400415420532e-01
1.914283484220504761e-01
1.909638345241546631e-01
1.907872408628463745e-01
1.899418383836746216e-01
1.917997002601623535e-01
1.925583928823471069e-01
1.928200274705886841e-01
1.923145651817321777e-01
1.919737309217453003e-01
1.916235089302062988e-01
1.916231960058212280e-01
1.927011758089065552e-01
1.915716975927352905e-01
1.917432844638824463e-01
1.916892826557159424e-01
1.910667270421981812e-01
1.928467154502868652e-01
1.908502578735351562e-01
1.920585632324218750e-01
1.884065568447113037e-01
1.895432174205780029e-01
1.902456283569335938e-01
1.917836517095565796e-01
1.911216080188751221e-01
1.899646520614624023e-01
1.892825365066528320e-01
1.899185329675674438e-01
1.925475001335144043e-01
1.893374174833297729e-01
1.890578120946884155e-01
1.912224143743515015e-01
1.858271807432174683e-01
1.900672763586044312e-01
1.911094784736633301e-01
1.899170428514480591e-01
1.898674219846725464e-01
1.889919787645339966e-01
1.897414475679397583e-01
1.893489211797714233e-01
1.925752013921737671e-01
1.906227767467498779e-01
1.917485445737838745e-01
1.911842823028564453e-01
1.909609735012054443e-01
1.917415410280227661e-01
1.893359869718551636e-01
1.911474615335464478e-01
1.918209344148635864e-01
1.904386878013610840e-01
1.901535540819168091e-01
1.918446421623229980e-01
1.889198720455169678e-01
1.897309124469757080e-01
1.910154819488525391e-01
1.905560791492462158e-01
1.882907450199127197e-01
1.904324889183044434e-01
1.896262168884277344e-01
1.918247491121292114e-01
1.903557926416397095e-01
1.929553747177124023e-01
1.878572553396224976e-01
1.875735223293304443e-01
1.891517043113708496e-01
1.875843256711959839e-01
1.888350844383239746e-01
1.912616193294525146e-01
1.895340979099273682e-01
1.908637732267379761e-01
1.906765848398208618e-01
1.900909990072250366e-01
1.903457492589950562e-01
1.919636577367782593e-01
1.903729885816574097e-01
1.887066364288330078e-01
1.902282536029815674e-01
1.911084949970245361e-01
1.898071765899658203e-01
1.881406903266906738e-01
1.887698620557785034e-01
1.900694668292999268e-01
1.902940273284912109e-01
1.905716508626937866e-01
1.898672282695770264e-01
1.909517198801040649e-01
1.891676783561706543e-01
1.878466159105300903e-01
1.896919757127761841e-01
1.913622170686721802e-01
1.892561465501785278e-01
1.889210492372512817e-01
1.925034970045089722e-01
1.893297731876373291e-01
1.868130713701248169e-01
1.881275773048400879e-01
1.875356435775756836e-01
1.892077624797821045e-01
1.885532587766647339e-01
1.877960860729217529e-01
1.873742043972015381e-01
1.879827827215194702e-01
1.888955980539321899e-01
1.889175474643707275e-01
1.903625130653381348e-01
1.866023689508438110e-01
1.884077936410903931e-01
1.884831339120864868e-01
1.886625289916992188e-01
1.887224912643432617e-01
1.866108477115631104e-01
1.888949275016784668e-01
1.874050050973892212e-01
1.892571300268173218e-01
1.880104690790176392e-01
1.874662190675735474e-01
1.880024969577789307e-01
1.863116621971130371e-01
1.873711198568344116e-01
1.879710704088211060e-01
1.887831091880798340e-01
1.877287775278091431e-01
1.877814382314682007e-01
1.903284490108489990e-01
1.878966242074966431e-01
1.901486068964004517e-01
1.880859136581420898e-01
1.855791211128234863e-01
1.872360110282897949e-01
1.870409101247787476e-01
1.884435266256332397e-01
1.880250573158264160e-01
1.872084289789199829e-01
1.917040795087814331e-01
1.875790208578109741e-01
1.874742805957794189e-01
1.879882216453552246e-01
1.876319348812103271e-01
1.885572373867034912e-01
1.872693896293640137e-01
1.869187653064727783e-01
1.879222989082336426e-01
1.887653917074203491e-01
1.878251433372497559e-01
1.872630268335342407e-01
1.880918145179748535e-01
1.874316483736038208e-01
1.872396916151046753e-01
1.887565851211547852e-01
1.871177107095718384e-01
1.873900145292282104e-01
1.887559890747070312e-01
1.868987232446670532e-01
1.881605982780456543e-01
1.861503124237060547e-01
1.857875138521194458e-01
1.863053590059280396e-01
1.861637085676193237e-01
1.859483569860458374e-01
1.871177703142166138e-01
1.873313188552856445e-01
1.870252639055252075e-01
1.854192465543746948e-01
1.854178607463836670e-01
1.883672624826431274e-01
1.887046098709106445e-01
1.874281018972396851e-01
1.880962848663330078e-01
1.892701983451843262e-01
1.857527047395706177e-01
1.887392252683639526e-01
1.867325901985168457e-01
1.881022900342941284e-01
1.868030279874801636e-01
1.870713233947753906e-01
1.867030262947082520e-01
1.877123117446899414e-01
1.889850050210952759e-01
1.866845786571502686e-01
1.841437965631484985e-01
1.875722259283065796e-01
1.857998669147491455e-01
1.880206167697906494e-01
1.878802925348281860e-01
1.874628067016601562e-01
1.871735602617263794e-01
1.864927113056182861e-01
1.839843094348907471e-01
1.867407113313674927e-01
1.859601289033889771e-01
1.861460655927658081e-01
1.855376809835433960e-01
1.886737793684005737e-01
1.876702010631561279e-01
1.881028711795806885e-01
1.870177984237670898e-01
1.891222000122070312e-01
1.844083666801452637e-01
1.867776960134506226e-01
1.856046020984649658e-01
1.870917975902557373e-01
1.855785399675369263e-01
1.859785169363021851e-01
1.855429112911224365e-01
1.863955259323120117e-01
1.845103502273559570e-01
1.852439641952514648e-01
1.866308152675628662e-01
1.867834329605102539e-01
1.868515759706497192e-01
1.879775226116180420e-01
1.868766844272613525e-01
1.852795630693435669e-01
1.871476024389266968e-01
1.850048303604125977e-01
1.861455142498016357e-01
1.851328611373901367e-01
1.853936314582824707e-01
1.845403760671615601e-01
1.857934445142745972e-01
1.848258972167968750e-01
1.874557435512542725e-01
1.852416992187500000e-01
1.866030097007751465e-01
1.842107921838760376e-01
1.849850565195083618e-01
1.854000836610794067e-01
1.856824755668640137e-01
1.846843212842941284e-01
1.864746510982513428e-01
1.849853098392486572e-01
1.847585141658782959e-01
1.852603405714035034e-01
1.843226253986358643e-01
1.871407330036163330e-01
1.830897182226181030e-01
1.827450841665267944e-01
1.834376305341720581e-01
1.878618299961090088e-01
1.841724365949630737e-01
1.839202791452407837e-01
1.847057193517684937e-01
1.864209920167922974e-01
1.859153360128402710e-01
1.847367584705352783e-01
1.849716752767562866e-01
1.860908716917037964e-01
1.825714856386184692e-01
1.852843314409255981e-01
1.857490688562393188e-01
1.851197779178619385e-01
1.844011545181274414e-01
1.851100772619247437e-01
1.857140660285949707e-01
1.861565113067626953e-01
1.838987320661544800e-01
1.870236843824386597e-01
1.844292432069778442e-01
1.872286498546600342e-01
1.857324093580245972e-01
1.864266097545623779e-01
1.850380301475524902e-01
1.820395886898040771e-01
1.836187541484832764e-01
1.855045557022094727e-01
1.858291923999786377e-01
1.836177259683609009e-01
1.851100027561187744e-01
1.825217306613922119e-01
1.868779361248016357e-01
1.833215057849884033e-01
1.858411729335784912e-01
1.840797662734985352e-01
1.820838004350662231e-01
1.861151456832885742e-01
1.826432049274444580e-01
1.866295039653778076e-01
1.846592128276824951e-01
1.835839003324508667e-01
1.839613914489746094e-01
1.838064044713973999e-01
1.851670444011688232e-01
1.847242861986160278e-01
1.850114464759826660e-01
1.836342066526412964e-01
1.829611510038375854e-01
1.841659247875213623e-01
1.829692870378494263e-01
1.853985190391540527e-01
1.812200546264648438e-01
1.850479692220687866e-01
1.860858798027038574e-01
1.834979206323623657e-01
1.827548891305923462e-01
1.844088733196258545e-01
1.834974586963653564e-01
1.824557334184646606e-01
1.835341453552246094e-01
1.847858875989913940e-01
1.844387650489807129e-01
1.841119080781936646e-01
1.827917546033859253e-01
1.822444349527359009e-01
1.824728250503540039e-01
1.824614554643630981e-01
1.828371733427047729e-01
1.837907731533050537e-01
1.846157610416412354e-01
1.822836399078369141e-01
1.849752366542816162e-01
1.815782785415649414e-01
1.830320954322814941e-01
1.823726743459701538e-01
1.850545555353164673e-01
1.850392073392868042e-01
1.838297694921493530e-01
1.844773739576339722e-01
1.830298900604248047e-01
1.830747425556182861e-01
1.829065680503845215e-01
1.836752593517303467e-01
1.826678812503814697e-01
1.841824799776077271e-01
1.845209896564483643e-01
1.831388026475906372e-01
1.828493326902389526e-01
1.833367347717285156e-01
1.839259415864944458e-01
1.867344379425048828e-01
1.850313246250152588e-01
1.833256185054779053e-01
1.840466856956481934e-01
1.842259019613265991e-01
1.836400330066680908e-01
1.836539655923843384e-01
1.819871068000793457e-01
1.807075738906860352e-01
1.815899610519409180e-01
1.828355193138122559e-01
1.827252209186553955e-01
1.821211874485015869e-01
1.823649704456329346e-01
1.825049519538879395e-01
1.806033998727798462e-01
1.824860274791717529e-01
1.818641424179077148e-01
1.821027994155883789e-01
1.830567270517349243e-01
1.838568001985549927e-01
1.828329414129257202e-01
1.837031245231628418e-01
1.814017146825790405e-01
1.820669621229171753e-01
1.847241818904876709e-01
1.802671253681182861e-01
1.841943413019180298e-01
1.818426996469497681e-01
1.821048706769943237e-01
1.821639239788055420e-01
1.833144426345825195e-01
1.822479665279388428e-01
1.833960860967636108e-01
1.844963729381561279e-01
1.813653856515884399e-01
1.829881817102432251e-01
1.824307888746261597e-01
1.841379106044769287e-01
1.820157319307327271e-01
1.821003705263137817e-01
1.802068501710891724e-01
1.828769296407699585e-01
1.839055120944976807e-01
1.811428070068359375e-01
1.828832924365997314e-01
1.817521303892135620e-01
1.818115115165710449e-01
1.811070144176483154e-01
1.828944683074951172e-01
1.795950829982757568e-01
1.814799159765243530e-01
1.824945062398910522e-01
1.813452839851379395e-01
1.814543306827545166e-01
1.831281334161758423e-01
1.830660700798034668e-01
1.801046282052993774e-01
1.806345582008361816e-01
1.812080740928649902e-01
1.828231215476989746e-01
1.813602894544601440e-01
1.810864806175231934e-01
1.802428960800170898e-01
1.821400076150894165e-01
1.813185364007949829e-01
1.838931888341903687e-01
1.809565722942352295e-01
1.823281347751617432e-01
1.814981400966644287e-01
1.814322024583816528e-01
1.963765621185302734e-01
1.947257816791534424e-01
1.965558826923370361e-01
1.947555691003799438e-01
1.934079527854919434e-01
1.974958330392837524e-01
1.963060945272445679e-01
1.969489455223083496e-01
1.935422271490097046e-01
1.930885314941406250e-01
1.950501650571823120e-01
1.942543238401412964e-01
1.957976222038269043e-01
1.956820785999298096e-01
1.960138678550720215e-01
1.967343688011169434e-01
1.948361992835998535e-01
1.953716129064559937e-01
1.968248039484024048e-01
1.922923624515533447e-01
1.932608932256698608e-01
1.938246190547943115e-01
1.913150697946548462e-01
1.935963332653045654e-01
1.973929554224014282e-01
1.964545845985412598e-01
1.923856437206268311e-01
1.970527768135070801e-01
1.924205422401428223e-01
1.937838941812515259e-01
1.941997557878494263e-01
1.961590200662612915e-01
1.941202431917190552e-01
1.953490227460861206e-01
1.946755349636077881e-01
1.927559077739715576e-01
1.942353844642639160e-01
1.939084231853485107e-01
1.966675519943237305e-01
1.955431699752807617e-01
1.950929462909698486e-01
1.934301406145095825e-01
1.949280798435211182e-01
1.968413889408111572e-01
1.950038969516754150e-01
1.947831213474273682e-01
1.940003633499145508e-01
1.958780139684677124e-01
1.967148929834365845e-01
1.924256086349487305e-01
1.929725706577301025e-01
1.919557899236679077e-01
1.903539448976516724e-01
1.921988874673843384e-01
1.923735886812210083e-01
1.918986737728118896e-01
1.947738379240036011e-01
1.926580369472503662e-01
1.970316916704177856e-01
1.950993537902832031e-01
1.924089938402175903e-01
1.940535306930541992e-01
1.934290081262588501e-01
1.937432736158370972e-01
1.957141160964965820e-01
1.943361759185791016e-01
1.943113654851913452e-01
1.923858225345611572e-01
1.952149868011474609e-01
1.922446042299270630e-01
1.936529576778411865e-01
1.928190439939498901e-01
1.932079941034317017e-01
1.926776617765426636e-01
1.958974599838256836e-01
1.928381174802780151e-01
1.917876601219177246e-01
1.911924928426742554e-01
1.924862712621688843e-01
1.927294433116912842e-01
1.924159079790115356e-01
1.939895749092102051e-01
1.951838135719299316e-01
1.916407793760299683e-01
1.912585943937301636e-01
1.939818114042282104e-01
1.943942606449127197e-01
1.915328502655029297e-01
1.911708712577819824e-01
1.920659244060516357e-01
1.918718367815017700e-01
1.945866644382476807e-01
1.913933604955673218e-01
1.918054968118667603e-01
1.933089345693588257e-01
1.930782645940780640e-01
1.933246552944183350e-01
1.933488696813583374e-01
1.926472038030624390e-01
1.894537210464477539e-01
