7.315059509873390597e-01
3.560521222651004680e-01
2.910150954872369744e-01
2.662774001061916085e-01
2.533037276566028617e-01
2.237269089370965969e-01
2.195282699167728502e-01
2.069473406672477644e-01
2.120313818752765644e-01
1.824634200334548928e-01
1.885006152838468452e-01
1.756882126629352447e-01
1.719388869404792908e-01
1.776888613402843597e-01
1.778091109544038817e-01
1.715485095232725243e-01
1.757242285460233755e-01
1.666064819693565402e-01
1.578224015980959072e-01
1.458550498634576809e-01
1.543581419438123659e-01
1.487798887491226241e-01
1.564596639201044914e-01
1.573047760874032863e-01
1.487547325342893634e-01
1.574835944175720093e-01
1.610909540951251939e-01
1.337025096267461799e-01
1.354849552363157350e-01
1.448645717650652032e-01
1.464764491468668051e-01
1.354877858608961039e-01
1.357025397196412186e-01
1.470211645215749874e-01
1.475272145867347617e-01
1.413326254487037581e-01
1.216190105676650951e-01
1.323182130977511306e-01
1.326042058318853412e-01
1.323588938266039017e-01
1.352750866115093320e-01
1.359626869112253167e-01
1.337142615765333220e-01
1.286066421866416953e-01
1.303749382495880127e-01
1.177461911737918837e-01
1.255977945774793547e-01
1.211318567395210238e-01
1.251119613647460882e-01
1.213173867762088742e-01
1.257116686552763041e-01
1.267390114814043178e-01
1.285629244893789214e-01
1.233610635995864846e-01
1.111602529138326634e-01
1.117570219188928626e-01
1.166764456033706626e-01
1.173440735042095145e-01
1.174125396460294762e-01
1.188736163079738561e-01
1.189313961192965535e-01
1.148255696147680305e-01
1.201815533265471470e-01
1.363886114582419373e-01
1.502691498771309975e-01
1.501319886744022503e-01
1.420657683163881191e-01
1.295468208938836963e-01
1.309515150077641132e-01
1.395395321398973376e-01
1.228987990505993333e-01
1.413490088656544630e-01
8.765188019722700008e-02
8.297568507026881202e-02
8.836434710770844914e-02
8.498626139946281743e-02
9.099501858465373905e-02
8.870147591456771508e-02
8.926620589569210507e-02
8.997135077603161946e-02
9.618464514613150884e-02
5.762914873193949322e-02
6.237269005272537414e-02
6.113084189593791934e-02
7.100148360244930290e-02
8.624227826483547854e-02
6.936073534190655143e-02
7.768023350741713740e-02
6.751547186635434294e-02
8.111850482877343282e-02
5.396000107750296287e-02
4.716388847678899821e-02
5.453991002403199562e-02
5.878921154770069130e-02
4.424497482250444591e-02
5.985381428152322658e-02
5.666060585062950711e-02
6.067460040561854784e-02
5.844111375976353967e-02
3.967794667463749730e-02
4.157790456432849252e-02
5.804787261644378527e-02
5.058512062765657680e-02
4.256764624704374028e-02
4.486533030401915201e-02
5.028002101695164955e-02
5.032914888812228815e-02
5.888821245869621523e-02
3.018347757286392319e-02
4.842161223758011807e-02
4.260773140005767040e-02
4.191788619966246160e-02
3.649631518346722892e-02
4.875676509342156267e-02
4.642496502376161627e-02
4.333044611383229244e-02
4.936929756542667719e-02
3.802153621974866532e-02
3.807235371088608933e-02
3.702090998180210257e-02
3.681265341932885016e-02
3.865767618350218759e-02
3.496986082056537104e-02
3.688079335493966993e-02
4.877139550400897555e-02
5.079685195465571956e-02
2.620441557548474493e-02
2.380977306034765331e-02
3.230535252427216286e-02
2.838464085478335786e-02
4.485817616339773245e-02
3.632292562979273776e-02
3.829956360452342612e-02
3.977389040403068315e-02
4.461985880159773099e-02
