7.186638477444649009e-01
3.632239140570163727e-01
3.123900142312049932e-01
2.805865527689456740e-01
2.562362882494926275e-01
2.404671186208724998e-01
2.235897011309862237e-01
2.136218111217021987e-01
2.087879395484924239e-01
2.030021247267723150e-01
1.825075532495975539e-01
1.860367444157600414e-01
1.773809558153152388e-01
1.838722295314073607e-01
1.789992161840200380e-01
1.689613847434520699e-01
1.680065067112445909e-01
1.719323542714119024e-01
1.473282491415739137e-01
1.559321541339158956e-01
1.582668299227952824e-01
1.557768176496028834e-01
1.601294206082820859e-01
1.554197431355714698e-01
1.537754561752081028e-01
1.591031355410814363e-01
1.619313618913292840e-01
1.372268050909042358e-01
1.466990830749273222e-01
1.402231579273939266e-01
1.353743987530469928e-01
1.453708165884017856e-01
1.434612622857093789e-01
1.408458463102578995e-01
1.461325243860483181e-01
1.527654205635189943e-01
1.290317406132817368e-01
1.295205585658550373e-01
1.342340091615915332e-01
1.363427903875708558e-01
1.320262158662080798e-01
1.381271948665380445e-01
1.297028933465480816e-01
1.383138390630483661e-01
1.345648272335529250e-01
1.260743663087487143e-01
1.260457583516836066e-01
1.201202815026044812e-01
1.305686376243829772e-01
1.145504041761159914e-01
1.211340139061212601e-01
1.237873195856809549e-01
1.280291368067264512e-01
1.272959077358245816e-01
1.175846327841281874e-01
1.126580940932035424e-01
1.190142893791198697e-01
1.204382483661174813e-01
1.164409977942705149e-01
1.185171821713447565e-01
1.207492410764098162e-01
1.161646351590752552e-01
1.141746763885021221e-01
1.125232962891459521e-01
1.144265517964959122e-01
1.108477736636996336e-01
1.090894085913896583e-01
1.096764850988984075e-01
1.159265866503119413e-01
1.134653629362583210e-01
1.150892290100455351e-01
1.111287123337388050e-01
1.053876184672117300e-01
1.037429872900247629e-01
1.057329331338405648e-01
1.014361653476953534e-01
1.071847912669181835e-01
1.087909929826855610e-01
1.060488586127757982e-01
1.124195286259055127e-01
1.066468612104654323e-01
1.000421102717518745e-01
9.607835471630096769e-02
1.020166981592774413e-01
1.050948315858840909e-01
1.017720317840576233e-01
9.981910042464732513e-02
1.039214663580060038e-01
1.055166593566536914e-01
1.119369661808013866e-01
9.610047776252031437e-02
9.931923791766167353e-02
9.892537731677293611e-02
1.015374929457902864e-01
1.029228440672159128e-01
1.028845002502202927e-01
1.019044768810272172e-01
1.016055895388126434e-01
9.959377761930227058e-02
9.466951034963130840e-02
9.549848157912492475e-02
9.860775928944348623e-02
1.012415885552763878e-01
9.797112986445427607e-02
9.951271023601293564e-02
9.939381971955299488e-02
9.807698238641023025e-02
9.826327092945576214e-02
1.055292112939059668e-01
1.163978824205696566e-01
1.088742314279079471e-01
1.087387972883880199e-01
9.547147345729171952e-02
1.009970685187727146e-01
7.941872660070657675e-02
9.641708750277758200e-02
8.432051351293921859e-02
4.754205832257867026e-02
5.323716594371944583e-02
5.067092522047460246e-02
4.322487632278353142e-02
4.129935077391564541e-02
5.940981710096820967e-02
4.640457979403436045e-02
5.639653121121227658e-02
5.797947961837053577e-02
3.267466322518885330e-02
3.044861320639029312e-02
3.566837363177910447e-02
3.429222813807428216e-02
4.424718581954948521e-02
4.696306576835922869e-02
4.170065160607919208e-02
4.829984970157966129e-02
4.695714692818001024e-02
