8.267288750410080045e-01
4.659526894986629753e-01
3.921652154624462039e-01
3.652759650349616805e-01
3.326845669746398837e-01
3.171203815937042036e-01
2.962099824845790819e-01
2.666958272457122803e-01
2.632539565861224951e-01
2.380446428060531694e-01
2.435761645436286815e-01
2.400295536965131871e-01
2.299876929074525789e-01
2.261779488623142376e-01
2.370471555739641079e-01
2.200827427208423559e-01
2.271786941587924935e-01
2.270968730002641545e-01
1.877424499392509327e-01
2.065359141677617916e-01
2.067725413292646475e-01
1.893889743462204844e-01
1.906404113769531172e-01
1.894441021978855166e-01
1.877369678020477384e-01
1.873359907045960560e-01
1.879912023991346381e-01
1.658225466683506955e-01
1.601130282133817750e-01
1.566844904050231080e-01
1.639425859600305568e-01
1.741594916954636585e-01
1.652235292643308706e-01
1.671139428764581714e-01
1.687517263740301032e-01
1.595892096310853880e-01
1.418495829030871347e-01
1.368682701885700348e-01
1.423649656772613403e-01
1.323661384731531221e-01
1.429657448828220434e-01
1.478995138034224499e-01
1.406444397568702709e-01
1.438050309941172611e-01
1.430749253928661480e-01
1.234492601081728924e-01
1.178267512843012843e-01
1.209930067881941768e-01
1.209901805222034499e-01
1.211642113327980053e-01
1.242741663008928299e-01
1.285388329625129777e-01
1.247115708887577001e-01
1.247918092459440187e-01
1.017835383489728018e-01
1.033257525041699348e-01
9.940876558423042408e-02
1.075692428648471893e-01
1.142816643789410641e-01
1.135084291547536900e-01
1.111114555597305237e-01
1.133807727694511464e-01
1.165596435591578495e-01
8.159033209085464478e-02
8.720267303287983218e-02
9.361224465072154333e-02
9.601118847727775629e-02
9.206588409841059972e-02
9.631999369710683712e-02
1.012766547501087189e-01
1.043575774133205375e-01
1.016232516989111906e-01
8.429382394999265782e-02
8.219344567507505528e-02
8.037408959120512231e-02
8.400685954838990610e-02
8.302099589258432610e-02
8.765274841338395462e-02
9.062739215791225378e-02
9.377114247530698998e-02
9.251024138182400991e-02
7.558674715459347271e-02
7.702486634254455955e-02
7.402810093015432802e-02
7.682640779763459660e-02
7.975829727947711389e-02
8.508743846789001974e-02
7.916860189288854599e-02
8.561827134341001844e-02
8.466511961072682724e-02
7.240323599427939127e-02
7.001554280519485529e-02
7.137032821774483282e-02
7.261959625408052899e-02
7.958291042596102316e-02
8.088197428733109873e-02
7.630423467606306520e-02
7.851840652525425568e-02
7.891390383243561402e-02
3.934463055105880125e-02
4.389092342928051921e-02
6.300538259092718085e-02
6.084901630878448292e-02
5.762617987114936058e-02
7.031007483601570129e-02
5.735025989357381976e-02
5.116883721668272905e-02
5.545531617011874997e-02
3.628475917736068146e-02
4.334383875364437866e-02
3.647339851828292068e-02
3.443010911287273934e-02
3.726111631374805916e-02
4.277770105283707630e-02
4.005196223035454445e-02
4.456507507711648941e-02
3.315584364696405606e-02
3.083391019550617632e-02
2.839108735555782859e-02
2.797714804182760417e-02
3.296195375616662454e-02
3.216753277694806706e-02
3.205110886425245609e-02
3.234686195093672972e-02
3.543078472721390704e-02
4.177061447757296486e-02
2.497832730761729084e-02
2.495252211170736686e-02
2.772849615867016906e-02
3.216828510165214289e-02
2.992979212285717949e-02
3.044026224641129333e-02
3.648469853214919567e-02
3.756237265653908364e-02
2.819920466135954554e-02
