1.690605347156524552e+00
1.297053997516631973e+00
1.165622711181640625e+00
1.075942647457122758e+00
9.851576596498489158e-01
8.903769803047180131e-01
8.713556820154190197e-01
7.266383421421050981e-01
7.093533843755721602e-01
6.866185653209686546e-01
6.679730421304702626e-01
6.668136781454085948e-01
6.379033994674682129e-01
6.457118016481399048e-01
5.093566837906837730e-01
4.670486015081405373e-01
5.229355537891388073e-01
4.971496409177780240e-01
5.110289666056633262e-01
5.085177373886108354e-01
4.861739286780357161e-01
3.722976803779601829e-01
3.526821812987327442e-01
3.820075057446956635e-01
3.701553453505039282e-01
3.705324712395667852e-01
3.723233923316001670e-01
3.708961504697799727e-01
3.430840165913104922e-01
3.585804706811904774e-01
3.604836040735244773e-01
4.146191884577274389e-01
3.987304539978503981e-01
3.927773132920265309e-01
4.037353113293647988e-01
2.205980493128299746e-01
2.262571557611227080e-01
2.415558511763811200e-01
2.521412536501884682e-01
2.551036392897367278e-01
2.726922409236431366e-01
2.751196113973856106e-01
1.619769864529371217e-01
1.674732876569032802e-01
1.783294707536697277e-01
1.826531251147389401e-01
1.941237931698560626e-01
1.926198837906122341e-01
2.104722485691309097e-01
1.173660185933113054e-01
1.247740892320871320e-01
1.423185334913432687e-01
1.443028471618890696e-01
1.487658631429076284e-01
1.548074077628552869e-01
1.695776205137372039e-01
1.040670697204768708e-01
1.037412417773157375e-01
1.191645465046167335e-01
1.121226186119019946e-01
1.228028180450201068e-01
1.447797880321741171e-01
1.316771466098725918e-01
8.948113267193548437e-02
8.421131876297295593e-02
1.070918121747672508e-01
1.015485217142850227e-01
1.221665165200829517e-01
1.169947999529540594e-01
1.200527297705411972e-01
8.411064863204956166e-02
7.740674507804215509e-02
9.220518680289387092e-02
1.071715272031724397e-01
1.091302839759737270e-01
1.205636803247034511e-01
1.030269190575927446e-01
7.647324576042592581e-02
7.854612858965992483e-02
8.445296769961714578e-02
1.000723321735858956e-01
8.855530811473727448e-02
9.810162130743264874e-02
1.158787681348621840e-01
6.768328280653804208e-02
8.474308342207223510e-02
7.886689473409205786e-02
9.339847817551344411e-02
8.696970707736909056e-02
8.290274216793477868e-02
1.045467921905219588e-01
5.887009886326268621e-02
7.506934106349945346e-02
7.916807328816503897e-02
8.654160182923079092e-02
7.454532260540873423e-02
8.886992766987532322e-02
9.047640272416174190e-02
6.922936929855495747e-02
6.903084985911846216e-02
7.647993582999333684e-02
7.786201148759573643e-02
7.404888706281781419e-02
8.639097151346504522e-02
8.178279181011020860e-02
