1.777933735847473162e+00
1.393111058473587072e+00
1.228916516900062650e+00
1.144796568155288741e+00
1.033816931247711235e+00
9.466094124317169234e-01
9.318433570861816007e-01
8.032201713323593451e-01
7.683733057975768999e-01
7.589795148372650013e-01
7.508141842484473694e-01
7.414881134033203258e-01
7.021827507019042791e-01
7.068359291553497625e-01
5.512725150585174871e-01
5.526560434699058222e-01
5.661616945266723100e-01
5.442482146620750694e-01
5.796519035100936579e-01
5.621940660476684171e-01
5.651289179921150652e-01
4.490886107087135315e-01
4.362938776612281799e-01
4.705711126327514759e-01
4.728429874777793640e-01
4.651846633851527968e-01
4.795829752087593101e-01
4.676136267185211359e-01
2.988400883972645028e-01
3.053517873585224196e-01
3.152570776641369088e-01
3.159382271021604627e-01
3.239272358268499574e-01
3.492559373378753551e-01
3.511999695003032440e-01
2.083315327018499252e-01
2.071981558948755298e-01
2.142123360931873222e-01
2.349486895650625129e-01
2.392496471107005973e-01
2.517139889299869759e-01
2.633153531700372918e-01
1.506903905421495549e-01
1.577377850189805031e-01
1.535030736587941758e-01
1.716623619943857260e-01
1.820988180488347929e-01
1.866997694224119264e-01
1.874389022216200740e-01
1.317603783309459764e-01
1.333058680035174026e-01
1.517549259588122368e-01
1.367996812984347277e-01
1.423096009343862434e-01
1.632575315050780740e-01
1.839113607257604477e-01
1.055947256647050414e-01
9.506629351526499350e-02
1.137446575611829741e-01
1.124552008323371349e-01
1.180109474807977676e-01
1.390901996009051844e-01
1.348700524587184146e-01
8.576703875325619730e-02
1.035387397371232560e-01
1.037640376016497612e-01
1.137834536843001787e-01
1.100246186181902952e-01
1.240424992702901380e-01
1.096133840689435535e-01
9.693495267070829924e-02
7.748175539076328222e-02
9.992566433735192155e-02
1.022119482140988050e-01
1.037289268430322403e-01
9.960474430583417249e-02
1.189004874881356977e-01
9.473078549606725463e-02
8.759733250364661050e-02
8.987704123370349185e-02
8.017845830880104829e-02
9.772073938744142707e-02
1.102070445846766167e-01
1.137423752900213053e-01
7.833857359364629347e-02
7.224308876786381117e-02
8.111513902898877248e-02
9.394516644068062750e-02
9.700479884631932337e-02
9.646927214693278019e-02
8.468560650013387536e-02
8.435884946957231123e-02
7.434571815654635041e-02
8.485322440508752395e-02
8.838148145005106371e-02
1.054692884534597364e-01
9.140287451446056644e-02
8.811527595855295214e-02
7.697781200986356098e-02
6.840525336097925957e-02
7.286377634853125063e-02
7.891641117632389180e-02
7.844769516494125294e-02
1.024994920659810238e-01
1.088175007188692672e-01
