1.769682877063751159e+00
1.412521976232528731e+00
1.255709346532821735e+00
1.165945331454277145e+00
1.043520688414573572e+00
1.010505575537681500e+00
9.535566675662994207e-01
8.167657524347304854e-01
8.077120697498321178e-01
7.867380833625793324e-01
7.501319921016693648e-01
7.598756223917007002e-01
7.304161855578422680e-01
7.297269272804259854e-01
6.059170734882354248e-01
5.796089446544647750e-01
5.994287785887718600e-01
6.081643825769424971e-01
6.003022599220275701e-01
6.071827366948128191e-01
5.942679497599602234e-01
4.535581476986408345e-01
4.556818637251853765e-01
4.563280931115150652e-01
4.745891317725181580e-01
4.846711763739585677e-01
4.826375883817672907e-01
4.885267114639282315e-01
3.519309769570827529e-01
3.575631965696811632e-01
3.495451574027538255e-01
3.679746469855308399e-01
3.724802394211292333e-01
3.769912484288215904e-01
3.858915337920189037e-01
2.753402438759803839e-01
2.886409585177898141e-01
2.872211657464504020e-01
2.857484690845012443e-01
3.026502998173236647e-01
2.981019246578216486e-01
3.238110490143298881e-01
2.405732347071170840e-01
2.386158788204193193e-01
2.461668075621128160e-01
2.399608407914638475e-01
2.494199280440807243e-01
2.480026707053184509e-01
2.640968996286392478e-01
2.126870895922184090e-01
2.113949158787727378e-01
2.152985905110836040e-01
2.177219279110431671e-01
2.236640143394470204e-01
2.296378390491008725e-01
2.350958535075187705e-01
2.053277134895324652e-01
1.967085573077201888e-01
1.972579348087310780e-01
2.025015223026275513e-01
2.083506327867507835e-01
2.243052935600280684e-01
2.144584824144840363e-01
9.077895546332001575e-02
1.495439573191106319e-01
1.593590562790632159e-01
1.728002429381012839e-01
1.685488571785390410e-01
1.646738355979323332e-01
1.913552205264568429e-01
1.077518260106444387e-01
1.069094542786478974e-01
1.229033668246120176e-01
1.055517311953008130e-01
1.158057035692036107e-01
1.135239079222083031e-01
1.344228145293891452e-01
8.009327907115221246e-02
7.577760139480232970e-02
8.664809648878872561e-02
1.162106110062450237e-01
9.292970974929630479e-02
1.135377129446715067e-01
1.174372783768922041e-01
8.757562742102890929e-02
8.334087293595075774e-02
9.057391509413718900e-02
9.666335882153362369e-02
8.825931677594781033e-02
9.166521187871694287e-02
9.763706970028579457e-02
7.749448270536958561e-02
5.777561308117583339e-02
6.818336195312441061e-02
7.476284176111221147e-02
8.388963847421110342e-02
7.482876197434962240e-02
9.243342617293820451e-02
5.910784682258963391e-02
5.663017317652702109e-02
6.293053665198385105e-02
7.133650497766211296e-02
7.606204606592655015e-02
8.680866175331175549e-02
8.484025218058377504e-02
