1.480857388973236155e+00
1.098872634768486067e+00
9.496572214365005538e-01
8.489019846916199263e-01
7.632413047552109031e-01
7.130003899335861650e-01
6.965298599004745572e-01
8.764387184381484674e-01
8.651555994153022899e-01
8.087546831369399891e-01
7.865747219324111805e-01
7.606465733051299694e-01
7.607691055536269786e-01
7.452522087097167569e-01
5.747659859061241550e-01
5.772961673140525329e-01
5.620887312293052496e-01
5.597043612599372775e-01
5.828979274630546881e-01
5.859034451842307645e-01
6.032043874263763872e-01
3.707699137926101507e-01
3.689458455145359084e-01
3.836658000946044922e-01
3.970947474241256492e-01
4.111119796335697130e-01
3.942336508631706371e-01
4.274096257984638103e-01
2.394088242202997152e-01
2.483444397151470251e-01
2.681446516513824596e-01
2.704554711282253221e-01
2.855043597146868506e-01
2.915360356867313651e-01
2.848091974109411284e-01
1.647508459910750345e-01
1.735437075048684996e-01
1.790275167301297321e-01
1.814194849878549565e-01
2.020404287800192933e-01
2.100716376304626598e-01
2.100216386467218532e-01
1.247470606118440684e-01
1.250447116047143925e-01
1.287870992906391676e-01
1.373628807254135553e-01
1.520976336114108485e-01
1.552316226437687741e-01
1.674364327639341343e-01
1.038010681606829216e-01
9.755058631300926597e-02
1.155048596113920217e-01
1.035533528029918687e-01
1.310783856920897938e-01
1.344289453141391255e-01
1.397783171012997594e-01
9.168761370703577829e-02
9.464508289471268432e-02
1.165206841193139609e-01
9.654639773536473346e-02
9.803433437831700348e-02
1.042660786490887392e-01
1.165213339682668464e-01
8.162430258467794075e-02
8.011467626318335977e-02
7.835007051471620798e-02
8.682077610865235329e-02
1.057187678851187196e-01
1.194885625690221831e-01
1.245928408205509152e-01
9.220655909273772766e-02
9.546391306910663455e-02
9.086732480791397115e-02
7.813363685738294873e-02
8.260505180805921555e-02
7.697403478901833351e-02
9.696132933720946756e-02
7.577833733055740206e-02
7.882248677313327678e-02
9.018415444530546166e-02
8.290774645749479643e-02
7.153421142604202143e-02
8.600864395033568088e-02
7.996462526032700746e-02
7.262187230633571078e-02
5.828795844689011602e-02
6.934065146604552476e-02
8.719461950473487988e-02
9.512439045589417275e-02
1.025599092454649447e-01
9.144009510055184364e-02
6.593462984543294048e-02
5.661158976843580493e-02
6.044820872135460432e-02
7.622190303634851505e-02
8.436192961409688662e-02
7.385649187956006001e-02
8.088940143352374434e-02
5.954242143547162219e-02
6.900719325058161935e-02
7.329610865097492545e-02
5.952654290245845692e-02
7.782556210644543671e-02
6.989275475963950546e-02
8.708411946427077610e-02
