1.810898014307022130e+00
1.452720798254013124e+00
1.289714618921279810e+00
1.180279043316841081e+00
1.085647723078727811e+00
1.025620281100273035e+00
9.565447270870208740e-01
8.150185370445250932e-01
8.046956592798233387e-01
7.792916297912597656e-01
8.044000256061554222e-01
7.583080577850341841e-01
7.478801682591438293e-01
7.482564747333526611e-01
5.832484138011931885e-01
5.827671775221824335e-01
5.813558554649352894e-01
5.735095146298408997e-01
5.781068262457847995e-01
5.745472502708435236e-01
5.798556259274483260e-01
3.941028662025928275e-01
4.162193971872329978e-01
4.106983296573162301e-01
4.185150393843650729e-01
4.404632158577442280e-01
4.191461823880672233e-01
4.278001360595226066e-01
2.642468570172786801e-01
2.759151844680309273e-01
2.743527314066886991e-01
2.966796195507049316e-01
2.962850560992956184e-01
3.176860325038433075e-01
3.051515591144561834e-01
1.876414244621992244e-01
1.884661544114351328e-01
2.000216409191489242e-01
1.936503178626299004e-01
2.341183752566576015e-01
2.256844887882470951e-01
2.311446051299571869e-01
1.435849451646208641e-01
1.406846127286553449e-01
1.558396758511662594e-01
1.548763079568743761e-01
1.639684755355119705e-01
1.824259711056947786e-01
1.789218103885650557e-01
1.145192872360348696e-01
1.166864764317870201e-01
1.260635408386588108e-01
1.356032949686050426e-01
1.388246593996882439e-01
1.493566528335213695e-01
1.517409529536962454e-01
1.126759048551320974e-01
1.140635534003376916e-01
1.141306088864803281e-01
1.175575063377618801e-01
1.188199914246797495e-01
1.319938397035002597e-01
1.306540426984429404e-01
9.783570483326911593e-02
1.060715596750378548e-01
9.672064848244189827e-02
1.141759247705340374e-01
1.072885496541857719e-01
1.179049625620245956e-01
1.237632277980446754e-01
9.693207824602723122e-02
1.001601848192513050e-01
9.985327783972025584e-02
1.078965589404106140e-01
1.047443080320954317e-01
1.060903042927384410e-01
1.179487661644816332e-01
9.362329296767711584e-02
7.749951146543025693e-02
8.893319103866816067e-02
9.270223205909132458e-02
9.702666513621807654e-02
1.056715954095125143e-01
1.055987619981169634e-01
9.400097806006670054e-02
8.458467539399862345e-02
8.945037622004747835e-02
1.024980290420353379e-01
9.828821342438459618e-02
1.072312176227569608e-01
1.118712137266993506e-01
9.362627852708101106e-02
8.993160258978605270e-02
8.641695689409971404e-02
9.302185930311679396e-02
1.097345917299389906e-01
1.035467597097158438e-01
9.214557472616434486e-02
8.343847587704658619e-02
7.557104352861643282e-02
8.943988682702183612e-02
8.772931836545466711e-02
9.159427126869559843e-02
1.067144088074564873e-01
8.872806085273624022e-02
