6.913444598019122811e-01
3.431085143983363950e-01
2.911123707890510559e-01
2.668898202478885429e-01
2.539547774195671237e-01
2.371850432455539781e-01
2.258503068983554740e-01
2.198757581412792150e-01
2.138995906710624562e-01
1.991629865020513590e-01
2.007500592619180790e-01
1.993850206583738238e-01
2.000121347606182154e-01
1.962168184667825721e-01
1.963148614019155636e-01
2.055161539465188980e-01
1.964404416829347577e-01
1.806384509056806476e-01
1.768508937209844478e-01
1.790793131291866236e-01
1.819733658432960421e-01
1.746675710380077295e-01
1.778670297563076097e-01
1.845834082365035989e-01
1.777925641834735837e-01
1.786836463958025034e-01
1.801071903854608580e-01
1.712703667581081390e-01
1.608306441456079372e-01
1.676561906933784485e-01
1.689483663439750594e-01
1.738071933388710133e-01
1.620211378484964493e-01
1.692475993931293610e-01
1.647876468300819297e-01
1.718908368051051960e-01
1.565371321886777911e-01
1.577192918211221817e-01
1.543455378711223736e-01
1.642260485142469362e-01
1.617927458882331970e-01
1.606954470276832636e-01
1.530643887817859650e-01
1.644240526109933820e-01
1.639274265617132187e-01
1.495584066212177210e-01
1.436695010960102048e-01
1.498393246531486422e-01
1.524517630785703626e-01
1.506731603294610977e-01
1.540289951115846601e-01
1.538676539808511712e-01
1.571429608762264230e-01
1.558471885323524375e-01
1.373804761469364089e-01
1.452122010290622656e-01
1.469466113299131294e-01
1.432857946306466956e-01
1.474197107553482100e-01
1.422934733331203405e-01
1.439496854692697558e-01
1.459283391386270445e-01
1.447516051679849647e-01
1.348142934590578212e-01
1.351359089463949337e-01
1.363176435604691594e-01
1.365403390675783146e-01
1.416953419148921922e-01
1.384264329820871220e-01
1.415738233923912182e-01
1.355458981543779251e-01
1.494568177312612656e-01
1.354096934944391262e-01
1.329504774510860410e-01
1.334090541303157851e-01
1.317951992899179525e-01
1.301252987235784475e-01
1.364959529787302117e-01
1.338782528787851311e-01
1.339812285453081120e-01
1.368465576320886667e-01
1.280392584949731904e-01
1.334746860712766603e-01
1.284763059765100524e-01
1.228336200118064908e-01
1.279093545675277777e-01
1.293649967014789681e-01
1.321482954174280078e-01
1.338091694563627310e-01
1.337717574089765660e-01
1.221395459771156267e-01
1.259217090904712621e-01
1.261382365226745572e-01
1.224472662806510986e-01
1.298705806583166089e-01
1.297720440477132808e-01
1.261591024696827046e-01
1.291631704568863004e-01
1.270736147090792689e-01
1.224803005903959269e-01
1.234120525419712122e-01
1.248723229020834019e-01
1.209240274876356158e-01
1.236334967613220148e-01
1.283740378171205621e-01
1.202084033936262064e-01
1.188737343996763285e-01
1.262729717791080397e-01
1.285717746987938837e-01
1.225112082436680822e-01
1.217755483835935570e-01
9.134911409579217489e-02
9.576377963647246527e-02
9.642467578873038792e-02
9.924230214208364098e-02
9.966521311551332363e-02
7.418190135620533754e-02
4.948484973050654157e-02
4.943096311995759384e-02
4.328564545605331770e-02
4.867966224672273107e-02
4.956914172740653490e-02
5.625270822551101113e-02
5.492485051974654170e-02
6.889022956602275372e-02
6.146673246752470954e-02
3.449774717213585640e-02
3.318901950377039362e-02
3.523676782613620329e-02
3.872049246681854434e-02
4.254724833532236294e-02
5.150851904414593951e-02
4.354719147318974332e-02
3.777099386788904806e-02
4.114821278490125855e-02
