4.852717360854149065e-01
1.660821063071489245e-01
1.350427839159965560e-01
1.126510569453239435e-01
1.083315551653504377e-01
1.001854486018419199e-01
9.197143647819756851e-02
9.018509462475776672e-02
8.366750217974186499e-02
3.586014211177825928e-01
3.453353257477283500e-01
3.060103844106197291e-01
2.920990446954965791e-01
2.899113632738590240e-01
2.623331793397665201e-01
2.745542369782924541e-01
2.553091919422149636e-01
2.627801638841629206e-01
2.088859546184539673e-01
2.143706823885440926e-01
2.164502442628145340e-01
2.137806965410709303e-01
2.173887124657630787e-01
2.074413804709911435e-01
1.992259092256426778e-01
2.025546640530228593e-01
2.020886397361755238e-01
1.756680637598037609e-01
1.667616219818592038e-01
1.709060060977935780e-01
1.614042779058217914e-01
1.718782775476574987e-01
1.655345840379595646e-01
1.680050447583198436e-01
1.818314383551478397e-01
1.755579303205013209e-01
1.363370489515364214e-01
1.404399928450584534e-01
1.419079082086682209e-01
1.356444951146840994e-01
1.317783800326287613e-01
1.356365140900015753e-01
1.475836159847676854e-01
1.365719665214419343e-01
1.322440310008823894e-01
9.663121174089610299e-02
1.170476149767637197e-01
1.084835654962807844e-01
1.069905747845768945e-01
1.176825900748372095e-01
1.219487797468900708e-01
1.165536653436720360e-01
1.114304381515830722e-01
1.219534412957727909e-01
8.664660619571805389e-02
8.457480099052190614e-02
8.943527366966008696e-02
8.454737972468137630e-02
9.058944333344698396e-02
9.762219868600369166e-02
1.021491865627467688e-01
1.020235547982156210e-01
1.015075465850532044e-01
6.860565487295389175e-02
7.160320756956935206e-02
6.420238216407597731e-02
7.413870312739163915e-02
8.001256513409316096e-02
7.506759574636817645e-02
8.002933983691036535e-02
7.609731161966920565e-02
7.230533453635872021e-02
5.762532329652458180e-02
6.555922008585185479e-02
5.851267942925915400e-02
5.741845106240361929e-02
6.458688576240093071e-02
6.706045249477028680e-02
6.448361365124583022e-02
6.164319510571658611e-02
7.732183428481220755e-02
4.393148903269320643e-02
4.127662335289641882e-02
5.571892881765961453e-02
5.364242212614044741e-02
5.807098171208054105e-02
5.568102634046226407e-02
5.036724786506965867e-02
6.751971583813429212e-02
5.462958083022385891e-02
3.563401980325579810e-02
4.138921190402470446e-02
4.551683028810657450e-02
5.218041882966645284e-02
5.144463057746179180e-02
5.593700965866446606e-02
5.385345544666051559e-02
6.460581288672984090e-02
5.525383621221408026e-02
3.962452142965048468e-02
3.667575800791382512e-02
3.904882811359129680e-02
4.448361995746381858e-02
3.759408091893419457e-02
3.946123326895758371e-02
4.049665952101350053e-02
4.582369762007146990e-02
4.530378900584764584e-02
3.136379009578377230e-02
2.944409821240696890e-02
3.686284439201699403e-02
4.290195933877839762e-02
4.139901074697263650e-02
3.487196260131895237e-02
3.201770327708799990e-02
4.117075776099227147e-02
3.401043961173854518e-02
3.620757947326638110e-02
3.952018360316287421e-02
4.287471226532943436e-02
3.195815377723192768e-02
3.314349585270974508e-02
3.209308944991789980e-02
4.565290740109048673e-02
3.826404209772590881e-02
3.628937841276638071e-02
3.126956425548996915e-02
4.035078777931630500e-02
2.931542894919402995e-02
3.671473772497847732e-02
3.710516158724203734e-02
4.321864912053570429e-02
2.811149194720201361e-02
2.895031842905155042e-02
3.610462448908947214e-02
