1.738975998163223347e+00
1.365447603464126525e+00
1.244637824296951356e+00
1.099762217998504710e+00
1.004605822563171325e+00
9.423993736505508201e-01
8.950427466630935802e-01
7.704621186852455006e-01
7.520249333977698791e-01
7.296770402789115595e-01
7.500917404890060647e-01
7.434432950615882385e-01
7.198396480083465443e-01
6.907334792613982755e-01
5.865507370233535855e-01
5.882357612252235857e-01
5.894456106424331709e-01
5.952694374322891058e-01
5.773366031050681801e-01
5.914577603340148704e-01
6.011467503011226343e-01
4.461558979749679632e-01
3.975953182578086942e-01
4.222921976447105430e-01
4.094278785586357161e-01
4.372231684625148551e-01
4.338228338956832686e-01
4.494198977947235218e-01
2.676174147427082262e-01
2.618210106343030752e-01
2.743952863663434716e-01
2.810794667154550286e-01
2.972018191218376293e-01
3.118620871007442563e-01
3.104563728719949567e-01
1.828406513109803178e-01
1.833541183173656441e-01
1.755931713245809100e-01
2.029554952681064672e-01
1.988080218806862753e-01
2.380689966678619374e-01
2.176463622599840164e-01
1.166390484012663348e-01
1.390395954810083046e-01
1.594947424530983038e-01
1.475258560851216427e-01
1.441482270509004682e-01
1.727662702649831739e-01
1.798933964222669546e-01
1.174277134425938118e-01
1.198889429681003066e-01
1.159148502349853505e-01
1.203276245482265971e-01
1.283378747850656421e-01
1.531986757367849450e-01
1.510390583612024884e-01
9.404327236115932187e-02
1.086310542561113868e-01
1.084322325047105545e-01
9.452168282121420351e-02
1.347473576851189181e-01
1.214230038225650732e-01
1.165636947192251749e-01
9.938916857354343493e-02
9.155957613140344731e-02
8.740302930586039964e-02
1.009952791035175351e-01
1.039864699682220839e-01
9.781767647713422720e-02
1.106630589161068240e-01
9.177985307294875272e-02
8.573036796413362193e-02
9.482334812171756833e-02
8.389496883377432768e-02
9.912310558371245639e-02
1.002153671160340292e-01
1.014405374880880117e-01
7.218901821412146425e-02
5.877852724865079148e-02
8.693230710923671722e-02
6.984358510933816322e-02
8.709763547405600936e-02
8.943690799176692852e-02
1.123238815180957334e-01
9.531706885900348425e-02
7.936815631575883101e-02
7.528820856940000861e-02
9.566816231235861223e-02
1.115222651977092055e-01
9.698406133800745177e-02
9.256738701835275085e-02
6.268100621644406845e-02
5.903220407664775543e-02
6.583953396417201176e-02
7.566072578076273036e-02
8.352451473940164517e-02
9.348694977350532898e-02
9.244202796369790920e-02
6.137544270372018163e-02
5.444985949900001121e-02
6.506663565058261323e-02
7.928590931696817556e-02
8.984774958807975609e-02
7.832722194143570960e-02
7.961519575212150368e-02
