4.780102027952671251e-01
1.693181025236845105e-01
1.316820606589317322e-01
1.155795612931251465e-01
1.049367042258381871e-01
1.007853851094841907e-01
8.713020540773869227e-02
8.494820538908243179e-02
8.635930392891168206e-02
7.776501659303904079e-02
7.801480513066053057e-02
7.655514139682054187e-02
7.474692903459072280e-02
7.358848664909600767e-02
7.134153477847576807e-02
7.470415893942117247e-02
7.641431394964456891e-02
7.332477722316980973e-02
6.392163593322038040e-02
6.539619836956261922e-02
6.586616329848765661e-02
6.665095690637827530e-02
6.707420207560062242e-02
6.595496766269207112e-02
6.418061714619398284e-02
6.465078994631767717e-02
6.345252707600593234e-02
5.986056011170148849e-02
5.965078834444284550e-02
6.133365575224161009e-02
6.155134163796902036e-02
5.900460675358772111e-02
6.033122159540653395e-02
6.065191939473152383e-02
6.308653648942709469e-02
5.962151627987623270e-02
5.364315254613757217e-02
5.568235846236348208e-02
5.763367958366871074e-02
5.809508375823498050e-02
5.716447077691554773e-02
5.511466119438410138e-02
5.980438597500323944e-02
5.910893835127353779e-02
5.764667212963104498e-02
5.464759781956672613e-02
5.409055106341838920e-02
5.686486519873142076e-02
5.557028666138649070e-02
5.667042296379804639e-02
5.812789279967546519e-02
5.497711220756173328e-02
5.581402540206908958e-02
5.379858810454606760e-02
5.495686016976833455e-02
5.250074990093708122e-02
5.318991594016551916e-02
5.153743064031005017e-02
5.310918603092432133e-02
5.472796402871608901e-02
5.260524196550250137e-02
5.201756220310926188e-02
5.165559619665145707e-02
4.996337188407778962e-02
5.019137060269713430e-02
5.042182765901088992e-02
5.090929813683033045e-02
5.302224522456526479e-02
5.401423683390021296e-02
5.396533697843551580e-02
5.439384493976831547e-02
5.328491847962141259e-02
5.001143397763371801e-02
4.973201340064406506e-02
5.014385128393769597e-02
5.052449189126491380e-02
5.119389476254582183e-02
5.108560170978307391e-02
5.049913402646780125e-02
5.079059299081564033e-02
5.452076666057109611e-02
4.873771639540791512e-02
5.015860542654990845e-02
4.935133950784802159e-02
4.857871258631348693e-02
5.128015788272023007e-02
4.993854463100433350e-02
4.920765582472085703e-02
4.998058971017599328e-02
5.133773956447839487e-02
4.813500795513391689e-02
4.816708449274301196e-02
4.847740331664681518e-02
4.821037888526916171e-02
5.092722378671168948e-02
4.968886017799377386e-02
4.900196656584739768e-02
4.945118343457579474e-02
5.127493344247341378e-02
4.845604468137025556e-02
4.815901212394237824e-02
4.697560835629701476e-02
4.829954586923122101e-02
4.649944668635726253e-02
4.875684518367052328e-02
4.823298104107379830e-02
4.851594507694244329e-02
4.958308162167668343e-02
3.146451435983180778e-01
2.638245312869548775e-01
2.632721614837646440e-01
2.303281047567725115e-01
2.304870136082172449e-01
2.271538040786981461e-01
2.249433418363332715e-01
2.226318980753421717e-01
2.048147994279861384e-01
1.698948573134839435e-01
1.591352717950940132e-01
1.549182355031371028e-01
1.534554554894566603e-01
1.686846521124243659e-01
1.508235370367765338e-01
1.529276715591549873e-01
1.503074706718325604e-01
1.655927674099803015e-01
1.234053988382220329e-01
1.127992175705730959e-01
1.115983764827251368e-01
1.038770000264048615e-01
1.292929845117032628e-01
1.139905855804681789e-01
1.176184387505054413e-01
1.148825533036142571e-01
1.226968827564269282e-01
