1.005298271775245667e-01
9.952922910451889038e-02
9.842934459447860718e-02
9.752675145864486694e-02
9.643429517745971680e-02
9.511696547269821167e-02
9.355336427688598633e-02
9.200727939605712891e-02
9.020601212978363037e-02
8.801279962062835693e-02
8.569447696208953857e-02
8.332091569900512695e-02
8.071231096982955933e-02
7.762471586465835571e-02
7.480344921350479126e-02
7.141713798046112061e-02
6.877341866493225098e-02
6.553535908460617065e-02
6.295025348663330078e-02
6.145625934004783630e-02
5.941374972462654114e-02
5.858755111694335938e-02
5.963672325015068054e-02
5.902294069528579712e-02
5.887550115585327148e-02
5.801069736480712891e-02
5.804002285003662109e-02
5.905985459685325623e-02
5.536621436476707458e-02
5.426477268338203430e-02
5.348884686827659607e-02
5.265700444579124451e-02
5.225544050335884094e-02
5.269538238644599915e-02
5.157588049769401550e-02
5.176538228988647461e-02
5.195585638284683228e-02
5.087051913142204285e-02
5.051850154995918274e-02
5.027272179722785950e-02
4.964799806475639343e-02
4.975167289376258850e-02
4.866984859108924866e-02
4.835298284888267517e-02
4.788088425993919373e-02
4.826657101511955261e-02
4.716801270842552185e-02
4.749961942434310913e-02
4.741434007883071899e-02
4.723655804991722107e-02
4.678156599402427673e-02
4.683921113610267639e-02
4.636344313621520996e-02
4.630989953875541687e-02
4.660397395491600037e-02
4.570261016488075256e-02
4.616286233067512512e-02
4.549892991781234741e-02
4.590687155723571777e-02
4.498873278498649597e-02
4.538495466113090515e-02
4.522706940770149231e-02
4.430541023612022400e-02
4.414849355816841125e-02
4.402254149317741394e-02
4.454029351472854614e-02
4.399062320590019226e-02
4.375703260302543640e-02
4.309346899390220642e-02
4.309661686420440674e-02
4.281401261687278748e-02
4.308682680130004883e-02
4.300476983189582825e-02
4.314345121383666992e-02
4.260239005088806152e-02
4.259418323636054993e-02
4.226958379149436951e-02
4.238878190517425537e-02
4.146305844187736511e-02
4.207754880189895630e-02
4.197872802615165710e-02
4.177314788103103638e-02
4.144116118550300598e-02
4.170537739992141724e-02
4.132474586367607117e-02
4.125311225652694702e-02
4.150014743208885193e-02
4.085177555680274963e-02
4.056827723979949951e-02
4.092904180288314819e-02
4.049753025174140930e-02
4.038190469145774841e-02
4.005476459860801697e-02
4.027265310287475586e-02
4.001428931951522827e-02
3.979040682315826416e-02
3.970787674188613892e-02
3.964370489120483398e-02
3.967941179871559143e-02
3.940355777740478516e-02
3.974932059645652771e-02
3.927727416157722473e-02
3.927262127399444580e-02
3.872341662645339966e-02
3.883105516433715820e-02
3.946108743548393250e-02
3.886037692427635193e-02
3.896895051002502441e-02
3.917749226093292236e-02
3.891685232520103455e-02
3.848696127533912659e-02
3.815171122550964355e-02
3.827945515513420105e-02
3.846019506454467773e-02
3.818149492144584656e-02
3.839206323027610779e-02
3.842278942465782166e-02
3.799006342887878418e-02
3.785914182662963867e-02
3.797068446874618530e-02
3.781014308333396912e-02
3.792758285999298096e-02
3.722114488482475281e-02
3.730091080069541931e-02
3.713879361748695374e-02
3.741041943430900574e-02
3.716191649436950684e-02
3.717928379774093628e-02
3.675379231572151184e-02
3.701134398579597473e-02
3.660058975219726562e-02
3.689837828278541565e-02
3.650735691189765930e-02
3.637287765741348267e-02
3.660086914896965027e-02
3.659541159868240356e-02
3.647896647453308105e-02
3.592862933874130249e-02
3.643772751092910767e-02
3.615029528737068176e-02
3.668332844972610474e-02
3.616233915090560913e-02
3.614443168044090271e-02
3.602835163474082947e-02
3.591889515519142151e-02
3.581268712878227234e-02
3.552084788680076599e-02
3.536174073815345764e-02
3.547596931457519531e-02
3.546121716499328613e-02
3.569235280156135559e-02
3.549148142337799072e-02
3.535084798932075500e-02
3.528701141476631165e-02
3.562163934111595154e-02
3.458061069250106812e-02
3.503002226352691650e-02
3.489221632480621338e-02
3.491999208927154541e-02
3.502652049064636230e-02
3.504668176174163818e-02
3.459395095705986023e-02
3.442240878939628601e-02
3.454134613275527954e-02
3.474026173353195190e-02
3.442444279789924622e-02
3.446508944034576416e-02
3.441368788480758667e-02
3.441538661718368530e-02
3.439911454916000366e-02
3.419229760766029358e-02
3.410327062010765076e-02
3.381165489554405212e-02
3.406975418329238892e-02
3.419538959860801697e-02
3.384443745017051697e-02
3.411963209509849548e-02
3.390065208077430725e-02
3.388431295752525330e-02
3.326013684272766113e-02
3.309742733836174011e-02
3.342484682798385620e-02
3.357062861323356628e-02
3.302931040525436401e-02
3.340719267725944519e-02
3.288748115301132202e-02
3.323341161012649536e-02
3.298170492053031921e-02
3.318864107131958008e-02
3.289628028869628906e-02
3.321504220366477966e-02
3.256744518876075745e-02
3.292335197329521179e-02
3.318590298295021057e-02
3.322758525609970093e-02
3.304291889071464539e-02
3.302238509058952332e-02
3.300777077674865723e-02
3.277483582496643066e-02
3.290019184350967407e-02
3.234639763832092285e-02
3.233783692121505737e-02
3.267837688326835632e-02
3.201552852988243103e-02
3.255958855152130127e-02
3.258105739951133728e-02
3.206545859575271606e-02
3.188456222414970398e-02
3.194020688533782959e-02
3.224058821797370911e-02
3.228784352540969849e-02
3.165661171078681946e-02
3.197916597127914429e-02
3.199471160769462585e-02
3.176491707563400269e-02
3.190106153488159180e-02
3.150072321295738220e-02
3.163541480898857117e-02
3.165675327181816101e-02
3.149082884192466736e-02
3.155103325843811035e-02
3.127574920654296875e-02
3.118706680834293365e-02
3.158663213253021240e-02
3.081627003848552704e-02
3.120136633515357971e-02
3.130166605114936829e-02
3.124178946018218994e-02
3.097569756209850311e-02
3.087690472602844238e-02
3.126395493745803833e-02
3.099564090371131897e-02
3.097159229218959808e-02
3.129354864358901978e-02
3.099149838089942932e-02
3.110830858349800110e-02
3.032525815069675446e-02
3.104109875857830048e-02
3.082170151174068451e-02
3.067097440361976624e-02
3.067369200289249420e-02
3.041890077292919159e-02
3.053474798798561096e-02
3.067060373723506927e-02
3.047177009284496307e-02
3.043321147561073303e-02
2.998164109885692596e-02
3.021660819649696350e-02
3.042476251721382141e-02
2.984379231929779053e-02
2.984587289392948151e-02
3.030015900731086731e-02
2.989985048770904541e-02
3.000711835920810699e-02
3.010091744363307953e-02
2.956235781311988831e-02
3.027118556201457977e-02
2.990177273750305176e-02
3.011432290077209473e-02
2.977488934993743896e-02
2.955217100679874420e-02
2.955881319940090179e-02
2.987055853009223938e-02
2.980510704219341278e-02
2.955049835145473480e-02
2.976824715733528137e-02
2.967882528901100159e-02
2.963656187057495117e-02
2.922365628182888031e-02
2.924957312643527985e-02
2.938943915069103241e-02
2.891289256513118744e-02
2.938535809516906738e-02
2.919854596257209778e-02
2.917823567986488342e-02
2.907905541360378265e-02
2.909452281892299652e-02
2.922409586608409882e-02
2.912236563861370087e-02
2.947266399860382080e-02
2.859342657029628754e-02
2.885022573173046112e-02
2.895678021013736725e-02
2.915357612073421478e-02
2.872191369533538818e-02
2.871883288025856018e-02
2.884249947965145111e-02
2.873219922184944153e-02
2.848383784294128418e-02
2.909810654819011688e-02
2.904349938035011292e-02
2.876928448677062988e-02
2.855354920029640198e-02
2.870113216340541840e-02
2.837379090487957001e-02
2.847113274037837982e-02
2.844454720616340637e-02
2.834497392177581787e-02
2.818354405462741852e-02
2.861506678164005280e-02
2.814507856965065002e-02
2.834982238709926605e-02
2.827610634267330170e-02
2.849805355072021484e-02
2.813570573925971985e-02
2.810272015631198883e-02
2.805433236062526703e-02
2.827306464314460754e-02
2.799389138817787170e-02
2.798691391944885254e-02
2.756465785205364227e-02
2.809430472552776337e-02
2.770731225609779358e-02
2.812394313514232635e-02
2.814930491149425507e-02
2.772636711597442627e-02
2.769606746733188629e-02
2.797700837254524231e-02
2.760807238519191742e-02
2.773090638220310211e-02
2.746014855802059174e-02
2.759144641458988190e-02
2.755863964557647705e-02
2.756953239440917969e-02
2.739316225051879883e-02
2.757402323186397552e-02
2.782845310866832733e-02
2.721607498824596405e-02
2.726813033223152161e-02
2.752537839114665985e-02
2.737540379166603088e-02
2.740481495857238770e-02
2.713251113891601562e-02
2.715358138084411621e-02
2.683869563043117523e-02
2.709459327161312103e-02
2.730648033320903778e-02
2.706481330096721649e-02
2.703544870018959045e-02
2.730632200837135315e-02
2.692537568509578705e-02
2.735735848546028137e-02
2.703200839459896088e-02
2.689126692712306976e-02
2.669157460331916809e-02
2.699358761310577393e-02
2.689311467111110687e-02
2.681579068303108215e-02
2.686269022524356842e-02
2.679600194096565247e-02
2.667885459959506989e-02
2.671700157225131989e-02
2.686288952827453613e-02
2.659476175904273987e-02
2.661105804145336151e-02
2.712130360305309296e-02
2.678774669766426086e-02
2.654284611344337463e-02
2.667369879782199860e-02
2.656475268304347992e-02
2.657298184931278229e-02
2.640685997903347015e-02
2.650367096066474915e-02
2.645373716950416565e-02
2.637772634625434875e-02
2.642173506319522858e-02
2.640461921691894531e-02
2.674044482409954071e-02
2.617896534502506256e-02
2.629630267620086670e-02
2.639606036245822906e-02
2.626649476587772369e-02
2.617724053561687469e-02
2.600164152681827545e-02
2.614684216678142548e-02
2.612464129924774170e-02
2.639073505997657776e-02
2.597044780850410461e-02
2.632950060069561005e-02
2.596018090844154358e-02
2.633162401616573334e-02
2.643363550305366516e-02
2.615062333643436432e-02
2.617488615214824677e-02
2.629507519304752350e-02
2.591275982558727264e-02
2.610036544501781464e-02
2.622051537036895752e-02
2.586314640939235687e-02
2.606356143951416016e-02
2.562231384217739105e-02
2.594527602195739746e-02
2.599810063838958740e-02
2.557750418782234192e-02
2.587661147117614746e-02
2.565532363951206207e-02
2.585043944418430328e-02
2.565090730786323547e-02
2.555889450013637543e-02
2.576835267245769501e-02
2.533202245831489563e-02
2.542923763394355774e-02
2.579827606678009033e-02
2.524346113204956055e-02
2.555232681334018707e-02
2.534793689846992493e-02
2.567170560359954834e-02
2.502932958304882050e-02
2.516965568065643311e-02
2.582355774939060211e-02
2.532856166362762451e-02
2.567448094487190247e-02
2.523558214306831360e-02
2.539277635514736176e-02
2.545085363090038300e-02
2.509013377130031586e-02
2.528720535337924957e-02
2.512068115174770355e-02
2.544070221483707428e-02
2.520722523331642151e-02
2.548202872276306152e-02
2.486038021743297577e-02
2.525305189192295074e-02
2.494049631059169769e-02
2.532957307994365692e-02
2.520583383738994598e-02
2.506707422435283661e-02
2.494703792035579681e-02
2.511687576770782471e-02
2.520344592630863190e-02
2.537540532648563385e-02
2.508688904345035553e-02
2.521083131432533264e-02
2.502336166799068451e-02
2.476416155695915222e-02
2.514705061912536621e-02
2.499071508646011353e-02
2.470310404896736145e-02
2.487797103822231293e-02
2.480512484908103943e-02
2.491082996129989624e-02
2.501547709107398987e-02
2.482896111905574799e-02
2.496219053864479065e-02
2.507337927818298340e-02
2.527003921568393707e-02
2.508508227765560150e-02
2.501322701573371887e-02
2.487680688500404358e-02
2.513280510902404785e-02
2.471866272389888763e-02
2.472326718270778656e-02
2.479173429310321808e-02
2.469826675951480865e-02
2.471082657575607300e-02
2.461616508662700653e-02
2.467663772404193878e-02
2.459504269063472748e-02
2.466506697237491608e-02
2.484916336834430695e-02
2.437596954405307770e-02
2.451367676258087158e-02
2.451434545218944550e-02
2.438222430646419525e-02
2.437792345881462097e-02
2.444517239928245544e-02
2.466154284775257111e-02
2.423012070357799530e-02
2.450717799365520477e-02
2.432209812104701996e-02
2.470030449330806732e-02
2.442991547286510468e-02
2.439773455262184143e-02
2.445541135966777802e-02
2.449347078800201416e-02
2.443790249526500702e-02
2.439603023231029510e-02
2.438566833734512329e-02
2.443894185125827789e-02
2.439352683722972870e-02
2.425487153232097626e-02
2.419429831206798553e-02
2.431843429803848267e-02
2.416689693927764893e-02
2.458370290696620941e-02
2.421555109322071075e-02
2.416953817009925842e-02
2.427668683230876923e-02
2.398727275431156158e-02
2.450107038021087646e-02
2.454181760549545288e-02
2.449174970388412476e-02
2.423298358917236328e-02
2.421901561319828033e-02
2.404652908444404602e-02
2.418756671249866486e-02
2.417748235166072845e-02
2.422180585563182831e-02
2.397247403860092163e-02
2.390293218195438385e-02
2.441113442182540894e-02
2.415238879621028900e-02
2.388271503150463104e-02
2.398367598652839661e-02
2.416949346661567688e-02
2.398975379765033722e-02
2.393539249897003174e-02
2.363992854952812195e-02
2.428636141121387482e-02
2.406436204910278320e-02
2.404084987938404083e-02
2.387473359704017639e-02
2.409311383962631226e-02
2.367766015231609344e-02
2.388764731585979462e-02
2.419515326619148254e-02
2.399121224880218506e-02
2.391769550740718842e-02
2.384656295180320740e-02
2.368798106908798218e-02
2.374288626015186310e-02
2.358138374984264374e-02
2.378696762025356293e-02
2.398260496556758881e-02
2.395775541663169861e-02
2.389253117144107819e-02
2.417906001210212708e-02
2.403267100453376770e-02
2.383928187191486359e-02
2.390857227146625519e-02
2.377541363239288330e-02
2.398584224283695221e-02
2.378627471625804901e-02
2.355261705815792084e-02
2.346851676702499390e-02
2.383393049240112305e-02
2.374615706503391266e-02
2.356249280273914337e-02
2.366520278155803680e-02
2.365979924798011780e-02
2.348887175321578979e-02
2.365611307322978973e-02
2.374804578721523285e-02
2.372330427169799805e-02
2.349673956632614136e-02
2.367013692855834961e-02
2.368758991360664368e-02
2.380162663757801056e-02
2.329929172992706299e-02
2.393328770995140076e-02
2.332314290106296539e-02
2.377712540328502655e-02
2.358522079885005951e-02
2.374809980392456055e-02
2.364960871636867523e-02
2.375836297869682312e-02
2.365758083760738373e-02
2.336330339312553406e-02
2.351646684110164642e-02
2.356995083391666412e-02
2.332416921854019165e-02
2.333599701523780823e-02
2.308996394276618958e-02
2.362774685025215149e-02
2.355024032294750214e-02
2.337830327451229095e-02
2.350694499909877777e-02
2.334252558648586273e-02
2.339856140315532684e-02
2.289807610213756561e-02
2.336877584457397461e-02
2.331524901092052460e-02
2.350953780114650726e-02
2.342803776264190674e-02
2.359044365584850311e-02
2.307271026074886322e-02
2.313382364809513092e-02
2.328043989837169647e-02
2.340306900441646576e-02
2.327778190374374390e-02
2.330379933118820190e-02
2.328788302838802338e-02
2.327954582870006561e-02
2.332226373255252838e-02
2.304759994149208069e-02
2.289354801177978516e-02
2.320414967834949493e-02
2.324144728481769562e-02
2.294752374291419983e-02
2.325741015374660492e-02
2.300495095551013947e-02
2.327353321015834808e-02
2.317973785102367401e-02
2.317037619650363922e-02
2.300726808607578278e-02
2.325046062469482422e-02
2.346695773303508759e-02
2.308264002203941345e-02
2.288230322301387787e-02
2.318687550723552704e-02
2.296411618590354919e-02
2.343077957630157471e-02
2.294879034161567688e-02
2.271652221679687500e-02
2.293633669614791870e-02
2.305622957646846771e-02
2.330327406525611877e-02
2.291752584278583527e-02
2.304434031248092651e-02
2.278127335011959076e-02
2.326951548457145691e-02
2.292791008949279785e-02
2.277390286326408386e-02
2.280965819954872131e-02
2.300938963890075684e-02
2.332849055528640747e-02
2.280608937144279480e-02
2.293471992015838623e-02
2.310832217335700989e-02
2.276191860437393188e-02
2.304773591458797455e-02
2.290101908147335052e-02
2.308643236756324768e-02
2.294870279729366302e-02
2.252779155969619751e-02
2.287351712584495544e-02
2.268159203231334686e-02
2.255766279995441437e-02
2.290650084614753723e-02
2.315972931683063507e-02
2.298710867762565613e-02
2.301754802465438843e-02
2.314492873847484589e-02
2.278881520032882690e-02
2.297977358102798462e-02
2.299009636044502258e-02
2.284654229879379272e-02
2.286839671432971954e-02
2.254912443459033966e-02
2.249712310731410980e-02
2.279528230428695679e-02
2.288842573761940002e-02
2.240686118602752686e-02
2.271467447280883789e-02
2.260584011673927307e-02
2.241939678788185120e-02
2.248506806790828705e-02
2.257755585014820099e-02
2.272780798375606537e-02
2.238845638930797577e-02
2.256804704666137695e-02
2.257433533668518066e-02
2.286322787404060364e-02
2.247879467904567719e-02
2.286000177264213562e-02
2.282964438199996948e-02
2.253640815615653992e-02
2.273768745362758636e-02
2.256748452782630920e-02
2.270096540451049805e-02
2.284491993486881256e-02
2.266272902488708496e-02
2.262560091912746429e-02
2.250876650214195251e-02
2.244104817509651184e-02
2.243172377347946167e-02
2.274963259696960449e-02
2.238485403358936310e-02
2.259140461683273315e-02
2.230952493846416473e-02
2.262242138385772705e-02
2.241519652307033539e-02
2.272758819162845612e-02
2.256421558558940887e-02
2.254730649292469025e-02
2.217945270240306854e-02
2.252156846225261688e-02
2.244978956878185272e-02
2.280964143574237823e-02
2.236332371830940247e-02
2.257174439728260040e-02
2.251729182898998260e-02
2.214628085494041443e-02
2.265043370425701141e-02
2.236192487180233002e-02
2.229845523834228516e-02
2.227727323770523071e-02
2.236919291317462921e-02
2.218815498054027557e-02
2.252308465540409088e-02
2.234214730560779572e-02
2.209260128438472748e-02
2.231918647885322571e-02
2.226509898900985718e-02
2.231312915682792664e-02
2.223929762840270996e-02
2.211742475628852844e-02
2.212275750935077667e-02
2.239324897527694702e-02
2.239600755274295807e-02
2.227661609649658203e-01
2.311690598726272583e-01
2.633168995380401611e-01
2.270334064960479736e-01
2.580074369907379150e-01
2.354518175125122070e-01
2.340826541185379028e-01
2.440286874771118164e-01
2.285774648189544678e-01
2.317823022603988647e-01
2.366386801004409790e-01
2.277703285217285156e-01
2.271809279918670654e-01
2.328367382287979126e-01
2.258865237236022949e-01
2.236263602972030640e-01
2.288563996553421021e-01
2.256973087787628174e-01
2.215500473976135254e-01
2.255738675594329834e-01
2.261633872985839844e-01
2.222503721714019775e-01
2.225793153047561646e-01
2.248513102531433105e-01
2.300385236740112305e-01
2.226072400808334351e-01
2.240953296422958374e-01
2.250917851924896240e-01
2.189945429563522339e-01
2.198531776666641235e-01
2.204213887453079224e-01
2.191121131181716919e-01
2.215296179056167603e-01
2.200552672147750854e-01
2.233558297157287598e-01
2.195691019296646118e-01
2.215648293495178223e-01
2.189533561468124390e-01
2.190918177366256714e-01
2.220080047845840454e-01
2.177239954471588135e-01
2.200925946235656738e-01
2.200193256139755249e-01
2.179238647222518921e-01
2.193050682544708252e-01
2.188082933425903320e-01
2.186913043260574341e-01
2.169447541236877441e-01
2.201669514179229736e-01
2.180740833282470703e-01
2.186284363269805908e-01
2.158700227737426758e-01
2.165488898754119873e-01
2.171336859464645386e-01
2.150007784366607666e-01
2.180116921663284302e-01
2.155973464250564575e-01
2.149595767259597778e-01
2.192214429378509521e-01
2.173185050487518311e-01
2.167606204748153687e-01
2.174852341413497925e-01
2.170652598142623901e-01
2.126475423574447632e-01
2.158082872629165649e-01
2.176961153745651245e-01
2.159835249185562134e-01
2.155732959508895874e-01
2.137336730957031250e-01
2.141995728015899658e-01
2.151624411344528198e-01
2.136281132698059082e-01
2.141553610563278198e-01
2.154567092657089233e-01
2.161146104335784912e-01
2.140492498874664307e-01
2.146468311548233032e-01
2.139140218496322632e-01
2.166242897510528564e-01
2.149543613195419312e-01
2.155492901802062988e-01
2.142666727304458618e-01
2.119385004043579102e-01
2.115720957517623901e-01
2.155994474887847900e-01
2.109673917293548584e-01
2.130876332521438599e-01
2.125104218721389771e-01
2.141047865152359009e-01
2.138836681842803955e-01
2.113652080297470093e-01
2.129951268434524536e-01
2.108309864997863770e-01
2.133272439241409302e-01
2.131498008966445923e-01
2.157654166221618652e-01
2.111875563859939575e-01
2.143703699111938477e-01
2.133765071630477905e-01
2.108456492424011230e-01
2.131742388010025024e-01
2.110456079244613647e-01
2.119999080896377563e-01
2.137008458375930786e-01
2.113918364048004150e-01
2.105659395456314087e-01
2.149296551942825317e-01
2.120101749897003174e-01
2.146599888801574707e-01
2.087541073560714722e-01
2.111361175775527954e-01
2.125724703073501587e-01
2.109757959842681885e-01
2.153492271900177002e-01
2.132046669721603394e-01
2.152337729930877686e-01
2.080428600311279297e-01
2.128740698099136353e-01
2.118538767099380493e-01
2.087419778108596802e-01
2.122792899608612061e-01
2.112080752849578857e-01
2.107198238372802734e-01
2.109753191471099854e-01
2.108693420886993408e-01
2.122522443532943726e-01
2.123189866542816162e-01
2.109088748693466187e-01
2.085933834314346313e-01
2.096319645643234253e-01
2.095076739788055420e-01
2.130305022001266479e-01
2.103834152221679688e-01
2.100318074226379395e-01
2.111539691686630249e-01
2.098393291234970093e-01
2.102933824062347412e-01
2.091126590967178345e-01
2.104040980339050293e-01
2.115775793790817261e-01
2.106494605541229248e-01
2.111138552427291870e-01
2.108633220195770264e-01
2.121395468711853027e-01
2.073538005352020264e-01
2.057915180921554565e-01
2.094587534666061401e-01
2.109477072954177856e-01
2.084018439054489136e-01
2.080809772014617920e-01
2.114489227533340454e-01
2.087355703115463257e-01
2.066297233104705811e-01
2.067287117242813110e-01
2.081188559532165527e-01
2.084023654460906982e-01
2.067102789878845215e-01
2.097498029470443726e-01
2.104818671941757202e-01
2.072100341320037842e-01
2.097527086734771729e-01
2.068453431129455566e-01
2.105521261692047119e-01
2.127178609371185303e-01
2.090162187814712524e-01
2.085346877574920654e-01
2.069389522075653076e-01
2.071772366762161255e-01
2.101041823625564575e-01
2.092281877994537354e-01
2.073424607515335083e-01
2.067702263593673706e-01
2.075899690389633179e-01
2.099675089120864868e-01
2.069711238145828247e-01
2.083021104335784912e-01
2.089304924011230469e-01
2.081234455108642578e-01
2.062450498342514038e-01
2.092857658863067627e-01
2.050491869449615479e-01
2.069228142499923706e-01
2.058876901865005493e-01
2.069896161556243896e-01
2.063594460487365723e-01
2.065893262624740601e-01
2.111983746290206909e-01
2.072819322347640991e-01
2.037285864353179932e-01
2.089810967445373535e-01
2.080602049827575684e-01
2.065818458795547485e-01
2.065515071153640747e-01
2.051622271537780762e-01
2.086702138185501099e-01
2.061161249876022339e-01
2.063401490449905396e-01
2.068210542201995850e-01
2.083037644624710083e-01
2.041795402765274048e-01
2.073700577020645142e-01
2.059359848499298096e-01
2.056370526552200317e-01
2.084296494722366333e-01
2.073291838169097900e-01
2.041521221399307251e-01
2.064749002456665039e-01
2.080395668745040894e-01
2.055920213460922241e-01
2.075710445642471313e-01
2.061608880758285522e-01
2.060961723327636719e-01
2.048169821500778198e-01
2.045290619134902954e-01
2.056251019239425659e-01
2.064895331859588623e-01
2.069685161113739014e-01
2.050727158784866333e-01
2.045297771692276001e-01
2.045166790485382080e-01
2.050826251506805420e-01
2.045663297176361084e-01
2.049847096204757690e-01
2.060378044843673706e-01
2.057688087224960327e-01
2.060469686985015869e-01
2.033657729625701904e-01
2.063588500022888184e-01
2.055259197950363159e-01
2.024267911911010742e-01
2.040441483259201050e-01
2.054663896560668945e-01
2.035823613405227661e-01
2.050524801015853882e-01
2.009139508008956909e-01
2.029049545526504517e-01
2.019876539707183838e-01
2.053151726722717285e-01
2.051855921745300293e-01
2.022736966609954834e-01
2.057977765798568726e-01
2.048988938331604004e-01
2.045493870973587036e-01
2.044536173343658447e-01
2.029555439949035645e-01
2.036672681570053101e-01
2.051883041858673096e-01
2.030763924121856689e-01
2.055422365665435791e-01
2.027672678232192993e-01
2.045559585094451904e-01
2.021045833826065063e-01
2.035536617040634155e-01
2.034925669431686401e-01
2.049802690744400024e-01
2.035706341266632080e-01
2.023568302392959595e-01
2.049402892589569092e-01
2.044939696788787842e-01
2.016539275646209717e-01
2.042544484138488770e-01
2.026032358407974243e-01
2.028064578771591187e-01
2.044671028852462769e-01
2.003444731235504150e-01
2.047066092491149902e-01
2.030668258666992188e-01
2.029602825641632080e-01
2.053855657577514648e-01
2.021654099225997925e-01
2.021102905273437500e-01
2.028938084840774536e-01
2.020947635173797607e-01
2.003548890352249146e-01
2.007549852132797241e-01
2.037206441164016724e-01
2.026835232973098755e-01
1.998564302921295166e-01
2.027776241302490234e-01
1.990489363670349121e-01
2.025901228189468384e-01
2.034678608179092407e-01
2.002956271171569824e-01
2.040508091449737549e-01
2.030405700206756592e-01
2.029380649328231812e-01
2.003556787967681885e-01
2.026680260896682739e-01
2.011946886777877808e-01
1.994240283966064453e-01
1.984031200408935547e-01
1.990953832864761353e-01
1.983816623687744141e-01
2.023255378007888794e-01
2.037738710641860962e-01
2.031011879444122314e-01
1.978736668825149536e-01
2.016095072031021118e-01
2.044718861579895020e-01
2.006475478410720825e-01
1.996686458587646484e-01
2.008005529642105103e-01
2.023570984601974487e-01
2.012064903974533081e-01
2.004665732383728027e-01
2.018480151891708374e-01
2.008066624402999878e-01
1.997774541378021240e-01
2.021242529153823853e-01
2.007953077554702759e-01
2.009402960538864136e-01
2.006646990776062012e-01
2.022934556007385254e-01
1.997065246105194092e-01
1.999637335538864136e-01
2.010933309793472290e-01
2.001013308763504028e-01
1.994962394237518311e-01
2.020010948181152344e-01
2.010114192962646484e-01
2.031835764646530151e-01
1.999320387840270996e-01
2.010904699563980103e-01
2.006476372480392456e-01
1.988795548677444458e-01
2.001483291387557983e-01
1.994853615760803223e-01
1.979250609874725342e-01
1.989454180002212524e-01
2.001293152570724487e-01
1.984455287456512451e-01
2.005805671215057373e-01
2.023390531539916992e-01
1.978390663862228394e-01
1.997878551483154297e-01
1.986341774463653564e-01
2.006076872348785400e-01
1.997739523649215698e-01
1.990333050489425659e-01
1.992505937814712524e-01
1.981217414140701294e-01
1.990362107753753662e-01
2.004834711551666260e-01
1.988486945629119873e-01
2.002236396074295044e-01
1.995079815387725830e-01
1.994365453720092773e-01
1.990783959627151489e-01
2.004254609346389771e-01
2.003188133239746094e-01
1.992280781269073486e-01
1.996011137962341309e-01
1.987319588661193848e-01
2.012182474136352539e-01
1.983815282583236694e-01
1.970982849597930908e-01
2.004495710134506226e-01
1.979760378599166870e-01
1.992748528718948364e-01
2.004954963922500610e-01
1.983597725629806519e-01
1.988792866468429565e-01
2.003837376832962036e-01
1.990755647420883179e-01
1.994659304618835449e-01
2.005028724670410156e-01
2.008271068334579468e-01
1.987326294183731079e-01
2.003929913043975830e-01
2.002952992916107178e-01
1.967974752187728882e-01
1.946066319942474365e-01
2.008818387985229492e-01
1.989161521196365356e-01
1.979321092367172241e-01
1.977692544460296631e-01
1.980801373720169067e-01
2.000678479671478271e-01
1.987186223268508911e-01
1.987535655498504639e-01
1.975402235984802246e-01
1.966024637222290039e-01
1.977539062500000000e-01
1.968122571706771851e-01
1.978228241205215454e-01
1.983051449060440063e-01
1.953318566083908081e-01
1.965222954750061035e-01
1.963988095521926880e-01
1.969970613718032837e-01
1.990383416414260864e-01
1.968640685081481934e-01
1.971224993467330933e-01
1.954350620508193970e-01
1.979042291641235352e-01
1.954928636550903320e-01
1.974433064460754395e-01
1.960612982511520386e-01
1.995653510093688965e-01
1.965420395135879517e-01
1.952239573001861572e-01
1.953258067369461060e-01
1.968151926994323730e-01
1.970239132642745972e-01
1.975229829549789429e-01
1.958812624216079712e-01
1.967410445213317871e-01
1.961695402860641479e-01
1.962315440177917480e-01
1.974628716707229614e-01
1.970424801111221313e-01
1.965092718601226807e-01
1.969583481550216675e-01
1.988164782524108887e-01
1.977886706590652466e-01
1.988812834024429321e-01
1.957650333642959595e-01
1.968071758747100830e-01
1.960204392671585083e-01
1.977289766073226929e-01
1.981475800275802612e-01
1.925613880157470703e-01
1.974890232086181641e-01
1.985392868518829346e-01
1.980368643999099731e-01
1.972142010927200317e-01
1.989001333713531494e-01
1.978756487369537354e-01
1.955050230026245117e-01
1.964593529701232910e-01
1.959185302257537842e-01
1.959467679262161255e-01
1.959160566329956055e-01
1.961085200309753418e-01
1.945047974586486816e-01
1.971606761217117310e-01
1.975963711738586426e-01
1.948350071907043457e-01
1.935164034366607666e-01
1.948608458042144775e-01
1.939261704683303833e-01
1.935009360313415527e-01
1.963174492120742798e-01
1.918126344680786133e-01
1.966210901737213135e-01
1.939650028944015503e-01
1.960937678813934326e-01
1.944530159235000610e-01
1.952293068170547485e-01
1.953892707824707031e-01
1.953116655349731445e-01
1.943797916173934937e-01
1.973243504762649536e-01
1.954351365566253662e-01
1.952152997255325317e-01
1.955489516258239746e-01
1.930226236581802368e-01
1.994868665933609009e-01
1.960284262895584106e-01
1.977416872978210449e-01
1.938250362873077393e-01
1.951529234647750854e-01
1.973666101694107056e-01
1.989663988351821899e-01
1.943969577550888062e-01
1.949769705533981323e-01
1.939302682876586914e-01
1.939781606197357178e-01
1.940159201622009277e-01
1.916032582521438599e-01
1.924842447042465210e-01
1.927686929702758789e-01
1.942202299833297729e-01
1.940549165010452271e-01
1.971047818660736084e-01
1.979256868362426758e-01
1.948723644018173218e-01
1.958109140396118164e-01
1.931761056184768677e-01
1.933392584323883057e-01
1.906251460313796997e-01
1.954315453767776489e-01
1.953845024108886719e-01
1.939483731985092163e-01
1.960123926401138306e-01
1.947194784879684448e-01
1.959154307842254639e-01
1.920096576213836670e-01
1.957681626081466675e-01
1.946719288825988770e-01
1.946738660335540771e-01
1.970343142747879028e-01
1.942493617534637451e-01
1.954131126403808594e-01
1.942806094884872437e-01
1.968944519758224487e-01
1.945497840642929077e-01
1.937901526689529419e-01
1.961487233638763428e-01
1.945862472057342529e-01
1.941870599985122681e-01
1.920196115970611572e-01
1.913430243730545044e-01
1.929873973131179810e-01
1.935419440269470215e-01
1.949973553419113159e-01
1.945915818214416504e-01
1.951502114534378052e-01
1.924353241920471191e-01
1.944385915994644165e-01
1.934583783149719238e-01
1.945449560880661011e-01
1.946568489074707031e-01
1.941739767789840698e-01
1.921451538801193237e-01
1.930331438779830933e-01
1.930629312992095947e-01
1.920691877603530884e-01
1.930659115314483643e-01
1.916617751121520996e-01
1.919595599174499512e-01
1.965843737125396729e-01
1.899045556783676147e-01
1.947450190782546997e-01
1.938845217227935791e-01
1.917186081409454346e-01
1.938093900680541992e-01
1.905725747346878052e-01
1.948515176773071289e-01
1.920598596334457397e-01
1.930734962224960327e-01
1.907334178686141968e-01
1.929695159196853638e-01
1.917109489440917969e-01
1.959846019744873047e-01
1.927354335784912109e-01
1.952929347753524780e-01
1.940350830554962158e-01
1.932969093322753906e-01
1.921516209840774536e-01
1.914020627737045288e-01
1.951599121093750000e-01
1.949574053287506104e-01
1.918420046567916870e-01
1.936781555414199829e-01
1.940069794654846191e-01
1.930381953716278076e-01
1.903264224529266357e-01
1.904078274965286255e-01
1.946831345558166504e-01
1.923037171363830566e-01
1.953066885471343994e-01
1.917457580566406250e-01
1.928406655788421631e-01
1.912982910871505737e-01
1.934234201908111572e-01
1.909359842538833618e-01
1.898571550846099854e-01
1.930788904428482056e-01
1.941742748022079468e-01
1.943535059690475464e-01
1.929325163364410400e-01
1.895748227834701538e-01
1.908395141363143921e-01
1.921496689319610596e-01
1.938897669315338135e-01
1.925308406352996826e-01
1.918248385190963745e-01
1.917266845703125000e-01
1.925101429224014282e-01
1.897843480110168457e-01
1.909340620040893555e-01
1.907304525375366211e-01
1.932256519794464111e-01
1.923278123140335083e-01
1.947282552719116211e-01
1.912426948547363281e-01
1.909579783678054810e-01
1.942899972200393677e-01
1.910756975412368774e-01
1.943393945693969727e-01
1.936690211296081543e-01
1.907002627849578857e-01
1.940696388483047485e-01
1.894786804914474487e-01
1.889419108629226685e-01
1.906225234270095825e-01
1.925408393144607544e-01
1.925973296165466309e-01
1.920934021472930908e-01
1.923050284385681152e-01
1.923576295375823975e-01
1.909515857696533203e-01
1.917996704578399658e-01
1.900840997695922852e-01
1.911250948905944824e-01
1.893477290868759155e-01
1.904510408639907837e-01
1.925583779811859131e-01
1.917807459831237793e-01
1.905330270528793335e-01
1.903109401464462280e-01
1.889152526855468750e-01
1.905734986066818237e-01
1.897996217012405396e-01
1.904961913824081421e-01
1.899757087230682373e-01
1.924417167901992798e-01
1.903693675994873047e-01
1.923393160104751587e-01
1.912830024957656860e-01
1.904891580343246460e-01
1.926761269569396973e-01
1.895814388990402222e-01
1.925106793642044067e-01
1.940588653087615967e-01
1.908262670040130615e-01
1.897499859333038330e-01
1.881219446659088135e-01
1.923969537019729614e-01
1.930990517139434814e-01
1.920516490936279297e-01
1.909158378839492798e-01
1.900924444198608398e-01
1.894497722387313843e-01
1.900748908519744873e-01
1.936529278755187988e-01
1.902252584695816040e-01
1.935657560825347900e-01
1.923543214797973633e-01
1.892526298761367798e-01
1.918705999851226807e-01
1.874841600656509399e-01
1.912573277950286865e-01
1.902078390121459961e-01
1.911096125841140747e-01
1.911019831895828247e-01
1.908387541770935059e-01
1.917091012001037598e-01
1.888345479965209961e-01
1.916832625865936279e-01
1.897628903388977051e-01
1.898826807737350464e-01
1.880950480699539185e-01
1.898537278175354004e-01
1.904168277978897095e-01
1.907890439033508301e-01
1.929318159818649292e-01
1.894246935844421387e-01
1.892094314098358154e-01
1.883276700973510742e-01
1.917334944009780884e-01
1.907012462615966797e-01
1.907774209976196289e-01
1.919060647487640381e-01
1.916894167661666870e-01
1.906738579273223877e-01
1.890496164560317993e-01
1.898173391819000244e-01
1.886280030012130737e-01
1.876935064792633057e-01
1.888147294521331787e-01
1.884811073541641235e-01
1.890730410814285278e-01
1.889694929122924805e-01
1.882568746805191040e-01
1.899708807468414307e-01
1.896024197340011597e-01
1.869253665208816528e-01
1.852995306253433228e-01
1.881644725799560547e-01
1.884264945983886719e-01
1.917715668678283691e-01
1.895848661661148071e-01
1.891035586595535278e-01
1.902516335248947144e-01
1.895319521427154541e-01
1.891966462135314941e-01
1.896538883447647095e-01
1.897498965263366699e-01
1.854082494974136353e-01
1.923661231994628906e-01
1.863684058189392090e-01
1.872478723526000977e-01
1.884470134973526001e-01
1.895449608564376831e-01
1.886792182922363281e-01
1.919171214103698730e-01
1.881670653820037842e-01
1.894355565309524536e-01
1.913907676935195923e-01
1.880645453929901123e-01
1.867111921310424805e-01
1.896599531173706055e-01
1.893635392189025879e-01
1.895810514688491821e-01
1.883827447891235352e-01
1.874860525131225586e-01
1.880146563053131104e-01
1.873301416635513306e-01
1.894463598728179932e-01
1.891674697399139404e-01
1.875162422657012939e-01
1.874859780073165894e-01
1.888425052165985107e-01
1.881489306688308716e-01
1.896759420633316040e-01
1.884023398160934448e-01
1.905360519886016846e-01
1.870479136705398560e-01
1.920072436332702637e-01
1.869035810232162476e-01
1.898727416992187500e-01
1.869435459375381470e-01
1.880934089422225952e-01
1.885108947753906250e-01
1.882922500371932983e-01
1.908615231513977051e-01
1.900771409273147583e-01
1.878742575645446777e-01
1.871348172426223755e-01
1.892849802970886230e-01
1.896425485610961914e-01
1.915423423051834106e-01
1.892797648906707764e-01
1.859053671360015869e-01
1.867344230413436890e-01
1.872429400682449341e-01
1.881191134452819824e-01
1.882223039865493774e-01
1.883381456136703491e-01
1.867891997098922729e-01
1.876181066036224365e-01
1.893912255764007568e-01
1.921906769275665283e-01
1.835713237524032593e-01
1.880777627229690552e-01
1.886863261461257935e-01
1.882966011762619019e-01
1.866695433855056763e-01
1.870062500238418579e-01
1.894576549530029297e-01
1.855326592922210693e-01
1.871660351753234863e-01
1.875351220369338989e-01
1.859077960252761841e-01
1.909998506307601929e-01
1.870729327201843262e-01
1.876288801431655884e-01
1.860852539539337158e-01
1.896075159311294556e-01
1.842580586671829224e-01
1.879013180732727051e-01
1.890901029109954834e-01
1.872811913490295410e-01
1.876756846904754639e-01
1.890470534563064575e-01
1.865396648645401001e-01
1.877398043870925903e-01
1.872523128986358643e-01
1.868712902069091797e-01
1.895866394042968750e-01
1.865193247795104980e-01
1.869244426488876343e-01
1.877510249614715576e-01
1.923439502716064453e-01
1.864177286624908447e-01
1.878530830144882202e-01
1.892203390598297119e-01
1.877564489841461182e-01
1.870087981224060059e-01
1.851241588592529297e-01
1.893847286701202393e-01
1.858448982238769531e-01
1.834699362516403198e-01
1.859999299049377441e-01
1.867659389972686768e-01
1.884029507637023926e-01
1.872856020927429199e-01
1.874708384275436401e-01
1.851719021797180176e-01
1.877932548522949219e-01
1.869243383407592773e-01
1.874372214078903198e-01
1.886992007493972778e-01
1.864688843488693237e-01
1.851474791765213013e-01
1.900784969329833984e-01
1.877460628747940063e-01
1.849432140588760376e-01
1.867148876190185547e-01
1.864140629768371582e-01
1.852682530879974365e-01
1.873471438884735107e-01
1.855126172304153442e-01
1.869015991687774658e-01
1.884851008653640747e-01
1.877054572105407715e-01
1.869127601385116577e-01
1.867044270038604736e-01
