6.800402387976646201e-01
3.485823632776737235e-01
2.976582723855972223e-01
2.786956250667572133e-01
2.674911776185035506e-01
2.493028315901756331e-01
2.398941513895988531e-01
2.200211124867200718e-01
2.194743981957435475e-01
2.062342162430286507e-01
2.081189041584730059e-01
2.058817939460277635e-01
2.043009139597415924e-01
2.060533498227596350e-01
1.985187437385320663e-01
1.893985117226839043e-01
1.998111673444509517e-01
1.942854134738445371e-01
1.912077397853136074e-01
1.872741249203681846e-01
1.709550246596336365e-01
1.861676168441772361e-01
1.862446430325508107e-01
1.911720468848943644e-01
1.795118471235036817e-01
1.800498008728027288e-01
1.802053397893905728e-01
1.745746677741408237e-01
1.651597180217504457e-01
1.723903369903564409e-01
1.637994289398193304e-01
1.784326475113630350e-01
1.699779692292213429e-01
1.763716280460357611e-01
1.682666474580764848e-01
1.723516999930143345e-01
1.618686387687921502e-01
1.590611596405506201e-01
1.603028526157140865e-01
1.574168435856699855e-01
1.575704170763492507e-01
1.571836380660533994e-01
1.642640584707260043e-01
1.689986203610897020e-01
1.611020397394895554e-01
1.531551116704940874e-01
1.540385258942842395e-01
1.568298156559467249e-01
1.543214303255081299e-01
1.535166084021329924e-01
1.544855391979217396e-01
1.581672325730323903e-01
1.512374150753021118e-01
1.537923411279916719e-01
1.452168032526969799e-01
1.442884913831949112e-01
1.430909779667854376e-01
1.503143884241580908e-01
1.457930453121662195e-01
1.527610512077808291e-01
1.513397547602653437e-01
1.438477558642625720e-01
1.536308425664901778e-01
1.433823031187057562e-01
1.436017880588769946e-01
1.374819847941398665e-01
1.436845457926392566e-01
1.418223433196544592e-01
1.438568367063999265e-01
1.393705480545759101e-01
1.413760352134704468e-01
1.432010165229439802e-01
1.519034445099532726e-01
1.658618481829762514e-01
1.494526600092649371e-01
1.290862152352929004e-01
1.318478909693658330e-01
1.285046711750328641e-01
1.270413414388895101e-01
1.349501463770866327e-01
1.276928621530532826e-01
7.731970682740212097e-02
7.669891713652760012e-02
9.050017766654491758e-02
8.265907539986074026e-02
9.278462496586144248e-02
9.200310168787836917e-02
9.045285560190677310e-02
9.972300507128238622e-02
8.937432608567177916e-02
5.788856924045830687e-02
6.303258631145582103e-02
6.226867265533655993e-02
7.543713351711631154e-02
7.067073688842356871e-02
7.246786226285621690e-02
6.364432845264672567e-02
7.525823196861892994e-02
6.686760808341205009e-02
4.260480733355507393e-02
4.226615005522035146e-02
6.090292775770649036e-02
5.526914059650153005e-02
5.361701685935258560e-02
5.194538194220513216e-02
5.405236513004638144e-02
6.076344308676197986e-02
5.370134914293885064e-02
4.244401960400864815e-02
3.396856619743630207e-02
4.159241257468238723e-02
3.962428641039877908e-02
4.025553219136782102e-02
4.773615841753781064e-02
5.327785419765859731e-02
5.336085691349581189e-02
5.393120482563972667e-02
3.458558370824903194e-02
3.462915488751604903e-02
4.354735844302922571e-02
3.610070341848767989e-02
4.863678448891732564e-02
3.955105951172299683e-02
4.597799682291224543e-02
4.722013371065258980e-02
3.937288672197609973e-02
2.638492581550963209e-02
2.745113467855844758e-02
3.756874191574752220e-02
3.963377597159706278e-02
3.873704966099467129e-02
3.779064893722534207e-02
4.310649585328064914e-02
3.747207182343118004e-02
4.009653294051531564e-02
