5.728102406859397755e-01
2.100501678138971262e-01
1.647632951289415282e-01
1.308360384404659293e-01
1.100665651634335496e-01
9.852620996534824926e-02
9.883938081562519684e-02
9.600913617759943008e-02
8.737252648919820175e-02
7.949914671480655393e-02
7.335741449147463455e-02
7.922847077250480541e-02
7.170992311090230997e-02
7.031449913978576882e-02
6.522435255348682515e-02
7.063741408288479184e-02
6.817597914487123767e-02
6.984529137611389382e-02
6.181881062686443024e-02
6.084352254867553961e-02
6.051231030374765174e-02
6.257700763642787267e-02
5.946392502635717420e-02
6.275438193231820672e-02
6.113498117774725238e-02
6.096294913440943042e-02
6.009110279381275205e-02
5.389601264148950743e-02
5.430109560489654319e-02
5.544642809778452253e-02
5.615061029791831859e-02
5.564321441575884736e-02
5.574644966050982392e-02
5.332422699779271885e-02
5.560532011091709470e-02
5.900468483567238021e-02
2.901514559984207375e-01
2.690367903560400009e-01
2.468961879611015209e-01
2.525701080262661158e-01
2.257280441746115640e-01
2.139704679697752021e-01
2.209996747970580933e-01
2.312037336081266270e-01
2.143628642335534129e-01
1.676700713112950214e-01
1.740194578468799713e-01
1.802897173725068469e-01
1.595847098529338814e-01
1.638848481327295215e-01
1.703628657013177838e-01
1.792212735116481825e-01
1.779496611282229412e-01
1.745897587016224939e-01
1.414417650364339363e-01
1.296751591563224670e-01
1.368955429643392563e-01
1.432202900573611160e-01
1.429780173301696822e-01
1.335490891151130122e-01
1.414522299729287502e-01
1.412527229823171970e-01
1.334803446009755201e-01
1.023820831067860093e-01
9.548962285742162992e-02
1.116008343547582604e-01
1.076483118906617215e-01
1.013620997220277820e-01
1.067553559597581581e-01
1.117818294279277341e-01
1.149243048205971784e-01
1.228018687851726992e-01
8.049252117052674294e-02
8.664107372984290734e-02
8.650467269122601166e-02
8.393157711252570430e-02
8.503885778598486989e-02
8.409464497119188697e-02
7.687865011859684738e-02
8.975377797149121373e-02
1.020847871899604742e-01
6.234996974701061817e-02
6.356601670384406932e-02
7.174153282307088597e-02
6.489934343844652731e-02
7.524406998418271819e-02
6.929681458044796571e-02
7.170086730271578446e-02
6.405993904452771115e-02
6.806313603185117078e-02
5.326683353167026985e-02
5.378512653289362760e-02
5.607483423780650067e-02
5.821910671889782285e-02
6.145914065651595509e-02
5.840936773922294351e-02
6.462452243082225656e-02
6.626272613415494506e-02
6.616336785722523595e-02
4.800225913524627797e-02
3.989229566883295552e-02
5.120478996075689820e-02
4.747103718342259721e-02
5.574679999612271869e-02
4.820992819499224369e-02
4.395562523044645870e-02
5.180370612535625807e-02
5.552073850645683484e-02
3.906482756836340137e-02
3.449073934112675821e-02
4.392552917415741554e-02
3.793563566636293932e-02
4.212495752377435482e-02
5.041429189848713882e-02
4.975789743941277238e-02
4.328580708708613944e-02
4.824083280283957692e-02
3.613677006447688078e-02
3.224206728395074412e-02
3.685741026885807486e-02
2.803203923394903541e-02
4.374779528705403236e-02
4.563049708609469290e-02
4.615250574192032024e-02
3.710710079991258459e-02
4.459296832268591637e-02
2.862116215634159799e-02
2.439411595754790996e-02
3.114415197807829730e-02
3.115660559094976523e-02
3.295309394423383970e-02
3.526276763412170001e-02
3.536906482186168155e-02
3.943569566705264207e-02
4.952592800953425217e-02
