7.489024996757507324e-01
7.405708432197570801e-01
7.327232956886291504e-01
7.230497002601623535e-01
7.146335244178771973e-01
7.029557824134826660e-01
6.924619078636169434e-01
6.809536218643188477e-01
6.694338321685791016e-01
6.555312871932983398e-01
6.398402452468872070e-01
6.246616840362548828e-01
6.046458482742309570e-01
5.889732241630554199e-01
5.615728497505187988e-01
5.430652499198913574e-01
5.199693441390991211e-01
4.955808520317077637e-01
4.682241678237915039e-01
4.492534399032592773e-01
4.306233823299407959e-01
3.996765613555908203e-01
3.993590176105499268e-01
3.736961185932159424e-01
3.780973851680755615e-01
3.559508025646209717e-01
3.552155792713165283e-01
3.491159081459045410e-01
3.477759361267089844e-01
3.687660694122314453e-01
3.461740612983703613e-01
3.200289905071258545e-01
3.306173086166381836e-01
3.089072406291961670e-01
3.065578043460845947e-01
2.979728877544403076e-01
2.851558327674865723e-01
2.917608618736267090e-01
2.828960418701171875e-01
2.962307333946228027e-01
2.845900952816009521e-01
2.728771269321441650e-01
2.735524773597717285e-01
2.668414413928985596e-01
2.657178044319152832e-01
2.617667913436889648e-01
2.559872269630432129e-01
2.573986351490020752e-01
2.536031007766723633e-01
2.634847760200500488e-01
2.510879635810852051e-01
2.394084036350250244e-01
2.460178881883621216e-01
2.462520748376846313e-01
2.330116629600524902e-01
2.367783039808273315e-01
2.320751398801803589e-01
2.285746037960052490e-01
2.340892553329467773e-01
2.268405258655548096e-01
2.298284918069839478e-01
2.267865240573883057e-01
2.201798260211944580e-01
2.211043536663055420e-01
2.137298285961151123e-01
2.146149724721908569e-01
2.154804617166519165e-01
2.178152948617935181e-01
2.143649160861968994e-01
2.091333270072937012e-01
2.092971056699752808e-01
2.056650817394256592e-01
2.102615833282470703e-01
2.099286615848541260e-01
2.084161937236785889e-01
2.002648115158081055e-01
2.002064287662506104e-01
1.958279013633728027e-01
2.016732543706893921e-01
1.962703615427017212e-01
1.939204335212707520e-01
1.921324878931045532e-01
1.902637630701065063e-01
1.994258761405944824e-01
1.910291761159896851e-01
1.913390755653381348e-01
1.923237442970275879e-01
1.835347712039947510e-01
1.865508258342742920e-01
1.868270337581634521e-01
1.826580613851547241e-01
1.838804930448532104e-01
1.826411038637161255e-01
1.791178286075592041e-01
1.747781634330749512e-01
1.788328289985656738e-01
1.790606528520584106e-01
1.772361397743225098e-01
1.755991429090499878e-01
1.789467930793762207e-01
1.792471706867218018e-01
1.701569557189941406e-01
1.741915047168731689e-01
1.713086962699890137e-01
1.690472960472106934e-01
1.701616495847702026e-01
1.675791740417480469e-01
1.687333285808563232e-01
1.652932018041610718e-01
1.643581837415695190e-01
1.671458482742309570e-01
1.636506319046020508e-01
1.650444716215133667e-01
1.630348265171051025e-01
1.688002794981002808e-01
1.606676429510116577e-01
1.616690158843994141e-01
1.575281322002410889e-01
1.592312455177307129e-01
1.550161391496658325e-01
1.582646965980529785e-01
1.567318886518478394e-01
1.547468304634094238e-01
1.579490154981613159e-01
1.551141738891601562e-01
1.530857831239700317e-01
1.537375152111053467e-01
1.514379382133483887e-01
1.513949334621429443e-01
1.519715487957000732e-01
1.486514210700988770e-01
1.477116048336029053e-01
1.489986628293991089e-01
1.490681916475296021e-01
1.476434916257858276e-01
1.437058597803115845e-01
1.455868929624557495e-01
1.458432674407958984e-01
1.440083086490631104e-01
1.435015201568603516e-01
1.426517665386199951e-01
1.413407474756240845e-01
1.404582709074020386e-01
1.414191722869873047e-01
1.423717141151428223e-01
1.405383199453353882e-01
1.386828869581222534e-01
1.409750878810882568e-01
1.359417587518692017e-01
1.368191540241241455e-01
1.369019895792007446e-01
1.353492587804794312e-01
1.361854970455169678e-01
1.353729367256164551e-01
1.334362179040908813e-01
1.323711872100830078e-01
1.354533433914184570e-01
1.387394368648529053e-01
1.344687044620513916e-01
1.311956942081451416e-01
1.314780563116073608e-01
1.323838829994201660e-01
1.287051439285278320e-01
1.318911015987396240e-01
1.305125951766967773e-01
1.316275745630264282e-01
1.304398477077484131e-01
1.290432512760162354e-01
1.298722028732299805e-01
1.280217617750167847e-01
1.286620497703552246e-01
1.262010484933853149e-01
1.283483803272247314e-01
1.263228207826614380e-01
1.240112558007240295e-01
1.231314837932586670e-01
1.240880191326141357e-01
1.211283951997756958e-01
1.227407157421112061e-01
1.232071071863174438e-01
1.217689812183380127e-01
1.214857101440429688e-01
1.204893216490745544e-01
1.203954070806503296e-01
1.203789263963699341e-01
1.204923614859580994e-01
1.180078089237213135e-01
1.186182573437690735e-01
1.162273287773132324e-01
1.182030737400054932e-01
1.171474456787109375e-01
1.178167387843132019e-01
1.160903424024581909e-01
1.154275089502334595e-01
1.171351745724678040e-01
1.154545843601226807e-01
1.142411455512046814e-01
1.153159439563751221e-01
1.129434257745742798e-01
1.140158921480178833e-01
3.452204465866088867e-01
3.440819978713989258e-01
3.409000039100646973e-01
3.412749469280242920e-01
3.428051769733428955e-01
3.397764265537261963e-01
3.390340209007263184e-01
3.388160169124603271e-01
3.385145664215087891e-01
3.409410119056701660e-01
3.353077173233032227e-01
3.364280760288238525e-01
3.343390226364135742e-01
3.351674675941467285e-01
3.370820879936218262e-01
3.359850943088531494e-01
3.343191742897033691e-01
3.345896303653717041e-01
3.345895111560821533e-01
3.301701843738555908e-01
3.332431912422180176e-01
3.283337652683258057e-01
3.290453255176544189e-01
3.309040963649749756e-01
3.266819119453430176e-01
3.265366554260253906e-01
3.278763592243194580e-01
3.269078433513641357e-01
3.275736272335052490e-01
3.267515301704406738e-01
3.257769644260406494e-01
3.273253440856933594e-01
3.221524953842163086e-01
3.257262110710144043e-01
3.229278326034545898e-01
3.247985541820526123e-01
3.200331032276153564e-01
3.220971822738647461e-01
3.220157921314239502e-01
3.199217915534973145e-01
3.154425323009490967e-01
3.174715340137481689e-01
3.198158144950866699e-01
3.190992176532745361e-01
3.174693882465362549e-01
3.161509335041046143e-01
3.185520470142364502e-01
3.157508373260498047e-01
3.165687024593353271e-01
3.169116079807281494e-01
3.168974816799163818e-01
3.155832588672637939e-01
3.121054172515869141e-01
3.125565946102142334e-01
3.137433528900146484e-01
3.141005039215087891e-01
3.115089535713195801e-01
3.121891617774963379e-01
3.126921653747558594e-01
3.080937564373016357e-01
3.076412677764892578e-01
3.086048662662506104e-01
3.115062713623046875e-01
3.096445798873901367e-01
3.087287247180938721e-01
3.060966730117797852e-01
3.048805594444274902e-01
3.095408380031585693e-01
3.102484941482543945e-01
3.073140084743499756e-01
3.076728880405426025e-01
3.049512505531311035e-01
3.047674596309661865e-01
3.062432706356048584e-01
3.033321797847747803e-01
3.033470809459686279e-01
3.002091050148010254e-01
3.006778061389923096e-01
3.058341145515441895e-01
3.054906427860260010e-01
3.057905137538909912e-01
3.034411370754241943e-01
3.014137148857116699e-01
3.017334342002868652e-01
3.005445003509521484e-01
2.957392632961273193e-01
3.019335269927978516e-01
3.023814558982849121e-01
3.000655770301818848e-01
2.953968346118927002e-01
2.983444035053253174e-01
2.962967753410339355e-01
2.982646226882934570e-01
2.981219887733459473e-01
2.982061803340911865e-01
2.949172258377075195e-01
2.933453023433685303e-01
2.970528900623321533e-01
2.929283678531646729e-01
2.966568171977996826e-01
2.952195405960083008e-01
2.978400290012359619e-01
2.919883430004119873e-01
2.949860990047454834e-01
2.925124764442443848e-01
2.982082664966583252e-01
2.963498532772064209e-01
2.951458394527435303e-01
2.939319908618927002e-01
2.936230897903442383e-01
2.903145849704742432e-01
2.898337244987487793e-01
2.917720973491668701e-01
2.885469794273376465e-01
2.899689078330993652e-01
2.920335531234741211e-01
2.867271900177001953e-01
2.868979871273040771e-01
2.884950339794158936e-01
2.882557809352874756e-01
2.879585623741149902e-01
2.849433720111846924e-01
2.869529426097869873e-01
2.885465621948242188e-01
2.879918515682220459e-01
2.852700352668762207e-01
2.878539264202117920e-01
2.845547497272491455e-01
2.851152122020721436e-01
2.831664681434631348e-01
2.864852249622344971e-01
2.833719849586486816e-01
2.846751809120178223e-01
2.832811176776885986e-01
2.819360494613647461e-01
2.840358018875122070e-01
2.855143249034881592e-01
2.835682630538940430e-01
2.819519639015197754e-01
2.863070964813232422e-01
2.790766954421997070e-01
2.821908891201019287e-01
2.783712148666381836e-01
2.805713415145874023e-01
2.821834385395050049e-01
2.800847291946411133e-01
2.824042737483978271e-01
2.804304659366607666e-01
2.796087265014648438e-01
2.804777026176452637e-01
2.772896885871887207e-01
2.800732851028442383e-01
2.809055149555206299e-01
2.779071331024169922e-01
2.751845717430114746e-01
2.750163674354553223e-01
2.783857882022857666e-01
2.752085924148559570e-01
2.782301008701324463e-01
2.768291532993316650e-01
2.700845897197723389e-01
2.733439803123474121e-01
2.732020318508148193e-01
2.717531323432922363e-01
2.762780189514160156e-01
2.741369903087615967e-01
2.741294801235198975e-01
2.740243971347808838e-01
2.750105559825897217e-01
2.744971513748168945e-01
2.713620364665985107e-01
2.738022208213806152e-01
2.726416885852813721e-01
2.737410068511962891e-01
2.686253190040588379e-01
2.696183025836944580e-01
2.699160277843475342e-01
2.730588018894195557e-01
2.709121704101562500e-01
2.710639238357543945e-01
2.686707079410552979e-01
2.720878422260284424e-01
2.682229280471801758e-01
2.688557207584381104e-01
2.677167654037475586e-01
2.684172391891479492e-01
2.705935239791870117e-01
2.700631916522979736e-01
2.699930667877197266e-01
2.656556367874145508e-01
2.676168382167816162e-01
2.714398503303527832e-01
2.674776017665863037e-01
2.696499526500701904e-01
2.708871066570281982e-01
2.671727240085601807e-01
2.643728852272033691e-01
2.643411755561828613e-01
2.673012912273406982e-01
2.685934305191040039e-01
2.652653455734252930e-01
2.640594542026519775e-01
2.645700871944427490e-01
2.679498791694641113e-01
2.663471996784210205e-01
2.666068375110626221e-01
2.670059204101562500e-01
2.622416317462921143e-01
2.623967528343200684e-01
2.643254697322845459e-01
2.652509808540344238e-01
2.620710730552673340e-01
2.669775784015655518e-01
2.661627233028411865e-01
2.628139853477478027e-01
2.631549835205078125e-01
2.643589377403259277e-01
2.633122503757476807e-01
2.619189918041229248e-01
2.630012929439544678e-01
2.641942501068115234e-01
2.624533772468566895e-01
2.620961666107177734e-01
2.619085013866424561e-01
2.672577500343322754e-01
2.590607702732086182e-01
2.626701295375823975e-01
2.606170773506164551e-01
2.577769458293914795e-01
2.657007873058319092e-01
2.607644796371459961e-01
2.581834495067596436e-01
2.618339657783508301e-01
2.588513493537902832e-01
2.629008591175079346e-01
2.573511600494384766e-01
2.580831348896026611e-01
2.550231814384460449e-01
2.577911317348480225e-01
2.569709122180938721e-01
2.575378119945526123e-01
2.586633861064910889e-01
2.552923560142517090e-01
2.551912367343902588e-01
2.618044912815093994e-01
2.607260346412658691e-01
2.571378946304321289e-01
2.605547308921813965e-01
2.544274628162384033e-01
2.568645775318145752e-01
2.533434033393859863e-01
2.557246387004852295e-01
2.545766830444335938e-01
2.571159005165100098e-01
2.534173130989074707e-01
2.548321783542633057e-01
2.537062764167785645e-01
2.552638053894042969e-01
2.556439042091369629e-01
2.541398406028747559e-01
2.552113533020019531e-01
2.558581829071044922e-01
2.571574151515960693e-01
2.562934458255767822e-01
2.537576258182525635e-01
2.538893222808837891e-01
2.541085183620452881e-01
2.525709867477416992e-01
2.542642354965209961e-01
2.541112899780273438e-01
2.521533966064453125e-01
2.549163401126861572e-01
2.511340081691741943e-01
2.538521289825439453e-01
2.529282271862030029e-01
2.505724430084228516e-01
2.530156672000885010e-01
2.511107623577117920e-01
2.527597546577453613e-01
2.518083155155181885e-01
2.503499984741210938e-01
2.485866695642471313e-01
2.528473436832427979e-01
2.535127103328704834e-01
2.503143548965454102e-01
2.505451440811157227e-01
2.518090605735778809e-01
2.512432336807250977e-01
2.501522600650787354e-01
2.502642571926116943e-01
2.490915060043334961e-01
2.455810755491256714e-01
2.502602338790893555e-01
2.501641809940338135e-01
2.485934942960739136e-01
2.478818595409393311e-01
2.491400390863418579e-01
2.491483986377716064e-01
2.491218447685241699e-01
2.500749230384826660e-01
2.481870651245117188e-01
2.468876540660858154e-01
2.470292001962661743e-01
2.485270202159881592e-01
2.471127510070800781e-01
2.483549416065216064e-01
2.462565153837203979e-01
2.501650750637054443e-01
2.434564232826232910e-01
2.469110488891601562e-01
2.439604997634887695e-01
2.474297732114791870e-01
2.487163096666336060e-01
2.490826994180679321e-01
2.463602125644683838e-01
2.442419826984405518e-01
2.445977032184600830e-01
2.485053539276123047e-01
2.469787597656250000e-01
2.444576174020767212e-01
2.472675740718841553e-01
2.469608336687088013e-01
2.460745871067047119e-01
2.466412037611007690e-01
2.426643818616867065e-01
2.469120323657989502e-01
2.430896908044815063e-01
2.452279776334762573e-01
2.432141602039337158e-01
2.418971359729766846e-01
2.446160018444061279e-01
2.436921745538711548e-01
2.445296943187713623e-01
2.468245327472686768e-01
2.461242526769638062e-01
2.462793439626693726e-01
2.453860938549041748e-01
2.421229183673858643e-01
2.452607899904251099e-01
2.447417229413986206e-01
2.446914315223693848e-01
2.440143823623657227e-01
2.430242151021957397e-01
2.420185357332229614e-01
2.437229603528976440e-01
2.387959510087966919e-01
2.414190173149108887e-01
2.455306947231292725e-01
2.435475438833236694e-01
2.444487810134887695e-01
2.413069754838943481e-01
2.437619268894195557e-01
2.443354725837707520e-01
2.440603971481323242e-01
2.429312765598297119e-01
2.409027516841888428e-01
2.414441406726837158e-01
2.397166043519973755e-01
2.394545674324035645e-01
2.412392199039459229e-01
2.428080439567565918e-01
2.414926290512084961e-01
2.412194907665252686e-01
2.381834834814071655e-01
2.374589592218399048e-01
2.426318973302841187e-01
2.392786592245101929e-01
2.408806383609771729e-01
2.416195869445800781e-01
2.388229072093963623e-01
2.385181933641433716e-01
2.396209239959716797e-01
2.400611042976379395e-01
2.373230755329132080e-01
2.396861165761947632e-01
2.393778413534164429e-01
2.378174215555191040e-01
2.381926774978637695e-01
2.387491911649703979e-01
2.378591150045394897e-01
2.392889112234115601e-01
2.381401956081390381e-01
2.365113645792007446e-01
2.372469604015350342e-01
2.370045036077499390e-01
2.365850657224655151e-01
2.384753823280334473e-01
2.346735149621963501e-01
2.358382195234298706e-01
2.385354489088058472e-01
2.364818006753921509e-01
2.353305965662002563e-01
2.362185120582580566e-01
2.352691441774368286e-01
2.388389110565185547e-01
2.374469488859176636e-01
2.375247329473495483e-01
2.378875166177749634e-01
2.349739372730255127e-01
2.368109971284866333e-01
2.393532991409301758e-01
2.354972362518310547e-01
2.363229840993881226e-01
2.360185384750366211e-01
2.391092479228973389e-01
2.359274029731750488e-01
2.349684983491897583e-01
2.333485186100006104e-01
2.365987300872802734e-01
2.348959892988204956e-01
2.353220731019973755e-01
2.323982715606689453e-01
2.352412194013595581e-01
2.342219799757003784e-01
2.354322224855422974e-01
2.357130646705627441e-01
2.351272404193878174e-01
2.325920462608337402e-01
2.369513362646102905e-01
2.345480173826217651e-01
2.324160486459732056e-01
2.352686375379562378e-01
2.347831428050994873e-01
2.332368791103363037e-01
2.334838509559631348e-01
2.337646186351776123e-01
2.316164821386337280e-01
2.342527359724044800e-01
2.337152212858200073e-01
2.345771342515945435e-01
2.330396473407745361e-01
2.338907867670059204e-01
2.321550250053405762e-01
2.349321842193603516e-01
2.301726192235946655e-01
2.330446690320968628e-01
2.352277040481567383e-01
2.324378788471221924e-01
2.318550199270248413e-01
2.324906438589096069e-01
2.305232882499694824e-01
2.357831597328186035e-01
2.317802608013153076e-01
2.304844856262207031e-01
2.304294556379318237e-01
2.321384847164154053e-01
2.322956621646881104e-01
2.313934713602066040e-01
2.345059365034103394e-01
2.318772822618484497e-01
2.318962812423706055e-01
2.274107187986373901e-01
2.310602962970733643e-01
2.297057807445526123e-01
2.321051508188247681e-01
2.308865040540695190e-01
2.310673594474792480e-01
2.323356717824935913e-01
2.280654162168502808e-01
2.318532466888427734e-01
2.305536866188049316e-01
2.290662378072738647e-01
2.286245375871658325e-01
2.297213822603225708e-01
2.294282764196395874e-01
2.293679863214492798e-01
2.289322316646575928e-01
2.299632579088211060e-01
2.291124314069747925e-01
2.313641458749771118e-01
2.290866225957870483e-01
2.275045216083526611e-01
2.299853414297103882e-01
2.301769107580184937e-01
2.306197434663772583e-01
2.284047901630401611e-01
2.292647361755371094e-01
2.261808365583419800e-01
2.279783338308334351e-01
2.290144562721252441e-01
2.297983020544052124e-01
2.332252115011215210e-01
2.287920266389846802e-01
2.298781573772430420e-01
2.267546951770782471e-01
2.288485318422317505e-01
2.286932766437530518e-01
2.270897775888442993e-01
2.287136167287826538e-01
2.281335890293121338e-01
2.279192954301834106e-01
2.274721115827560425e-01
2.262288182973861694e-01
2.276083230972290039e-01
2.251959145069122314e-01
2.256211787462234497e-01
2.273614704608917236e-01
2.295377254486083984e-01
2.314681410789489746e-01
2.291095703840255737e-01
2.257494330406188965e-01
2.276250272989273071e-01
2.277721464633941650e-01
2.254149615764617920e-01
2.274858057498931885e-01
2.244190722703933716e-01
2.293128967285156250e-01
2.272268980741500854e-01
2.248811274766921997e-01
2.259241044521331787e-01
2.261382788419723511e-01
2.286392599344253540e-01
2.224990576505661011e-01
2.279482632875442505e-01
2.285970896482467651e-01
2.285079956054687500e-01
2.261613011360168457e-01
2.278681695461273193e-01
2.270620167255401611e-01
2.265065163373947144e-01
2.234592884778976440e-01
2.254174351692199707e-01
2.256561666727066040e-01
2.247212678194046021e-01
2.266917377710342407e-01
2.262067794799804688e-01
2.265609353780746460e-01
2.252018004655838013e-01
2.268347591161727905e-01
2.244685888290405273e-01
2.244922071695327759e-01
2.226313054561614990e-01
2.218912690877914429e-01
2.224538475275039673e-01
2.247280776500701904e-01
2.222177386283874512e-01
2.228526026010513306e-01
2.257189750671386719e-01
2.225016802549362183e-01
2.258829772472381592e-01
2.235706299543380737e-01
2.249727100133895874e-01
2.240418195724487305e-01
2.240627557039260864e-01
2.243565469980239868e-01
2.206560373306274414e-01
2.242404967546463013e-01
2.205904275178909302e-01
2.255630642175674438e-01
2.239933311939239502e-01
2.251203358173370361e-01
2.243335098028182983e-01
2.227457314729690552e-01
2.218515425920486450e-01
2.248740047216415405e-01
2.218996733427047729e-01
2.251337170600891113e-01
2.214712947607040405e-01
2.206605374813079834e-01
2.239510267972946167e-01
2.221281081438064575e-01
2.237137705087661743e-01
2.206613570451736450e-01
2.197013050317764282e-01
2.236682325601577759e-01
2.235140204429626465e-01
2.210675030946731567e-01
2.235465347766876221e-01
2.218789607286453247e-01
2.246383279561996460e-01
2.202687263488769531e-01
2.211623787879943848e-01
2.226522713899612427e-01
2.249226272106170654e-01
2.228442579507827759e-01
2.250199764966964722e-01
2.209346145391464233e-01
2.231855094432830811e-01
2.201761901378631592e-01
2.218135595321655273e-01
2.204945236444473267e-01
2.238996624946594238e-01
2.213047146797180176e-01
2.201280295848846436e-01
2.195882797241210938e-01
2.190584391355514526e-01
2.214626073837280273e-01
2.172900587320327759e-01
2.199518680572509766e-01
2.202459573745727539e-01
2.210515588521957397e-01
2.208425849676132202e-01
2.203731983900070190e-01
2.232199013233184814e-01
2.200072854757308960e-01
2.195784896612167358e-01
2.199958711862564087e-01
2.190753966569900513e-01
2.199889272451400757e-01
2.181099802255630493e-01
2.189663797616958618e-01
2.205001413822174072e-01
2.226873636245727539e-01
2.217690497636795044e-01
2.212176024913787842e-01
2.177451103925704956e-01
2.199762612581253052e-01
2.191252112388610840e-01
2.197712808847427368e-01
2.175762802362442017e-01
2.164251059293746948e-01
2.202056199312210083e-01
2.223906517028808594e-01
2.171294093132019043e-01
2.202418744564056396e-01
2.195773720741271973e-01
2.195604592561721802e-01
2.183993607759475708e-01
2.190547883510589600e-01
2.205949872732162476e-01
2.198545485734939575e-01
2.183324843645095825e-01
2.175309062004089355e-01
2.217977046966552734e-01
2.179473340511322021e-01
2.171772867441177368e-01
2.187950909137725830e-01
2.166455239057540894e-01
2.177866995334625244e-01
2.191277295351028442e-01
2.183769494295120239e-01
2.184346169233322144e-01
2.187769263982772827e-01
2.157940119504928589e-01
2.189558297395706177e-01
2.179446518421173096e-01
2.193640023469924927e-01
2.177313268184661865e-01
2.172223925590515137e-01
2.174480408430099487e-01
2.204761356115341187e-01
2.181413173675537109e-01
2.175873517990112305e-01
2.147091478109359741e-01
2.186550199985504150e-01
2.146429866552352905e-01
2.176474034786224365e-01
2.203267067670822144e-01
2.166837900876998901e-01
2.169361412525177002e-01
2.197414785623550415e-01
2.195999920368194580e-01
2.162035554647445679e-01
2.167620956897735596e-01
2.165587395429611206e-01
2.175453305244445801e-01
2.175377607345581055e-01
2.185388505458831787e-01
2.160134762525558472e-01
2.160119265317916870e-01
2.189865559339523315e-01
2.170392125844955444e-01
2.143911123275756836e-01
2.155257165431976318e-01
2.157810479402542114e-01
2.158115059137344360e-01
2.165410816669464111e-01
2.181290090084075928e-01
2.169073820114135742e-01
2.175455540418624878e-01
2.168384790420532227e-01
2.142654657363891602e-01
2.154500782489776611e-01
2.168671935796737671e-01
2.173436433076858521e-01
2.186990529298782349e-01
2.127246707677841187e-01
2.163111418485641479e-01
2.147924751043319702e-01
2.194832116365432739e-01
2.162803709506988525e-01
2.144228518009185791e-01
2.154721766710281372e-01
2.153772115707397461e-01
2.172820866107940674e-01
2.147741019725799561e-01
2.133238911628723145e-01
2.119042426347732544e-01
2.178692966699600220e-01
2.170020937919616699e-01
2.148197591304779053e-01
2.151883989572525024e-01
2.163780927658081055e-01
2.126304656267166138e-01
2.143001705408096313e-01
2.110411971807479858e-01
2.141441553831100464e-01
2.178983092308044434e-01
2.100979685783386230e-01
2.155373692512512207e-01
2.135067880153656006e-01
2.163574397563934326e-01
2.137528657913208008e-01
2.143591344356536865e-01
2.147349268198013306e-01
2.190084457397460938e-01
2.137785255908966064e-01
2.125283926725387573e-01
2.127443701028823853e-01
2.127626538276672363e-01
2.110774666070938110e-01
2.167016267776489258e-01
2.140450626611709595e-01
2.148979604244232178e-01
2.108049243688583374e-01
2.157944589853286743e-01
2.123879045248031616e-01
2.136284112930297852e-01
2.124084830284118652e-01
2.123854607343673706e-01
2.126979082822799683e-01
2.120306640863418579e-01
2.155518382787704468e-01
2.149060517549514771e-01
2.146954238414764404e-01
2.141919732093811035e-01
2.146508842706680298e-01
2.116700112819671631e-01
2.136795669794082642e-01
2.149714827537536621e-01
2.130571454763412476e-01
2.136545628309249878e-01
2.116502374410629272e-01
2.156108319759368896e-01
2.133864313364028931e-01
2.151581496000289917e-01
2.106068432331085205e-01
2.141049057245254517e-01
2.134951353073120117e-01
2.119296491146087646e-01
2.127222567796707153e-01
2.124886363744735718e-01
2.132178544998168945e-01
2.127057462930679321e-01
2.120885848999023438e-01
2.124383300542831421e-01
2.122515588998794556e-01
2.127175778150558472e-01
2.153460383415222168e-01
2.140655070543289185e-01
2.134491503238677979e-01
2.125588655471801758e-01
2.120795845985412598e-01
2.107336670160293579e-01
2.126933634281158447e-01
2.122001796960830688e-01
2.129918783903121948e-01
2.114806324243545532e-01
2.119317203760147095e-01
2.109346389770507812e-01
2.090290486812591553e-01
2.127781063318252563e-01
2.084295004606246948e-01
2.119913995265960693e-01
2.096998691558837891e-01
2.106494903564453125e-01
2.126836180686950684e-01
2.121266424655914307e-01
2.106367051601409912e-01
2.139956504106521606e-01
2.109732329845428467e-01
2.112044095993041992e-01
2.129900157451629639e-01
2.119102030992507935e-01
2.102719992399215698e-01
2.097673267126083374e-01
2.103033214807510376e-01
2.111071497201919556e-01
2.111430168151855469e-01
2.091136872768402100e-01
2.097748219966888428e-01
2.099433094263076782e-01
2.090590596199035645e-01
2.115800231695175171e-01
2.119542658329010010e-01
2.109667509794235229e-01
2.113274633884429932e-01
2.100395709276199341e-01
2.095127254724502563e-01
2.098925709724426270e-01
2.085663378238677979e-01
2.121449559926986694e-01
2.106867432594299316e-01
2.073819339275360107e-01
2.122100889682769775e-01
2.106575518846511841e-01
2.099671959877014160e-01
2.103574424982070923e-01
2.110418677330017090e-01
2.116780281066894531e-01
2.088064998388290405e-01
2.098763436079025269e-01
2.104814946651458740e-01
2.116244435310363770e-01
2.112391442060470581e-01
2.104492187500000000e-01
2.110484689474105835e-01
2.087718248367309570e-01
2.093577533960342407e-01
2.099616378545761108e-01
2.105206102132797241e-01
2.094571441411972046e-01
2.107552438974380493e-01
2.093971222639083862e-01
2.069989293813705444e-01
2.073353528976440430e-01
2.108420431613922119e-01
2.066379487514495850e-01
2.074908465147018433e-01
2.093086242675781250e-01
2.082389146089553833e-01
2.084887623786926270e-01
2.085759043693542480e-01
2.075574696063995361e-01
2.074580192565917969e-01
2.076046466827392578e-01
2.084783911705017090e-01
2.081449627876281738e-01
2.090828418731689453e-01
2.105714529752731323e-01
2.077943682670593262e-01
2.065400630235671997e-01
2.096685022115707397e-01
2.110659033060073853e-01
2.102509737014770508e-01
2.053846865892410278e-01
2.078172862529754639e-01
2.070703506469726562e-01
2.114003449678421021e-01
2.090815603733062744e-01
2.061920166015625000e-01
2.090054154396057129e-01
2.087374776601791382e-01
2.065866887569427490e-01
2.094628065824508667e-01
2.066758573055267334e-01
2.093035280704498291e-01
2.058452963829040527e-01
2.061232030391693115e-01
2.104440927505493164e-01
2.080167979001998901e-01
2.085663080215454102e-01
2.090098559856414795e-01
2.068771868944168091e-01
2.088360190391540527e-01
2.079466134309768677e-01
2.071039974689483643e-01
2.062323242425918579e-01
2.051197290420532227e-01
2.089906334877014160e-01
2.070597857236862183e-01
2.097604721784591675e-01
2.067772895097732544e-01
2.050560712814331055e-01
2.088884264230728149e-01
2.075621485710144043e-01
2.074948549270629883e-01
2.080661058425903320e-01
2.083350419998168945e-01
2.078073471784591675e-01
2.084640860557556152e-01
2.083850502967834473e-01
2.104472666978836060e-01
2.070168703794479370e-01
2.056012600660324097e-01
2.086017280817031860e-01
2.070079743862152100e-01
2.064659744501113892e-01
2.056160271167755127e-01
2.069777846336364746e-01
2.067503184080123901e-01
2.044875770807266235e-01
2.074627578258514404e-01
2.055661976337432861e-01
2.079718410968780518e-01
2.054193019866943359e-01
2.068696320056915283e-01
2.060303241014480591e-01
2.051587700843811035e-01
2.037463188171386719e-01
2.065258473157882690e-01
2.047895342111587524e-01
2.087092697620391846e-01
2.057727277278900146e-01
2.062853425741195679e-01
2.079389542341232300e-01
2.062888592481613159e-01
2.061638385057449341e-01
2.054319679737091064e-01
2.075320035219192505e-01
2.051641196012496948e-01
2.046446353197097778e-01
2.070763260126113892e-01
2.059682458639144897e-01
2.069658488035202026e-01
2.035773992538452148e-01
2.069566547870635986e-01
2.063231021165847778e-01
2.056547105312347412e-01
2.037826925516128540e-01
2.033262550830841064e-01
2.041417509317398071e-01
2.072529792785644531e-01
2.043528556823730469e-01
2.056709825992584229e-01
2.038782387971878052e-01
2.059369236230850220e-01
2.037824243307113647e-01
2.065328508615493774e-01
2.057386040687561035e-01
2.060127258300781250e-01
2.066457420587539673e-01
2.053613215684890747e-01
2.041691839694976807e-01
2.021511644124984741e-01
2.058844417333602905e-01
2.043561339378356934e-01
2.042197734117507935e-01
2.054639756679534912e-01
2.056136727333068848e-01
2.038887739181518555e-01
2.054803222417831421e-01
2.057881355285644531e-01
2.026993483304977417e-01
1.999084800481796265e-01
2.028196454048156738e-01
2.035391777753829956e-01
2.036974728107452393e-01
2.044598162174224854e-01
2.063492983579635620e-01
2.053057551383972168e-01
2.039348334074020386e-01
2.032056450843811035e-01
2.051228880882263184e-01
2.048870921134948730e-01
2.053333222866058350e-01
2.016919702291488647e-01
2.030164450407028198e-01
2.039223611354827881e-01
2.052864283323287964e-01
2.037018984556198120e-01
2.042747586965560913e-01
2.041637152433395386e-01
2.056904584169387817e-01
2.006876170635223389e-01
2.065073698759078979e-01
2.029729336500167847e-01
2.050000280141830444e-01
2.017210125923156738e-01
2.051810920238494873e-01
2.012035995721817017e-01
2.012684643268585205e-01
2.002318352460861206e-01
2.060515582561492920e-01
2.032417505979537964e-01
2.091043889522552490e-01
2.026545703411102295e-01
2.011317461729049683e-01
2.029925584793090820e-01
2.049712538719177246e-01
2.036882191896438599e-01
2.037114053964614868e-01
2.028685808181762695e-01
2.063465714454650879e-01
2.004409879446029663e-01
2.023322880268096924e-01
2.007191628217697144e-01
2.028798013925552368e-01
2.002046704292297363e-01
2.060202062129974365e-01
2.034559547901153564e-01
2.016356736421585083e-01
2.012696862220764160e-01
2.024487107992172241e-01
2.038554102182388306e-01
2.028504312038421631e-01
2.026881128549575806e-01
2.011755406856536865e-01
2.056281119585037231e-01
2.023295015096664429e-01
2.003159075975418091e-01
2.046440839767456055e-01
2.025671750307083130e-01
2.022991031408309937e-01
2.016229331493377686e-01
2.004270702600479126e-01
2.037412673234939575e-01
2.011819779872894287e-01
2.018221616744995117e-01
2.029424309730529785e-01
2.019130587577819824e-01
2.003936022520065308e-01
2.015214562416076660e-01
2.015602886676788330e-01
2.018433958292007446e-01
2.004850506782531738e-01
2.006869018077850342e-01
2.021891325712203979e-01
2.014136761426925659e-01
1.996347308158874512e-01
2.038625031709671021e-01
2.023856639862060547e-01
2.001696676015853882e-01
1.997260004281997681e-01
2.010795772075653076e-01
2.015203386545181274e-01
2.022856324911117554e-01
1.978481113910675049e-01
1.999222785234451294e-01
2.013442218303680420e-01
2.017837315797805786e-01
2.018936872482299805e-01
2.015805840492248535e-01
2.017099708318710327e-01
2.016085535287857056e-01
2.019594758749008179e-01
2.018870413303375244e-01
1.977711170911788940e-01
1.979339718818664551e-01
1.989651173353195190e-01
2.006601989269256592e-01
2.016478478908538818e-01
2.008345872163772583e-01
2.026053965091705322e-01
2.016917914152145386e-01
2.008447498083114624e-01
2.015902251005172729e-01
2.004095017910003662e-01
2.016796022653579712e-01
2.010686397552490234e-01
1.980004161596298218e-01
1.987348049879074097e-01
2.004557996988296509e-01
2.017813920974731445e-01
2.032033652067184448e-01
2.002348154783248901e-01
2.004133462905883789e-01
2.013894617557525635e-01
2.003980278968811035e-01
2.008643895387649536e-01
2.005829811096191406e-01
1.998877227306365967e-01
1.991242468357086182e-01
2.021634280681610107e-01
2.034058272838592529e-01
2.014201283454895020e-01
1.996269524097442627e-01
2.013482302427291870e-01
1.988799124956130981e-01
2.001755833625793457e-01
2.006395757198333740e-01
2.022842615842819214e-01
2.009963095188140869e-01
1.955190598964691162e-01
2.013646811246871948e-01
2.023605853319168091e-01
1.993055343627929688e-01
1.967755109071731567e-01
1.996323615312576294e-01
1.984789967536926270e-01
1.985549628734588623e-01
2.005949020385742188e-01
1.986953467130661011e-01
1.989091932773590088e-01
2.010430991649627686e-01
1.973932832479476929e-01
1.999511420726776123e-01
2.005467414855957031e-01
1.980588138103485107e-01
1.976609528064727783e-01
2.003295123577117920e-01
2.009854614734649658e-01
2.008083611726760864e-01
1.992821693420410156e-01
1.982178986072540283e-01
2.002609670162200928e-01
2.006121426820755005e-01
1.984853148460388184e-01
1.998125761747360229e-01
1.989365965127944946e-01
1.987903863191604614e-01
2.001652121543884277e-01
1.972303539514541626e-01
1.982928663492202759e-01
1.980067044496536255e-01
1.974701434373855591e-01
1.992542594671249390e-01
1.956592798233032227e-01
2.024624645709991455e-01
1.953564435243606567e-01
1.980196088552474976e-01
1.969660222530364990e-01
1.979673802852630615e-01
1.992979198694229126e-01
1.999458968639373779e-01
1.988310068845748901e-01
1.977454721927642822e-01
1.988544762134552002e-01
1.994852721691131592e-01
1.975831389427185059e-01
2.001893967390060425e-01
1.987826079130172729e-01
1.976843178272247314e-01
1.974553018808364868e-01
1.970291882753372192e-01
1.981305181980133057e-01
1.951492726802825928e-01
1.977613717317581177e-01
1.999323368072509766e-01
1.974594295024871826e-01
1.983512789011001587e-01
1.976855099201202393e-01
1.990614831447601318e-01
1.977511495351791382e-01
1.970331072807312012e-01
1.979905813932418823e-01
1.987603008747100830e-01
1.980243176221847534e-01
1.973224580287933350e-01
1.979589760303497314e-01
1.975045651197433472e-01
1.940007507801055908e-01
1.961195915937423706e-01
1.982722580432891846e-01
1.961198300123214722e-01
1.991970390081405640e-01
1.942970454692840576e-01
1.991582214832305908e-01
1.992443948984146118e-01
2.001092582941055298e-01
1.973218619823455811e-01
1.957089900970458984e-01
1.989161372184753418e-01
1.959019154310226440e-01
1.963580846786499023e-01
1.960247904062271118e-01
1.959475427865982056e-01
1.967042982578277588e-01
1.986030489206314087e-01
1.959054619073867798e-01
1.971737742424011230e-01
1.993797719478607178e-01
1.958612352609634399e-01
1.964147090911865234e-01
1.975543648004531860e-01
2.001277208328247070e-01
1.940603703260421753e-01
1.987475007772445679e-01
1.970154643058776855e-01
1.960864067077636719e-01
1.967664510011672974e-01
1.970575600862503052e-01
1.936653852462768555e-01
1.954487115144729614e-01
1.966317594051361084e-01
1.976919174194335938e-01
1.977752745151519775e-01
1.961589306592941284e-01
1.963228285312652588e-01
1.965252459049224854e-01
1.973097473382949829e-01
1.998962610960006714e-01
1.965918987989425659e-01
1.967807114124298096e-01
1.988400518894195557e-01
1.969769448041915894e-01
1.982209682464599609e-01
1.959985196590423584e-01
1.968357563018798828e-01
1.962551623582839966e-01
1.959979236125946045e-01
1.964621990919113159e-01
1.963598281145095825e-01
1.953712552785873413e-01
1.971385329961776733e-01
1.972821205854415894e-01
1.950578987598419189e-01
1.943180859088897705e-01
1.976561993360519409e-01
1.966728121042251587e-01
1.982598304748535156e-01
1.976660490036010742e-01
1.978406459093093872e-01
1.967173665761947632e-01
1.957176625728607178e-01
1.971426606178283691e-01
1.936116516590118408e-01
1.939139515161514282e-01
1.991460621356964111e-01
1.958637684583663940e-01
1.966240108013153076e-01
1.972742825746536255e-01
1.930019110441207886e-01
1.974523216485977173e-01
1.949537098407745361e-01
1.959785670042037964e-01
1.968434154987335205e-01
1.950133293867111206e-01
1.943315118551254272e-01
1.967922151088714600e-01
1.933573037385940552e-01
1.948933452367782593e-01
1.953807771205902100e-01
1.956406831741333008e-01
1.979261785745620728e-01
1.958635598421096802e-01
1.967345178127288818e-01
1.923917084932327271e-01
1.948653459548950195e-01
1.937693953514099121e-01
1.952835917472839355e-01
1.938923448324203491e-01
1.940090507268905640e-01
1.969255805015563965e-01
1.959414482116699219e-01
1.959488093852996826e-01
1.949122101068496704e-01
1.945309638977050781e-01
1.934331208467483521e-01
1.959432810544967651e-01
1.937111616134643555e-01
1.962521821260452271e-01
1.965712904930114746e-01
1.977127343416213989e-01
1.962608546018600464e-01
1.960261613130569458e-01
1.959266215562820435e-01
1.955183893442153931e-01
1.938691586256027222e-01
1.953985542058944702e-01
1.979937702417373657e-01
1.945288330316543579e-01
1.949595808982849121e-01
1.918071061372756958e-01
1.970731765031814575e-01
1.927071213722229004e-01
1.965596377849578857e-01
1.969766020774841309e-01
1.941328048706054688e-01
1.942075639963150024e-01
1.946342885494232178e-01
1.971439570188522339e-01
1.948186606168746948e-01
1.933942437171936035e-01
1.953254789113998413e-01
1.938203871250152588e-01
1.971938759088516235e-01
1.946989446878433228e-01
1.957295387983322144e-01
1.947035938501358032e-01
1.958288997411727905e-01
1.981591284275054932e-01
1.931740194559097290e-01
1.960026323795318604e-01
1.963139772415161133e-01
1.956837028264999390e-01
1.960691958665847778e-01
1.951252222061157227e-01
1.942144334316253662e-01
1.925124824047088623e-01
1.942558288574218750e-01
1.937488019466400146e-01
1.986421942710876465e-01
1.941001713275909424e-01
1.943039000034332275e-01
1.929961144924163818e-01
1.941468566656112671e-01
1.952211409807205200e-01
1.926562041044235229e-01
1.920965015888214111e-01
1.924810856580734253e-01
1.940762251615524292e-01
1.939889490604400635e-01
1.929499357938766479e-01
1.947210282087326050e-01
1.949102729558944702e-01
1.928152441978454590e-01
1.960064917802810669e-01
1.943512856960296631e-01
1.912356466054916382e-01
1.945628672838211060e-01
1.936129182577133179e-01
1.912610232830047607e-01
1.941537261009216309e-01
1.949046999216079712e-01
1.940866857767105103e-01
1.937264502048492432e-01
1.941367089748382568e-01
1.931789666414260864e-01
1.927712559700012207e-01
