7.125376462936401367e-01
7.045190334320068359e-01
6.973613500595092773e-01
6.888846158981323242e-01
6.803848743438720703e-01
6.720468401908874512e-01
6.607010364532470703e-01
6.495555639266967773e-01
6.370747089385986328e-01
6.235222816467285156e-01
6.064404249191284180e-01
5.904230475425720215e-01
5.702875852584838867e-01
5.510336756706237793e-01
5.313482284545898438e-01
5.112830996513366699e-01
4.917365014553070068e-01
4.722301959991455078e-01
4.492670893669128418e-01
4.306152164936065674e-01
4.198621213436126709e-01
4.026113152503967285e-01
3.809015750885009766e-01
3.642436265945434570e-01
3.746498525142669678e-01
3.493840992450714111e-01
3.437783718109130859e-01
3.308506011962890625e-01
3.545340001583099365e-01
3.202442228794097900e-01
3.272618353366851807e-01
2.995036840438842773e-01
3.312461674213409424e-01
3.075222671031951904e-01
2.952628433704376221e-01
2.855894565582275391e-01
2.832614481449127197e-01
2.774838507175445557e-01
2.824746370315551758e-01
2.705152332782745361e-01
2.735351622104644775e-01
2.744278609752655029e-01
2.661187648773193359e-01
2.666018307209014893e-01
2.646356821060180664e-01
2.613668739795684814e-01
2.645293176174163818e-01
2.575448751449584961e-01
2.471048980951309204e-01
2.565767168998718262e-01
2.462448030710220337e-01
2.500487267971038818e-01
2.450507432222366333e-01
2.443302273750305176e-01
2.348812222480773926e-01
2.369971871376037598e-01
2.344488352537155151e-01
2.324726283550262451e-01
2.349377423524856567e-01
2.340639233589172363e-01
2.343848347663879395e-01
2.287515401840209961e-01
2.312627881765365601e-01
2.288551926612854004e-01
2.290277034044265747e-01
2.249451279640197754e-01
2.230934798717498779e-01
2.228401899337768555e-01
2.274656891822814941e-01
2.169641405344009399e-01
2.183877676725387573e-01
2.204277813434600830e-01
2.187441885471343994e-01
2.125871330499649048e-01
2.148279398679733276e-01
2.126763612031936646e-01
2.102677226066589355e-01
2.086902260780334473e-01
2.086058259010314941e-01
2.086737900972366333e-01
2.029203474521636963e-01
2.087195515632629395e-01
2.015153765678405762e-01
2.025845795869827271e-01
2.044489830732345581e-01
2.016360312700271606e-01
2.003361433744430542e-01
1.993079483509063721e-01
1.992274969816207886e-01
1.959012448787689209e-01
1.929794847965240479e-01
1.958366334438323975e-01
1.966706514358520508e-01
1.927142888307571411e-01
1.974337548017501831e-01
1.912203729152679443e-01
1.911207735538482666e-01
1.887950450181961060e-01
1.894629597663879395e-01
1.884377151727676392e-01
1.911219060420989990e-01
1.893904209136962891e-01
1.875815391540527344e-01
1.826083660125732422e-01
1.803801804780960083e-01
1.826296597719192505e-01
1.805251389741897583e-01
1.836671829223632812e-01
1.819154024124145508e-01
1.789220571517944336e-01
1.847502738237380981e-01
1.800178885459899902e-01
1.815530061721801758e-01
1.761651188135147095e-01
1.750061511993408203e-01
1.742373853921890259e-01
1.752709746360778809e-01
1.729025691747665405e-01
1.726373732089996338e-01
1.764495372772216797e-01
1.724054515361785889e-01
1.729061901569366455e-01
1.704425215721130371e-01
1.695103943347930908e-01
1.682021021842956543e-01
1.696545481681823730e-01
1.664760559797286987e-01
1.676203161478042603e-01
1.670178025960922241e-01
1.672724932432174683e-01
1.635884642601013184e-01
1.653938293457031250e-01
1.620561927556991577e-01
1.635985225439071655e-01
1.627818644046783447e-01
1.608811020851135254e-01
1.601315140724182129e-01
1.599799990653991699e-01
1.594937443733215332e-01
1.564521342515945435e-01
1.584336310625076294e-01
1.571300625801086426e-01
1.572204828262329102e-01
1.561633050441741943e-01
1.545792520046234131e-01
1.557652801275253296e-01
1.541996896266937256e-01
1.540211439132690430e-01
1.517685055732727051e-01
1.517631113529205322e-01
1.501484215259552002e-01
1.522976458072662354e-01
1.509380638599395752e-01
1.488448083400726318e-01
1.486038416624069214e-01
1.493381857872009277e-01
1.481635570526123047e-01
1.468247771263122559e-01
1.484148353338241577e-01
1.475083231925964355e-01
1.445924341678619385e-01
1.430184543132781982e-01
1.444539427757263184e-01
1.429363787174224854e-01
1.425873637199401855e-01
1.417302042245864868e-01
1.414140462875366211e-01
1.434022039175033569e-01
1.437084823846817017e-01
1.388051062822341919e-01
1.360242813825607300e-01
1.381082832813262939e-01
1.404254734516143799e-01
1.379391252994537354e-01
1.364923864603042603e-01
1.363693922758102417e-01
1.380425095558166504e-01
1.332921981811523438e-01
1.371479630470275879e-01
1.314145773649215698e-01
1.351428776979446411e-01
1.316840648651123047e-01
1.323267370462417603e-01
1.321426033973693848e-01
1.325920373201370239e-01
1.312038302421569824e-01
1.288460046052932739e-01
1.306201815605163574e-01
1.315170824527740479e-01
1.285899430513381958e-01
1.290868669748306274e-01
1.286068260669708252e-01
1.287019401788711548e-01
1.275299489498138428e-01
1.281399726867675781e-01
1.257577240467071533e-01
1.263491511344909668e-01
1.271767467260360718e-01
1.254988759756088257e-01
1.229276657104492188e-01
1.253237724304199219e-01
1.238982602953910828e-01
1.226878166198730469e-01
1.234569549560546875e-01
1.211975887417793274e-01
1.209064722061157227e-01
1.214260235428810120e-01
1.214410811662673950e-01
1.221455633640289307e-01
1.194461137056350708e-01
1.190425232052803040e-01
1.192902177572250366e-01
1.178460717201232910e-01
1.193123161792755127e-01
1.175398826599121094e-01
1.170002073049545288e-01
1.155132055282592773e-01
1.149673908948898315e-01
1.148693189024925232e-01
1.145881190896034241e-01
1.146771162748336792e-01
1.134955883026123047e-01
1.135488748550415039e-01
1.131725609302520752e-01
1.131258010864257812e-01
1.139382943511009216e-01
1.127817854285240173e-01
1.109332740306854248e-01
1.120203286409378052e-01
1.106985360383987427e-01
1.092368662357330322e-01
1.090701073408126831e-01
1.103002429008483887e-01
1.099676489830017090e-01
1.088934242725372314e-01
1.095243096351623535e-01
1.081664264202117920e-01
1.085925102233886719e-01
1.084240525960922241e-01
1.080739796161651611e-01
1.067977547645568848e-01
1.058866754174232483e-01
1.060502678155899048e-01
1.071414351463317871e-01
1.052873581647872925e-01
1.033179089426994324e-01
1.060113087296485901e-01
1.063092350959777832e-01
1.047522127628326416e-01
1.049917712807655334e-01
1.050802096724510193e-01
1.038603484630584717e-01
1.039293706417083740e-01
1.029100641608238220e-01
1.016951724886894226e-01
1.039862036705017090e-01
1.023553460836410522e-01
1.003937721252441406e-01
1.008848026394844055e-01
1.002687141299247742e-01
1.005117818713188171e-01
9.981503337621688843e-02
1.014668494462966919e-01
9.991692751646041870e-02
1.007828861474990845e-01
9.806608408689498901e-02
1.001352295279502869e-01
9.722762554883956909e-02
9.735421836376190186e-02
9.699863940477371216e-02
9.675134718418121338e-02
9.700364619493484497e-02
9.722859412431716919e-02
9.550997614860534668e-02
9.502173215150833130e-02
9.629733860492706299e-02
9.606131166219711304e-02
9.579477459192276001e-02
9.503503143787384033e-02
9.428168833255767822e-02
9.378891438245773315e-02
9.469645470380783081e-02
9.411428868770599365e-02
9.262202680110931396e-02
9.190191328525543213e-02
9.271147102117538452e-02
9.314006567001342773e-02
9.431074559688568115e-02
9.194241464138031006e-02
9.292612969875335693e-02
8.978825807571411133e-02
9.165170788764953613e-02
8.994054049253463745e-02
8.956362307071685791e-02
9.143552184104919434e-02
9.001822024583816528e-02
8.905370533466339111e-02
8.983476459980010986e-02
9.005041420459747314e-02
8.918076753616333008e-02
8.936023712158203125e-02
8.918009698390960693e-02
8.892465382814407349e-02
9.688080102205276489e-02
8.747780323028564453e-02
8.874531835317611694e-02
8.733761310577392578e-02
8.768051117658615112e-02
8.935692906379699707e-02
8.631730824708938599e-02
8.588954806327819824e-02
8.499105274677276611e-02
8.574946969747543335e-02
8.567824959754943848e-02
8.652628958225250244e-02
8.516055345535278320e-02
8.563289791345596313e-02
8.447054028511047363e-02
8.424440026283264160e-02
8.700186014175415039e-02
8.482069522142410278e-02
8.341936767101287842e-02
8.319627493619918823e-02
8.332280069589614868e-02
8.327981829643249512e-02
8.371427655220031738e-02
8.263011276721954346e-02
8.297017216682434082e-02
8.130365610122680664e-02
8.241163194179534912e-02
8.127129077911376953e-02
8.136270940303802490e-02
8.093515038490295410e-02
8.092284202575683594e-02
8.004039525985717773e-02
8.046486973762512207e-02
8.009863644838333130e-02
8.136022090911865234e-02
7.869574427604675293e-02
7.968635112047195435e-02
7.884649187326431274e-02
7.928139716386795044e-02
7.892903685569763184e-02
7.791873812675476074e-02
7.813194394111633301e-02
7.776345312595367432e-02
7.832353562116622925e-02
7.800571620464324951e-02
7.749803364276885986e-02
7.748398184776306152e-02
7.666681706905364990e-02
7.737326622009277344e-02
7.646952569484710693e-02
7.785826921463012695e-02
7.604745775461196899e-02
7.626426219940185547e-02
7.602441310882568359e-02
7.531247287988662720e-02
7.661640644073486328e-02
7.654252648353576660e-02
7.555571198463439941e-02
7.552975416183471680e-02
7.532221823930740356e-02
7.580538839101791382e-02
7.416731119155883789e-02
7.404523342847824097e-02
7.409587502479553223e-02
7.458201050758361816e-02
7.435385882854461670e-02
7.337641716003417969e-02
7.371395081281661987e-02
7.412659376859664917e-02
7.870525121688842773e-02
7.316491007804870605e-02
7.313089072704315186e-02
7.241797447204589844e-02
7.341250777244567871e-02
7.230716943740844727e-02
7.159027457237243652e-02
7.200073450803756714e-02
7.233873754739761353e-02
7.305238395929336548e-02
7.288337498903274536e-02
7.361244410276412964e-02
7.177150249481201172e-02
7.114088535308837891e-02
7.082885503768920898e-02
7.171745598316192627e-02
7.049521058797836304e-02
7.107875496149063110e-02
7.096292078495025635e-02
6.976309418678283691e-02
6.972982734441757202e-02
7.113714516162872314e-02
7.089120894670486450e-02
6.972325593233108521e-02
6.970287859439849854e-02
6.862849742174148560e-02
6.891795992851257324e-02
6.938627362251281738e-02
6.830171495676040649e-02
6.816448271274566650e-02
6.987983733415603638e-02
6.820536404848098755e-02
6.824063509702682495e-02
6.898349523544311523e-02
6.916042417287826538e-02
6.734976917505264282e-02
6.842909753322601318e-02
6.761420518159866333e-02
6.718144565820693970e-02
6.826028972864151001e-02
6.722681224346160889e-02
6.787890195846557617e-02
6.691412627696990967e-02
6.754556298255920410e-02
6.747716665267944336e-02
6.707332283258438110e-02
6.644067168235778809e-02
6.584481149911880493e-02
6.723871827125549316e-02
6.566307693719863892e-02
6.605200469493865967e-02
6.539970636367797852e-02
6.595261394977569580e-02
6.616718322038650513e-02
6.683810800313949585e-02
6.510445475578308105e-02
6.523953378200531006e-02
6.583349406719207764e-02
6.351111829280853271e-02
6.526290625333786011e-02
6.535895168781280518e-02
6.528961658477783203e-02
6.388062983751296997e-02
6.438025832176208496e-02
6.266923993825912476e-02
6.384897977113723755e-02
6.430023163557052612e-02
6.366484612226486206e-02
6.428292393684387207e-02
6.387505680322647095e-02
6.453829258680343628e-02
6.333897262811660767e-02
6.236667931079864502e-02
6.348684430122375488e-02
6.337454169988632202e-02
6.315574049949645996e-02
6.355446577072143555e-02
6.355854868888854980e-02
6.177970767021179199e-02
6.282518059015274048e-02
6.231492012739181519e-02
6.309485435485839844e-02
6.164403259754180908e-02
6.253383308649063110e-02
6.062659621238708496e-02
6.198676675558090210e-02
6.187117099761962891e-02
6.211113929748535156e-02
6.072420999407768250e-02
6.155381351709365845e-02
6.131935119628906250e-02
6.159194931387901306e-02
6.106785684823989868e-02
6.080693006515502930e-02
6.141492724418640137e-02
6.103879958391189575e-02
6.062312424182891846e-02
6.108222901821136475e-02
6.103812903165817261e-02
6.212523579597473145e-02
6.007203087210655212e-02
6.094771996140480042e-02
6.078899279236793518e-02
6.043267250061035156e-02
5.990529060363769531e-02
6.003789603710174561e-02
6.058421730995178223e-02
6.011932343244552612e-02
5.946629866957664490e-02
5.987765640020370483e-02
5.961661040782928467e-02
5.994731187820434570e-02
6.033147871494293213e-02
5.972289666533470154e-02
5.944561958312988281e-02
5.937514454126358032e-02
5.922140181064605713e-02
6.014337390661239624e-02
5.860272794961929321e-02
5.913533642888069153e-02
5.870522558689117432e-02
5.818142369389533997e-02
5.842180550098419189e-02
5.806291848421096802e-02
5.796093493700027466e-02
5.969275534152984619e-02
5.807380378246307373e-02
5.777671188116073608e-02
5.805415660142898560e-02
5.795577913522720337e-02
5.797663331031799316e-02
5.846438556909561157e-02
5.853076651692390442e-02
5.874032527208328247e-02
5.764652043581008911e-02
5.820344761013984680e-02
5.759563297033309937e-02
5.843269824981689453e-02
5.775033682584762573e-02
5.787642300128936768e-02
5.636579543352127075e-02
5.689461529254913330e-02
5.689077079296112061e-02
5.809647962450981140e-02
5.767879635095596313e-02
5.646757781505584717e-02
5.832274258136749268e-02
5.572502315044403076e-02
5.679034441709518433e-02
5.802007764577865601e-02
5.746860057115554810e-02
5.612421780824661255e-02
5.664883553981781006e-02
5.753660947084426880e-02
5.596767365932464600e-02
5.573097616434097290e-02
5.614718794822692871e-02
5.654127895832061768e-02
5.629849433898925781e-02
5.690156668424606323e-02
5.553438141942024231e-02
5.581265687942504883e-02
5.567519739270210266e-02
5.589095503091812134e-02
5.541346967220306396e-02
5.594998598098754883e-02
5.534488707780838013e-02
5.611298233270645142e-02
5.510206520557403564e-02
5.536975711584091187e-02
5.527494475245475769e-02
5.429022759199142456e-02
5.433034151792526245e-02
5.528707802295684814e-02
5.507247895002365112e-02
5.496697500348091125e-02
5.493925884366035461e-02
5.445954203605651855e-02
5.549988150596618652e-02
5.427484959363937378e-02
5.437817424535751343e-02
5.600462481379508972e-02
5.460997670888900757e-02
5.412610992789268494e-02
5.437364429235458374e-02
5.469578504562377930e-02
5.421145632863044739e-02
5.353972688317298889e-02
5.568035319447517395e-02
5.413524433970451355e-02
5.472925677895545959e-02
5.451628565788269043e-02
5.365150421857833862e-02
5.449526757001876831e-02
5.381762236356735229e-02
5.388257652521133423e-02
5.448002368211746216e-02
5.482804030179977417e-02
5.403557419776916504e-02
5.242451280355453491e-02
5.298738554120063782e-02
5.347453802824020386e-02
5.391948297619819641e-02
5.383792519569396973e-02
5.319637805223464966e-02
5.415902659296989441e-02
5.231193825602531433e-02
5.334931984543800354e-02
5.289133638143539429e-02
5.322474241256713867e-02
5.279438942670822144e-02
5.325622111558914185e-02
5.278395861387252808e-02
5.297473818063735962e-02
5.290450900793075562e-02
5.252362787723541260e-02
5.299469083547592163e-02
5.213346332311630249e-02
5.327282100915908813e-02
5.200667306780815125e-02
5.209055542945861816e-02
5.253815650939941406e-02
5.251800268888473511e-02
5.217294394969940186e-02
5.251635611057281494e-02
5.237154662609100342e-02
5.193449184298515320e-02
5.164556205272674561e-02
2.496406435966491699e-01
2.457062900066375732e-01
2.469844371080398560e-01
2.451499849557876587e-01
2.472883164882659912e-01
2.414651662111282349e-01
2.426655590534210205e-01
2.427103966474533081e-01
2.430005371570587158e-01
2.449610531330108643e-01
2.429108023643493652e-01
2.414028197526931763e-01
2.448744326829910278e-01
2.392837405204772949e-01
2.402456104755401611e-01
2.405421286821365356e-01
2.415716052055358887e-01
2.369195222854614258e-01
2.366856038570404053e-01
2.402071952819824219e-01
2.352400422096252441e-01
2.374690324068069458e-01
2.400727719068527222e-01
2.367370128631591797e-01
2.389197349548339844e-01
2.389344573020935059e-01
2.373768091201782227e-01
2.419549375772476196e-01
2.347821891307830811e-01
2.352850586175918579e-01
2.352823317050933838e-01
2.369336634874343872e-01
2.357385903596878052e-01
2.347087711095809937e-01
2.372069805860519409e-01
2.329560220241546631e-01
2.341736257076263428e-01
2.326030582189559937e-01
2.338098585605621338e-01
2.381980121135711670e-01
2.386285364627838135e-01
2.366834282875061035e-01
2.343670874834060669e-01
2.338027060031890869e-01
2.341355085372924805e-01
2.322960495948791504e-01
2.348870038986206055e-01
2.350786775350570679e-01
2.341324836015701294e-01
2.343870997428894043e-01
2.308724671602249146e-01
2.346699088811874390e-01
2.327704578638076782e-01
2.332576960325241089e-01
2.315822541713714600e-01
2.339865416288375854e-01
2.340587228536605835e-01
2.320983111858367920e-01
2.301963120698928833e-01
2.345925569534301758e-01
2.357072383165359497e-01
2.317583113908767700e-01
2.328997999429702759e-01
2.304827570915222168e-01
2.322192043066024780e-01
2.334541231393814087e-01
2.316001206636428833e-01
2.307970225811004639e-01
2.311728149652481079e-01
2.319375872611999512e-01
2.318035662174224854e-01
2.311627864837646484e-01
2.287491559982299805e-01
2.319395244121551514e-01
2.310444414615631104e-01
2.301634997129440308e-01
2.298961579799652100e-01
2.277908921241760254e-01
2.301523238420486450e-01
2.316847443580627441e-01
2.295525372028350830e-01
2.271534800529479980e-01
2.299194782972335815e-01
2.323418259620666504e-01
2.300384938716888428e-01
2.291688770055770874e-01
2.297742962837219238e-01
2.305162549018859863e-01
2.314324527978897095e-01
2.286683022975921631e-01
2.273234575986862183e-01
2.280053049325942993e-01
2.271475493907928467e-01
2.280743867158889771e-01
2.279457896947860718e-01
2.271429449319839478e-01
2.307809591293334961e-01
2.280973047018051147e-01
2.262683063745498657e-01
2.276200056076049805e-01
2.303693890571594238e-01
2.268465161323547363e-01
2.284804582595825195e-01
2.286603450775146484e-01
2.276318520307540894e-01
2.281500697135925293e-01
2.291586846113204956e-01
2.285493910312652588e-01
2.270376980304718018e-01
2.246231585741043091e-01
2.269799709320068359e-01
2.292332053184509277e-01
2.267654240131378174e-01
2.295567691326141357e-01
2.277312129735946655e-01
2.228079885244369507e-01
2.297502309083938599e-01
2.273991703987121582e-01
2.275545001029968262e-01
2.276131957769393921e-01
2.277478575706481934e-01
2.267929464578628540e-01
2.252987772226333618e-01
2.252807170152664185e-01
2.278826236724853516e-01
2.247922271490097046e-01
2.241109758615493774e-01
2.250923216342926025e-01
2.234140187501907349e-01
2.261127829551696777e-01
2.245853841304779053e-01
2.260607928037643433e-01
2.263291478157043457e-01
2.227694839239120483e-01
2.237188667058944702e-01
2.258327752351760864e-01
2.239105701446533203e-01
2.252999395132064819e-01
2.231170535087585449e-01
2.233604937791824341e-01
2.225033640861511230e-01
2.242861837148666382e-01
2.227983921766281128e-01
2.247215360403060913e-01
2.240938693284988403e-01
2.220723479986190796e-01
2.239553332328796387e-01
2.242632806301116943e-01
2.232468426227569580e-01
2.221525907516479492e-01
2.251708954572677612e-01
2.236091792583465576e-01
2.216275781393051147e-01
2.229199409484863281e-01
2.219676077365875244e-01
2.250695228576660156e-01
2.212613523006439209e-01
2.225693017244338989e-01
2.219890058040618896e-01
2.233894467353820801e-01
2.217015922069549561e-01
2.234494984149932861e-01
2.237883210182189941e-01
2.205937206745147705e-01
2.207637131214141846e-01
2.223963737487792969e-01
2.246605008840560913e-01
2.197614461183547974e-01
2.196267098188400269e-01
2.209921479225158691e-01
2.247696220874786377e-01
2.198730558156967163e-01
2.236705422401428223e-01
2.215926647186279297e-01
2.233145534992218018e-01
2.231812030076980591e-01
2.217839807271957397e-01
2.202890068292617798e-01
2.195005416870117188e-01
2.198954969644546509e-01
2.208610028028488159e-01
2.214455157518386841e-01
2.203160673379898071e-01
2.221289575099945068e-01
2.209942340850830078e-01
2.230476737022399902e-01
2.231028676033020020e-01
2.200546711683273315e-01
2.211115062236785889e-01
2.210449129343032837e-01
2.213839292526245117e-01
2.193874120712280273e-01
2.195869684219360352e-01
2.201464474201202393e-01
2.193443477153778076e-01
2.202837914228439331e-01
2.184268534183502197e-01
2.176955342292785645e-01
2.216191738843917847e-01
2.203857600688934326e-01
2.192836701869964600e-01
2.207081615924835205e-01
2.190470546483993530e-01
2.210338562726974487e-01
2.208331227302551270e-01
2.179599851369857788e-01
2.186261564493179321e-01
2.195525765419006348e-01
2.174104750156402588e-01
2.195719927549362183e-01
2.193405330181121826e-01
2.177646905183792114e-01
2.163770496845245361e-01
2.183555513620376587e-01
2.177392244338989258e-01
2.182318121194839478e-01
2.192427217960357666e-01
2.198093980550765991e-01
2.176732420921325684e-01
2.175600379705429077e-01
2.193213701248168945e-01
2.189292758703231812e-01
2.180292606353759766e-01
2.143466323614120483e-01
2.218345403671264648e-01
2.184823751449584961e-01
2.181271463632583618e-01
2.170366197824478149e-01
2.189697474241256714e-01
2.158639281988143921e-01
2.179792523384094238e-01
2.166232019662857056e-01
2.189569026231765747e-01
2.217056453227996826e-01
2.164290696382522583e-01
2.154607176780700684e-01
2.158389091491699219e-01
2.183161377906799316e-01
2.169457525014877319e-01
2.160093933343887329e-01
2.147875726222991943e-01
2.152994126081466675e-01
2.156218588352203369e-01
2.168774902820587158e-01
2.180526107549667358e-01
2.150185704231262207e-01
2.163105458021163940e-01
2.148814946413040161e-01
2.162714302539825439e-01
2.161640077829360962e-01
2.166680991649627686e-01
2.182860523462295532e-01
2.180189192295074463e-01
2.166529148817062378e-01
2.160939872264862061e-01
2.161549478769302368e-01
2.132309079170227051e-01
2.123156934976577759e-01
2.159494012594223022e-01
2.153454720973968506e-01
2.176592648029327393e-01
2.150536477565765381e-01
2.180103361606597900e-01
2.147562652826309204e-01
2.167146056890487671e-01
2.175919860601425171e-01
2.149050831794738770e-01
2.133072018623352051e-01
2.167859673500061035e-01
2.160811573266983032e-01
2.152865529060363770e-01
2.174251228570938110e-01
2.146018147468566895e-01
2.148492187261581421e-01
2.124883383512496948e-01
2.113570868968963623e-01
2.122011333703994751e-01
2.142225056886672974e-01
2.143530100584030151e-01
2.162226736545562744e-01
2.144334763288497925e-01
2.155333310365676880e-01
2.164026349782943726e-01
2.146568298339843750e-01
2.117041945457458496e-01
2.158174216747283936e-01
2.136459946632385254e-01
2.147941142320632935e-01
2.149357199668884277e-01
2.117674797773361206e-01
2.162045538425445557e-01
2.119469493627548218e-01
2.125782072544097900e-01
2.169677913188934326e-01
2.130340188741683960e-01
2.136078923940658569e-01
2.146171331405639648e-01
2.126856297254562378e-01
2.119489610195159912e-01
2.126649171113967896e-01
2.115107029676437378e-01
2.117373198270797729e-01
2.130100280046463013e-01
2.108725011348724365e-01
2.135613560676574707e-01
2.113795280456542969e-01
2.127462923526763916e-01
2.162957638502120972e-01
2.159021347761154175e-01
2.105421572923660278e-01
2.095738500356674194e-01
2.141049951314926147e-01
2.109760046005249023e-01
2.130016982555389404e-01
2.128843814134597778e-01
2.122508436441421509e-01
2.109406292438507080e-01
2.113709151744842529e-01
2.113058120012283325e-01
2.122928202152252197e-01
2.115276455879211426e-01
2.125893831253051758e-01
2.119225561618804932e-01
2.115832865238189697e-01
2.121384143829345703e-01
2.114748060703277588e-01
2.099558711051940918e-01
2.123254835605621338e-01
2.090149968862533569e-01
2.122145891189575195e-01
2.097590267658233643e-01
2.110595107078552246e-01
2.116526067256927490e-01
2.128390520811080933e-01
2.121109515428543091e-01
2.124375104904174805e-01
2.114017754793167114e-01
2.113728970289230347e-01
2.095423340797424316e-01
2.085989862680435181e-01
2.110914736986160278e-01
2.110817283391952515e-01
2.104805707931518555e-01
2.092733681201934814e-01
2.095788568258285522e-01
2.111820280551910400e-01
2.100626230239868164e-01
2.104321867227554321e-01
2.117783874273300171e-01
2.113210707902908325e-01
2.127106189727783203e-01
2.083045244216918945e-01
2.084376811981201172e-01
2.063043862581253052e-01
2.116710543632507324e-01
2.085391730070114136e-01
2.107321768999099731e-01
2.089169323444366455e-01
2.084911912679672241e-01
2.108944207429885864e-01
2.081241160631179810e-01
2.111931145191192627e-01
2.090284079313278198e-01
2.096151262521743774e-01
2.095203101634979248e-01
2.088125944137573242e-01
2.085837870836257935e-01
2.092117965221405029e-01
2.111170887947082520e-01
2.091646939516067505e-01
2.133379429578781128e-01
2.066786289215087891e-01
2.078615128993988037e-01
2.061765193939208984e-01
2.089890837669372559e-01
2.089826315641403198e-01
2.060863226652145386e-01
2.105365097522735596e-01
2.104886919260025024e-01
2.100890427827835083e-01
2.100569456815719604e-01
2.088132202625274658e-01
2.070746719837188721e-01
2.095526009798049927e-01
2.134270220994949341e-01
2.084274739027023315e-01
2.110128700733184814e-01
2.082157880067825317e-01
2.071062475442886353e-01
2.085641622543334961e-01
2.072546333074569702e-01
2.098563760519027710e-01
2.062003612518310547e-01
2.090729027986526489e-01
2.070912569761276245e-01
2.078498452901840210e-01
2.078233510255813599e-01
2.073467522859573364e-01
2.082035392522811890e-01
2.107680886983871460e-01
2.094854563474655151e-01
2.075027674436569214e-01
2.103094011545181274e-01
2.062015086412429810e-01
2.079761773347854614e-01
2.075060755014419556e-01
2.082327306270599365e-01
2.073550820350646973e-01
2.069642841815948486e-01
2.096921652555465698e-01
2.078799456357955933e-01
2.072265744209289551e-01
2.086391896009445190e-01
2.051839232444763184e-01
2.071210443973541260e-01
2.083959579467773438e-01
2.054512798786163330e-01
2.090079486370086670e-01
2.078480720520019531e-01
2.093099355697631836e-01
2.040618360042572021e-01
2.066939175128936768e-01
2.054455429315567017e-01
2.054783105850219727e-01
2.081607133150100708e-01
2.077925503253936768e-01
2.066267728805541992e-01
2.062714099884033203e-01
2.094309329986572266e-01
2.068816870450973511e-01
2.094537615776062012e-01
2.054824531078338623e-01
2.092915773391723633e-01
2.074532061815261841e-01
2.070128470659255981e-01
2.063127905130386353e-01
2.075388729572296143e-01
2.066223770380020142e-01
2.039693444967269897e-01
2.045890092849731445e-01
2.073220312595367432e-01
2.073944211006164551e-01
2.055088877677917480e-01
2.060897052288055420e-01
2.041234672069549561e-01
2.062678635120391846e-01
2.070557773113250732e-01
2.057987749576568604e-01
2.083479017019271851e-01
2.056477069854736328e-01
2.067427784204483032e-01
2.048308998346328735e-01
2.029438167810440063e-01
2.073225826025009155e-01
2.051157504320144653e-01
2.056565880775451660e-01
2.056800723075866699e-01
2.054820209741592407e-01
2.062760293483734131e-01
2.080687731504440308e-01
2.025422006845474243e-01
2.049489617347717285e-01
2.057630568742752075e-01
2.049703299999237061e-01
2.050143927335739136e-01
2.075306177139282227e-01
2.027607858180999756e-01
2.077337801456451416e-01
2.053932547569274902e-01
2.075687795877456665e-01
2.043454945087432861e-01
2.058144807815551758e-01
2.053204327821731567e-01
2.053418755531311035e-01
2.037409394979476929e-01
2.033006846904754639e-01
2.057963907718658447e-01
2.028057426214218140e-01
2.031061351299285889e-01
2.032645791769027710e-01
2.040775120258331299e-01
2.060582041740417480e-01
2.054256647825241089e-01
2.044971436262130737e-01
2.034672796726226807e-01
2.059835344552993774e-01
2.064001709222793579e-01
2.042750567197799683e-01
2.035703361034393311e-01
2.018666565418243408e-01
2.041780799627304077e-01
2.052855044603347778e-01
2.021133750677108765e-01
2.033266276121139526e-01
2.065416723489761353e-01
2.036506384611129761e-01
2.063886076211929321e-01
2.046388983726501465e-01
2.050226032733917236e-01
2.050421237945556641e-01
2.060088813304901123e-01
2.030736654996871948e-01
2.048795372247695923e-01
2.033663541078567505e-01
2.017449885606765747e-01
2.072447836399078369e-01
2.032711356878280640e-01
2.052629441022872925e-01
2.050209939479827881e-01
2.036366760730743408e-01
2.041764706373214722e-01
2.046155631542205811e-01
2.027730941772460938e-01
2.047833502292633057e-01
2.052603363990783691e-01
2.036218643188476562e-01
2.043159157037734985e-01
2.037388682365417480e-01
2.044737190008163452e-01
2.042892426252365112e-01
2.049223184585571289e-01
2.042137533426284790e-01
2.038109600543975830e-01
2.043666094541549683e-01
2.021802216768264771e-01
2.029433995485305786e-01
2.046225219964981079e-01
2.021465450525283813e-01
2.036527693271636963e-01
2.024950534105300903e-01
2.024207860231399536e-01
2.049026042222976685e-01
2.055466175079345703e-01
2.013273388147354126e-01
2.038212865591049194e-01
2.029138803482055664e-01
2.046752423048019409e-01
2.031598687171936035e-01
2.031051814556121826e-01
2.017260342836380005e-01
2.028246968984603882e-01
1.999931335449218750e-01
2.013096660375595093e-01
2.038988471031188965e-01
2.031030803918838501e-01
2.017943263053894043e-01
2.017828822135925293e-01
2.008827626705169678e-01
1.973503828048706055e-01
2.012125700712203979e-01
2.019235789775848389e-01
2.011501491069793701e-01
2.000734210014343262e-01
2.011427879333496094e-01
2.017821669578552246e-01
2.031840682029724121e-01
2.009939551353454590e-01
2.022990435361862183e-01
2.008267194032669067e-01
2.021788805723190308e-01
2.010891884565353394e-01
2.049688845872879028e-01
2.011462301015853882e-01
2.028387784957885742e-01
2.008664608001708984e-01
2.020354270935058594e-01
2.017439603805541992e-01
2.019080221652984619e-01
1.999205648899078369e-01
2.001680880784988403e-01
2.007647305727005005e-01
2.003135979175567627e-01
2.021058797836303711e-01
2.016061395406723022e-01
2.003783285617828369e-01
2.003917247056961060e-01
1.999000757932662964e-01
2.011918127536773682e-01
1.993645578622817993e-01
1.997587531805038452e-01
2.009505033493041992e-01
2.004685550928115845e-01
2.013986706733703613e-01
1.989415138959884644e-01
1.985937654972076416e-01
2.007189244031906128e-01
2.000425159931182861e-01
2.035802453756332397e-01
2.019922435283660889e-01
2.009854316711425781e-01
1.992536038160324097e-01
1.999390423297882080e-01
2.031729221343994141e-01
2.012739479541778564e-01
1.977399438619613647e-01
2.002751231193542480e-01
1.989737004041671753e-01
2.019853740930557251e-01
1.996529549360275269e-01
2.010769844055175781e-01
1.998070627450942993e-01
2.014681249856948853e-01
1.997404098510742188e-01
2.014190852642059326e-01
1.969753205776214600e-01
2.013414502143859863e-01
1.996545344591140747e-01
2.011552006006240845e-01
1.985586583614349365e-01
2.033288925886154175e-01
1.999890506267547607e-01
2.006324082612991333e-01
1.978250592947006226e-01
2.030557096004486084e-01
1.998354643583297729e-01
1.987060755491256714e-01
1.993867307901382446e-01
1.995797604322433472e-01
2.012388259172439575e-01
1.990949660539627075e-01
1.977486759424209595e-01
1.984876692295074463e-01
1.982640027999877930e-01
1.982537508010864258e-01
1.986935883760452271e-01
2.011512070894241333e-01
2.007977962493896484e-01
1.976473629474639893e-01
1.984620243310928345e-01
2.007357925176620483e-01
1.975167691707611084e-01
1.999878287315368652e-01
1.969697028398513794e-01
1.985228806734085083e-01
1.977898776531219482e-01
1.990382820367813110e-01
1.974987238645553589e-01
1.976179331541061401e-01
1.994285881519317627e-01
1.984517574310302734e-01
1.992081403732299805e-01
1.980378627777099609e-01
2.001133114099502563e-01
1.965581625699996948e-01
1.972999274730682373e-01
1.987210810184478760e-01
1.965181976556777954e-01
2.002936452627182007e-01
1.976984888315200806e-01
1.980116814374923706e-01
1.993762552738189697e-01
1.993609219789505005e-01
1.968201994895935059e-01
1.960411369800567627e-01
1.993849724531173706e-01
1.992129087448120117e-01
1.977757811546325684e-01
1.991664320230484009e-01
1.979683339595794678e-01
1.966152638196945190e-01
1.978309452533721924e-01
1.968436092138290405e-01
1.968926936388015747e-01
1.989623755216598511e-01
1.997339874505996704e-01
1.978937238454818726e-01
1.995679289102554321e-01
1.969316750764846802e-01
1.943591237068176270e-01
1.968165189027786255e-01
1.995155811309814453e-01
2.015398293733596802e-01
1.983159780502319336e-01
1.971894949674606323e-01
1.992668658494949341e-01
1.961910277605056763e-01
1.959729194641113281e-01
1.994583606719970703e-01
1.991330236196517944e-01
1.965141147375106812e-01
1.973580867052078247e-01
1.968506276607513428e-01
1.994244456291198730e-01
1.963525116443634033e-01
1.987136453390121460e-01
1.965028047561645508e-01
1.980274766683578491e-01
1.953907161951065063e-01
1.959545761346817017e-01
1.987485587596893311e-01
1.966428905725479126e-01
1.990121901035308838e-01
1.985986679792404175e-01
1.971952021121978760e-01
1.980877667665481567e-01
1.981211453676223755e-01
1.968388855457305908e-01
1.954968869686126709e-01
1.978146582841873169e-01
1.961418539285659790e-01
1.978868991136550903e-01
1.974513679742813110e-01
1.996583938598632812e-01
1.963752210140228271e-01
1.955351978540420532e-01
1.991191357374191284e-01
1.945139914751052856e-01
1.965074390172958374e-01
1.957558244466781616e-01
1.969439685344696045e-01
1.988959312438964844e-01
1.995909214019775391e-01
1.970071941614151001e-01
1.960969418287277222e-01
1.977147161960601807e-01
1.973631829023361206e-01
1.954035013914108276e-01
1.960171759128570557e-01
1.966682225465774536e-01
1.948092132806777954e-01
1.971822977066040039e-01
1.957821547985076904e-01
1.962589025497436523e-01
1.981811672449111938e-01
1.956381499767303467e-01
1.961624771356582642e-01
1.969918310642242432e-01
1.929946392774581909e-01
1.932187676429748535e-01
1.955505758523941040e-01
1.951590776443481445e-01
1.968258321285247803e-01
1.959918439388275146e-01
1.948167681694030762e-01
1.934435665607452393e-01
1.941605210304260254e-01
1.967950612306594849e-01
1.952654570341110229e-01
1.967637091875076294e-01
1.974526047706604004e-01
1.961807012557983398e-01
1.963395178318023682e-01
1.958596259355545044e-01
1.952706128358840942e-01
1.967922151088714600e-01
1.955066025257110596e-01
1.961830705404281616e-01
1.949468851089477539e-01
1.940231621265411377e-01
1.961461454629898071e-01
1.943378150463104248e-01
1.936936527490615845e-01
1.958838105201721191e-01
1.943143457174301147e-01
1.947307437658309937e-01
1.948544085025787354e-01
1.945973783731460571e-01
1.945824027061462402e-01
1.926477998495101929e-01
1.966150999069213867e-01
1.948602795600891113e-01
1.918532848358154297e-01
1.933062076568603516e-01
1.930339485406875610e-01
1.943167299032211304e-01
1.940466165542602539e-01
1.956846863031387329e-01
1.936862766742706299e-01
1.948811411857604980e-01
1.926460266113281250e-01
1.956198364496231079e-01
1.961935609579086304e-01
1.954582035541534424e-01
1.935590803623199463e-01
1.954708397388458252e-01
1.960673034191131592e-01
1.939028352499008179e-01
1.943347454071044922e-01
1.943469047546386719e-01
1.923426538705825806e-01
1.953003257513046265e-01
1.944585740566253662e-01
1.949475854635238647e-01
1.947592794895172119e-01
1.954024881124496460e-01
1.942278891801834106e-01
1.941376775503158569e-01
1.945646107196807861e-01
1.943888366222381592e-01
1.950337141752243042e-01
1.952302008867263794e-01
1.952334493398666382e-01
1.936859041452407837e-01
1.933461576700210571e-01
1.941379159688949585e-01
1.933564096689224243e-01
1.945232301950454712e-01
1.932673305273056030e-01
1.960411369800567627e-01
1.945610791444778442e-01
1.950087994337081909e-01
1.932229101657867432e-01
1.954498291015625000e-01
1.893868148326873779e-01
1.946661919355392456e-01
1.952712386846542358e-01
1.923592984676361084e-01
1.951473802328109741e-01
1.943916082382202148e-01
1.947116851806640625e-01
1.940917372703552246e-01
1.925934553146362305e-01
1.940823495388031006e-01
1.935133188962936401e-01
1.936269998550415039e-01
1.942789852619171143e-01
1.932464987039566040e-01
1.949867457151412964e-01
1.941899061203002930e-01
1.932537108659744263e-01
1.950437575578689575e-01
1.921009421348571777e-01
1.930736601352691650e-01
1.932278722524642944e-01
1.923613250255584717e-01
1.918594390153884888e-01
1.923227608203887939e-01
1.903991103172302246e-01
1.941960901021957397e-01
1.919956952333450317e-01
1.926044225692749023e-01
1.943050026893615723e-01
1.923417896032333374e-01
1.951127946376800537e-01
1.936702579259872437e-01
1.923633664846420288e-01
1.904888898134231567e-01
1.920430660247802734e-01
1.930287182331085205e-01
1.915823817253112793e-01
1.925433278083801270e-01
1.935139596462249756e-01
1.940524131059646606e-01
1.950059235095977783e-01
1.918934583663940430e-01
1.926978379487991333e-01
1.920121610164642334e-01
1.930851191282272339e-01
1.905930936336517334e-01
1.936179399490356445e-01
1.893203109502792358e-01
1.948304921388626099e-01
1.922494173049926758e-01
1.905972510576248169e-01
1.940801292657852173e-01
1.919604688882827759e-01
1.935332566499710083e-01
1.910671889781951904e-01
1.926094442605972290e-01
1.938799321651458740e-01
1.944410055875778198e-01
1.919099390506744385e-01
1.921230852603912354e-01
1.923254877328872681e-01
1.922714710235595703e-01
1.954197138547897339e-01
1.896272152662277222e-01
1.933951526880264282e-01
1.919777095317840576e-01
1.920969784259796143e-01
1.926498413085937500e-01
1.912436932325363159e-01
1.912778764963150024e-01
1.901876926422119141e-01
1.938225030899047852e-01
1.908340603113174438e-01
1.923963874578475952e-01
1.896498948335647583e-01
1.915567964315414429e-01
1.891158372163772583e-01
1.919797360897064209e-01
1.904745101928710938e-01
1.927046477794647217e-01
1.910909563302993774e-01
1.910636126995086670e-01
1.920598447322845459e-01
1.928880065679550171e-01
1.939426660537719727e-01
1.917244195938110352e-01
1.898444145917892456e-01
1.938871592283248901e-01
1.926044672727584839e-01
1.914532929658889771e-01
1.931068599224090576e-01
1.913814693689346313e-01
1.935255080461502075e-01
1.934863775968551636e-01
1.901239156723022461e-01
1.907502859830856323e-01
1.905368566513061523e-01
