8.857275247573852539e-01
8.788996934890747070e-01
8.715934157371520996e-01
8.637739419937133789e-01
8.547351360321044922e-01
8.455542325973510742e-01
8.351832628250122070e-01
8.228106498718261719e-01
8.083200454711914062e-01
7.917295694351196289e-01
7.726256251335144043e-01
7.527441382408142090e-01
7.321319580078125000e-01
7.090450525283813477e-01
6.791653633117675781e-01
6.494426727294921875e-01
6.209663152694702148e-01
5.910982489585876465e-01
5.651749372482299805e-01
5.328493118286132812e-01
5.109652280807495117e-01
4.908567070960998535e-01
4.892739057540893555e-01
4.644908010959625244e-01
4.627442359924316406e-01
4.633536934852600098e-01
4.775645732879638672e-01
4.792680144309997559e-01
4.711834192276000977e-01
4.857296943664550781e-01
4.412707984447479248e-01
4.407470226287841797e-01
4.242410659790039062e-01
4.218078255653381348e-01
4.144614338874816895e-01
4.151084125041961670e-01
4.074168205261230469e-01
4.230074882507324219e-01
4.089728593826293945e-01
4.095327556133270264e-01
4.092821478843688965e-01
4.035164117813110352e-01
3.967242836952209473e-01
3.865662217140197754e-01
3.934669196605682373e-01
3.797025382518768311e-01
3.778868019580841064e-01
3.846875429153442383e-01
3.811111152172088623e-01
3.779243230819702148e-01
3.789728581905364990e-01
3.718435764312744141e-01
3.706878125667572021e-01
3.667369484901428223e-01
3.738628327846527100e-01
3.631408214569091797e-01
3.622059822082519531e-01
3.592538237571716309e-01
3.569482266902923584e-01
3.579635620117187500e-01
3.623090088367462158e-01
3.591046929359436035e-01
3.513404428958892822e-01
3.487946093082427979e-01
3.456706404685974121e-01
3.439026176929473877e-01
3.475986719131469727e-01
3.413033485412597656e-01
3.418416976928710938e-01
3.396919369697570801e-01
3.370430469512939453e-01
3.337601125240325928e-01
3.285711407661437988e-01
3.373730778694152832e-01
3.267348110675811768e-01
3.302323818206787109e-01
3.284524977207183838e-01
3.273834884166717529e-01
3.281108140945434570e-01
3.236974477767944336e-01
3.228817582130432129e-01
3.180896639823913574e-01
3.236275911331176758e-01
3.218418359756469727e-01
3.196280598640441895e-01
3.157376050949096680e-01
3.159042000770568848e-01
3.141326904296875000e-01
3.095194399356842041e-01
3.113819360733032227e-01
3.104830682277679443e-01
3.099893927574157715e-01
3.091330528259277344e-01
3.083366155624389648e-01
3.102009892463684082e-01
3.078599572181701660e-01
3.043262064456939697e-01
3.018011152744293213e-01
3.065755665302276611e-01
2.997538447380065918e-01
2.997859716415405273e-01
3.045452237129211426e-01
2.994614243507385254e-01
2.969355583190917969e-01
2.964192628860473633e-01
2.926228940486907959e-01
3.011966049671173096e-01
2.992556095123291016e-01
2.967916131019592285e-01
2.938285470008850098e-01
2.981561422348022461e-01
2.912639081478118896e-01
2.926283180713653564e-01
2.931663095951080322e-01
2.909299433231353760e-01
2.871575951576232910e-01
2.889681160449981689e-01
2.878308892250061035e-01
2.830277383327484131e-01
2.846193611621856689e-01
2.842771410942077637e-01
2.790531218051910400e-01
2.791247367858886719e-01
2.813952565193176270e-01
2.806854844093322754e-01
2.809478640556335449e-01
2.804103493690490723e-01
2.754660844802856445e-01
2.776353061199188232e-01
2.768407762050628662e-01
2.802324593067169189e-01
2.772027254104614258e-01
2.750559747219085693e-01
2.769922018051147461e-01
2.744138240814208984e-01
2.737228572368621826e-01
2.706378698348999023e-01
2.751994729042053223e-01
2.716693580150604248e-01
2.697278857231140137e-01
2.665074765682220459e-01
2.669948637485504150e-01
2.715399265289306641e-01
2.661984264850616455e-01
2.676475048065185547e-01
2.673843502998352051e-01
2.676553726196289062e-01
2.636714875698089600e-01
2.678733468055725098e-01
2.668864428997039795e-01
2.649684250354766846e-01
2.635033130645751953e-01
2.624383568763732910e-01
2.646863162517547607e-01
2.621900737285614014e-01
2.609099149703979492e-01
2.596259117126464844e-01
2.601063549518585205e-01
2.576298415660858154e-01
2.593601644039154053e-01
2.602079808712005615e-01
2.576340436935424805e-01
2.585047185420989990e-01
2.547136247158050537e-01
2.535703182220458984e-01
2.612176835536956787e-01
2.526385784149169922e-01
2.574421465396881104e-01
2.541041672229766846e-01
2.568528652191162109e-01
2.531864345073699951e-01
2.533144652843475342e-01
2.531750798225402832e-01
2.503279745578765869e-01
2.513663768768310547e-01
2.504833340644836426e-01
2.477569133043289185e-01
2.487665563821792603e-01
2.487628906965255737e-01
2.447243928909301758e-01
2.490717917680740356e-01
2.451159954071044922e-01
2.475593835115432739e-01
2.457183152437210083e-01
2.456455230712890625e-01
2.442614287137985229e-01
2.442618310451507568e-01
2.462624609470367432e-01
2.427417635917663574e-01
2.409490346908569336e-01
2.424054592847824097e-01
2.422292530536651611e-01
2.397960722446441650e-01
2.385518699884414673e-01
2.415536046028137207e-01
2.399498969316482544e-01
2.387706935405731201e-01
2.359543889760971069e-01
2.356866300106048584e-01
2.371333390474319458e-01
3.294521868228912354e-01
3.255340158939361572e-01
3.246348500251770020e-01
3.239617049694061279e-01
3.226428627967834473e-01
3.261167407035827637e-01
3.255680799484252930e-01
3.232482373714447021e-01
3.250896930694580078e-01
3.258592188358306885e-01
3.201861381530761719e-01
3.217443823814392090e-01
3.204818964004516602e-01
3.176786601543426514e-01
3.198159933090209961e-01
3.205311596393585205e-01
3.182645440101623535e-01
3.192657232284545898e-01
3.157164752483367920e-01
3.170565068721771240e-01
3.191016018390655518e-01
3.161904513835906982e-01
3.131888210773468018e-01
3.155623078346252441e-01
3.167928457260131836e-01
3.147582411766052246e-01
3.108547627925872803e-01
3.096335530281066895e-01
3.148165941238403320e-01
3.136957585811614990e-01
3.150764405727386475e-01
3.078744113445281982e-01
3.144586384296417236e-01
3.102156221866607666e-01
3.095233440399169922e-01
3.045047521591186523e-01
3.094510138034820557e-01
3.068111836910247803e-01
3.083698749542236328e-01
3.074707984924316406e-01
3.091095983982086182e-01
3.069414794445037842e-01
3.023633062839508057e-01
3.032388687133789062e-01
3.061239123344421387e-01
3.078235089778900146e-01
3.051336705684661865e-01
3.048617243766784668e-01
3.040966093540191650e-01
3.026720285415649414e-01
3.041064143180847168e-01
3.009006977081298828e-01
3.010335862636566162e-01
3.035730421543121338e-01
2.997250258922576904e-01
3.016640245914459229e-01
2.987478077411651611e-01
2.972511351108551025e-01
2.965845465660095215e-01
2.997975349426269531e-01
2.972431480884552002e-01
2.988216280937194824e-01
2.975203096866607666e-01
2.998232841491699219e-01
2.977036535739898682e-01
2.956307530403137207e-01
2.982816398143768311e-01
2.979720830917358398e-01
2.949924170970916748e-01
2.926502823829650879e-01
2.906945943832397461e-01
2.886256575584411621e-01
2.929559946060180664e-01
2.937051653861999512e-01
2.923413813114166260e-01
2.888029515743255615e-01
2.930431962013244629e-01
2.925553917884826660e-01
2.937387228012084961e-01
2.900376915931701660e-01
2.910900115966796875e-01
2.898014783859252930e-01
2.894497513771057129e-01
2.896119952201843262e-01
2.886855304241180420e-01
2.867964506149291992e-01
2.885590195655822754e-01
2.867328524589538574e-01
2.865206003189086914e-01
2.886924445629119873e-01
2.880712151527404785e-01
2.870144248008728027e-01
2.854878902435302734e-01
2.868858873844146729e-01
2.822788357734680176e-01
2.817767262458801270e-01
2.821400463581085205e-01
2.834422588348388672e-01
2.833985388278961182e-01
2.796054482460021973e-01
2.843630313873291016e-01
2.837141454219818115e-01
2.856086790561676025e-01
2.820289433002471924e-01
2.826966345310211182e-01
2.835439443588256836e-01
2.812973260879516602e-01
2.827234566211700439e-01
2.772909700870513916e-01
2.820886373519897461e-01
2.774483859539031982e-01
2.813211977481842041e-01
2.770070433616638184e-01
2.776175737380981445e-01
2.792739272117614746e-01
2.792079448699951172e-01
2.755870223045349121e-01
2.772247493267059326e-01
2.739540040493011475e-01
2.791733145713806152e-01
2.791038453578948975e-01
2.748188674449920654e-01
2.788931131362915039e-01
2.769245505332946777e-01
2.770877480506896973e-01
2.741522192955017090e-01
2.716536223888397217e-01
2.752983868122100830e-01
2.722045481204986572e-01
2.734163105487823486e-01
2.777705192565917969e-01
2.740710377693176270e-01
2.739652991294860840e-01
2.725803852081298828e-01
2.738894224166870117e-01
2.718414068222045898e-01
2.735477685928344727e-01
2.735541462898254395e-01
2.724215388298034668e-01
2.720408141613006592e-01
2.724686264991760254e-01
2.716248929500579834e-01
2.700876891613006592e-01
2.674995958805084229e-01
2.693711519241333008e-01
2.721031308174133301e-01
2.671875953674316406e-01
2.684399783611297607e-01
2.685998380184173584e-01
2.677448093891143799e-01
2.680546343326568604e-01
2.722947895526885986e-01
2.702215015888214111e-01
2.687219381332397461e-01
2.660968303680419922e-01
2.673429250717163086e-01
2.671074569225311279e-01
2.663935124874114990e-01
2.653823196887969971e-01
2.624821066856384277e-01
2.655799388885498047e-01
2.682318985462188721e-01
2.629957795143127441e-01
2.643615901470184326e-01
2.647605836391448975e-01
2.649420797824859619e-01
2.631523013114929199e-01
2.671935260295867920e-01
2.632971704006195068e-01
2.615966796875000000e-01
2.610290944576263428e-01
2.651292979717254639e-01
2.647464871406555176e-01
2.624129354953765869e-01
2.606886029243469238e-01
2.614696919918060303e-01
2.621825337409973145e-01
2.609780728816986084e-01
2.609262466430664062e-01
2.640105485916137695e-01
2.616757452487945557e-01
2.607940733432769775e-01
2.589746415615081787e-01
2.606740891933441162e-01
2.616427540779113770e-01
2.590977251529693604e-01
2.588046789169311523e-01
2.635368108749389648e-01
2.587108612060546875e-01
2.604146599769592285e-01
2.592244148254394531e-01
2.600745260715484619e-01
2.577782273292541504e-01
2.583028376102447510e-01
2.555137574672698975e-01
2.575938403606414795e-01
2.568925917148590088e-01
2.573723196983337402e-01
2.584435641765594482e-01
2.596611678600311279e-01
2.598917782306671143e-01
2.582253217697143555e-01
2.558662593364715576e-01
2.571084797382354736e-01
2.574158906936645508e-01
2.573209702968597412e-01
2.535414993762969971e-01
2.592987120151519775e-01
2.574448585510253906e-01
2.600574195384979248e-01
2.548140883445739746e-01
2.518039047718048096e-01
2.545265853404998779e-01
2.572842836380004883e-01
2.531215548515319824e-01
2.521662712097167969e-01
2.535383105278015137e-01
2.562871575355529785e-01
2.551237642765045166e-01
2.513023316860198975e-01
2.508073449134826660e-01
2.543741762638092041e-01
2.505370676517486572e-01
2.538697719573974609e-01
2.525874972343444824e-01
2.536720633506774902e-01
2.531985342502593994e-01
2.548027932643890381e-01
2.523486018180847168e-01
2.529322504997253418e-01
2.526966333389282227e-01
2.557842135429382324e-01
2.528167068958282471e-01
2.509530782699584961e-01
2.512756288051605225e-01
2.538900375366210938e-01
2.507777810096740723e-01
2.487762868404388428e-01
2.516992986202239990e-01
2.547910809516906738e-01
2.531191110610961914e-01
2.486436814069747925e-01
2.502699792385101318e-01
2.530949711799621582e-01
2.506038546562194824e-01
2.474482059478759766e-01
2.499565333127975464e-01
2.486849278211593628e-01
2.514537870883941650e-01
2.479275465011596680e-01
2.487312406301498413e-01
2.484372407197952271e-01
2.514688968658447266e-01
2.494929432868957520e-01
2.509725391864776611e-01
2.494340986013412476e-01
2.481763958930969238e-01
2.457596063613891602e-01
2.447980493307113647e-01
2.478498667478561401e-01
2.487810701131820679e-01
2.477961033582687378e-01
2.501365542411804199e-01
2.462554574012756348e-01
2.459710538387298584e-01
2.465619295835494995e-01
2.482638657093048096e-01
2.446293383836746216e-01
2.467977553606033325e-01
2.485374659299850464e-01
2.478501796722412109e-01
2.446306943893432617e-01
2.446081191301345825e-01
2.459333389997482300e-01
2.427256703376770020e-01
2.483905255794525146e-01
2.448329329490661621e-01
2.450006753206253052e-01
2.444237470626831055e-01
2.433537244796752930e-01
2.453549653291702271e-01
2.441722154617309570e-01
2.444890737533569336e-01
2.455469220876693726e-01
2.489596158266067505e-01
2.436709105968475342e-01
2.436097562313079834e-01
2.473169267177581787e-01
2.431310713291168213e-01
2.450402230024337769e-01
2.455566376447677612e-01
2.423764020204544067e-01
2.411920726299285889e-01
2.440921813249588013e-01
2.427803725004196167e-01
2.425709217786788940e-01
2.434564679861068726e-01
2.425802648067474365e-01
2.420406788587570190e-01
2.398484349250793457e-01
2.419301569461822510e-01
2.409552633762359619e-01
2.432271987199783325e-01
2.460140287876129150e-01
2.410792559385299683e-01
2.439753711223602295e-01
2.432374507188796997e-01
2.437476515769958496e-01
2.420413345098495483e-01
2.412410974502563477e-01
2.418179214000701904e-01
2.425553500652313232e-01
2.443896085023880005e-01
2.362031489610671997e-01
2.428564876317977905e-01
2.431373894214630127e-01
2.400413602590560913e-01
2.429330497980117798e-01
2.410260289907455444e-01
2.395976185798645020e-01
2.406218200922012329e-01
2.417029291391372681e-01
2.376034706830978394e-01
2.421387135982513428e-01
2.380450963973999023e-01
2.403229475021362305e-01
2.395202815532684326e-01
2.402117103338241577e-01
2.407727241516113281e-01
2.398355752229690552e-01
2.380144745111465454e-01
2.372260689735412598e-01
2.421515434980392456e-01
2.417747825384140015e-01
2.365514189004898071e-01
2.378130555152893066e-01
2.386587262153625488e-01
2.398640066385269165e-01
2.391284108161926270e-01
2.405365556478500366e-01
2.385721057653427124e-01
2.381744384765625000e-01
2.396643608808517456e-01
2.368929982185363770e-01
2.399590909481048584e-01
2.377888709306716919e-01
2.385269999504089355e-01
2.400044798851013184e-01
2.373345196247100830e-01
2.391396909952163696e-01
2.369447648525238037e-01
2.420849502086639404e-01
2.368235886096954346e-01
2.346256822347640991e-01
2.352910935878753662e-01
2.365423142910003662e-01
2.365318387746810913e-01
2.339743077754974365e-01
2.347964793443679810e-01
2.346325367689132690e-01
2.367065101861953735e-01
2.370625585317611694e-01
2.346778810024261475e-01
2.387093454599380493e-01
2.340736091136932373e-01
2.381967455148696899e-01
2.343920618295669556e-01
2.329661101102828979e-01
2.367731183767318726e-01
2.367877364158630371e-01
2.343702614307403564e-01
2.365552634000778198e-01
2.351299822330474854e-01
2.378866821527481079e-01
2.382531017065048218e-01
2.332630455493927002e-01
2.328236550092697144e-01
2.328232526779174805e-01
2.339275330305099487e-01
2.351111471652984619e-01
2.360200136899948120e-01
2.347822487354278564e-01
2.357708066701889038e-01
2.325143665075302124e-01
2.311811149120330811e-01
2.333413660526275635e-01
2.345363348722457886e-01
2.330916374921798706e-01
2.341283708810806274e-01
2.345260828733444214e-01
2.356749176979064941e-01
2.338306009769439697e-01
2.338922619819641113e-01
2.339825183153152466e-01
2.332685887813568115e-01
2.331712692975997925e-01
2.333094030618667603e-01
2.346709221601486206e-01
2.304588258266448975e-01
2.331769019365310669e-01
2.321239411830902100e-01
2.340836822986602783e-01
2.278283536434173584e-01
2.320766150951385498e-01
2.339148521423339844e-01
2.321039438247680664e-01
2.314791977405548096e-01
2.302399128675460815e-01
2.294586747884750366e-01
2.312823534011840820e-01
2.327951490879058838e-01
2.308617830276489258e-01
2.295947372913360596e-01
2.323616892099380493e-01
2.311844974756240845e-01
2.292703986167907715e-01
2.295832782983779907e-01
2.312218397855758667e-01
2.331852316856384277e-01
2.313085496425628662e-01
2.328901886940002441e-01
2.329675257205963135e-01
2.299065142869949341e-01
2.327816635370254517e-01
2.314069718122482300e-01
2.305383533239364624e-01
2.328942716121673584e-01
2.308500111103057861e-01
2.305962443351745605e-01
2.282734662294387817e-01
2.322591990232467651e-01
2.279669344425201416e-01
2.290508300065994263e-01
2.269184738397598267e-01
2.305279523134231567e-01
2.277525067329406738e-01
2.301026582717895508e-01
2.306913584470748901e-01
2.288779914379119873e-01
2.310499548912048340e-01
2.304304540157318115e-01
2.262464165687561035e-01
2.294125258922576904e-01
2.297170311212539673e-01
2.276201993227005005e-01
2.289293855428695679e-01
2.283222228288650513e-01
2.305815517902374268e-01
2.283243685960769653e-01
2.278419882059097290e-01
2.293256074190139771e-01
2.263847291469573975e-01
2.259951084852218628e-01
2.275480777025222778e-01
2.272837758064270020e-01
2.272977530956268311e-01
2.275894284248352051e-01
2.264863401651382446e-01
2.278728932142257690e-01
2.295004725456237793e-01
2.293791323900222778e-01
2.280652821063995361e-01
2.270369678735733032e-01
2.264677584171295166e-01
2.255469560623168945e-01
2.272170484066009521e-01
2.283111959695816040e-01
2.261176556348800659e-01
2.269202172756195068e-01
2.262523025274276733e-01
2.262386381626129150e-01
2.278412729501724243e-01
2.255341261625289917e-01
2.266700714826583862e-01
2.272433489561080933e-01
2.253112196922302246e-01
2.253663092851638794e-01
2.252007126808166504e-01
2.240773737430572510e-01
2.269127815961837769e-01
2.252853512763977051e-01
2.258348613977432251e-01
2.269189804792404175e-01
2.233087271451950073e-01
2.261254042387008667e-01
2.228492796421051025e-01
2.255580276250839233e-01
2.238260060548782349e-01
2.281322330236434937e-01
2.247018963098526001e-01
2.231847196817398071e-01
2.260763794183731079e-01
2.258223891258239746e-01
2.239229828119277954e-01
2.243157178163528442e-01
2.253477126359939575e-01
2.254834324121475220e-01
2.260719090700149536e-01
2.244716286659240723e-01
2.236686050891876221e-01
2.237751036882400513e-01
2.266864627599716187e-01
2.253217250108718872e-01
2.247018367052078247e-01
2.258891910314559937e-01
2.226058840751647949e-01
2.250469177961349487e-01
2.218810766935348511e-01
2.232137322425842285e-01
2.238186001777648926e-01
2.254651337862014771e-01
2.250122576951980591e-01
2.231958806514739990e-01
2.222146540880203247e-01
2.220654189586639404e-01
2.222519814968109131e-01
2.231339365243911743e-01
2.232655733823776245e-01
2.230572849512100220e-01
2.208753526210784912e-01
2.216515988111495972e-01
2.236064672470092773e-01
2.202492952346801758e-01
2.202338576316833496e-01
2.217405736446380615e-01
2.227772325277328491e-01
2.239123284816741943e-01
2.216741591691970825e-01
2.226123362779617310e-01
2.219526767730712891e-01
2.208376377820968628e-01
2.218695878982543945e-01
2.217052280902862549e-01
2.205465734004974365e-01
2.198227792978286743e-01
2.238115966320037842e-01
2.229335457086563110e-01
2.191628664731979370e-01
2.219309657812118530e-01
2.229713052511215210e-01
2.168152332305908203e-01
2.186971008777618408e-01
2.233826965093612671e-01
2.224448770284652710e-01
2.223231494426727295e-01
2.206609547138214111e-01
2.204506099224090576e-01
2.194773405790328979e-01
2.184369564056396484e-01
2.221176624298095703e-01
2.230829894542694092e-01
2.223978787660598755e-01
2.225845158100128174e-01
2.183290570974349976e-01
2.197772115468978882e-01
2.199702858924865723e-01
2.185759097337722778e-01
2.176105231046676636e-01
2.213334292173385620e-01
2.206110954284667969e-01
2.201258540153503418e-01
2.187896817922592163e-01
2.193680405616760254e-01
2.203876227140426636e-01
2.190655916929244995e-01
2.176986336708068848e-01
2.175624519586563110e-01
2.200082540512084961e-01
2.211285829544067383e-01
2.192117273807525635e-01
2.168373316526412964e-01
2.167398631572723389e-01
2.193654030561447144e-01
2.203721255064010620e-01
2.176436930894851685e-01
2.180333733558654785e-01
2.196874916553497314e-01
2.185714542865753174e-01
2.206558436155319214e-01
2.214087247848510742e-01
2.181396037340164185e-01
2.168603241443634033e-01
2.187166959047317505e-01
2.166700065135955811e-01
2.191685438156127930e-01
2.163968086242675781e-01
2.183264493942260742e-01
2.161129713058471680e-01
2.187905460596084595e-01
2.171557247638702393e-01
2.171128988265991211e-01
2.203556895256042480e-01
2.184076011180877686e-01
2.165487110614776611e-01
2.164831906557083130e-01
2.164403647184371948e-01
2.157662361860275269e-01
2.170308083295822144e-01
2.184328734874725342e-01
2.203646451234817505e-01
2.181612998247146606e-01
2.173234969377517700e-01
2.183275967836380005e-01
2.186339348554611206e-01
2.177710384130477905e-01
2.185129970312118530e-01
2.162668704986572266e-01
2.175942361354827881e-01
2.178693860769271851e-01
2.177516669034957886e-01
2.177740931510925293e-01
2.168118208646774292e-01
2.177306711673736572e-01
2.138979434967041016e-01
2.173836976289749146e-01
2.140952944755554199e-01
2.173315882682800293e-01
2.166006714105606079e-01
2.182770371437072754e-01
2.177260071039199829e-01
2.167728841304779053e-01
2.120647579431533813e-01
2.187302410602569580e-01
2.142571359872817993e-01
2.163005769252777100e-01
2.158107012510299683e-01
2.143793851137161255e-01
2.134466171264648438e-01
2.151785492897033691e-01
2.177365869283676147e-01
2.149441093206405640e-01
2.163351178169250488e-01
2.169820964336395264e-01
2.134640961885452271e-01
2.145910859107971191e-01
2.166563570499420166e-01
2.158233821392059326e-01
2.155967503786087036e-01
2.133123427629470825e-01
2.166997045278549194e-01
2.147166132926940918e-01
2.139960229396820068e-01
2.142920941114425659e-01
2.166901826858520508e-01
2.165391296148300171e-01
2.154216766357421875e-01
2.159215062856674194e-01
2.135553061962127686e-01
2.130813300609588623e-01
2.116138935089111328e-01
2.162888497114181519e-01
2.159863859415054321e-01
2.150934487581253052e-01
2.149146944284439087e-01
2.132555991411209106e-01
2.126004546880722046e-01
2.153698801994323730e-01
2.161968201398849487e-01
2.120510637760162354e-01
2.147591114044189453e-01
2.120552361011505127e-01
2.151667773723602295e-01
2.139233648777008057e-01
2.132556140422821045e-01
2.136598080396652222e-01
2.161444127559661865e-01
2.130326181650161743e-01
2.147244364023208618e-01
2.121852934360504150e-01
2.152039110660552979e-01
2.135287374258041382e-01
2.131209969520568848e-01
2.121475934982299805e-01
2.131238281726837158e-01
2.142779380083084106e-01
2.136266529560089111e-01
2.126641869544982910e-01
2.120243608951568604e-01
2.146629840135574341e-01
2.116077393293380737e-01
2.114101797342300415e-01
2.140023112297058105e-01
2.114256024360656738e-01
2.152413129806518555e-01
2.129520922899246216e-01
2.126925140619277954e-01
2.129936814308166504e-01
2.118909358978271484e-01
2.108827382326126099e-01
2.114322632551193237e-01
2.091389149427413940e-01
2.102445513010025024e-01
2.118220776319503784e-01
2.108402550220489502e-01
2.116924226284027100e-01
2.134844958782196045e-01
2.119177281856536865e-01
2.122775167226791382e-01
2.113601863384246826e-01
2.079529017210006714e-01
2.108400911092758179e-01
2.108036726713180542e-01
2.115892916917800903e-01
2.113365978002548218e-01
2.115968912839889526e-01
2.110177576541900635e-01
2.122272402048110962e-01
2.107379436492919922e-01
2.128675431013107300e-01
2.120189070701599121e-01
2.104005962610244751e-01
2.114430218935012817e-01
2.121885418891906738e-01
2.117297500371932983e-01
2.114485800266265869e-01
2.096303850412368774e-01
2.094445079565048218e-01
2.112865149974822998e-01
2.110223025083541870e-01
2.089927196502685547e-01
2.087319195270538330e-01
2.100680321455001831e-01
2.122007906436920166e-01
2.113040387630462646e-01
2.131094485521316528e-01
2.097307294607162476e-01
2.126339673995971680e-01
2.105852514505386353e-01
2.109317928552627563e-01
2.089042067527770996e-01
2.108373343944549561e-01
2.123069018125534058e-01
2.093568593263626099e-01
2.115524411201477051e-01
2.118711024522781372e-01
2.106246501207351685e-01
2.100369334220886230e-01
2.075476795434951782e-01
2.119380086660385132e-01
2.115437090396881104e-01
2.125627100467681885e-01
2.083234488964080811e-01
2.083732187747955322e-01
2.084170728921890259e-01
2.095150649547576904e-01
2.101958245038986206e-01
2.096359580755233765e-01
2.060614228248596191e-01
2.107163071632385254e-01
2.111925780773162842e-01
2.118500620126724243e-01
2.087809592485427856e-01
2.088035345077514648e-01
2.083038538694381714e-01
2.121787816286087036e-01
2.085862010717391968e-01
2.094144821166992188e-01
2.103176862001419067e-01
2.080460190773010254e-01
2.080814242362976074e-01
2.096551060676574707e-01
2.075539231300354004e-01
2.072866261005401611e-01
2.091135382652282715e-01
2.073400020599365234e-01
2.083811759948730469e-01
2.095817774534225464e-01
2.063056528568267822e-01
2.085891813039779663e-01
2.064314186573028564e-01
2.078926265239715576e-01
2.085786908864974976e-01
2.077916711568832397e-01
2.081108242273330688e-01
2.109637260437011719e-01
2.086605429649353027e-01
2.054554969072341919e-01
2.090027034282684326e-01
2.093397527933120728e-01
2.082222402095794678e-01
2.059886604547500610e-01
2.098729163408279419e-01
2.084267586469650269e-01
2.084438651800155640e-01
2.101496607065200806e-01
2.073079496622085571e-01
2.087334543466567993e-01
2.077626138925552368e-01
2.066147774457931519e-01
2.062148153781890869e-01
2.097082734107971191e-01
2.092166244983673096e-01
2.067483961582183838e-01
2.081583440303802490e-01
2.074285298585891724e-01
2.063087373971939087e-01
2.077428847551345825e-01
2.076119780540466309e-01
2.082935571670532227e-01
2.089550048112869263e-01
2.081474363803863525e-01
2.082627713680267334e-01
2.060161679983139038e-01
2.078864872455596924e-01
2.072251737117767334e-01
2.097595632076263428e-01
2.052026540040969849e-01
2.066361159086227417e-01
2.062173038721084595e-01
2.083099782466888428e-01
2.062807679176330566e-01
2.084708660840988159e-01
2.075301259756088257e-01
2.084593772888183594e-01
2.058313041925430298e-01
2.052004933357238770e-01
2.069315016269683838e-01
2.050771415233612061e-01
2.042367905378341675e-01
2.045556157827377319e-01
2.085290253162384033e-01
2.073360085487365723e-01
2.047816365957260132e-01
2.044256329536437988e-01
2.041171640157699585e-01
2.069792896509170532e-01
2.068463563919067383e-01
2.055760324001312256e-01
2.085107117891311646e-01
2.058601975440979004e-01
2.041772902011871338e-01
2.025929540395736694e-01
2.036607265472412109e-01
2.062413394451141357e-01
2.058990746736526489e-01
2.066915035247802734e-01
2.053709030151367188e-01
2.070793956518173218e-01
2.062379568815231323e-01
2.078496664762496948e-01
2.035675644874572754e-01
2.066897302865982056e-01
2.073053717613220215e-01
2.030274271965026855e-01
2.071570158004760742e-01
2.041709125041961670e-01
2.071787267923355103e-01
2.062555104494094849e-01
2.040600478649139404e-01
2.071776390075683594e-01
2.066308706998825073e-01
2.036391347646713257e-01
2.068583816289901733e-01
2.053898423910140991e-01
2.027372270822525024e-01
2.014917731285095215e-01
2.077439427375793457e-01
2.037598937749862671e-01
2.052162885665893555e-01
2.051036506891250610e-01
2.055367976427078247e-01
2.046783268451690674e-01
2.064286470413208008e-01
2.040746808052062988e-01
2.058602869510650635e-01
2.038668543100357056e-01
2.049870193004608154e-01
2.044751048088073730e-01
2.060901075601577759e-01
2.054179608821868896e-01
2.052126675844192505e-01
2.057423144578933716e-01
2.054390460252761841e-01
2.049991190433502197e-01
2.047999203205108643e-01
2.038846015930175781e-01
2.038358747959136963e-01
2.044645547866821289e-01
2.035709172487258911e-01
2.031256258487701416e-01
2.047708481550216675e-01
2.024790644645690918e-01
2.042284011840820312e-01
2.014734745025634766e-01
2.055462747812271118e-01
2.013854682445526123e-01
2.018381804227828979e-01
2.042170614004135132e-01
2.043484598398208618e-01
2.050557732582092285e-01
2.020232379436492920e-01
2.049495130777359009e-01
2.032071202993392944e-01
2.044964432716369629e-01
2.062842696905136108e-01
2.045022696256637573e-01
2.027958482503890991e-01
2.023865133523941040e-01
2.033818811178207397e-01
2.047528773546218872e-01
2.008448988199234009e-01
2.038540244102478027e-01
2.050352096557617188e-01
2.020219564437866211e-01
2.030385285615921021e-01
2.057563662528991699e-01
2.030045539140701294e-01
2.029843181371688843e-01
2.055020332336425781e-01
2.025318294763565063e-01
2.048569768667221069e-01
2.015980631113052368e-01
2.034266740083694458e-01
2.003445774316787720e-01
2.000890225172042847e-01
2.016125470399856567e-01
2.026266753673553467e-01
2.040266841650009155e-01
2.024799883365631104e-01
2.011031210422515869e-01
2.016975283622741699e-01
2.014636546373367310e-01
2.008105963468551636e-01
2.020170241594314575e-01
2.031478583812713623e-01
2.006919384002685547e-01
2.015371918678283691e-01
2.014367580413818359e-01
2.018579393625259399e-01
2.010369598865509033e-01
2.012696862220764160e-01
2.021735459566116333e-01
2.010899037122726440e-01
2.022728621959686279e-01
2.003758996725082397e-01
2.026816457509994507e-01
2.028366476297378540e-01
1.998815834522247314e-01
1.997921019792556763e-01
2.019492983818054199e-01
2.021689414978027344e-01
2.016521990299224854e-01
2.017222195863723755e-01
1.999219805002212524e-01
2.016312927007675171e-01
2.015344351530075073e-01
2.026250958442687988e-01
1.977640539407730103e-01
2.048717290163040161e-01
2.019490599632263184e-01
2.045284509658813477e-01
2.011398524045944214e-01
2.025045007467269897e-01
2.008730620145797729e-01
2.005703598260879517e-01
2.029937058687210083e-01
1.987701207399368286e-01
2.029310762882232666e-01
2.024406641721725464e-01
2.031424790620803833e-01
2.020401060581207275e-01
2.020023316144943237e-01
1.998277604579925537e-01
2.012978196144104004e-01
2.018228620290756226e-01
2.016633152961730957e-01
2.000918239355087280e-01
2.002574652433395386e-01
2.021773606538772583e-01
2.019667774438858032e-01
2.001205533742904663e-01
1.991828083992004395e-01
1.996123790740966797e-01
2.020441591739654541e-01
2.014117091894149780e-01
1.996214687824249268e-01
1.998616009950637817e-01
1.999922692775726318e-01
2.003258168697357178e-01
2.019784450531005859e-01
1.990378350019454956e-01
1.984882503747940063e-01
2.012600302696228027e-01
2.004716247320175171e-01
2.014254182577133179e-01
1.967490166425704956e-01
2.004786580801010132e-01
1.986556053161621094e-01
2.000691890716552734e-01
2.007488459348678589e-01
1.994583010673522949e-01
2.015072852373123169e-01
2.019719034433364868e-01
1.987824290990829468e-01
2.009756416082382202e-01
2.014346867799758911e-01
2.000059336423873901e-01
2.020893841981887817e-01
1.991665959358215332e-01
1.977027058601379395e-01
1.999995857477188110e-01
1.993892341852188110e-01
2.001273036003112793e-01
1.993437111377716064e-01
1.997245103120803833e-01
2.006142437458038330e-01
1.981834322214126587e-01
1.992352455854415894e-01
1.993902176618576050e-01
1.981484889984130859e-01
1.995706111192703247e-01
1.990084350109100342e-01
1.991398185491561890e-01
2.007465213537216187e-01
1.972595006227493286e-01
1.999247819185256958e-01
2.009630650281906128e-01
1.981354206800460815e-01
2.005519419908523560e-01
1.981448233127593994e-01
1.994724571704864502e-01
2.000811398029327393e-01
2.002123892307281494e-01
1.977781951427459717e-01
1.968827992677688599e-01
1.983877420425415039e-01
1.995806246995925903e-01
2.004888951778411865e-01
1.981640011072158813e-01
1.983076483011245728e-01
1.994326710700988770e-01
1.986130774021148682e-01
1.998989433050155640e-01
1.987519413232803345e-01
1.993671953678131104e-01
1.968203485012054443e-01
1.994077563285827637e-01
1.966708898544311523e-01
1.984870135784149170e-01
1.995171606540679932e-01
1.981286853551864624e-01
1.984543353319168091e-01
1.967319548130035400e-01
1.984638273715972900e-01
1.970610469579696655e-01
1.968069672584533691e-01
1.973412930965423584e-01
1.955239027738571167e-01
1.994586586952209473e-01
2.003831714391708374e-01
1.986814737319946289e-01
1.997022032737731934e-01
2.008205503225326538e-01
1.969716548919677734e-01
1.992773562669754028e-01
1.963563114404678345e-01
1.987453550100326538e-01
1.963955461978912354e-01
2.003738135099411011e-01
1.997190117835998535e-01
1.976531594991683960e-01
1.953963637351989746e-01
1.968977302312850952e-01
1.967017650604248047e-01
1.991017907857894897e-01
2.000290751457214355e-01
1.997791826725006104e-01
1.979351788759231567e-01
1.977910548448562622e-01
1.977055519819259644e-01
1.976797431707382202e-01
1.995858252048492432e-01
1.985987275838851929e-01
1.974381059408187866e-01
1.978439837694168091e-01
1.954914331436157227e-01
1.969615966081619263e-01
1.973875164985656738e-01
1.991443186998367310e-01
1.987811774015426636e-01
1.952925920486450195e-01
1.939238905906677246e-01
1.970687210559844971e-01
1.988441646099090576e-01
1.968279629945755005e-01
1.980267912149429321e-01
1.954107433557510376e-01
1.972547769546508789e-01
1.964100301265716553e-01
1.985683888196945190e-01
1.979187428951263428e-01
1.977718919515609741e-01
1.992456316947937012e-01
1.942326128482818604e-01
1.963509321212768555e-01
1.953251063823699951e-01
1.980151683092117310e-01
1.973472982645034790e-01
1.962112188339233398e-01
1.990257650613784790e-01
1.955969631671905518e-01
1.975918412208557129e-01
1.979867964982986450e-01
1.981218010187149048e-01
1.955349296331405640e-01
1.966402381658554077e-01
1.972386538982391357e-01
1.960838437080383301e-01
1.991199254989624023e-01
1.960329860448837280e-01
1.957479268312454224e-01
1.953977197408676147e-01
1.986508071422576904e-01
1.945325881242752075e-01
1.970193535089492798e-01
1.959991157054901123e-01
1.982722878456115723e-01
1.966324150562286377e-01
1.960540562868118286e-01
1.961452811956405640e-01
1.976311504840850830e-01
1.961847096681594849e-01
1.974802166223526001e-01
1.961379498243331909e-01
1.963368207216262817e-01
1.927839517593383789e-01
1.945812702178955078e-01
1.976948529481887817e-01
1.963701993227005005e-01
1.953103095293045044e-01
1.948148161172866821e-01
1.940762400627136230e-01
1.972043663263320923e-01
1.970842927694320679e-01
1.950339525938034058e-01
1.960370391607284546e-01
1.983198672533035278e-01
1.954930722713470459e-01
1.951161921024322510e-01
1.952342092990875244e-01
1.952807754278182983e-01
1.970966905355453491e-01
1.995298415422439575e-01
1.950864493846893311e-01
1.942923814058303833e-01
1.980496048927307129e-01
1.945414841175079346e-01
1.923621892929077148e-01
1.953412145376205444e-01
1.950721740722656250e-01
1.970500797033309937e-01
1.943518966436386108e-01
1.964738965034484863e-01
1.933294087648391724e-01
1.935710161924362183e-01
1.944649219512939453e-01
1.952223032712936401e-01
1.967713981866836548e-01
1.942210197448730469e-01
1.959691643714904785e-01
1.951598525047302246e-01
1.957873255014419556e-01
1.952837258577346802e-01
1.928621679544448853e-01
1.973289549350738525e-01
1.967204511165618896e-01
1.961642801761627197e-01
1.942749917507171631e-01
1.922470778226852417e-01
1.951587945222854614e-01
1.939925849437713623e-01
1.945008784532546997e-01
1.945820003747940063e-01
1.943418830633163452e-01
1.942844986915588379e-01
1.958430260419845581e-01
1.944248378276824951e-01
1.946799159049987793e-01
1.949561685323715210e-01
1.935782581567764282e-01
1.949754208326339722e-01
1.939320415258407593e-01
1.994436681270599365e-01
1.960854083299636841e-01
1.954485923051834106e-01
1.953072249889373779e-01
1.958316564559936523e-01
1.946256756782531738e-01
1.937846988439559937e-01
1.934078633785247803e-01
1.946302205324172974e-01
1.943838447332382202e-01
1.929126977920532227e-01
1.939019113779067993e-01
1.955619305372238159e-01
1.967836618423461914e-01
1.922818273305892944e-01
1.945877075195312500e-01
1.967303752899169922e-01
1.953033655881881714e-01
1.938987374305725098e-01
1.938400119543075562e-01
1.951378136873245239e-01
1.934348642826080322e-01
1.944925636053085327e-01
1.950052976608276367e-01
1.946157515048980713e-01
1.936632841825485229e-01
1.959458589553833008e-01
1.939204335212707520e-01
1.923502534627914429e-01
1.953929364681243896e-01
1.945002079010009766e-01
1.941513568162918091e-01
1.960312575101852417e-01
1.943825036287307739e-01
1.939977556467056274e-01
1.956350058317184448e-01
1.944066733121871948e-01
1.950323879718780518e-01
1.951878815889358521e-01
1.914193779230117798e-01
1.943340152502059937e-01
1.913353055715560913e-01
1.962168812751770020e-01
1.955355852842330933e-01
1.940225958824157715e-01
1.932112425565719604e-01
1.944871991872787476e-01
1.932303309440612793e-01
1.934100687503814697e-01
1.939644664525985718e-01
1.922022104263305664e-01
1.939762234687805176e-01
1.969534754753112793e-01
1.922456622123718262e-01
1.953565329313278198e-01
1.909395307302474976e-01
1.930399984121322632e-01
1.933467984199523926e-01
1.926029473543167114e-01
1.907044351100921631e-01
1.931152790784835815e-01
1.905221045017242432e-01
1.935186982154846191e-01
1.934095919132232666e-01
1.950374245643615723e-01
1.947065889835357666e-01
1.932024955749511719e-01
1.931301355361938477e-01
1.935817450284957886e-01
1.930798739194869995e-01
1.925325840711593628e-01
1.946744024753570557e-01
1.930535435676574707e-01
1.923073977231979370e-01
1.923808902502059937e-01
1.923813968896865845e-01
1.943537145853042603e-01
1.946393251419067383e-01
1.912804692983627319e-01
1.913419216871261597e-01
1.915354579687118530e-01
1.920843124389648438e-01
1.916073113679885864e-01
1.949973404407501221e-01
1.933604478836059570e-01
1.916956752538681030e-01
1.946399956941604614e-01
1.908803582191467285e-01
1.924352645874023438e-01
1.936164051294326782e-01
1.896440386772155762e-01
1.901875138282775879e-01
1.927777677774429321e-01
1.917562037706375122e-01
1.932978034019470215e-01
1.917897313833236694e-01
1.929268687963485718e-01
1.912619471549987793e-01
1.897947043180465698e-01
1.927615553140640259e-01
1.940467506647109985e-01
1.945960819721221924e-01
1.919979453086853027e-01
1.931614577770233154e-01
1.900511384010314941e-01
1.954197138547897339e-01
1.946003139019012451e-01
1.904533207416534424e-01
1.921024173498153687e-01
1.916759759187698364e-01
1.916857808828353882e-01
1.932396143674850464e-01
1.942576617002487183e-01
1.944316029548645020e-01
1.928160786628723145e-01
1.918185204267501831e-01
1.953038126230239868e-01
1.906392574310302734e-01
