9.853501319885253906e-01
9.746108055114746094e-01
9.638023376464843750e-01
9.531152844429016113e-01
9.398502111434936523e-01
9.289568066596984863e-01
9.124413132667541504e-01
8.960435986518859863e-01
8.747657537460327148e-01
8.560331463813781738e-01
8.323752880096435547e-01
8.058891892433166504e-01
7.812131643295288086e-01
7.542967200279235840e-01
7.234878540039062500e-01
6.934787631034851074e-01
6.705421805381774902e-01
6.453264355659484863e-01
6.179191470146179199e-01
5.971047878265380859e-01
5.815097689628601074e-01
5.754350423812866211e-01
5.615848302841186523e-01
5.583077669143676758e-01
5.471881628036499023e-01
5.462237000465393066e-01
5.410362482070922852e-01
5.362610220909118652e-01
5.301376581192016602e-01
5.238222479820251465e-01
5.188942551612854004e-01
5.334244966506958008e-01
5.035395026206970215e-01
4.964680075645446777e-01
4.935167133808135986e-01
4.857428371906280518e-01
4.935377538204193115e-01
4.872443377971649170e-01
4.923191666603088379e-01
4.820463061332702637e-01
4.833228886127471924e-01
4.755072891712188721e-01
4.746152758598327637e-01
4.737565517425537109e-01
4.625019133090972900e-01
4.654477238655090332e-01
4.592791795730590820e-01
4.525212049484252930e-01
4.634978473186492920e-01
4.602828025817871094e-01
4.535238146781921387e-01
4.442927241325378418e-01
4.452029764652252197e-01
4.403419792652130127e-01
4.502419233322143555e-01
4.379871785640716553e-01
4.409738183021545410e-01
4.341146051883697510e-01
4.368270933628082275e-01
4.333627223968505859e-01
4.321836233139038086e-01
4.221126139163970947e-01
4.267266094684600830e-01
4.265997707843780518e-01
4.206163585186004639e-01
4.207358062267303467e-01
4.200882315635681152e-01
4.150907993316650391e-01
4.139331579208374023e-01
4.156334996223449707e-01
4.139154851436614990e-01
4.141550362110137939e-01
4.134742021560668945e-01
4.085396230220794678e-01
4.097729921340942383e-01
4.053149819374084473e-01
4.022646248340606689e-01
4.014473855495452881e-01
3.995897173881530762e-01
3.949840068817138672e-01
4.004617333412170410e-01
3.919347226619720459e-01
3.958262503147125244e-01
3.922856152057647705e-01
3.933628201484680176e-01
3.894616067409515381e-01
3.940609693527221680e-01
3.900983035564422607e-01
3.907549083232879639e-01
3.929155468940734863e-01
3.850475251674652100e-01
3.877955973148345947e-01
3.808963894844055176e-01
3.813388049602508545e-01
3.768944740295410156e-01
3.787876367568969727e-01
3.808286190032958984e-01
3.824058175086975098e-01
3.759702146053314209e-01
3.744206428527832031e-01
3.774481117725372314e-01
3.720034062862396240e-01
3.707476258277893066e-01
3.688268959522247314e-01
3.703498244285583496e-01
3.692221641540527344e-01
3.673911988735198975e-01
3.663905858993530273e-01
3.670777082443237305e-01
3.688887357711791992e-01
3.608216047286987305e-01
3.631213009357452393e-01
3.655060529708862305e-01
3.575319051742553711e-01
3.606627583503723145e-01
3.649571537971496582e-01
3.586326241493225098e-01
3.603248596191406250e-01
3.585088551044464111e-01
3.550255298614501953e-01
3.555055856704711914e-01
3.537653684616088867e-01
3.557750284671783447e-01
3.528634011745452881e-01
3.536786735057830811e-01
3.513891100883483887e-01
3.501765131950378418e-01
3.470041751861572266e-01
3.530317842960357666e-01
3.500400781631469727e-01
3.445422947406768799e-01
3.486746251583099365e-01
3.476912379264831543e-01
3.480968475341796875e-01
3.437845706939697266e-01
3.426175415515899658e-01
3.405189514160156250e-01
3.381190896034240723e-01
3.445278406143188477e-01
3.421001136302947998e-01
3.391663730144500732e-01
3.394289910793304443e-01
3.384078443050384521e-01
3.384070694446563721e-01
3.383683562278747559e-01
3.395373225212097168e-01
3.342433869838714600e-01
3.378925025463104248e-01
3.383860886096954346e-01
3.391453921794891357e-01
3.348197937011718750e-01
3.318186998367309570e-01
3.376498818397521973e-01
3.283644616603851318e-01
3.324845433235168457e-01
3.313927650451660156e-01
3.321895897388458252e-01
3.287035524845123291e-01
3.324154615402221680e-01
3.311744332313537598e-01
3.246534168720245361e-01
3.306024670600891113e-01
3.247670829296112061e-01
3.268611729145050049e-01
3.272959589958190918e-01
3.252470493316650391e-01
3.227143287658691406e-01
3.221166133880615234e-01
3.241158723831176758e-01
3.209988474845886230e-01
3.206087350845336914e-01
3.222612738609313965e-01
3.168636560440063477e-01
3.234662413597106934e-01
3.209481239318847656e-01
3.205724358558654785e-01
3.173696100711822510e-01
3.160905241966247559e-01
3.169472217559814453e-01
3.157848119735717773e-01
3.114926517009735107e-01
3.175143301486968994e-01
3.125713169574737549e-01
3.133211731910705566e-01
3.118307888507843018e-01
3.167763650417327881e-01
3.162819147109985352e-01
3.110102117061614990e-01
3.163265585899353027e-01
3.121888935565948486e-01
3.095874786376953125e-01
3.097220361232757568e-01
3.067934811115264893e-01
3.099892437458038330e-01
3.074207007884979248e-01
3.113122284412384033e-01
3.073077797889709473e-01
3.072031140327453613e-01
3.039651811122894287e-01
3.068657219409942627e-01
3.302547931671142578e-01
3.309872150421142578e-01
3.283336460590362549e-01
3.291902244091033936e-01
3.282962143421173096e-01
3.307300209999084473e-01
3.288444876670837402e-01
3.266513645648956299e-01
3.288176059722900391e-01
3.252505660057067871e-01
3.279241025447845459e-01
3.244083523750305176e-01
3.250810205936431885e-01
3.261121511459350586e-01
3.212817907333374023e-01
3.238513469696044922e-01
3.262758851051330566e-01
3.263571858406066895e-01
3.216960728168487549e-01
3.242204487323760986e-01
3.195308148860931396e-01
3.251003324985504150e-01
3.157852590084075928e-01
3.185503482818603516e-01
3.212922513484954834e-01
3.189466595649719238e-01
3.191491663455963135e-01
3.162423968315124512e-01
3.191304504871368408e-01
3.148954808712005615e-01
3.202232122421264648e-01
3.163868188858032227e-01
3.114539384841918945e-01
3.161188662052154541e-01
3.151460886001586914e-01
3.147333562374114990e-01
3.152657747268676758e-01
3.149341046810150146e-01
3.100735545158386230e-01
3.151753246784210205e-01
3.125720918178558350e-01
3.092148602008819580e-01
3.113417625427246094e-01
3.127685189247131348e-01
3.067507743835449219e-01
3.082927763462066650e-01
3.072931468486785889e-01
3.088294267654418945e-01
3.085674941539764404e-01
3.086977303028106689e-01
3.091804981231689453e-01
3.041175305843353271e-01
3.058058917522430420e-01
3.061136007308959961e-01
3.030234575271606445e-01
3.028373420238494873e-01
3.037584424018859863e-01
3.002158105373382568e-01
3.001072108745574951e-01
3.026770055294036865e-01
3.009226024150848389e-01
3.008378744125366211e-01
3.020494878292083740e-01
3.019883334636688232e-01
3.008145391941070557e-01
3.007522225379943848e-01
2.991914153099060059e-01
3.018963932991027832e-01
2.959375977516174316e-01
2.955566942691802979e-01
2.978454828262329102e-01
2.983646690845489502e-01
2.979376018047332764e-01
2.957628071308135986e-01
2.924853563308715820e-01
2.960410416126251221e-01
2.916601002216339111e-01
2.968939542770385742e-01
2.960946261882781982e-01
2.943132519721984863e-01
2.930582761764526367e-01
2.943525612354278564e-01
2.971411049365997314e-01
2.924405336380004883e-01
2.925740480422973633e-01
2.905455231666564941e-01
2.928058207035064697e-01
2.930100560188293457e-01
2.888506054878234863e-01
2.913378179073333740e-01
2.866643369197845459e-01
2.901166081428527832e-01
2.861728370189666748e-01
2.869677841663360596e-01
2.896580100059509277e-01
2.882401049137115479e-01
2.881302535533905029e-01
2.889316678047180176e-01
2.884500324726104736e-01
2.853789329528808594e-01
2.841735482215881348e-01
2.857649028301239014e-01
2.863411307334899902e-01
2.851515710353851318e-01
2.891034483909606934e-01
2.814877927303314209e-01
2.861331701278686523e-01
2.811640202999114990e-01
2.802197635173797607e-01
2.803417146205902100e-01
2.859148681163787842e-01
2.834717035293579102e-01
2.838838100433349609e-01
2.823990881443023682e-01
2.817913293838500977e-01
2.821049690246582031e-01
2.816344201564788818e-01
2.823120355606079102e-01
2.806395888328552246e-01
2.791928946971893311e-01
2.798038125038146973e-01
2.791722714900970459e-01
2.803689837455749512e-01
2.778003215789794922e-01
2.822205424308776855e-01
2.732924818992614746e-01
2.761819064617156982e-01
2.778553962707519531e-01
2.777474224567413330e-01
2.744185626506805420e-01
2.724247574806213379e-01
2.747407555580139160e-01
2.756732702255249023e-01
2.742594182491302490e-01
2.742180526256561279e-01
2.748735547065734863e-01
2.738496959209442139e-01
2.733360230922698975e-01
2.744625508785247803e-01
2.726080715656280518e-01
2.721100151538848877e-01
2.707566022872924805e-01
2.716298401355743408e-01
2.697097361087799072e-01
2.707073688507080078e-01
2.701511085033416748e-01
2.729208767414093018e-01
2.719714045524597168e-01
2.700678706169128418e-01
2.693277299404144287e-01
2.718572616577148438e-01
2.707541882991790771e-01
2.695547044277191162e-01
2.708357870578765869e-01
2.670438289642333984e-01
2.677563428878784180e-01
2.708179056644439697e-01
2.645528018474578857e-01
2.692704796791076660e-01
2.696665525436401367e-01
2.693467438220977783e-01
2.678306400775909424e-01
2.658003270626068115e-01
2.677196562290191650e-01
2.661438584327697754e-01
2.643304765224456787e-01
2.683938443660736084e-01
2.668679356575012207e-01
2.685111761093139648e-01
2.655042409896850586e-01
2.677982449531555176e-01
2.650827169418334961e-01
2.615546584129333496e-01
2.679123580455780029e-01
2.615004181861877441e-01
2.620444595813751221e-01
2.644562125205993652e-01
2.627714872360229492e-01
2.633330225944519043e-01
2.647677958011627197e-01
2.618837654590606689e-01
2.609138786792755127e-01
2.613543272018432617e-01
2.633391320705413818e-01
2.608085572719573975e-01
2.614051699638366699e-01
2.639677822589874268e-01
2.603664398193359375e-01
2.608400881290435791e-01
2.566378712654113770e-01
2.612010836601257324e-01
2.599689066410064697e-01
2.608743607997894287e-01
2.584131658077239990e-01
2.609361112117767334e-01
2.613769769668579102e-01
2.607035934925079346e-01
2.552715241909027100e-01
2.584688365459442139e-01
2.611887156963348389e-01
2.574333250522613525e-01
2.570186257362365723e-01
2.584456801414489746e-01
2.588600218296051025e-01
2.587293684482574463e-01
2.613690495491027832e-01
2.561081349849700928e-01
2.571492195129394531e-01
2.591716945171356201e-01
2.562448978424072266e-01
2.564879953861236572e-01
2.577732205390930176e-01
2.572661042213439941e-01
2.576207220554351807e-01
2.591648697853088379e-01
2.553539276123046875e-01
2.556944191455841064e-01
2.574672102928161621e-01
2.564407587051391602e-01
2.572408914566040039e-01
2.525601983070373535e-01
2.557124197483062744e-01
2.523880898952484131e-01
2.537674903869628906e-01
2.524040341377258301e-01
2.526779770851135254e-01
2.544151246547698975e-01
2.543769776821136475e-01
2.522740364074707031e-01
2.508812844753265381e-01
2.522460818290710449e-01
2.528114914894104004e-01
2.531469762325286865e-01
2.547854185104370117e-01
2.527337074279785156e-01
2.531997859477996826e-01
2.517184913158416748e-01
2.520771324634552002e-01
2.518246769905090332e-01
2.514153420925140381e-01
2.506775856018066406e-01
2.511762380599975586e-01
2.518798410892486572e-01
2.530265748500823975e-01
2.505404949188232422e-01
2.497529536485671997e-01
2.497814744710922241e-01
2.488385587930679321e-01
2.461268603801727295e-01
2.473450154066085815e-01
2.496042400598526001e-01
2.509834170341491699e-01
2.490665167570114136e-01
2.491908669471740723e-01
2.495170980691909790e-01
2.503575980663299561e-01
2.449089288711547852e-01
2.486529648303985596e-01
2.485027760267257690e-01
2.493627369403839111e-01
2.504595518112182617e-01
2.501328289508819580e-01
2.461407482624053955e-01
2.448371201753616333e-01
2.471348941326141357e-01
2.465714216232299805e-01
2.481309175491333008e-01
2.479537427425384521e-01
2.493844777345657349e-01
2.469509690999984741e-01
2.461902350187301636e-01
2.475241124629974365e-01
2.476070672273635864e-01
2.465539425611495972e-01
2.446320801973342896e-01
2.460602968931198120e-01
2.444472461938858032e-01
2.488317489624023438e-01
2.477850764989852905e-01
2.488169670104980469e-01
2.480081617832183838e-01
2.471495866775512695e-01
2.440981268882751465e-01
2.452697157859802246e-01
2.438736110925674438e-01
2.492223978042602539e-01
2.448065429925918579e-01
2.495177239179611206e-01
2.425707429647445679e-01
2.430242449045181274e-01
2.451258748769760132e-01
2.438850700855255127e-01
2.437528967857360840e-01
2.447694689035415649e-01
2.420558184385299683e-01
2.456538230180740356e-01
2.443737387657165527e-01
2.425789833068847656e-01
2.392004430294036865e-01
2.432998269796371460e-01
2.414555847644805908e-01
2.444498538970947266e-01
2.464134097099304199e-01
2.407430261373519897e-01
2.426531761884689331e-01
2.453489601612091064e-01
2.421851009130477905e-01
2.417974472045898438e-01
2.433971613645553589e-01
2.427032887935638428e-01
2.398822158575057983e-01
2.439519017934799194e-01
2.435466200113296509e-01
2.382580935955047607e-01
2.415201961994171143e-01
2.421115189790725708e-01
2.414854764938354492e-01
2.390323728322982788e-01
2.417242527008056641e-01
2.422673404216766357e-01
2.402351796627044678e-01
2.426715195178985596e-01
2.394371628761291504e-01
2.405386865139007568e-01
2.420787066221237183e-01
2.396850287914276123e-01
2.437187880277633667e-01
2.382093966007232666e-01
2.402381300926208496e-01
2.374354153871536255e-01
2.396832853555679321e-01
2.387837916612625122e-01
2.375933974981307983e-01
2.395028024911880493e-01
2.391489446163177490e-01
2.404031008481979370e-01
2.396032661199569702e-01
2.382383942604064941e-01
2.372417449951171875e-01
2.359511852264404297e-01
2.394636869430541992e-01
2.388619333505630493e-01
2.365557104349136353e-01
2.377121746540069580e-01
2.385771423578262329e-01
2.385363727807998657e-01
2.391845881938934326e-01
2.353824675083160400e-01
2.345653921365737915e-01
2.391629964113235474e-01
2.415411919355392456e-01
2.396655380725860596e-01
2.358756512403488159e-01
2.390647977590560913e-01
2.364920079708099365e-01
2.357301712036132812e-01
2.396221458911895752e-01
2.326458990573883057e-01
2.368417233228683472e-01
2.417575567960739136e-01
2.362693548202514648e-01
2.373774945735931396e-01
2.356916815042495728e-01
2.358988821506500244e-01
2.351908832788467407e-01
2.365230768918991089e-01
2.380410134792327881e-01
2.315883189439773560e-01
2.338007241487503052e-01
2.331369370222091675e-01
2.380618751049041748e-01
2.349679768085479736e-01
2.351650595664978027e-01
2.354377508163452148e-01
2.335808277130126953e-01
2.345683723688125610e-01
2.333554774522781372e-01
2.337830066680908203e-01
2.366802841424942017e-01
2.363109886646270752e-01
2.345899641513824463e-01
2.340319305658340454e-01
2.348467856645584106e-01
2.333736717700958252e-01
2.326507568359375000e-01
2.325977683067321777e-01
2.306494563817977905e-01
2.318613380193710327e-01
2.314922362565994263e-01
2.331567853689193726e-01
2.301313579082489014e-01
2.297216355800628662e-01
2.347795665264129639e-01
2.311055213212966919e-01
2.338339388370513916e-01
2.362769097089767456e-01
2.332636266946792603e-01
2.320828735828399658e-01
2.327666580677032471e-01
2.352801561355590820e-01
2.305720746517181396e-01
2.319583743810653687e-01
2.333189100027084351e-01
2.294850647449493408e-01
2.316800653934478760e-01
2.331661581993103027e-01
2.308659702539443970e-01
2.327061444520950317e-01
2.317071408033370972e-01
2.310140281915664673e-01
2.323005199432373047e-01
2.308015376329421997e-01
2.314644604921340942e-01
2.348376512527465820e-01
2.310673445463180542e-01
2.316292971372604370e-01
2.300611436367034912e-01
2.309844493865966797e-01
2.304856330156326294e-01
2.310231477022171021e-01
2.317611128091812134e-01
2.296769320964813232e-01
2.334969490766525269e-01
2.310505956411361694e-01
2.330870181322097778e-01
2.305554300546646118e-01
2.301909923553466797e-01
2.283201515674591064e-01
2.317784875631332397e-01
2.336390316486358643e-01
2.289454638957977295e-01
2.283522039651870728e-01
2.284720838069915771e-01
2.249743491411209106e-01
2.286975532770156860e-01
2.267862409353256226e-01
2.287755012512207031e-01
2.309283465147018433e-01
2.285010814666748047e-01
2.295968830585479736e-01
2.282519042491912842e-01
2.319898158311843872e-01
2.258104681968688965e-01
2.275808751583099365e-01
2.272460460662841797e-01
2.298492193222045898e-01
2.260105758905410767e-01
2.281082868576049805e-01
2.283790111541748047e-01
2.296352237462997437e-01
2.262052744626998901e-01
2.287399321794509888e-01
2.284580767154693604e-01
2.293604761362075806e-01
2.264702618122100830e-01
2.269665002822875977e-01
2.267362028360366821e-01
2.267640233039855957e-01
2.274170070886611938e-01
2.261714190244674683e-01
2.295470982789993286e-01
2.250969260931015015e-01
2.286870032548904419e-01
2.280657589435577393e-01
2.273505330085754395e-01
2.217196524143218994e-01
2.269281446933746338e-01
2.265034466981887817e-01
2.263446450233459473e-01
2.243759036064147949e-01
2.247079908847808838e-01
2.252249270677566528e-01
2.267298698425292969e-01
2.259881943464279175e-01
2.254983186721801758e-01
2.278767675161361694e-01
2.264833003282546997e-01
2.259159684181213379e-01
2.272783815860748291e-01
2.243263125419616699e-01
2.261330336332321167e-01
2.258498221635818481e-01
2.269263416528701782e-01
2.242795079946517944e-01
2.236177325248718262e-01
2.272427231073379517e-01
2.262467145919799805e-01
2.239245772361755371e-01
2.249707579612731934e-01
2.257085442543029785e-01
2.275758534669876099e-01
2.271939665079116821e-01
2.278628051280975342e-01
2.224421352148056030e-01
2.259807288646697998e-01
2.230408191680908203e-01
2.222145944833755493e-01
2.245484590530395508e-01
2.261315584182739258e-01
2.263885587453842163e-01
2.231212854385375977e-01
2.214808762073516846e-01
2.241544723510742188e-01
2.204446345567703247e-01
2.253779470920562744e-01
2.264862656593322754e-01
2.249447703361511230e-01
2.246534228324890137e-01
2.243877351284027100e-01
2.227149754762649536e-01
2.257873564958572388e-01
2.236896008253097534e-01
2.233483344316482544e-01
2.228632420301437378e-01
2.215561121702194214e-01
2.245091050863265991e-01
2.224222421646118164e-01
2.249156832695007324e-01
2.231263667345046997e-01
2.203559130430221558e-01
2.247699648141860962e-01
2.208392322063446045e-01
2.222944200038909912e-01
2.225311696529388428e-01
2.212610691785812378e-01
2.230058759450912476e-01
2.226606905460357666e-01
2.221257090568542480e-01
2.218666374683380127e-01
2.223921418190002441e-01
2.227138578891754150e-01
2.246442884206771851e-01
2.223670482635498047e-01
2.219541370868682861e-01
2.230097204446792603e-01
2.225656807422637939e-01
2.228875011205673218e-01
2.197621017694473267e-01
2.195842862129211426e-01
2.216146737337112427e-01
2.212012410163879395e-01
2.219912409782409668e-01
2.207389473915100098e-01
2.222988754510879517e-01
2.224965095520019531e-01
2.252489179372787476e-01
2.210393846035003662e-01
2.218195348978042603e-01
2.206090539693832397e-01
2.190910577774047852e-01
2.204967439174652100e-01
2.203620821237564087e-01
2.202350199222564697e-01
2.208072245121002197e-01
2.228028476238250732e-01
2.225993573665618896e-01
2.210615426301956177e-01
2.190285176038742065e-01
2.207616716623306274e-01
2.224670797586441040e-01
2.193658947944641113e-01
2.172821313142776489e-01
2.191481292247772217e-01
2.202845662832260132e-01
2.214201986789703369e-01
2.190830558538436890e-01
2.196219414472579956e-01
2.193469554185867310e-01
2.193398624658584595e-01
2.208987623453140259e-01
2.178736776113510132e-01
2.261252105236053467e-01
2.144027501344680786e-01
2.218108773231506348e-01
2.181178778409957886e-01
2.189045399427413940e-01
2.203379124402999878e-01
2.202544361352920532e-01
2.200420349836349487e-01
2.188583612442016602e-01
2.186900824308395386e-01
2.165001034736633301e-01
2.188830226659774780e-01
2.184351533651351929e-01
2.176738828420639038e-01
2.166009098291397095e-01
2.177380472421646118e-01
2.183665037155151367e-01
2.167479395866394043e-01
2.163288593292236328e-01
2.170749455690383911e-01
2.189920395612716675e-01
2.207890450954437256e-01
2.198351621627807617e-01
2.212581187486648560e-01
2.157497107982635498e-01
2.178405672311782837e-01
2.193285673856735229e-01
2.170763909816741943e-01
2.174824625253677368e-01
2.189014256000518799e-01
2.142615169286727905e-01
2.140168398618698120e-01
2.157167941331863403e-01
2.169934362173080444e-01
2.163457274436950684e-01
2.152911424636840820e-01
2.183721363544464111e-01
2.171435505151748657e-01
2.172029614448547363e-01
2.186026722192764282e-01
2.157658487558364868e-01
2.137050777673721313e-01
2.177366763353347778e-01
2.190217524766921997e-01
2.171203494071960449e-01
2.167490571737289429e-01
2.159491032361984253e-01
2.159577310085296631e-01
2.195701897144317627e-01
2.169397771358489990e-01
2.149837613105773926e-01
2.176700681447982788e-01
2.155198454856872559e-01
2.165816426277160645e-01
2.159412652254104614e-01
2.170947194099426270e-01
2.172173708677291870e-01
2.131929099559783936e-01
2.130339443683624268e-01
2.165654897689819336e-01
2.161628901958465576e-01
2.148820161819458008e-01
2.119167596101760864e-01
2.172574549913406372e-01
2.162344306707382202e-01
2.160945236682891846e-01
2.162288129329681396e-01
2.169845253229141235e-01
2.177437543869018555e-01
2.148402035236358643e-01
2.173187583684921265e-01
2.141595631837844849e-01
2.131720930337905884e-01
2.146604061126708984e-01
2.160363495349884033e-01
2.159800827503204346e-01
2.163534760475158691e-01
2.146978825330734253e-01
2.118137329816818237e-01
2.142228931188583374e-01
2.146370112895965576e-01
2.147412300109863281e-01
2.134471237659454346e-01
2.106880098581314087e-01
2.154242992401123047e-01
2.136383056640625000e-01
2.132836878299713135e-01
2.141511291265487671e-01
2.163589000701904297e-01
2.146329879760742188e-01
2.146401405334472656e-01
2.156795263290405273e-01
2.115134894847869873e-01
2.135598510503768921e-01
2.172944396734237671e-01
2.137759923934936523e-01
2.160592526197433472e-01
2.141491621732711792e-01
2.150371819734573364e-01
2.129861414432525635e-01
2.140057682991027832e-01
2.128051221370697021e-01
2.134750634431838989e-01
2.149143368005752563e-01
2.138462364673614502e-01
2.128664404153823853e-01
2.134797722101211548e-01
2.126691639423370361e-01
2.156730741262435913e-01
2.160222232341766357e-01
2.141814231872558594e-01
2.135089486837387085e-01
2.124155312776565552e-01
2.114433348178863525e-01
2.128469944000244141e-01
2.123317569494247437e-01
2.119043022394180298e-01
2.118170261383056641e-01
2.120826840400695801e-01
2.127975076436996460e-01
2.115035206079483032e-01
2.116337269544601440e-01
2.128225564956665039e-01
2.109975367784500122e-01
2.132117748260498047e-01
2.094769477844238281e-01
2.125949710607528687e-01
2.120584547519683838e-01
2.124168574810028076e-01
2.109734863042831421e-01
2.093588709831237793e-01
2.107320874929428101e-01
2.116149663925170898e-01
2.129363119602203369e-01
2.105324864387512207e-01
2.133143246173858643e-01
2.095560133457183838e-01
2.143091857433319092e-01
2.100128978490829468e-01
2.117006778717041016e-01
2.102791815996170044e-01
2.096479088068008423e-01
2.102206647396087646e-01
2.093412131071090698e-01
2.133449614048004150e-01
2.115552127361297607e-01
2.116206884384155273e-01
2.133365273475646973e-01
2.116069942712783813e-01
2.126135677099227905e-01
2.138206511735916138e-01
2.128872275352478027e-01
2.106982618570327759e-01
2.121421545743942261e-01
2.127623856067657471e-01
2.123256325721740723e-01
2.098333686590194702e-01
2.125860154628753662e-01
2.118144780397415161e-01
2.110590040683746338e-01
2.113493084907531738e-01
2.105338871479034424e-01
2.135856151580810547e-01
2.113671749830245972e-01
2.105676084756851196e-01
2.111174762248992920e-01
2.101719230413436890e-01
2.103762328624725342e-01
2.127894610166549683e-01
2.103789299726486206e-01
2.106974720954895020e-01
2.119134217500686646e-01
2.107287198305130005e-01
2.081979066133499146e-01
2.118221372365951538e-01
2.082894593477249146e-01
2.086566090583801270e-01
2.105180621147155762e-01
2.071718573570251465e-01
2.088322192430496216e-01
2.100066542625427246e-01
2.093704640865325928e-01
2.115153819322586060e-01
2.129782438278198242e-01
2.079585194587707520e-01
2.096347659826278687e-01
2.098899632692337036e-01
2.117086648941040039e-01
2.070900648832321167e-01
2.068875283002853394e-01
2.090368717908859253e-01
2.091338336467742920e-01
2.116051763296127319e-01
2.098819911479949951e-01
2.098670154809951782e-01
2.109834104776382446e-01
2.110019922256469727e-01
2.083764523267745972e-01
2.062934190034866333e-01
2.095534503459930420e-01
2.099947929382324219e-01
2.080484777688980103e-01
2.106837481260299683e-01
2.090127617120742798e-01
2.109772264957427979e-01
2.101553678512573242e-01
2.082113772630691528e-01
2.090554684400558472e-01
2.103142589330673218e-01
2.075152695178985596e-01
2.079244703054428101e-01
2.117925882339477539e-01
2.076817452907562256e-01
2.094298303127288818e-01
2.095732837915420532e-01
2.097126096487045288e-01
2.079850435256958008e-01
2.078988254070281982e-01
2.073498815298080444e-01
2.063168138265609741e-01
2.064103335142135620e-01
2.069871127605438232e-01
2.071340680122375488e-01
2.091529667377471924e-01
2.075133174657821655e-01
2.073397487401962280e-01
2.068829387426376343e-01
2.077231854200363159e-01
2.103250175714492798e-01
2.072249054908752441e-01
2.092082798480987549e-01
2.071103453636169434e-01
2.039453387260437012e-01
2.084096521139144897e-01
2.066584080457687378e-01
2.077516317367553711e-01
2.081019431352615356e-01
2.075025886297225952e-01
2.058318108320236206e-01
2.056521028280258179e-01
2.074979245662689209e-01
2.066815495491027832e-01
2.065411061048507690e-01
2.075634449720382690e-01
2.064251601696014404e-01
2.054289281368255615e-01
2.060747891664505005e-01
2.101490348577499390e-01
2.068348228931427002e-01
2.092200219631195068e-01
2.078217417001724243e-01
2.060152441263198853e-01
2.070287317037582397e-01
2.063272744417190552e-01
2.070745080709457397e-01
2.081172615289688110e-01
2.081390321254730225e-01
2.067277580499649048e-01
2.070178985595703125e-01
2.078920602798461914e-01
2.084992527961730957e-01
2.069094926118850708e-01
2.088874727487564087e-01
2.060641497373580933e-01
2.080371975898742676e-01
2.058825194835662842e-01
2.060021162033081055e-01
2.060323953628540039e-01
2.083545327186584473e-01
2.081089466810226440e-01
2.043027877807617188e-01
2.036480307579040527e-01
2.080539762973785400e-01
2.069962620735168457e-01
2.053091675043106079e-01
2.069470584392547607e-01
2.084241062402725220e-01
2.029700875282287598e-01
2.058890312910079956e-01
2.081874608993530273e-01
2.057523429393768311e-01
2.082765549421310425e-01
2.006668448448181152e-01
2.088038772344589233e-01
2.080573439598083496e-01
2.044397741556167603e-01
2.038199007511138916e-01
2.053186893463134766e-01
2.037620544433593750e-01
2.036180049180984497e-01
2.064577788114547729e-01
2.075949609279632568e-01
2.040500193834304810e-01
2.039168924093246460e-01
2.052628844976425171e-01
2.074972838163375854e-01
2.061093598604202271e-01
2.040232867002487183e-01
2.076256275177001953e-01
2.049154788255691528e-01
2.072267979383468628e-01
2.059228718280792236e-01
2.022789716720581055e-01
2.024026066064834595e-01
2.054089903831481934e-01
2.061650753021240234e-01
2.044752836227416992e-01
2.072322815656661987e-01
2.038648724555969238e-01
2.040250748395919800e-01
2.027628868818283081e-01
2.028471678495407104e-01
2.031080275774002075e-01
2.056881040334701538e-01
2.059565186500549316e-01
2.056354880332946777e-01
2.049339711666107178e-01
2.063731551170349121e-01
2.044161707162857056e-01
2.016453444957733154e-01
2.043128609657287598e-01
2.066553682088851929e-01
2.051762342453002930e-01
2.034395486116409302e-01
2.042511254549026489e-01
2.026411890983581543e-01
2.064450979232788086e-01
2.036919742822647095e-01
2.043938040733337402e-01
2.044623196125030518e-01
2.038460075855255127e-01
2.058398872613906860e-01
2.063916176557540894e-01
2.024284154176712036e-01
2.047536671161651611e-01
2.036351859569549561e-01
2.048455476760864258e-01
2.022330313920974731e-01
2.035051733255386353e-01
2.033701092004776001e-01
2.042436450719833374e-01
2.009955495595932007e-01
2.043119668960571289e-01
2.041543424129486084e-01
2.030794620513916016e-01
2.008916586637496948e-01
2.016713321208953857e-01
2.039214819669723511e-01
2.072085887193679810e-01
2.024779468774795532e-01
2.035944312810897827e-01
2.037127912044525146e-01
2.027262300252914429e-01
2.034913152456283569e-01
2.031669020652770996e-01
2.029903084039688110e-01
2.033494710922241211e-01
2.040062248706817627e-01
2.056808769702911377e-01
2.033751159906387329e-01
2.040450870990753174e-01
2.041882574558258057e-01
2.010447233915328979e-01
2.015294134616851807e-01
2.047696411609649658e-01
2.065340131521224976e-01
2.018030136823654175e-01
2.033734321594238281e-01
2.016938626766204834e-01
2.033989131450653076e-01
2.025974243879318237e-01
2.068836539983749390e-01
2.005029022693634033e-01
2.024617493152618408e-01
2.028493434190750122e-01
2.038840353488922119e-01
2.033413201570510864e-01
2.031223922967910767e-01
1.998361945152282715e-01
2.031787633895874023e-01
2.023563534021377563e-01
2.030501216650009155e-01
2.024248689413070679e-01
2.019950747489929199e-01
2.017296552658081055e-01
2.015909403562545776e-01
1.994519978761672974e-01
2.019765675067901611e-01
2.021425068378448486e-01
2.020654678344726562e-01
2.031310945749282837e-01
2.018248140811920166e-01
2.012992054224014282e-01
2.028722763061523438e-01
1.982923746109008789e-01
2.045752406120300293e-01
1.998564004898071289e-01
2.008291780948638916e-01
2.041914016008377075e-01
2.023059874773025513e-01
1.989613622426986694e-01
2.052210420370101929e-01
1.980071216821670532e-01
2.038686573505401611e-01
1.990546137094497681e-01
2.020290940999984741e-01
2.020705789327621460e-01
2.018133103847503662e-01
2.027311921119689941e-01
2.031727880239486694e-01
2.004495710134506226e-01
2.018318772315979004e-01
2.001724243164062500e-01
2.004260867834091187e-01
1.987889260053634644e-01
2.023823708295822144e-01
2.019192427396774292e-01
2.024613320827484131e-01
2.032377123832702637e-01
2.011841982603073120e-01
2.014641016721725464e-01
1.981710642576217651e-01
1.994433701038360596e-01
2.024954706430435181e-01
2.000152468681335449e-01
2.001359462738037109e-01
1.998545676469802856e-01
2.022890597581863403e-01
2.020569741725921631e-01
2.007810920476913452e-01
2.013710439205169678e-01
2.011762261390686035e-01
2.009712010622024536e-01
1.998417228460311890e-01
2.013239562511444092e-01
2.007542997598648071e-01
1.992752999067306519e-01
2.007038891315460205e-01
1.975042521953582764e-01
2.011643350124359131e-01
2.001277357339859009e-01
2.001724839210510254e-01
1.993207037448883057e-01
1.998294442892074585e-01
1.992648541927337646e-01
2.016241997480392456e-01
2.020442187786102295e-01
1.989058852195739746e-01
2.005669027566909790e-01
1.989092677831649780e-01
2.004202902317047119e-01
2.003375142812728882e-01
1.979255378246307373e-01
2.015076875686645508e-01
1.989962011575698853e-01
1.976615190505981445e-01
1.988957375288009644e-01
1.996623724699020386e-01
1.998579353094100952e-01
2.009921669960021973e-01
2.018158584833145142e-01
1.985120475292205811e-01
1.958620250225067139e-01
2.014707475900650024e-01
1.987446844577789307e-01
1.994375288486480713e-01
1.981764733791351318e-01
1.996018588542938232e-01
2.001980543136596680e-01
1.987104266881942749e-01
1.990962624549865723e-01
1.998492926359176636e-01
1.998285651206970215e-01
1.996068358421325684e-01
2.015608251094818115e-01
2.000223845243453979e-01
2.000350207090377808e-01
1.990482360124588013e-01
2.011262029409408569e-01
2.008666098117828369e-01
1.998470127582550049e-01
1.999171376228332520e-01
2.008791118860244751e-01
2.008434683084487915e-01
1.987243890762329102e-01
1.988400071859359741e-01
2.019523978233337402e-01
1.977842301130294800e-01
1.992629617452621460e-01
1.998354345560073853e-01
1.988500803709030151e-01
2.002837061882019043e-01
1.965096443891525269e-01
1.961988955736160278e-01
2.006559818983078003e-01
1.983155012130737305e-01
2.009456008672714233e-01
2.009117007255554199e-01
2.013376057147979736e-01
1.994536072015762329e-01
1.999399811029434204e-01
1.986381858587265015e-01
1.975516974925994873e-01
1.985540986061096191e-01
1.987233459949493408e-01
1.970874220132827759e-01
1.988369822502136230e-01
1.992100626230239868e-01
1.995370835065841675e-01
1.968406438827514648e-01
1.992307901382446289e-01
1.957338601350784302e-01
2.014819234609603882e-01
1.990222036838531494e-01
1.965328752994537354e-01
1.981771439313888550e-01
1.955804079771041870e-01
1.967099606990814209e-01
1.996252089738845825e-01
2.017977237701416016e-01
1.981315910816192627e-01
1.988010257482528687e-01
1.998118907213211060e-01
1.967437267303466797e-01
1.968857944011688232e-01
1.976005733013153076e-01
1.971078664064407349e-01
1.970417052507400513e-01
1.974322497844696045e-01
1.977467387914657593e-01
1.971450895071029663e-01
1.971148848533630371e-01
2.012823075056076050e-01
1.977161318063735962e-01
1.976284980773925781e-01
1.999997049570083618e-01
1.981749832630157471e-01
2.005490213632583618e-01
1.970497816801071167e-01
1.993034482002258301e-01
1.973520219326019287e-01
1.992111504077911377e-01
1.958072781562805176e-01
1.976830959320068359e-01
1.960266977548599243e-01
1.958440244197845459e-01
1.997211128473281860e-01
1.972909420728683472e-01
1.980122327804565430e-01
1.983463019132614136e-01
1.988015025854110718e-01
1.949139535427093506e-01
1.985223442316055298e-01
1.972487121820449829e-01
1.949924528598785400e-01
1.983563750982284546e-01
1.981481164693832397e-01
1.963590234518051147e-01
1.963271796703338623e-01
1.952927857637405396e-01
1.975010782480239868e-01
1.950648725032806396e-01
1.988063752651214600e-01
1.963380724191665649e-01
1.965346932411193848e-01
1.981829851865768433e-01
1.961993575096130371e-01
1.976801455020904541e-01
2.003491669893264771e-01
1.976405978202819824e-01
1.939364820718765259e-01
1.971967220306396484e-01
1.999687552452087402e-01
1.989155858755111694e-01
1.992679536342620850e-01
1.977338194847106934e-01
1.971131265163421631e-01
1.956993192434310913e-01
1.972361803054809570e-01
1.951670795679092407e-01
1.952916830778121948e-01
1.961251050233840942e-01
1.970528811216354370e-01
1.973225325345993042e-01
1.976202130317687988e-01
1.973848044872283936e-01
1.960972696542739868e-01
1.987578421831130981e-01
1.964706629514694214e-01
1.960900127887725830e-01
1.949657499790191650e-01
1.984678655862808228e-01
1.946654170751571655e-01
1.976296901702880859e-01
1.979433149099349976e-01
1.949891597032546997e-01
1.974252164363861084e-01
1.934982091188430786e-01
1.981242001056671143e-01
1.934297531843185425e-01
1.934190094470977783e-01
1.929542571306228638e-01
1.993532925844192505e-01
1.952968835830688477e-01
1.964808553457260132e-01
1.940389871597290039e-01
1.951232999563217163e-01
1.977493762969970703e-01
1.955816000699996948e-01
1.955069601535797119e-01
1.957079768180847168e-01
1.971483528614044189e-01
1.971882730722427368e-01
1.946318596601486206e-01
1.951973438262939453e-01
1.942807734012603760e-01
1.931495964527130127e-01
1.925723701715469360e-01
1.951870918273925781e-01
1.939552724361419678e-01
1.956536173820495605e-01
1.948051005601882935e-01
1.961414515972137451e-01
1.975313872098922729e-01
1.960171759128570557e-01
1.961667239665985107e-01
1.938636302947998047e-01
1.970412135124206543e-01
1.946842968463897705e-01
1.931820809841156006e-01
1.956342905759811401e-01
1.959246993064880371e-01
1.970501095056533813e-01
1.968546807765960693e-01
1.968483775854110718e-01
1.938779950141906738e-01
1.939089000225067139e-01
1.936466991901397705e-01
1.976619660854339600e-01
1.974300742149353027e-01
1.956882923841476440e-01
1.936450749635696411e-01
1.964281648397445679e-01
1.964440792798995972e-01
1.918681561946868896e-01
1.943225562572479248e-01
1.938198357820510864e-01
1.958332210779190063e-01
1.923706531524658203e-01
1.948533803224563599e-01
1.968915462493896484e-01
1.917803883552551270e-01
1.929645538330078125e-01
1.954441219568252563e-01
1.925887465476989746e-01
1.908508241176605225e-01
1.927475929260253906e-01
1.970410943031311035e-01
1.946022659540176392e-01
1.942838430404663086e-01
1.963232159614562988e-01
1.950677335262298584e-01
1.929334402084350586e-01
1.922844946384429932e-01
1.958309412002563477e-01
1.961687654256820679e-01
1.917125731706619263e-01
1.966241896152496338e-01
1.940699517726898193e-01
1.961441487073898315e-01
1.947065740823745728e-01
1.963634938001632690e-01
1.944392323493957520e-01
1.941894143819808960e-01
1.951976865530014038e-01
1.964632123708724976e-01
1.931530684232711792e-01
1.945012658834457397e-01
1.936615705490112305e-01
1.929721832275390625e-01
1.961848437786102295e-01
1.925800591707229614e-01
1.955876052379608154e-01
1.945136040449142456e-01
1.950837969779968262e-01
1.964929252862930298e-01
1.956342011690139771e-01
1.959415078163146973e-01
1.943289637565612793e-01
1.958422362804412842e-01
1.936219036579132080e-01
1.959003061056137085e-01
1.939419060945510864e-01
1.940372586250305176e-01
1.942724734544754028e-01
1.945226341485977173e-01
1.962236464023590088e-01
1.958936899900436401e-01
1.931148022413253784e-01
1.962810754776000977e-01
1.949225813150405884e-01
1.953241527080535889e-01
1.940332949161529541e-01
1.916626840829849243e-01
1.941254138946533203e-01
1.934225410223007202e-01
1.934125870466232300e-01
1.924307793378829956e-01
1.927015334367752075e-01
1.910241544246673584e-01
1.939612627029418945e-01
1.933233886957168579e-01
1.904332041740417480e-01
1.927744299173355103e-01
1.937467306852340698e-01
1.922809630632400513e-01
1.922095119953155518e-01
1.934246420860290527e-01
1.936812549829483032e-01
1.922437101602554321e-01
1.923388689756393433e-01
1.933775991201400757e-01
1.930399686098098755e-01
1.944263130426406860e-01
1.953068673610687256e-01
1.938908100128173828e-01
1.917305141687393188e-01
1.933044046163558960e-01
1.952212005853652954e-01
