1.015646383166313171e-01
1.004003211855888367e-01
9.946446865797042847e-02
9.831117838621139526e-02
9.711898863315582275e-02
9.576144069433212280e-02
9.443800896406173706e-02
9.264362603425979614e-02
9.074144810438156128e-02
8.853255957365036011e-02
8.650057017803192139e-02
8.350002020597457886e-02
8.047464489936828613e-02
7.753139734268188477e-02
7.406270503997802734e-02
7.054152339696884155e-02
6.755071133375167847e-02
6.373891234397888184e-02
6.074938923120498657e-02
5.820861458778381348e-02
5.561346933245658875e-02
5.440161377191543579e-02
5.380396917462348938e-02
5.554632097482681274e-02
5.447984859347343445e-02
5.566034838557243347e-02
5.563681200146675110e-02
5.444759130477905273e-02
5.344119295477867126e-02
5.405728891491889954e-02
5.128888413310050964e-02
5.079061910510063171e-02
4.939504340291023254e-02
4.926106333732604980e-02
4.884862527251243591e-02
4.850785061717033386e-02
4.927643388509750366e-02
4.843427613377571106e-02
4.811009019613265991e-02
4.835617914795875549e-02
4.771879687905311584e-02
4.721247777342796326e-02
4.697409272193908691e-02
4.680388048291206360e-02
4.583611711859703064e-02
4.615820944309234619e-02
4.592512920498847961e-02
4.549733921885490417e-02
4.512155428528785706e-02
4.494582116603851318e-02
4.442830011248588562e-02
4.516895860433578491e-02
4.418617114424705505e-02
4.404466971755027771e-02
4.398342967033386230e-02
4.324299469590187073e-02
4.325618222355842590e-02
4.307041689753532410e-02
4.311518371105194092e-02
4.341119155287742615e-02
4.295317456126213074e-02
4.292485490441322327e-02
4.221857711672782898e-02
4.195177927613258362e-02
4.221354052424430847e-02
4.189257696270942688e-02
4.132267460227012634e-02
4.127523675560951233e-02
4.168160259723663330e-02
4.138637334108352661e-02
4.112791642546653748e-02
4.012548923492431641e-02
4.041965305805206299e-02
4.055931791663169861e-02
4.092391207814216614e-02
4.010818898677825928e-02
3.988574817776679993e-02
4.043549671769142151e-02
4.020471498370170593e-02
4.014350846409797668e-02
3.975300118327140808e-02
3.952006250619888306e-02
3.984695672988891602e-02
3.960317745804786682e-02
3.932553157210350037e-02
3.904755041003227234e-02
3.907167539000511169e-02
3.915607184171676636e-02
3.851560130715370178e-02
3.874254226684570312e-02
3.868980705738067627e-02
3.823807463049888611e-02
3.883103653788566589e-02
3.833256661891937256e-02
3.812272101640701294e-02
3.810340911149978638e-02
3.849672153592109680e-02
3.869352862238883972e-02
3.804576769471168518e-02
3.787869587540626526e-02
3.802128136157989502e-02
3.786539658904075623e-02
3.786365687847137451e-02
3.744736686348915100e-02
3.746097162365913391e-02
3.712823614478111267e-02
3.763111680746078491e-02
3.723581135272979736e-02
3.703895211219787598e-02
3.703502938151359558e-02
3.701239451766014099e-02
3.715059906244277954e-02
3.705729916691780090e-02
3.625818714499473572e-02
3.683626651763916016e-02
3.654631599783897400e-02
3.698341548442840576e-02
3.630315139889717102e-02
3.598397597670555115e-02
3.592479601502418518e-02
3.628714382648468018e-02
3.622587397694587708e-02
3.630253300070762634e-02
3.576421365141868591e-02
3.611370176076889038e-02
3.593262284994125366e-02
3.599780797958374023e-02
3.559896722435951233e-02
3.571439906954765320e-02
3.593815490603446960e-02
3.545917943120002747e-02
3.517572209239006042e-02
3.559647127985954285e-02
3.529854863882064819e-02
3.544559329748153687e-02
3.497084602713584900e-02
3.526497632265090942e-02
3.492996841669082642e-02
3.513491526246070862e-02
3.489744663238525391e-02
3.510848060250282288e-02
3.466805815696716309e-02
3.485953435301780701e-02
3.474102541804313660e-02
3.456050157546997070e-02
3.461040556430816650e-02
3.421763330698013306e-02
3.451827168464660645e-02
3.449098020792007446e-02
3.424195945262908936e-02
3.470996767282485962e-02
3.409915417432785034e-02
3.449114412069320679e-02
3.412714228034019470e-02
3.377650305628776550e-02
3.355439007282257080e-02
3.372775763273239136e-02
3.364757075905799866e-02
3.368773683905601501e-02
3.423321619629859924e-02
3.357202187180519104e-02
3.328904137015342712e-02
3.332471847534179688e-02
3.361106291413307190e-02
3.335962444543838501e-02
3.347814455628395081e-02
3.326835855841636658e-02
3.296208009123802185e-02
3.295012935996055603e-02
3.307261690497398376e-02
3.301671147346496582e-02
3.295107558369636536e-02
3.290868923068046570e-02
3.274795785546302795e-02
3.269372135400772095e-02
3.262113779783248901e-02
3.272335976362228394e-02
3.247315436601638794e-02
3.283231332898139954e-02
3.281226381659507751e-02
3.244097903370857239e-02
3.242392838001251221e-02
3.208893164992332458e-02
3.217787295579910278e-02
3.243643790483474731e-02
3.208827599883079529e-02
3.207566216588020325e-02
3.221246227622032166e-02
3.210851177573204041e-02
3.191247209906578064e-02
3.192661330103874207e-02
3.198164328932762146e-02
3.163224086165428162e-02
3.211335092782974243e-02
3.168621286749839783e-02
3.155662119388580322e-02
3.210371360182762146e-02
3.175484389066696167e-02
3.186549618840217590e-02
3.158886358141899109e-02
3.185051307082176208e-02
3.170530498027801514e-02
3.127150610089302063e-02
3.169576078653335571e-02
3.116645477712154388e-02
3.099039010703563690e-02
3.129456937313079834e-02
3.101010620594024658e-02
3.125618398189544678e-02
3.084062598645687103e-02
3.079615347087383270e-02
3.109621070325374603e-02
3.086596168577671051e-02
3.082008473575115204e-02
3.100241720676422119e-02
3.077614866197109222e-02
3.076534904539585114e-02
3.082161583006381989e-02
3.099365346133708954e-02
3.072308562695980072e-02
3.018869273364543915e-02
3.043106570839881897e-02
3.089385293424129486e-02
3.038782440125942230e-02
3.059052489697933197e-02
3.042402677237987518e-02
3.044849447906017303e-02
3.014042414724826813e-02
3.034671582281589508e-02
3.017615154385566711e-02
3.021343052387237549e-02
3.034778311848640442e-02
3.015917912125587463e-02
2.987260557711124420e-02
2.996204607188701630e-02
3.023060038685798645e-02
3.015124611556529999e-02
2.973462082445621490e-02
2.980242110788822174e-02
3.025006316602230072e-02
3.028667531907558441e-02
2.986609376966953278e-02
2.977419272065162659e-02
2.974827587604522705e-02
2.989077940583229065e-02
2.946713566780090332e-02
2.956352010369300842e-02
2.968674339354038239e-02
2.930603735148906708e-02
2.975426055490970612e-02
2.920839563012123108e-02
2.928256802260875702e-02
2.979473583400249481e-02
2.926355972886085510e-02
2.923711948096752167e-02
2.940818667411804199e-02
2.949042618274688721e-02
2.907331287860870361e-02
2.935576997697353363e-02
2.879776433110237122e-02
2.941784635186195374e-02
2.902523614466190338e-02
2.897932194173336029e-02
2.935563400387763977e-02
2.893839590251445770e-02
2.886049263179302216e-02
2.914996445178985596e-02
2.893230877816677094e-02
2.881165780127048492e-02
2.898699045181274414e-02
2.872473001480102539e-02
2.885870449244976044e-02
2.886045910418033600e-02
2.874404564499855042e-02
2.860858477652072906e-02
2.897608652710914612e-02
2.855407074093818665e-02
2.862081490457057953e-02
2.840093336999416351e-02
2.856048941612243652e-02
2.830901741981506348e-02
2.860786952078342438e-02
2.848094142973423004e-02
2.882204391062259674e-02
2.871727757155895233e-02
2.815893106162548065e-02
2.831090427935123444e-02
2.834821678698062897e-02
2.842131070792675018e-02
2.802169695496559143e-02
2.850264869630336761e-02
2.842422388494014740e-02
2.842883765697479248e-02
2.798061631619930267e-02
2.814143896102905273e-02
2.811907045543193817e-02
2.806977368891239166e-02
2.809806726872920990e-02
2.822496555745601654e-02
2.817360498011112213e-02
2.786307036876678467e-02
2.791530452668666840e-02
2.795993164181709290e-02
2.791317738592624664e-02
2.772266231477260590e-02
2.778572775423526764e-02
2.788624726235866547e-02
2.784166671335697174e-02
2.772722952067852020e-02
2.743954770267009735e-02
2.787794545292854309e-02
2.775366045534610748e-02
2.725594118237495422e-02
2.769318781793117523e-02
2.800453640520572662e-02
2.778221108019351959e-02
2.766628377139568329e-02
2.739775180816650391e-02
2.759752236306667328e-02
2.718892134726047516e-02
2.722428180277347565e-02
2.710589580237865448e-02
2.756427787244319916e-02
2.724015712738037109e-02
2.729739062488079071e-02
2.753382362425327301e-02
2.747037075459957123e-02
2.730368636548519135e-02
2.740102447569370270e-02
2.705796621739864349e-02
2.740417793393135071e-02
2.684780023992061615e-02
2.710226736962795258e-02
2.715349569916725159e-02
2.711279504001140594e-02
2.732940390706062317e-02
2.697820775210857391e-02
2.685590647161006927e-02
2.703626826405525208e-02
2.700595371425151825e-02
2.708153985440731049e-02
2.693628706037998199e-02
2.700611017644405365e-02
2.659066952764987946e-02
2.668768167495727539e-02
2.702492475509643555e-02
2.688589133322238922e-02
2.667266502976417542e-02
2.668419294059276581e-02
2.691661752760410309e-02
2.676250413060188293e-02
2.676299214363098145e-02
2.699263207614421844e-02
2.675823681056499481e-02
2.667512558400630951e-02
2.682110667228698730e-02
2.663520351052284241e-02
2.690627612173557281e-02
2.675259672105312347e-02
2.670232765376567841e-02
2.676999010145664215e-02
2.643772028386592865e-02
2.650278806686401367e-02
2.637733332812786102e-02
2.625737525522708893e-02
2.637634612619876862e-02
2.619864419102668762e-02
2.627261355519294739e-02
2.633854560554027557e-02
2.660562098026275635e-02
2.624566853046417236e-02
2.620945312082767487e-02
2.614283375442028046e-02
2.597567252814769745e-02
2.639288082718849182e-02
2.621334232389926910e-02
2.618480287492275238e-02
2.605482749640941620e-02
2.617840468883514404e-02
2.629530988633632660e-02
2.600544691085815430e-02
2.610374428331851959e-02
2.599180676043033600e-02
2.617800235748291016e-02
2.592834271490573883e-02
2.590038813650608063e-02
2.604406140744686127e-02
2.578308247029781342e-02
2.607723884284496307e-02
2.603405527770519257e-02
2.595303393900394440e-02
2.582651376724243164e-02
2.572932280600070953e-02
2.610543929040431976e-02
2.571953274309635162e-02
2.596341446042060852e-02
2.574667707085609436e-02
2.578279376029968262e-02
2.563531138002872467e-02
2.548283338546752930e-02
2.553253807127475739e-02
2.597757615149021149e-02
2.580900304019451141e-02
2.593196928501129150e-02
2.585384808480739594e-02
2.535395137965679169e-02
2.548802830278873444e-02
2.558774687349796295e-02
2.531928755342960358e-02
2.542469836771488190e-02
2.570468746125698090e-02
2.540058456361293793e-02
2.524945139884948730e-02
2.532067708671092987e-02
2.541734650731086731e-02
2.571545541286468506e-02
2.558432891964912415e-02
2.586236409842967987e-02
2.556574717164039612e-02
2.557648159563541412e-02
2.545849047601222992e-02
2.550899796187877655e-02
2.526751719415187836e-02
2.507919073104858398e-02
2.526213787496089935e-02
2.501024305820465088e-02
2.531037665903568268e-02
2.517108432948589325e-02
2.505903877317905426e-02
2.504057995975017548e-02
2.535041980445384979e-02
2.541628293693065643e-02
2.532990649342536926e-02
2.521569468080997467e-02
2.509205043315887451e-02
2.524073421955108643e-02
2.507134340703487396e-02
2.478905394673347473e-02
2.539872191846370697e-02
2.498990856111049652e-02
2.526577748358249664e-02
2.521455846726894379e-02
2.504043094813823700e-02
2.512675896286964417e-02
2.541496418416500092e-02
2.521405555307865143e-02
2.479204349219799042e-02
2.485467493534088135e-02
2.519845962524414062e-02
2.470185980200767517e-02
2.484591305255889893e-02
2.505647204816341400e-02
2.476933598518371582e-02
2.497084997594356537e-02
2.492729574441909790e-02
2.515060082077980042e-02
2.514368109405040741e-02
2.436887286603450775e-02
2.482928521931171417e-02
2.508591674268245697e-02
2.462309412658214569e-02
2.498609013855457306e-02
2.497308515012264252e-02
2.482383511960506439e-02
2.469899691641330719e-02
2.491345815360546112e-02
2.492573484778404236e-02
2.485627681016921997e-02
2.467409521341323853e-02
2.491991780698299408e-02
2.461303956806659698e-02
2.451240271329879761e-02
2.458696812391281128e-02
2.475791238248348236e-02
2.468599937856197357e-02
2.439825795590877533e-02
2.458978258073329926e-02
2.439992688596248627e-02
2.474512346088886261e-02
2.450658567249774933e-02
2.471742592751979828e-02
2.443887665867805481e-02
2.470240928232669830e-02
2.458356879651546478e-02
2.468607388436794281e-02
2.467374689877033234e-02
2.435963414609432220e-02
2.439091913402080536e-02
2.451815269887447357e-02
2.447644993662834167e-02
2.449719049036502838e-02
2.468154206871986389e-02
2.446323446929454803e-02
2.460633032023906708e-02
2.471791952848434448e-02
2.448472008109092712e-02
2.417711913585662842e-02
2.406913414597511292e-02
2.382766641676425934e-02
2.433031424880027771e-02
2.420721016824245453e-02
2.421721816062927246e-02
2.461247704923152924e-02
2.425420284271240234e-02
2.405091002583503723e-02
2.436694875359535217e-02
2.435365878045558929e-02
2.415425144135951996e-02
2.422678098082542419e-02
2.407225966453552246e-02
2.412438578903675079e-02
2.421076223254203796e-02
2.407420054078102112e-02
2.416619472205638885e-02
2.420735917985439301e-02
2.407342195510864258e-02
2.406893856823444366e-02
2.411771565675735474e-02
2.428299747407436371e-02
2.412179671227931976e-02
2.417648024857044220e-02
2.389493212103843689e-02
2.364018373191356659e-02
2.388517372310161591e-02
2.393635362386703491e-02
2.429233863949775696e-02
2.413987368345260620e-02
2.408930286765098572e-02
2.410624735057353973e-02
2.348722331225872040e-02
2.392121776938438416e-02
2.418605238199234009e-02
2.413490600883960724e-02
2.405355125665664673e-02
2.363969571888446808e-02
2.429141663014888763e-02
2.412698417901992798e-02
2.388668619096279144e-02
2.382936887443065643e-02
2.395414933562278748e-02
2.393899485468864441e-02
2.361584827303886414e-02
2.378800883889198303e-02
2.350232750177383423e-02
2.357696741819381714e-02
2.404568716883659363e-02
2.372905425727367401e-02
2.360940538346767426e-02
2.357523515820503235e-02
2.387951873242855072e-02
2.377074956893920898e-02
2.351079694926738739e-02
2.396007440984249115e-02
2.356784977018833160e-02
2.382257021963596344e-02
2.357624284923076630e-02
2.375883236527442932e-02
2.370970882475376129e-02
2.324506826698780060e-02
2.354877442121505737e-02
2.389093674719333649e-02
2.341230213642120361e-02
2.340579591691493988e-02
2.346242591738700867e-02
2.361332252621650696e-02
2.343115583062171936e-02
2.360475808382034302e-02
2.362995967268943787e-02
2.366156503558158875e-02
2.355982176959514618e-02
2.368978410959243774e-02
2.363621257245540619e-02
2.345523238182067871e-02
2.344118803739547729e-02
2.338377013802528381e-02
2.332855015993118286e-02
2.352560684084892273e-02
2.364737540483474731e-02
2.344206906855106354e-02
2.347028814256191254e-02
2.354631014168262482e-02
2.336586266756057739e-02
2.349789626896381378e-02
2.368748746812343597e-02
2.353915385901927948e-02
2.337235398590564728e-02
2.341686189174652100e-02
2.321625687181949615e-02
2.340786159038543701e-02
2.324179746210575104e-02
2.308861725032329559e-02
2.334875054657459259e-02
2.300597541034221649e-02
2.352244220674037933e-02
2.344151400029659271e-02
2.334065362811088562e-02
2.311374992132186890e-02
2.335873991250991821e-02
2.315746620297431946e-02
2.293659746646881104e-02
2.327270805835723877e-02
2.313536778092384338e-02
2.318219095468521118e-02
2.352857030928134918e-02
2.330040745437145233e-02
2.312990836799144745e-02
2.283390425145626068e-02
2.326241694390773773e-02
2.319109439849853516e-02
2.306752465665340424e-02
2.318183518946170807e-02
2.275435440242290497e-02
2.304003015160560608e-02
2.322265692055225372e-02
2.307738736271858215e-02
2.335295639932155609e-02
2.307406254112720490e-02
2.281256392598152161e-02
2.296915650367736816e-02
2.305302582681179047e-02
2.285873889923095703e-02
2.299608848989009857e-02
2.293741516768932343e-02
2.325632423162460327e-02
2.296304143965244293e-02
2.313342690467834473e-02
2.309073880314826965e-02
2.328453958034515381e-02
2.331569790840148926e-02
2.316762506961822510e-02
2.286660671234130859e-02
2.275646477937698364e-02
2.266341447830200195e-02
2.301034145057201385e-02
2.290941588580608368e-02
2.265670336782932281e-02
2.283887378871440887e-02
2.297697961330413818e-02
2.274578996002674103e-02
2.276454679667949677e-02
2.298674359917640686e-02
2.279609255492687225e-02
2.287449315190315247e-02
2.289010398089885712e-02
2.285285107791423798e-02
2.291634492576122284e-02
2.312056533992290497e-02
2.297928370535373688e-02
2.282184921205043793e-02
2.291390486061573029e-02
2.296075411140918732e-02
2.248012460768222809e-02
2.329588495194911957e-02
2.262046933174133301e-02
2.247744984924793243e-02
2.267787419259548187e-02
2.279927209019660950e-02
2.261054329574108124e-02
2.237845398485660553e-02
2.280825562775135040e-02
2.283617667853832245e-02
2.291323430836200714e-02
2.272082678973674774e-02
2.277053520083427429e-02
2.251627109944820404e-02
2.259447239339351654e-02
2.249917760491371155e-02
2.267029508948326111e-02
2.277707681059837341e-02
2.284342236816883087e-02
2.257016301155090332e-02
2.261581830680370331e-02
2.265737019479274750e-02
2.261413075029850006e-02
2.251427434384822845e-02
2.261030115187168121e-02
2.261955477297306061e-02
2.260058559477329254e-02
2.237346954643726349e-02
2.256122604012489319e-02
2.279299311339855194e-02
2.252238430082798004e-02
2.238170616328716278e-02
2.262706123292446136e-02
2.233577892184257507e-02
2.239743433892726898e-02
2.252046205103397369e-02
2.236212603747844696e-02
2.217325009405612946e-02
2.235090360045433044e-02
2.261432446539402008e-02
2.264787815511226654e-02
2.237246558070182800e-02
2.235051803290843964e-02
2.232492342591285706e-02
2.213180623948574066e-02
2.247484214603900909e-02
2.236180566251277924e-02
2.237803302705287933e-02
2.236949652433395386e-02
2.250402048230171204e-02
2.234713174402713776e-02
2.254321984946727753e-02
2.273921296000480652e-02
2.225344441831111908e-02
2.237216942012310028e-02
2.242396399378776550e-02
2.227881737053394318e-02
2.250306867063045502e-02
2.213063836097717285e-02
2.212606929242610931e-02
2.228199876844882965e-02
2.207866497337818146e-02
2.221350744366645813e-02
2.231405302882194519e-02
2.248519100248813629e-02
2.225255407392978668e-02
2.213831059634685516e-02
2.229915373027324677e-02
2.257519587874412537e-02
2.221155352890491486e-02
2.242184802889823914e-02
2.232652157545089722e-02
2.192706987261772156e-02
2.219134382903575897e-02
2.223075181245803833e-02
2.259065210819244385e-02
2.225880138576030731e-02
2.234863489866256714e-02
2.196030132472515106e-02
2.219041995704174042e-02
2.208574116230010986e-02
2.199654467403888702e-02
2.209598384797573090e-02
2.241667546331882477e-02
2.222204767167568207e-02
2.243825234472751617e-02
2.238232456147670746e-02
2.175005711615085602e-02
2.205972559750080109e-02
2.237067930400371552e-02
2.200648002326488495e-02
2.182859182357788086e-02
2.231504023075103760e-02
2.211811952292919159e-02
2.213765308260917664e-02
2.178665623068809509e-02
2.197013609111309052e-02
2.215935103595256805e-02
2.212075144052505493e-02
2.206276729702949524e-02
2.205103076994419098e-02
2.189654670655727386e-02
2.201815322041511536e-02
2.196555957198143005e-02
2.181834913790225983e-02
2.214462310075759888e-02
2.212290279567241669e-02
2.188845537602901459e-02
2.199444733560085297e-02
2.205461077392101288e-02
2.197223901748657227e-02
2.199312113225460052e-02
2.209838479757308960e-02
2.178746089339256287e-02
2.213813737034797668e-02
2.187926508486270905e-02
2.183941192924976349e-02
2.164754085242748260e-02
2.158667705953121185e-02
2.219591103494167328e-02
2.201000787317752838e-02
2.199637331068515778e-02
2.176950685679912567e-02
2.193991467356681824e-02
2.184305898845195770e-02
2.189468406140804291e-02
2.169982530176639557e-02
2.181866019964218140e-02
2.197725884616374969e-02
2.196435816586017609e-02
2.187293581664562225e-02
2.160944603383541107e-02
2.183083817362785339e-02
2.205515466630458832e-02
2.200092002749443054e-02
2.184779010713100433e-02
2.192006446421146393e-02
2.181141078472137451e-02
2.192119695246219635e-02
2.185721509158611298e-02
2.168390527367591858e-02
2.191590331494808197e-02
2.162852324545383453e-02
2.183082699775695801e-02
2.183685265481472015e-02
2.192921750247478485e-02
2.175693958997726440e-02
2.166947349905967712e-02
2.163290791213512421e-02
2.163826487958431244e-02
2.157405391335487366e-02
2.193143963813781738e-02
2.155124954879283905e-02
2.169761434197425842e-02
2.142023853957653046e-02
2.184839174151420593e-02
2.176035568118095398e-02
2.171038649976253510e-02
2.151652984321117401e-02
2.177918516099452972e-02
2.155440114438533783e-02
2.170824073255062103e-02
2.139975316822528839e-02
2.165552787482738495e-02
2.171676605939865112e-02
2.174425311386585236e-02
2.141994051635265350e-02
2.177858911454677582e-02
2.162588387727737427e-02
2.170826494693756104e-02
2.160082012414932251e-02
2.152065746486186981e-02
2.157352678477764130e-02
2.149338833987712860e-02
2.170661650598049164e-02
2.147009037435054779e-02
2.186818234622478485e-02
2.157502993941307068e-02
2.190141752362251282e-02
2.169201336801052094e-02
2.160765975713729858e-02
2.134910412132740021e-02
2.166846767067909241e-02
2.148663066327571869e-02
2.146850153803825378e-02
2.141777426004409790e-02
2.147862315177917480e-02
2.149968780577182770e-02
2.125086449086666107e-02
2.137940004467964172e-02
2.147036977112293243e-02
2.164441719651222229e-02
2.161893062293529510e-02
2.144360542297363281e-02
2.121863141655921936e-02
2.147668600082397461e-02
2.143894508481025696e-02
2.142543718218803406e-02
2.181120030581951141e-02
2.132065035402774811e-02
2.167034335434436798e-02
2.155017480254173279e-02
2.139232121407985687e-02
2.184872329235076904e-02
2.140674181282520294e-02
2.135763317346572876e-02
2.146536111831665039e-02
2.141036652028560638e-02
2.153554745018482208e-02
2.146952785551548004e-02
2.111041732132434845e-02
2.139343693852424622e-02
2.135449647903442383e-02
2.133786305785179138e-02
2.137809246778488159e-02
2.149900421500205994e-02
2.130390331149101257e-02
2.133535407483577728e-02
2.136762253940105438e-02
2.112096175551414490e-02
2.154234610497951508e-02
2.127491869032382965e-02
2.139879390597343445e-02
2.107293717563152313e-02
2.131940051913261414e-02
2.152441069483757019e-02
2.150805294513702393e-02
2.112182788550853729e-02
2.159064821898937225e-02
2.112395688891410828e-02
2.134150452911853790e-02
2.116191014647483826e-02
2.126396633684635162e-02
2.108508534729480743e-02
2.133020572364330292e-02
2.113696560263633728e-02
2.119300141930580139e-02
2.101035043597221375e-02
2.132466621696949005e-02
2.128719165921211243e-02
2.125193737447261810e-02
2.124371565878391266e-02
2.125842310488224030e-02
2.128241024911403656e-02
2.122639864683151245e-02
2.144400961697101593e-02
2.130207978188991547e-02
2.149308286607265472e-02
2.107591927051544189e-02
2.131034433841705322e-02
2.092364244163036346e-02
2.118670567870140076e-02
2.136777341365814209e-02
2.097843401134014130e-02
2.119261585175991058e-02
2.111308835446834564e-02
2.126685529947280884e-02
2.153332345187664032e-02
2.135102637112140656e-02
2.121333964169025421e-02
2.137306891381740570e-02
2.131706662476062775e-02
2.132763527333736420e-02
2.112193219363689423e-02
2.096296660602092743e-02
2.099365368485450745e-02
2.101567015051841736e-02
2.098505198955535889e-02
2.093565464019775391e-02
2.110875956714153290e-02
2.097295783460140228e-02
2.092951163649559021e-02
2.105483785271644592e-02
2.113030664622783661e-02
2.089742198586463928e-02
2.099196426570415497e-02
2.091068960726261139e-02
2.093739248812198639e-02
2.109923772513866425e-02
2.089401148259639740e-02
2.103107236325740814e-02
2.078570052981376648e-02
2.074734121561050415e-02
2.075448818504810333e-02
2.112645097076892853e-02
2.100443094968795776e-02
2.096145972609519958e-02
2.111793309450149536e-02
2.104329876601696014e-02
2.097585052251815796e-02
2.087459526956081390e-02
2.094038389623165131e-02
2.086568251252174377e-02
2.084692940115928650e-02
2.106553874909877777e-02
2.068417333066463470e-02
2.122382819652557373e-02
2.106863074004650116e-02
2.112556807696819305e-02
2.094802819192409515e-02
2.088880352675914764e-02
2.092678099870681763e-02
2.089246548712253571e-02
2.082920446991920471e-02
2.100482769310474396e-02
2.102974057197570801e-02
2.084383368492126465e-02
2.092400565743446350e-02
2.123415470123291016e-02
2.087619714438915253e-02
2.130796574056148529e-02
2.068283036351203918e-02
2.095066197216510773e-02
2.068820036947727203e-02
2.095429413020610809e-02
2.056631259620189667e-02
2.056525833904743195e-02
2.122050337493419647e-02
2.082259766757488251e-02
2.078616619110107422e-02
2.105341665446758270e-02
2.078563533723354340e-02
2.098896726965904236e-02
2.085459791123867035e-02
2.075686119496822357e-02
2.083073183894157410e-02
2.082418091595172882e-02
2.078133821487426758e-02
2.081827633082866669e-02
2.047109603881835938e-02
2.101037651300430298e-02
2.079816162586212158e-02
2.094272524118423462e-02
2.084521017968654633e-02
2.079089544713497162e-02
2.086728624999523163e-02
2.064483985304832458e-02
2.082697302103042603e-02
2.085482887923717499e-02
2.051881514489650726e-02
2.063455991446971893e-02
2.073968015611171722e-02
2.061388455331325531e-02
2.072874084115028381e-02
2.094967104494571686e-02
2.061225846409797668e-02
2.068819105625152588e-02
2.072995528578758240e-02
2.065541967749595642e-02
2.081722393631935120e-02
2.068202756345272064e-02
2.070651203393936157e-02
2.079976350069046021e-02
2.041297219693660736e-02
2.083950117230415344e-02
2.056263200938701630e-02
2.064249292016029358e-02
2.067959681153297424e-02
2.071123011410236359e-02
2.077016420662403107e-02
2.067187242209911346e-02
2.058185636997222900e-02
2.062168158590793610e-02
2.065756544470787048e-02
2.062154747545719147e-02
2.071574702858924866e-02
2.065636590123176575e-02
2.067025005817413330e-02
2.088618278503417969e-02
2.060297317802906036e-02
2.058343403041362762e-02
2.092276141047477722e-02
2.057970687747001648e-02
2.067781053483486176e-02
2.077500708401203156e-02
2.042949385941028595e-02
2.081073261797428131e-02
2.068541757762432098e-02
2.047218941152095795e-02
2.071461454033851624e-02
2.058048360049724579e-02
2.067630551755428314e-02
2.031857147812843323e-02
2.045791409909725189e-02
2.070064097642898560e-02
2.049817144870758057e-02
2.143330872058868408e-02
2.052706107497215271e-02
2.064687199890613556e-02
2.073100209236145020e-02
2.043434791266918182e-02
2.051988057792186737e-02
2.057757787406444550e-02
2.073773369193077087e-02
2.078715525567531586e-02
2.064160071313381195e-02
2.050230465829372406e-02
2.048608101904392242e-02
2.058110199868679047e-02
2.056315727531909943e-02
2.067486941814422607e-02
2.070064470171928406e-02
2.059357427060604095e-02
2.050447650253772736e-02
2.047820948064327240e-02
2.043218538165092468e-02
2.058060839772224426e-02
2.057391218841075897e-02
2.039032056927680969e-02
2.051850222051143646e-02
2.052204869687557220e-02
2.040788531303405762e-02
2.036426030099391937e-02
2.041435055434703827e-02
2.060903422534465790e-02
2.051787823438644409e-02
2.021488919854164124e-02
2.022117003798484802e-02
2.050110511481761932e-02
2.065589465200901031e-02
2.047178708016872406e-02
2.004043944180011749e-02
2.063110098242759705e-02
2.064275369048118591e-02
2.055361680686473846e-02
2.027047239243984222e-02
2.003519609570503235e-02
2.020292915403842926e-02
2.025436051189899445e-02
2.041993476450443268e-02
2.026418037712574005e-02
2.041658759117126465e-02
2.027330361306667328e-02
2.033513970673084259e-02
2.037132345139980316e-02
2.036699280142784119e-02
2.029196918010711670e-02
1.999973878264427185e-02
2.032109163701534271e-02
2.013325132429599762e-02
2.024209313094615936e-02
2.046303078532218933e-02
2.054920047521591187e-02
2.045560441911220551e-02
2.038880623877048492e-02
2.038369141519069672e-02
2.008005790412425995e-02
2.022576890885829926e-02
2.028585970401763916e-02
2.028800360858440399e-02
2.013539336621761322e-02
2.027819491922855377e-02
2.030441723763942719e-02
2.013682015240192413e-02
2.037270553410053253e-02
2.029960229992866516e-02
2.018466033041477203e-02
2.022397518157958984e-02
2.035409770905971527e-02
2.026099525392055511e-02
2.005663141608238220e-02
2.031385898590087891e-02
1.996259950101375580e-02
2.025071345269680023e-02
2.006208151578903198e-02
2.031677402555942535e-02
2.022964693605899811e-02
2.030184864997863770e-02
2.025148086249828339e-02
2.022858895361423492e-02
2.024613320827484131e-02
2.031801454722881317e-02
2.030180580914020538e-02
2.012433297932147980e-02
2.013588510453701019e-02
2.039994113147258759e-02
2.006075344979763031e-02
1.993471197783946991e-02
2.020018175244331360e-02
1.999598927795886993e-02
2.031795494258403778e-02
2.024639211595058441e-02
2.033286541700363159e-02
2.030165307223796844e-02
2.049899660050868988e-02
1.988871768116950989e-02
2.005606144666671753e-02
2.011634409427642822e-02
2.015506848692893982e-02
1.998883858323097229e-02
2.050767466425895691e-02
2.019228972494602203e-02
1.995203457772731781e-02
2.010653913021087646e-02
2.015271037817001343e-02
2.011354453861713409e-02
2.036654390394687653e-02
2.043594047427177429e-02
2.026024833321571350e-02
2.025101147592067719e-02
2.000701613724231720e-02
2.015772648155689240e-02
2.022972330451011658e-02
1.992558501660823822e-02
2.003682777285575867e-02
2.036819234490394592e-02
2.013711445033550262e-02
2.011205069720745087e-02
2.028926648199558258e-02
2.005577646195888519e-02
2.019341103732585907e-02
2.017635665833950043e-02
2.044520154595375061e-02
2.003607898950576782e-02
2.020407281816005707e-02
2.001739293336868286e-02
1.982666924595832825e-02
1.996218413114547729e-02
1.997131481766700745e-02
1.987535692751407623e-02
1.997643150389194489e-02
2.002574317157268524e-02
2.030145935714244843e-02
2.002112753689289093e-02
1.998331956565380096e-02
1.989026367664337158e-02
1.998258568346500397e-02
2.024413459002971649e-02
2.007015608251094818e-02
1.997107826173305511e-02
1.995858922600746155e-02
2.000313065946102142e-02
2.017334662377834320e-02
2.010347321629524231e-02
2.003147266805171967e-02
2.001863531768321991e-02
1.988688856363296509e-02
1.998601481318473816e-02
2.024034969508647919e-02
2.024687267839908600e-02
2.009689621627330780e-02
1.993761397898197174e-02
1.998928748071193695e-02
2.015597373247146606e-02
1.997813209891319275e-02
1.991916261613368988e-02
2.006905525922775269e-02
1.978863030672073364e-02
1.986188255250453949e-02
1.985607109963893890e-02
2.006446942687034607e-02
2.013923227787017822e-02
2.001499012112617493e-02
2.003065682947635651e-02
1.977884583175182343e-02
1.994479633867740631e-02
1.999132148921489716e-02
1.996900700032711029e-02
2.003039978444576263e-02
1.971830241382122040e-02
1.995917595922946930e-02
1.975381188094615936e-02
1.984264515340328217e-02
1.966177299618721008e-02
1.998367905616760254e-02
2.005266956984996796e-02
2.002428658306598663e-02
2.011256292462348938e-02
1.961757428944110870e-02
1.997020095586776733e-02
1.968011073768138885e-02
2.025341056287288666e-02
2.003802917897701263e-02
1.984450034797191620e-02
1.984323002398014069e-02
1.964152418076992035e-02
1.996729150414466858e-02
1.994477771222591400e-02
1.985482312738895416e-02
1.978501677513122559e-02
1.995911449193954468e-02
2.007682435214519501e-02
1.954664476215839386e-02
1.962847448885440826e-02
1.983145438134670258e-02
1.968743093311786652e-02
1.999996230006217957e-02
1.987863145768642426e-02
1.982569508254528046e-02
1.968158036470413208e-02
1.990973390638828278e-02
1.975899934768676758e-02
1.985264196991920471e-02
1.988895982503890991e-02
1.937819831073284149e-02
1.971698366105556488e-02
1.976000703871250153e-02
1.964339986443519592e-02
1.978294178843498230e-02
1.962696388363838196e-02
1.999210752546787262e-02
1.971085183322429657e-02
1.984385959804058075e-02
1.996527984738349915e-02
1.959102414548397064e-02
1.990420185029506683e-02
1.964657753705978394e-02
1.968009211122989655e-02
1.982765458524227142e-02
2.001559548079967499e-02
1.962988637387752533e-02
1.979086361825466156e-02
1.961991004645824432e-02
1.986527256667613983e-02
1.982040144503116608e-02
1.964490488171577454e-02
1.985184848308563232e-02
1.990787498652935028e-02
1.970373466610908508e-02
1.974011026322841644e-02
1.958542503416538239e-02
1.953896321356296539e-02
1.967187784612178802e-02
1.951279118657112122e-02
1.955657824873924255e-02
1.955964230000972748e-02
1.950331591069698334e-02
1.954965107142925262e-02
1.999054662883281708e-02
1.994681172072887421e-02
1.960596255958080292e-02
1.976541057229042053e-02
1.967242732644081116e-02
1.969439350068569183e-02
1.974007301032543182e-02
1.986947469413280487e-02
1.929830387234687805e-02
1.974921487271785736e-02
1.970416121184825897e-02
1.974382810294628143e-02
1.952764019370079041e-02
1.970962807536125183e-02
1.958969794213771820e-02
1.976068876683712006e-02
1.947090961039066315e-02
1.971808075904846191e-02
1.945013366639614105e-02
1.956431753933429718e-02
1.940469071269035339e-02
1.954926550388336182e-02
1.977377198636531830e-02
1.959648542106151581e-02
1.966722868382930756e-02
1.986765861511230469e-02
1.953558996319770813e-02
1.969216577708721161e-02
1.949491910636425018e-02
1.974241435527801514e-02
1.958610117435455322e-02
1.931515149772167206e-02
1.975961588323116302e-02
1.948573440313339233e-02
1.952458173036575317e-02
1.968136802315711975e-02
1.961903087794780731e-02
1.974678412079811096e-02
1.955927163362503052e-02
1.962516270577907562e-02
1.983596943318843842e-02
1.953001692891120911e-02
1.962236873805522919e-02
1.940556429326534271e-02
1.971509307622909546e-02
1.974481903016567230e-02
1.954277046024799347e-02
1.974881812930107117e-02
1.951876468956470490e-02
1.951911486685276031e-02
1.935653202235698700e-02
1.941647194325923920e-02
1.940400339663028717e-02
1.986436359584331512e-02
1.935013942420482635e-02
1.959531009197235107e-02
1.969282887876033783e-02
1.945916190743446350e-02
1.951060630381107330e-02
1.973407343029975891e-02
1.959101669490337372e-02
1.954126916825771332e-02
1.936394535005092621e-02
1.945523731410503387e-02
1.954156532883644104e-02
1.979640498757362366e-02
1.948405988514423370e-02
1.975980214774608612e-02
1.966276764869689941e-02
1.947528310120105743e-02
1.949863508343696594e-02
1.954546943306922913e-02
1.952878385782241821e-02
1.973313651978969574e-02
1.931600272655487061e-02
1.957601867616176605e-02
1.925216056406497955e-02
1.947864703834056854e-02
1.956177130341529846e-02
1.953506469726562500e-02
1.939913257956504822e-02
1.952756941318511963e-02
1.968033984303474426e-02
1.935691572725772858e-02
1.949929073452949524e-02
1.970808953046798706e-02
1.947484351694583893e-02
1.948932185769081116e-02
1.943243667483329773e-02
1.958691142499446869e-02
1.964631862938404083e-02
1.964687369763851166e-02
1.967535912990570068e-02
1.946378313004970551e-02
1.934693753719329834e-02
1.957825571298599243e-02
1.958899758756160736e-02
1.942444406449794769e-02
1.935309730470180511e-02
1.975224912166595459e-02
1.937198638916015625e-02
1.949974894523620605e-02
1.965045183897018433e-02
1.934961043298244476e-02
1.925097405910491943e-02
1.941829733550548553e-02
1.946480013430118561e-02
1.949376612901687622e-02
1.933030784130096436e-02
1.946880295872688293e-02
1.936650276184082031e-02
1.964570395648479462e-02
1.933117397129535675e-02
1.942212693393230438e-02
1.937185041606426239e-02
1.948715560138225555e-02
1.947074383497238159e-02
1.920007169246673584e-02
1.917918771505355835e-02
1.949890516698360443e-02
1.927589811384677887e-02
1.936389505863189697e-02
1.930735632777214050e-02
1.950434595346450806e-02
1.930971443653106689e-02
1.927791349589824677e-02
1.936137489974498749e-02
1.934420131146907806e-02
1.955832354724407196e-02
1.918291859328746796e-02
1.916155032813549042e-02
1.922381669282913208e-02
1.938246190547943115e-02
1.949413307011127472e-02
1.923671178519725800e-02
1.925433054566383362e-02
1.920032314956188202e-02
1.924770884215831757e-02
1.927617937326431274e-02
1.911473833024501801e-02
1.925265975296497345e-02
1.943636871874332428e-02
1.932645775377750397e-02
1.919764466583728790e-02
1.910969056189060211e-02
1.947417482733726501e-02
1.959671266376972198e-02
1.918822713196277618e-02
1.910184137523174286e-02
1.907666027545928955e-02
1.916948519647121429e-02
1.915199309587478638e-02
1.935973577201366425e-02
1.920790597796440125e-02
1.909915357828140259e-02
1.940200664103031158e-02
1.931986212730407715e-02
1.925494335591793060e-02
1.896951161324977875e-02
1.933070831000804901e-02
1.929314993321895599e-02
1.953223720192909241e-02
1.953992806375026703e-02
1.944770291447639465e-02
1.927630417048931122e-02
1.960615068674087524e-02
1.921008713543415070e-02
1.951167546212673187e-02
1.914105191826820374e-02
1.938101463019847870e-02
1.947960816323757172e-02
1.894447021186351776e-02
1.928225718438625336e-02
1.931352168321609497e-02
1.936670206487178802e-02
1.929230242967605591e-02
1.928964816033840179e-02
1.900452189147472382e-02
1.918811909854412079e-02
1.915649883449077606e-02
1.956380531191825867e-02
1.918579451739788055e-02
1.946154609322547913e-02
1.920245401561260223e-02
1.932993531227111816e-02
1.926441304385662079e-02
1.917113363742828369e-02
1.890039816498756409e-02
1.940790005028247833e-02
1.930754631757736206e-02
1.940610073506832123e-02
1.918429695069789886e-02
1.898113638162612915e-02
1.939793676137924194e-02
1.905489526689052582e-02
1.935102790594100952e-02
1.927352696657180786e-02
1.918641850352287292e-02
1.902418024837970734e-02
1.927016302943229675e-02
1.921891793608665466e-02
1.924821548163890839e-02
1.910176873207092285e-02
1.896916702389717102e-02
1.917733810842037201e-02
1.939206384122371674e-02
1.916996575891971588e-02
1.917802728712558746e-02
1.926278136670589447e-02
1.945385150611400604e-02
1.909848861396312714e-02
1.903181336820125580e-02
1.900580339133739471e-02
1.907626725733280182e-02
1.926818117499351501e-02
1.927829347550868988e-02
1.935052312910556793e-02
1.910454779863357544e-02
1.926606707274913788e-02
1.946071907877922058e-02
1.899389550089836121e-02
