6.871782460808754101e-01
3.594439588487148285e-01
3.139448028802871438e-01
2.666115495562553228e-01
2.428677514195442255e-01
2.281926949322223563e-01
2.055237661302089791e-01
2.127923062443733138e-01
2.059247666597366355e-01
2.690473446249961875e-01
2.762099138647318153e-01
2.792713280022144362e-01
2.598469448834657691e-01
2.672449053078889691e-01
2.434623859822750147e-01
2.513806636631488733e-01
2.406456634402275030e-01
2.483648996055126124e-01
2.003616540879011032e-01
2.030530085414647967e-01
2.056465800851583481e-01
2.124082078784704231e-01
1.997243881970643953e-01
1.950120670348405860e-01
1.903046184778213468e-01
1.897710791230201588e-01
2.026528143882751487e-01
1.630793815106153510e-01
1.633262674510478907e-01
1.713250075653195426e-01
1.733790676668286457e-01
1.688237127289176076e-01
1.543079201132059042e-01
1.540863528102636437e-01
1.750157932192087096e-01
1.698600528761744499e-01
1.305203371215611641e-01
1.235193511284887746e-01
1.356275395490229019e-01
1.360731003060936806e-01
1.365703592263162180e-01
1.374308903515338853e-01
1.476451495103537903e-01
1.441510953567922138e-01
1.454028615541756164e-01
1.034478485118597718e-01
1.130191695410758257e-01
1.110952380299568137e-01
1.135207118280232019e-01
1.187949447799473979e-01
1.140475020743906553e-01
1.147840121015906295e-01
1.238311077654361686e-01
1.261761670559644610e-01
7.740050439257174786e-02
8.270350038073956411e-02
9.479154700413346124e-02
9.443146881647407342e-02
9.862582549452782177e-02
9.647924322634934824e-02
9.505173372104763763e-02
1.006022293586283922e-01
1.121207367815077321e-01
6.004880413413047485e-02
7.735897420905529787e-02
7.568304453045129887e-02
8.133238056674599314e-02
7.666388832032680622e-02
8.725657890550791995e-02
7.564912361092865356e-02
8.672184912487863884e-02
9.027458291966468373e-02
5.906616635154932765e-02
6.556807215791195242e-02
6.430669119581580717e-02
7.086983570829033519e-02
5.764244928956031855e-02
7.114506112411618510e-02
7.129290387500077097e-02
7.376397314481436540e-02
6.532153390638996415e-02
4.399544415995478713e-02
4.443102671299129641e-02
5.602950478787534216e-02
5.913111598696559751e-02
5.673444672487676366e-02
7.281293645501137057e-02
6.596001095138490089e-02
5.960312494542449602e-02
7.015359276905655528e-02
4.030729042948223706e-02
4.290876763407140693e-02
4.866897434461861516e-02
4.669403259176761051e-02
4.397106448421254921e-02
4.928106460021808993e-02
5.634403221076354079e-02
4.664989349432289295e-02
5.562189765973016287e-02
3.343514100415632267e-02
3.443793369748163885e-02
4.104703623801470025e-02
4.660906883422285402e-02
3.927099261840339556e-02
4.313793752575292850e-02
4.928283078130334810e-02
5.197585500485729648e-02
5.623377416166477211e-02
3.559417489799671097e-02
3.933977270149625893e-02
3.853379111504182108e-02
3.687404693337157507e-02
4.614252969156950462e-02
4.559536701592151187e-02
4.872917203465476632e-02
3.855286591569893201e-02
4.285751390387303877e-02
3.010701971012167549e-02
3.194231352186761852e-02
3.034261604771017889e-02
3.703042830311460698e-02
4.256873802980407767e-02
4.207004256546497539e-02
3.658745544613339201e-02
4.061231975967530272e-02
4.526057859533466621e-02
3.273474444038584202e-02
3.223157202184665643e-02
3.545142237097025084e-02
3.192013088642852575e-02
3.876741419895551877e-02
3.372507431631675129e-02
3.859015214955434370e-02
3.171181924873962832e-02
4.471366720041260179e-02
