8.925573825836181641e-01
8.836277723312377930e-01
8.760291337966918945e-01
8.669598102569580078e-01
8.557894229888916016e-01
8.452938795089721680e-01
8.319641351699829102e-01
8.170384168624877930e-01
7.996235489845275879e-01
7.820881009101867676e-01
7.606392502784729004e-01
7.383571267127990723e-01
7.142996788024902344e-01
6.876019239425659180e-01
6.572035551071166992e-01
6.246458292007446289e-01
5.963407158851623535e-01
5.628234744071960449e-01
5.259673595428466797e-01
4.995283484458923340e-01
4.616187810897827148e-01
4.416680037975311279e-01
4.266661405563354492e-01
4.404339194297790527e-01
4.243475496768951416e-01
4.309291243553161621e-01
4.218350946903228760e-01
4.304615557193756104e-01
4.196441769599914551e-01
4.255796372890472412e-01
4.079375565052032471e-01
3.952608406543731689e-01
3.977386951446533203e-01
3.881344199180603027e-01
3.796736001968383789e-01
3.783257305622100830e-01
3.796602785587310791e-01
3.750866651535034180e-01
3.728729486465454102e-01
3.794219493865966797e-01
3.899073302745819092e-01
3.715320825576782227e-01
3.666065335273742676e-01
3.568650782108306885e-01
3.560040593147277832e-01
3.500765264034271240e-01
3.505360186100006104e-01
3.520807623863220215e-01
3.471432328224182129e-01
3.384528160095214844e-01
3.457219600677490234e-01
3.447993397712707520e-01
3.383611738681793213e-01
3.414454162120819092e-01
3.333697915077209473e-01
3.389549851417541504e-01
3.289335370063781738e-01
3.340150713920593262e-01
3.253710269927978516e-01
3.241809308528900146e-01
3.282804191112518311e-01
3.270031213760375977e-01
3.206794857978820801e-01
3.214727044105529785e-01
3.185241818428039551e-01
3.211215436458587646e-01
3.134614527225494385e-01
3.137948215007781982e-01
3.142688572406768799e-01
3.103484213352203369e-01
3.082805573940277100e-01
3.076739311218261719e-01
3.096735179424285889e-01
3.100309967994689941e-01
3.102330565452575684e-01
3.051505982875823975e-01
3.012336492538452148e-01
3.049837946891784668e-01
3.030240833759307861e-01
3.022318780422210693e-01
2.984661459922790527e-01
2.980875670909881592e-01
2.953515350818634033e-01
2.969432771205902100e-01
2.935947179794311523e-01
2.969514727592468262e-01
2.920450270175933838e-01
2.913779318332672119e-01
2.952103316783905029e-01
2.874506115913391113e-01
2.895491123199462891e-01
2.909174263477325439e-01
2.895604372024536133e-01
2.836739718914031982e-01
2.858103215694427490e-01
2.862471342086791992e-01
2.852340340614318848e-01
2.819068133831024170e-01
2.822046279907226562e-01
2.784498631954193115e-01
2.803550064563751221e-01
2.793439328670501709e-01
2.785324156284332275e-01
2.802867591381072998e-01
2.757361531257629395e-01
2.738327383995056152e-01
2.763302326202392578e-01
2.766906321048736572e-01
2.745544314384460449e-01
2.742637693881988525e-01
2.715052366256713867e-01
2.725569307804107666e-01
2.688930332660675049e-01
2.726738750934600830e-01
2.696338295936584473e-01
2.696487903594970703e-01
2.681399285793304443e-01
2.681296169757843018e-01
2.676649391651153564e-01
2.685357928276062012e-01
2.648635506629943848e-01
2.645081281661987305e-01
2.663918435573577881e-01
2.609722912311553955e-01
2.645014226436614990e-01
2.623560726642608643e-01
2.645886540412902832e-01
2.592252492904663086e-01
2.622662186622619629e-01
2.602060735225677490e-01
2.592236697673797607e-01
2.585299015045166016e-01
2.546806037425994873e-01
2.580507993698120117e-01
2.557621002197265625e-01
2.508703172206878662e-01
2.551653683185577393e-01
2.576699256896972656e-01
2.560889422893524170e-01
2.516206800937652588e-01
2.521389722824096680e-01
2.508243620395660400e-01
2.525227665901184082e-01
2.494544237852096558e-01
2.503531873226165771e-01
2.476843595504760742e-01
2.501193583011627197e-01
2.502919435501098633e-01
2.451560795307159424e-01
2.461160421371459961e-01
2.464253753423690796e-01
2.436015009880065918e-01
2.456473708152770996e-01
2.445015311241149902e-01
2.426977455615997314e-01
2.426835894584655762e-01
2.418569326400756836e-01
2.405245155096054077e-01
2.406746447086334229e-01
2.383366227149963379e-01
2.429074794054031372e-01
2.396019399166107178e-01
2.405371069908142090e-01
2.401913404464721680e-01
2.426306158304214478e-01
2.407410591840744019e-01
2.366912215948104858e-01
2.384652793407440186e-01
2.401383072137832642e-01
2.369025200605392456e-01
2.340462803840637207e-01
2.333066165447235107e-01
2.394286543130874634e-01
2.334553003311157227e-01
2.345020473003387451e-01
2.326815873384475708e-01
2.342531085014343262e-01
2.315405458211898804e-01
2.312119603157043457e-01
2.315369993448257446e-01
2.326920181512832642e-01
2.297032773494720459e-01
2.286980003118515015e-01
2.283440530300140381e-01
2.297680974006652832e-01
2.295617759227752686e-01
2.310505658388137817e-01
2.283755987882614136e-01
2.276034653186798096e-01
2.270173281431198120e-01
2.265015095472335815e-01
2.266027927398681641e-01
2.261656224727630615e-01
2.267663180828094482e-01
2.249701172113418579e-01
2.264338880777359009e-01
2.241888791322708130e-01
2.239864021539688110e-01
2.205358147621154785e-01
2.235647290945053101e-01
2.217888236045837402e-01
2.239054888486862183e-01
2.211044728755950928e-01
2.214452177286148071e-01
2.199686467647552490e-01
2.209515720605850220e-01
2.182253152132034302e-01
2.195138484239578247e-01
2.190215438604354858e-01
2.178463190793991089e-01
2.203112244606018066e-01
2.165813446044921875e-01
2.163587808609008789e-01
2.182368338108062744e-01
2.179590612649917603e-01
2.183412611484527588e-01
2.173160314559936523e-01
2.154282033443450928e-01
2.183315604925155640e-01
2.161356061697006226e-01
2.131255567073822021e-01
2.147722989320755005e-01
2.127789556980133057e-01
2.146430313587188721e-01
2.105923146009445190e-01
2.164152562618255615e-01
2.130554914474487305e-01
2.125453501939773560e-01
2.147313803434371948e-01
2.137352079153060913e-01
2.123062908649444580e-01
2.105504721403121948e-01
2.119335532188415527e-01
2.093277871608734131e-01
2.095603197813034058e-01
2.093309313058853149e-01
2.080420404672622681e-01
2.086651325225830078e-01
2.079328596591949463e-01
2.084885090589523315e-01
2.085173577070236206e-01
2.084355652332305908e-01
2.068940550088882446e-01
2.085423618555068970e-01
2.094702720642089844e-01
2.060901522636413574e-01
2.063226848840713501e-01
2.054769396781921387e-01
2.059525102376937866e-01
2.064772248268127441e-01
2.068262249231338501e-01
2.060337513685226440e-01
2.044358402490615845e-01
2.037615329027175903e-01
2.036584466695785522e-01
2.030618786811828613e-01
2.029701471328735352e-01
2.058825939893722534e-01
2.026228308677673340e-01
2.025014758110046387e-01
2.033997178077697754e-01
2.027235776185989380e-01
2.021349072456359863e-01
2.017560005187988281e-01
2.032415270805358887e-01
2.025201022624969482e-01
1.988595426082611084e-01
2.017727196216583252e-01
1.998891979455947876e-01
2.012732625007629395e-01
2.028696984052658081e-01
2.015883624553680420e-01
1.983998566865921021e-01
1.990352272987365723e-01
1.984068602323532104e-01
1.980980336666107178e-01
1.977148056030273438e-01
1.977205127477645874e-01
1.971543431282043457e-01
1.976215541362762451e-01
1.982509642839431763e-01
1.966173201799392700e-01
1.977403908967971802e-01
1.972763836383819580e-01
1.963715851306915283e-01
1.951000988483428955e-01
1.949089318513870239e-01
1.952328681945800781e-01
1.951365470886230469e-01
1.935044676065444946e-01
1.931364685297012329e-01
1.951126307249069214e-01
1.965198218822479248e-01
1.952469944953918457e-01
1.939026862382888794e-01
1.921867430210113525e-01
1.923265159130096436e-01
1.930062770843505859e-01
1.941302269697189331e-01
1.921489834785461426e-01
1.909968554973602295e-01
1.919846534729003906e-01
1.906069815158843994e-01
1.927484720945358276e-01
1.927448809146881104e-01
1.919119358062744141e-01
1.918349266052246094e-01
1.909491419792175293e-01
1.908225417137145996e-01
1.912572234869003296e-01
1.914077699184417725e-01
1.921478658914566040e-01
1.906948536634445190e-01
1.903494894504547119e-01
1.883026212453842163e-01
1.906888335943222046e-01
1.885673105716705322e-01
1.888344734907150269e-01
1.902922242879867554e-01
1.893399804830551147e-01
1.888154894113540649e-01
1.884278208017349243e-01
1.888626962900161743e-01
1.879498064517974854e-01
1.858774125576019287e-01
1.888774037361145020e-01
1.881290674209594727e-01
1.882462352514266968e-01
1.853393614292144775e-01
1.887010186910629272e-01
1.866435855627059937e-01
1.880183368921279907e-01
1.877539604902267456e-01
1.885537058115005493e-01
1.875603199005126953e-01
1.848798543214797974e-01
1.870795190334320068e-01
1.857590526342391968e-01
1.847343742847442627e-01
1.870527863502502441e-01
1.862494647502899170e-01
1.863949298858642578e-01
1.846471428871154785e-01
1.840581148862838745e-01
1.841316074132919312e-01
1.846878528594970703e-01
1.851398348808288574e-01
1.852736771106719971e-01
1.846604049205780029e-01
1.851794272661209106e-01
1.858640760183334351e-01
1.854019463062286377e-01
1.838626414537429810e-01
1.829701513051986694e-01
1.835840493440628052e-01
1.828419566154479980e-01
1.825718581676483154e-01
1.837649792432785034e-01
1.841139644384384155e-01
1.837420463562011719e-01
1.834868341684341431e-01
1.826113760471343994e-01
1.811204552650451660e-01
1.817650198936462402e-01
1.821307092905044556e-01
1.831705421209335327e-01
1.810574531555175781e-01
1.825955808162689209e-01
1.827542185783386230e-01
1.827372908592224121e-01
1.815013289451599121e-01
1.810123622417449951e-01
1.813735961914062500e-01
1.822787523269653320e-01
1.816318035125732422e-01
1.802615672349929810e-01
1.822664439678192139e-01
1.791865080595016479e-01
1.816574186086654663e-01
1.804129481315612793e-01
1.798108518123626709e-01
1.819222122430801392e-01
1.795918047428131104e-01
1.822573095560073853e-01
1.787500977516174316e-01
1.817223131656646729e-01
1.806013286113739014e-01
1.777644753456115723e-01
1.791426688432693481e-01
1.795840710401535034e-01
1.791017353534698486e-01
1.805045902729034424e-01
1.782008558511734009e-01
1.804232746362686157e-01
1.786080300807952881e-01
1.792277097702026367e-01
1.786256432533264160e-01
1.805729717016220093e-01
1.778284907341003418e-01
1.791140437126159668e-01
1.778242439031600952e-01
1.798032522201538086e-01
1.783404201269149780e-01
1.792687326669692993e-01
1.784387230873107910e-01
1.781727820634841919e-01
1.785166561603546143e-01
1.768927872180938721e-01
1.782322227954864502e-01
1.777506768703460693e-01
1.780294626951217651e-01
1.783592849969863892e-01
1.744775027036666870e-01
1.759818643331527710e-01
1.785908490419387817e-01
1.759170889854431152e-01
1.792012453079223633e-01
1.774740368127822876e-01
1.778776198625564575e-01
1.771627664566040039e-01
1.765935868024826050e-01
1.756159812211990356e-01
1.763099581003189087e-01
1.781132221221923828e-01
1.760695725679397583e-01
1.767170578241348267e-01
1.741732805967330933e-01
1.768710315227508545e-01
1.757085025310516357e-01
1.760816574096679688e-01
1.763202548027038574e-01
1.754793375730514526e-01
1.762370169162750244e-01
1.755961328744888306e-01
1.774405092000961304e-01
1.754213422536849976e-01
1.747359633445739746e-01
1.746640652418136597e-01
1.764881163835525513e-01
1.739629060029983521e-01
1.736227720975875854e-01
1.754276752471923828e-01
1.742613464593887329e-01
1.731082350015640259e-01
1.740297228097915649e-01
1.731733232736587524e-01
1.749991476535797119e-01
1.732733547687530518e-01
1.755340099334716797e-01
1.733674407005310059e-01
1.749050021171569824e-01
1.742340624332427979e-01
1.748065650463104248e-01
1.748721450567245483e-01
1.734975874423980713e-01
1.722451150417327881e-01
1.746279001235961914e-01
1.726964712142944336e-01
1.730118691921234131e-01
1.738400310277938843e-01
1.727936267852783203e-01
1.737917810678482056e-01
1.720496565103530884e-01
1.727013438940048218e-01
1.720758080482482910e-01
1.720777153968811035e-01
1.732727885246276855e-01
1.716800034046173096e-01
1.722983568906784058e-01
1.738010495901107788e-01
1.722149848937988281e-01
1.728671938180923462e-01
1.730104535818099976e-01
1.726540029048919678e-01
1.730269342660903931e-01
1.718107163906097412e-01
1.706147193908691406e-01
1.746401041746139526e-01
1.735991984605789185e-01
1.730620414018630981e-01
1.713126301765441895e-01
1.707830876111984253e-01
1.689623892307281494e-01
1.719034910202026367e-01
1.732166707515716553e-01
1.722096055746078491e-01
1.723216474056243896e-01
1.721322536468505859e-01
1.726073026657104492e-01
1.732924431562423706e-01
1.707787364721298218e-01
1.723833084106445312e-01
1.699499040842056274e-01
1.709389090538024902e-01
1.707420647144317627e-01
1.720350235700607300e-01
1.711264997720718384e-01
1.704286336898803711e-01
1.697194874286651611e-01
1.705195009708404541e-01
1.700290590524673462e-01
1.698058545589447021e-01
1.710341870784759521e-01
1.709962487220764160e-01
1.707025468349456787e-01
1.700894385576248169e-01
1.703883856534957886e-01
1.710036247968673706e-01
1.697683632373809814e-01
1.687803119421005249e-01
1.686270833015441895e-01
1.703582704067230225e-01
1.708323806524276733e-01
1.692008972167968750e-01
1.706405431032180786e-01
1.700605750083923340e-01
1.700365543365478516e-01
1.692147552967071533e-01
1.710311174392700195e-01
1.701906323432922363e-01
1.690699458122253418e-01
1.693585962057113647e-01
1.704694926738739014e-01
1.694582998752593994e-01
1.695844531059265137e-01
1.705466359853744507e-01
1.700022071599960327e-01
1.682085841894149780e-01
1.687285900115966797e-01
1.695650219917297363e-01
1.675913184881210327e-01
1.702003329992294312e-01
1.699974685907363892e-01
1.684987694025039673e-01
1.728718131780624390e-01
1.691710352897644043e-01
1.670900583267211914e-01
1.700729429721832275e-01
1.686368584632873535e-01
1.698302924633026123e-01
1.691179573535919189e-01
1.675300449132919312e-01
1.686129868030548096e-01
1.669573485851287842e-01
1.697416007518768311e-01
1.679040044546127319e-01
1.672891825437545776e-01
1.679265648126602173e-01
1.680598407983779907e-01
1.676936745643615723e-01
1.680591404438018799e-01
1.681490689516067505e-01
1.687308251857757568e-01
1.662291586399078369e-01
1.694579720497131348e-01
1.686096042394638062e-01
1.675827950239181519e-01
1.672450304031372070e-01
1.676544845104217529e-01
1.677498072385787964e-01
1.668340116739273071e-01
1.672831922769546509e-01
1.681934297084808350e-01
1.691625714302062988e-01
1.668007671833038330e-01
1.687416136264801025e-01
1.657148748636245728e-01
1.680801659822463989e-01
1.661972105503082275e-01
1.659585833549499512e-01
1.669874191284179688e-01
1.672390252351760864e-01
1.659724861383438110e-01
1.662778854370117188e-01
1.667762547731399536e-01
1.668380647897720337e-01
1.664726883172988892e-01
1.665589064359664917e-01
1.667338758707046509e-01
1.665800660848617554e-01
1.678875833749771118e-01
1.649464368820190430e-01
1.668804585933685303e-01
1.654555499553680420e-01
1.650705933570861816e-01
1.667038351297378540e-01
1.656689047813415527e-01
1.667558401823043823e-01
1.651300489902496338e-01
1.654902398586273193e-01
1.651285141706466675e-01
1.668660044670104980e-01
1.656119078397750854e-01
1.660961359739303589e-01
1.656007766723632812e-01
1.643009930849075317e-01
1.677957028150558472e-01
1.643772572278976440e-01
1.650941222906112671e-01
1.652446240186691284e-01
1.658528149127960205e-01
1.670920550823211670e-01
1.649624407291412354e-01
1.649939715862274170e-01
1.649950444698333740e-01
1.647477746009826660e-01
1.653976589441299438e-01
1.654067188501358032e-01
1.659266650676727295e-01
1.647209078073501587e-01
1.646234542131423950e-01
1.643005758523941040e-01
1.644344478845596313e-01
1.664936542510986328e-01
1.673741787672042847e-01
1.665666997432708740e-01
1.658281087875366211e-01
1.655153036117553711e-01
1.655198484659194946e-01
1.653933525085449219e-01
1.647140830755233765e-01
1.635567992925643921e-01
1.656455993652343750e-01
1.646494269371032715e-01
1.648735702037811279e-01
1.648796945810317993e-01
1.643206179141998291e-01
1.652425974607467651e-01
1.640976369380950928e-01
1.640701144933700562e-01
1.640572994947433472e-01
1.641309559345245361e-01
1.634096354246139526e-01
1.633310317993164062e-01
1.633090227842330933e-01
1.632351726293563843e-01
1.659140586853027344e-01
1.639716625213623047e-01
1.638730764389038086e-01
1.645871698856353760e-01
1.636195480823516846e-01
1.648251414299011230e-01
1.625679731369018555e-01
1.625967621803283691e-01
1.640339344739913940e-01
1.634110659360885620e-01
1.636762619018554688e-01
1.630629897117614746e-01
1.629094332456588745e-01
1.633431613445281982e-01
1.616313159465789795e-01
1.640744060277938843e-01
1.638001054525375366e-01
1.634637266397476196e-01
1.645033210515975952e-01
1.635168641805648804e-01
1.621156036853790283e-01
1.632364839315414429e-01
1.634521335363388062e-01
1.635147780179977417e-01
1.638342887163162231e-01
1.624624133110046387e-01
1.635299921035766602e-01
1.644014865159988403e-01
1.639249473810195923e-01
1.622149795293807983e-01
1.635687947273254395e-01
1.639423966407775879e-01
1.622152179479598999e-01
1.627099514007568359e-01
1.634300053119659424e-01
1.634291857481002808e-01
1.614863425493240356e-01
1.621024310588836670e-01
1.624149382114410400e-01
1.627349704504013062e-01
1.633268296718597412e-01
1.619918495416641235e-01
1.625474244356155396e-01
1.623168885707855225e-01
1.635007262229919434e-01
1.633984297513961792e-01
1.626285910606384277e-01
1.598898917436599731e-01
1.622116863727569580e-01
1.618607342243194580e-01
1.614428460597991943e-01
1.612219512462615967e-01
1.620352268218994141e-01
1.614939570426940918e-01
1.624571233987808228e-01
1.610321551561355591e-01
1.615194380283355713e-01
1.610158830881118774e-01
1.614377051591873169e-01
1.624543964862823486e-01
1.624056100845336914e-01
1.605652123689651489e-01
1.619345694780349731e-01
1.613671481609344482e-01
1.617080122232437134e-01
1.607061475515365601e-01
1.625218987464904785e-01
1.613063216209411621e-01
1.609875261783599854e-01
1.613458693027496338e-01
1.616783291101455688e-01
1.608718484640121460e-01
1.611695587635040283e-01
1.607916057109832764e-01
1.604499667882919312e-01
1.615001112222671509e-01
1.612509936094284058e-01
1.607442200183868408e-01
1.610006988048553467e-01
1.601758003234863281e-01
1.620331257581710815e-01
1.609033346176147461e-01
1.613721251487731934e-01
1.605650186538696289e-01
1.599331796169281006e-01
1.602223664522171021e-01
1.611148416996002197e-01
1.608703732490539551e-01
1.597495526075363159e-01
1.594275385141372681e-01
1.594717502593994141e-01
1.600898504257202148e-01
1.601660996675491333e-01
1.598575264215469360e-01
1.611759364604949951e-01
1.602247953414916992e-01
1.610297411680221558e-01
1.600910872220993042e-01
1.617670357227325439e-01
1.600600928068161011e-01
1.581413149833679199e-01
1.617592871189117432e-01
1.601399630308151245e-01
1.600705236196517944e-01
1.595160961151123047e-01
1.601023972034454346e-01
1.605782061815261841e-01
1.597082912921905518e-01
1.601104140281677246e-01
1.610571444034576416e-01
1.601983010768890381e-01
1.596119701862335205e-01
1.588493138551712036e-01
1.607497185468673706e-01
1.596776545047760010e-01
1.578429937362670898e-01
1.588727384805679321e-01
1.594031304121017456e-01
1.599853038787841797e-01
1.593991369009017944e-01
1.602122038602828979e-01
1.610141396522521973e-01
1.598915755748748779e-01
1.592027842998504639e-01
1.608783006668090820e-01
1.606325358152389526e-01
1.581419259309768677e-01
1.585337966680526733e-01
1.586894392967224121e-01
1.582562923431396484e-01
1.587394773960113525e-01
1.605002582073211670e-01
1.608655005693435669e-01
1.584318131208419800e-01
1.616726517677307129e-01
1.605591177940368652e-01
1.585873812437057495e-01
1.600488722324371338e-01
1.570262759923934937e-01
1.581328511238098145e-01
1.603890061378479004e-01
1.586347520351409912e-01
1.586360037326812744e-01
1.578774154186248779e-01
1.577516347169876099e-01
1.588313430547714233e-01
1.589396297931671143e-01
1.580467224121093750e-01
1.595402210950851440e-01
1.589727401733398438e-01
1.582403033971786499e-01
1.592357158660888672e-01
1.588209867477416992e-01
1.577143222093582153e-01
1.572196632623672485e-01
1.590706408023834229e-01
1.599031239748001099e-01
1.599912941455841064e-01
1.589899212121963501e-01
1.591695249080657959e-01
1.584851592779159546e-01
1.585927605628967285e-01
1.575606018304824829e-01
1.580616831779479980e-01
1.579493135213851929e-01
1.577627062797546387e-01
1.579565852880477905e-01
1.577072888612747192e-01
1.579541712999343872e-01
1.577004343271255493e-01
1.588216274976730347e-01
1.576998084783554077e-01
1.578257083892822266e-01
1.569081395864486694e-01
1.568622589111328125e-01
1.578058749437332153e-01
1.578128784894943237e-01
1.572067439556121826e-01
1.586217433214187622e-01
1.576132178306579590e-01
1.582811325788497925e-01
1.571809500455856323e-01
1.581531018018722534e-01
1.569815725088119507e-01
1.578013598918914795e-01
1.573511362075805664e-01
1.562362611293792725e-01
1.589412987232208252e-01
1.579967886209487915e-01
1.577423214912414551e-01
1.581911444664001465e-01
1.575545072555541992e-01
1.565544456243515015e-01
1.560657918453216553e-01
1.572991460561752319e-01
1.567566692829132080e-01
1.565228551626205444e-01
1.571614742279052734e-01
1.574916094541549683e-01
1.571159064769744873e-01
1.571775823831558228e-01
1.562692224979400635e-01
1.569799482822418213e-01
1.584409922361373901e-01
1.585937887430191040e-01
1.580035686492919922e-01
1.569675207138061523e-01
1.568113267421722412e-01
1.565929949283599854e-01
1.569807231426239014e-01
1.574074327945709229e-01
1.571668237447738647e-01
1.584695130586624146e-01
1.570775508880615234e-01
1.571931988000869751e-01
1.575921177864074707e-01
1.564576029777526855e-01
1.565302014350891113e-01
1.551089584827423096e-01
1.558136045932769775e-01
1.566187143325805664e-01
1.583489626646041870e-01
1.581203937530517578e-01
1.574884951114654541e-01
1.566468775272369385e-01
1.558924317359924316e-01
1.572569608688354492e-01
1.564994156360626221e-01
1.544321477413177490e-01
1.557073891162872314e-01
1.543483138084411621e-01
1.568674147129058838e-01
1.569278836250305176e-01
1.550238728523254395e-01
1.565890014171600342e-01
1.568160951137542725e-01
1.560386866331100464e-01
1.558804959058761597e-01
1.558694094419479370e-01
1.575615853071212769e-01
1.555065959692001343e-01
1.564902812242507935e-01
1.558361947536468506e-01
1.575752049684524536e-01
1.579459905624389648e-01
1.551395654678344727e-01
1.566644608974456787e-01
1.564033329486846924e-01
1.578075140714645386e-01
1.565616428852081299e-01
1.568663120269775391e-01
1.547926664352416992e-01
1.559896171092987061e-01
1.539710313081741333e-01
1.546547114849090576e-01
1.562734097242355347e-01
1.568229943513870239e-01
1.558066755533218384e-01
1.550436615943908691e-01
1.546405851840972900e-01
1.557324230670928955e-01
1.555381119251251221e-01
1.569468080997467041e-01
1.567337960004806519e-01
1.549983620643615723e-01
1.557714343070983887e-01
1.552738994359970093e-01
1.553380042314529419e-01
1.565269827842712402e-01
1.545302420854568481e-01
1.551147103309631348e-01
1.562094539403915405e-01
1.556371450424194336e-01
1.553599983453750610e-01
1.536750942468643188e-01
1.550682336091995239e-01
1.549718230962753296e-01
1.552730053663253784e-01
1.537986248731613159e-01
1.551977843046188354e-01
1.544945836067199707e-01
1.556093990802764893e-01
1.528152227401733398e-01
1.555304527282714844e-01
1.556360721588134766e-01
1.559745520353317261e-01
1.548984348773956299e-01
1.550709456205368042e-01
1.545562893152236938e-01
1.556126624345779419e-01
1.555911302566528320e-01
1.542249917984008789e-01
1.553166210651397705e-01
1.552720516920089722e-01
1.544554829597473145e-01
1.542183309793472290e-01
1.547717154026031494e-01
1.545774340629577637e-01
1.558257937431335449e-01
1.547055095434188843e-01
1.530112177133560181e-01
1.537427008152008057e-01
1.550672054290771484e-01
1.543200463056564331e-01
1.553412824869155884e-01
1.536319404840469360e-01
1.552825719118118286e-01
1.547582745552062988e-01
1.525655388832092285e-01
1.526865363121032715e-01
1.535484492778778076e-01
1.532356739044189453e-01
1.550840139389038086e-01
1.539501398801803589e-01
1.534054875373840332e-01
1.546492874622344971e-01
1.538123488426208496e-01
1.554135829210281372e-01
1.546708643436431885e-01
1.534349620342254639e-01
1.544509381055831909e-01
1.541803330183029175e-01
1.542898714542388916e-01
1.540331989526748657e-01
1.537319123744964600e-01
1.533872634172439575e-01
1.526654362678527832e-01
1.539225876331329346e-01
1.548278033733367920e-01
1.538126170635223389e-01
1.532892435789108276e-01
1.522104591131210327e-01
1.544893980026245117e-01
1.534869372844696045e-01
1.535711288452148438e-01
1.541905552148818970e-01
1.517931967973709106e-01
1.531452387571334839e-01
1.537341177463531494e-01
1.532021015882492065e-01
1.531205773353576660e-01
1.551255136728286743e-01
1.537118107080459595e-01
1.533726155757904053e-01
1.537234932184219360e-01
1.548218727111816406e-01
1.533756554126739502e-01
1.525727659463882446e-01
1.525076031684875488e-01
1.528838127851486206e-01
1.537168323993682861e-01
1.528996080160140991e-01
1.518272459506988525e-01
1.527659744024276733e-01
1.549941599369049072e-01
1.528148502111434937e-01
1.526323407888412476e-01
1.531945616006851196e-01
1.524267345666885376e-01
1.528738290071487427e-01
1.533480137586593628e-01
1.546947658061981201e-01
1.533736586570739746e-01
1.539784520864486694e-01
1.541781425476074219e-01
1.530683636665344238e-01
1.536994725465774536e-01
1.522809714078903198e-01
1.527410894632339478e-01
1.531606763601303101e-01
1.525294482707977295e-01
1.518778353929519653e-01
1.527355313301086426e-01
1.528880000114440918e-01
1.519856452941894531e-01
1.520098298788070679e-01
1.519881039857864380e-01
1.519826352596282959e-01
1.545626819133758545e-01
1.522672027349472046e-01
1.538790315389633179e-01
1.525600552558898926e-01
1.516617983579635620e-01
1.527854800224304199e-01
1.522049903869628906e-01
1.521927416324615479e-01
1.515105068683624268e-01
1.523493379354476929e-01
1.526135057210922241e-01
1.528245210647583008e-01
1.523131281137466431e-01
1.519057750701904297e-01
1.529554724693298340e-01
1.519603282213211060e-01
1.523749232292175293e-01
1.513026654720306396e-01
1.514449268579483032e-01
1.522737294435501099e-01
1.523149907588958740e-01
1.525101661682128906e-01
1.530330181121826172e-01
1.530935913324356079e-01
1.528808623552322388e-01
1.516410857439041138e-01
1.509679555892944336e-01
1.530005633831024170e-01
1.510856449604034424e-01
1.519953608512878418e-01
1.517551988363265991e-01
1.517635434865951538e-01
1.523514688014984131e-01
1.510782539844512939e-01
1.519883275032043457e-01
1.520827263593673706e-01
1.517445296049118042e-01
1.531336754560470581e-01
1.511958539485931396e-01
1.522403359413146973e-01
1.525417268276214600e-01
1.501521021127700806e-01
1.510584354400634766e-01
1.520593613386154175e-01
1.513312309980392456e-01
1.510108709335327148e-01
1.516421437263488770e-01
1.515765041112899780e-01
1.504730135202407837e-01
1.519617736339569092e-01
1.525881141424179077e-01
1.503701061010360718e-01
1.516787707805633545e-01
1.508601605892181396e-01
1.518419384956359863e-01
1.506372988224029541e-01
1.512110978364944458e-01
1.513134986162185669e-01
1.509920060634613037e-01
1.519458144903182983e-01
1.506705731153488159e-01
1.526757776737213135e-01
1.503699123859405518e-01
1.513317674398422241e-01
1.522276848554611206e-01
1.517660915851593018e-01
1.499731987714767456e-01
1.515896320343017578e-01
1.512184739112854004e-01
1.502017974853515625e-01
1.502433568239212036e-01
1.508095264434814453e-01
1.502204835414886475e-01
1.511417925357818604e-01
1.514373719692230225e-01
1.511842459440231323e-01
1.506042331457138062e-01
1.524430513381958008e-01
1.511581242084503174e-01
1.517664492130279541e-01
1.511828005313873291e-01
1.506321579217910767e-01
1.519889831542968750e-01
1.516661494970321655e-01
1.506342887878417969e-01
1.499772667884826660e-01
1.510866135358810425e-01
1.520720720291137695e-01
1.503372788429260254e-01
1.511537730693817139e-01
1.510660797357559204e-01
1.504633724689483643e-01
1.508490890264511108e-01
1.522683650255203247e-01
1.503033638000488281e-01
1.503892838954925537e-01
1.495674550533294678e-01
1.514226198196411133e-01
1.504446119070053101e-01
1.515823453664779663e-01
1.508137881755828857e-01
1.507079452276229858e-01
1.517602503299713135e-01
1.495348066091537476e-01
1.494947671890258789e-01
1.506567299365997314e-01
1.496942639350891113e-01
1.503443270921707153e-01
1.507559716701507568e-01
1.497354954481124878e-01
1.509982645511627197e-01
1.506281197071075439e-01
1.502286195755004883e-01
1.505739390850067139e-01
1.505355238914489746e-01
1.503671705722808838e-01
1.492384821176528931e-01
1.486232727766036987e-01
1.498969346284866333e-01
1.495222300291061401e-01
1.502516120672225952e-01
1.504558473825454712e-01
1.514063775539398193e-01
1.494658440351486206e-01
1.499708145856857300e-01
1.494048088788986206e-01
1.498888581991195679e-01
1.491562724113464355e-01
1.503916531801223755e-01
1.494250893592834473e-01
1.510461866855621338e-01
1.503584384918212891e-01
1.496275514364242554e-01
1.486191600561141968e-01
1.494857370853424072e-01
1.508251875638961792e-01
1.498285681009292603e-01
1.508431881666183472e-01
1.500699669122695923e-01
1.492106467485427856e-01
1.490202695131301880e-01
1.497819125652313232e-01
1.497760564088821411e-01
1.497714817523956299e-01
1.494188308715820312e-01
1.494784653186798096e-01
1.512902081012725830e-01
1.502667218446731567e-01
1.507710814476013184e-01
1.492315828800201416e-01
1.499450206756591797e-01
1.489481180906295776e-01
1.496399641036987305e-01
1.495899111032485962e-01
1.486508101224899292e-01
1.499519497156143188e-01
1.495020091533660889e-01
1.494654864072799683e-01
1.486917734146118164e-01
1.499828696250915527e-01
1.495514661073684692e-01
1.485622227191925049e-01
1.502716094255447388e-01
1.481921821832656860e-01
1.502570807933807373e-01
1.507308930158615112e-01
1.497793197631835938e-01
1.498501449823379517e-01
1.483282148838043213e-01
1.490846127271652222e-01
1.498396992683410645e-01
1.488907635211944580e-01
1.484497785568237305e-01
1.485856175422668457e-01
1.495711803436279297e-01
1.482230275869369507e-01
1.490468084812164307e-01
1.504297256469726562e-01
1.491042375564575195e-01
1.480107903480529785e-01
1.488720625638961792e-01
1.492591947317123413e-01
1.481524556875228882e-01
1.487274765968322754e-01
1.488452106714248657e-01
1.500483900308609009e-01
2.239624112844467163e-01
2.227536290884017944e-01
2.210482805967330933e-01
2.185836285352706909e-01
2.189994752407073975e-01
2.183967530727386475e-01
2.180864065885543823e-01
2.180441766977310181e-01
2.160600721836090088e-01
2.185480594635009766e-01
2.157007902860641479e-01
2.167260795831680298e-01
2.181067168712615967e-01
2.176006585359573364e-01
2.170630991458892822e-01
2.174810469150543213e-01
2.169936746358871460e-01
2.163243144750595093e-01
2.161189168691635132e-01
2.178809940814971924e-01
2.155499607324600220e-01
2.140696495771408081e-01
2.164389193058013916e-01
2.160441130399703979e-01
2.125246822834014893e-01
2.158391624689102173e-01
2.137726098299026489e-01
2.151576727628707886e-01
2.159480005502700806e-01
2.148011177778244019e-01
2.136254459619522095e-01
2.153259664773941040e-01
2.149329632520675659e-01
2.110283374786376953e-01
2.143538147211074829e-01
2.147337496280670166e-01
2.140604555606842041e-01
2.104366868734359741e-01
2.122278362512588501e-01
2.160418033599853516e-01
2.142513543367385864e-01
2.144865691661834717e-01
2.140168845653533936e-01
2.143940776586532593e-01
2.118773609399795532e-01
2.129802852869033813e-01
2.147515118122100830e-01
2.125400602817535400e-01
2.136851698160171509e-01
2.147179841995239258e-01
2.141717821359634399e-01
2.120583653450012207e-01
2.127721607685089111e-01
2.119131386280059814e-01
2.136701196432113647e-01
2.137729525566101074e-01
2.105180919170379639e-01
2.136120498180389404e-01
2.111793607473373413e-01
2.131422013044357300e-01
2.120377570390701294e-01
2.118090093135833740e-01
2.096049636602401733e-01
2.107324153184890747e-01
2.119890898466110229e-01
2.133644670248031616e-01
2.112852931022644043e-01
2.116979509592056274e-01
2.117739468812942505e-01
2.111103385686874390e-01
2.088871449232101440e-01
2.111927866935729980e-01
2.109226584434509277e-01
2.136548459529876709e-01
2.099420428276062012e-01
2.119373083114624023e-01
2.097471505403518677e-01
2.101673632860183716e-01
2.098730504512786865e-01
2.084544450044631958e-01
2.090760767459869385e-01
2.082257568836212158e-01
2.084838449954986572e-01
2.089900523424148560e-01
2.100364118814468384e-01
2.090323418378829956e-01
2.103078365325927734e-01
2.097302675247192383e-01
2.102507203817367554e-01
2.108898013830184937e-01
2.078307569026947021e-01
2.112186104059219360e-01
2.116007953882217407e-01
2.073933482170104980e-01
2.095018178224563599e-01
2.125519812107086182e-01
2.072416245937347412e-01
2.088754326105117798e-01
2.106677442789077759e-01
2.095047682523727417e-01
2.091444134712219238e-01
2.089640945196151733e-01
2.116270363330841064e-01
2.093279659748077393e-01
2.070645391941070557e-01
2.087165117263793945e-01
2.105471044778823853e-01
2.100582420825958252e-01
2.096742838621139526e-01
2.108429074287414551e-01
2.103477269411087036e-01
2.075421512126922607e-01
2.080501616001129150e-01
2.057939022779464722e-01
2.081543654203414917e-01
2.072796970605850220e-01
2.056702524423599243e-01
2.077284157276153564e-01
2.085960805416107178e-01
2.074491530656814575e-01
2.072118967771530151e-01
2.101856470108032227e-01
2.095796465873718262e-01
2.061358839273452759e-01
2.075319141149520874e-01
2.067224979400634766e-01
2.063813954591751099e-01
2.091725617647171021e-01
2.084790915250778198e-01
2.063700407743453979e-01
2.072408944368362427e-01
2.086170762777328491e-01
2.111162841320037842e-01
2.057835161685943604e-01
2.092857360839843750e-01
2.078206539154052734e-01
2.055142074823379517e-01
2.080138772726058960e-01
2.079055905342102051e-01
2.083058059215545654e-01
2.074875384569168091e-01
2.081268131732940674e-01
2.069421559572219849e-01
2.083698809146881104e-01
2.073199748992919922e-01
2.072653174400329590e-01
2.059333920478820801e-01
2.067202180624008179e-01
2.061964571475982666e-01
2.052127569913864136e-01
2.055854350328445435e-01
2.087709903717041016e-01
2.090142518281936646e-01
2.057781666517257690e-01
2.060224860906600952e-01
2.073812782764434814e-01
2.075951993465423584e-01
2.059013992547988892e-01
2.053597867488861084e-01
2.063389569520950317e-01
2.065633386373519897e-01
2.064555436372756958e-01
2.061810195446014404e-01
2.038593888282775879e-01
2.039593756198883057e-01
2.026495337486267090e-01
2.060904055833816528e-01
2.060402482748031616e-01
2.053132206201553345e-01
2.065487951040267944e-01
2.030257433652877808e-01
2.041218876838684082e-01
2.045826166868209839e-01
2.024520337581634521e-01
2.041674703359603882e-01
2.028782516717910767e-01
2.057664543390274048e-01
2.054045051336288452e-01
2.047588378190994263e-01
2.087547332048416138e-01
2.064753621816635132e-01
2.038142681121826172e-01
2.048747539520263672e-01
2.045404911041259766e-01
2.060084044933319092e-01
2.038021832704544067e-01
2.053404599428176880e-01
2.036343663930892944e-01
2.060766220092773438e-01
2.051439881324768066e-01
2.028653025627136230e-01
2.063819617033004761e-01
2.055158764123916626e-01
2.044478952884674072e-01
2.055646330118179321e-01
2.071033865213394165e-01
2.018142491579055786e-01
2.048718631267547607e-01
2.023178189992904663e-01
2.031770348548889160e-01
2.012743055820465088e-01
2.049577534198760986e-01
2.022921293973922729e-01
2.021570652723312378e-01
2.051111757755279541e-01
2.008157670497894287e-01
2.039451152086257935e-01
2.022771239280700684e-01
2.008665502071380615e-01
2.025464624166488647e-01
2.044989466667175293e-01
2.045980393886566162e-01
2.059793323278427124e-01
2.037108987569808960e-01
2.011035233736038208e-01
2.047611176967620850e-01
2.031808644533157349e-01
2.026067376136779785e-01
2.034396231174468994e-01
2.029643952846527100e-01
2.039770931005477905e-01
2.034099847078323364e-01
2.036206871271133423e-01
2.019866257905960083e-01
2.039951086044311523e-01
2.039860635995864868e-01
2.027329057455062866e-01
2.020006477832794189e-01
2.026474177837371826e-01
2.019225656986236572e-01
2.027137428522109985e-01
2.016272395849227905e-01
2.000044286251068115e-01
2.021571248769760132e-01
2.052295953035354614e-01
2.016851752996444702e-01
2.007012814283370972e-01
2.028932720422744751e-01
2.030833959579467773e-01
2.012158483266830444e-01
2.022078186273574829e-01
2.012736201286315918e-01
2.007655054330825806e-01
2.028352618217468262e-01
1.991578638553619385e-01
2.008707821369171143e-01
2.013294547796249390e-01
2.031407654285430908e-01
1.994513124227523804e-01
2.012810260057449341e-01
2.031476646661758423e-01
1.998575478792190552e-01
2.013344019651412964e-01
1.991794854402542114e-01
2.002147436141967773e-01
2.012518793344497681e-01
2.006954699754714966e-01
2.005404084920883179e-01
2.031982541084289551e-01
1.992975622415542603e-01
2.017183452844619751e-01
2.010337710380554199e-01
2.015434503555297852e-01
1.995208412408828735e-01
1.979337334632873535e-01
2.000840157270431519e-01
2.003667056560516357e-01
2.023356258869171143e-01
2.013697326183319092e-01
2.022962570190429688e-01
2.009632736444473267e-01
2.017736732959747314e-01
1.997780650854110718e-01
2.013011425733566284e-01
1.989847421646118164e-01
2.004673033952713013e-01
2.001465857028961182e-01
2.002376466989517212e-01
1.999731510877609253e-01
2.019069939851760864e-01
2.031644880771636963e-01
2.000038176774978638e-01
1.995744854211807251e-01
2.000204920768737793e-01
2.005525678396224976e-01
2.011801004409790039e-01
1.969988644123077393e-01
1.997605562210083008e-01
2.007405906915664673e-01
2.021198719739913940e-01
2.012453675270080566e-01
2.011222541332244873e-01
2.008189409971237183e-01
2.006439417600631714e-01
2.027922272682189941e-01
2.000271379947662354e-01
1.996608078479766846e-01
1.994150727987289429e-01
2.017702609300613403e-01
1.980790644884109497e-01
