8.804811239242553711e-01
8.734919428825378418e-01
8.671849370002746582e-01
8.607839345932006836e-01
8.532242178916931152e-01
8.454166650772094727e-01
8.347848057746887207e-01
8.239355087280273438e-01
8.118512630462646484e-01
7.980180382728576660e-01
7.851254343986511230e-01
7.686206698417663574e-01
7.499951124191284180e-01
7.328770756721496582e-01
7.152767181396484375e-01
6.882007122039794922e-01
6.744725704193115234e-01
6.523261070251464844e-01
6.289299130439758301e-01
6.078547239303588867e-01
5.816280841827392578e-01
5.632175803184509277e-01
5.716633796691894531e-01
5.354364514350891113e-01
5.261142253875732422e-01
4.982238411903381348e-01
4.903336167335510254e-01
4.779700636863708496e-01
4.792833626270294189e-01
4.652326405048370361e-01
4.640150666236877441e-01
4.531925320625305176e-01
4.399048984050750732e-01
4.343684911727905273e-01
4.382139146327972412e-01
4.293654263019561768e-01
4.466387927532196045e-01
4.202273786067962646e-01
4.264597892761230469e-01
4.149649441242218018e-01
4.131309092044830322e-01
4.128307700157165527e-01
4.062332510948181152e-01
4.038441777229309082e-01
3.995931148529052734e-01
3.980300426483154297e-01
3.907469809055328369e-01
3.943978548049926758e-01
3.847039341926574707e-01
3.839974999427795410e-01
3.852686285972595215e-01
3.770672678947448730e-01
3.733965754508972168e-01
3.778969049453735352e-01
3.721280992031097412e-01
3.802237510681152344e-01
3.682546317577362061e-01
3.658638894557952881e-01
3.600861728191375732e-01
3.632904887199401855e-01
3.619747161865234375e-01
3.592506349086761475e-01
3.558076024055480957e-01
3.528074026107788086e-01
3.607020676136016846e-01
3.469917476177215576e-01
3.473505377769470215e-01
3.472545742988586426e-01
3.409140110015869141e-01
3.446963429450988770e-01
3.435652852058410645e-01
3.388607800006866455e-01
3.436178565025329590e-01
3.372436761856079102e-01
3.354554474353790283e-01
3.335346877574920654e-01
3.339723646640777588e-01
3.346899151802062988e-01
3.310542106628417969e-01
3.328418731689453125e-01
3.295712471008300781e-01
3.234128952026367188e-01
3.206759095191955566e-01
3.259242773056030273e-01
3.187267482280731201e-01
3.218906223773956299e-01
3.265511095523834229e-01
3.176138401031494141e-01
3.170882165431976318e-01
3.212354779243469238e-01
3.143387436866760254e-01
3.142333924770355225e-01
3.117651641368865967e-01
3.153213858604431152e-01
3.137467801570892334e-01
3.124024569988250732e-01
3.093661069869995117e-01
3.115620017051696777e-01
3.042816221714019775e-01
3.046645522117614746e-01
3.041218519210815430e-01
3.049565255641937256e-01
3.019522726535797119e-01
3.019066452980041504e-01
3.003709614276885986e-01
2.958917021751403809e-01
2.990497648715972900e-01
2.966943383216857910e-01
2.985345721244812012e-01
2.971953749656677246e-01
2.919266223907470703e-01
2.937620878219604492e-01
2.966970205307006836e-01
2.925035059452056885e-01
2.898469865322113037e-01
2.894385159015655518e-01
2.952636778354644775e-01
2.895892560482025146e-01
2.891279458999633789e-01
2.865357995033264160e-01
2.881368994712829590e-01
2.882184684276580811e-01
2.849531471729278564e-01
2.877252995967864990e-01
2.856531143188476562e-01
2.852011322975158691e-01
2.812671661376953125e-01
2.851644158363342285e-01
2.829735577106475830e-01
2.831278443336486816e-01
2.821687459945678711e-01
2.776196300983428955e-01
2.750348150730133057e-01
2.746286094188690186e-01
2.750772535800933838e-01
2.756819725036621094e-01
2.750451564788818359e-01
2.779018580913543701e-01
2.733207046985626221e-01
2.712890207767486572e-01
2.727039456367492676e-01
2.732036411762237549e-01
2.738007307052612305e-01
2.674751579761505127e-01
2.722842097282409668e-01
2.685834467411041260e-01
2.669122815132141113e-01
2.699710130691528320e-01
2.658859491348266602e-01
2.634477317333221436e-01
2.672277092933654785e-01
2.662456631660461426e-01
2.656974494457244873e-01
2.652983069419860840e-01
2.618816494941711426e-01
2.614929676055908203e-01
2.595086991786956787e-01
2.663698792457580566e-01
2.624353468418121338e-01
2.631404697895050049e-01
2.603414058685302734e-01
2.589520514011383057e-01
2.606264352798461914e-01
2.579582333564758301e-01
2.594488263130187988e-01
2.549884915351867676e-01
2.531796693801879883e-01
2.558163702487945557e-01
2.570412158966064453e-01
2.554467022418975830e-01
2.521448731422424316e-01
2.518197894096374512e-01
2.533841133117675781e-01
2.537929415702819824e-01
2.483202666044235229e-01
2.497765123844146729e-01
2.477668672800064087e-01
2.495496422052383423e-01
2.512150108814239502e-01
2.498126178979873657e-01
2.496340423822402954e-01
2.506768107414245605e-01
2.463207244873046875e-01
2.500384151935577393e-01
2.478197515010833740e-01
2.454200685024261475e-01
2.456309944391250610e-01
2.438565492630004883e-01
2.439291775226593018e-01
2.473492324352264404e-01
2.444594204425811768e-01
2.436426281929016113e-01
2.416567206382751465e-01
2.419547587633132935e-01
2.393401861190795898e-01
2.404439151287078857e-01
2.413468062877655029e-01
2.406875640153884888e-01
2.405588775873184204e-01
2.403369843959808350e-01
2.412034720182418823e-01
2.386225014925003052e-01
2.388120740652084351e-01
2.413174808025360107e-01
2.391644418239593506e-01
2.389101386070251465e-01
2.374860942363739014e-01
2.365630418062210083e-01
2.369933128356933594e-01
2.316932976245880127e-01
2.348546236753463745e-01
2.360086441040039062e-01
2.313197255134582520e-01
2.335410416126251221e-01
2.325233668088912964e-01
2.325380593538284302e-01
2.333844006061553955e-01
2.329826802015304565e-01
2.307048588991165161e-01
2.310514152050018311e-01
2.304651886224746704e-01
2.302720397710800171e-01
2.296118736267089844e-01
2.303157001733779907e-01
2.271562814712524414e-01
2.308673858642578125e-01
2.290919572114944458e-01
2.276588082313537598e-01
2.285878509283065796e-01
2.258147597312927246e-01
2.252752929925918579e-01
2.246755659580230713e-01
2.280067056417465210e-01
2.268030047416687012e-01
2.250359356403350830e-01
2.242567539215087891e-01
2.252362817525863647e-01
2.252316623926162720e-01
2.239246219396591187e-01
2.229558378458023071e-01
2.240237146615982056e-01
2.204121649265289307e-01
2.222625762224197388e-01
2.211016565561294556e-01
2.207824438810348511e-01
2.155758142471313477e-01
2.213159352540969849e-01
2.218139320611953735e-01
2.190824598073959351e-01
2.173623889684677124e-01
2.186558544635772705e-01
2.212109863758087158e-01
2.188320755958557129e-01
2.162709087133407593e-01
2.165430337190628052e-01
2.153904736042022705e-01
2.166847586631774902e-01
2.155302315950393677e-01
2.163094878196716309e-01
2.161228954792022705e-01
2.135303914546966553e-01
2.137494534254074097e-01
2.142256945371627808e-01
2.134514153003692627e-01
2.113038897514343262e-01
2.113998383283615112e-01
2.125359028577804565e-01
2.124984413385391235e-01
2.107848376035690308e-01
2.106049805879592896e-01
2.105584293603897095e-01
2.084614485502243042e-01
2.101920843124389648e-01
2.114103287458419800e-01
2.097658365964889526e-01
2.092100828886032104e-01
2.084959745407104492e-01
2.080352753400802612e-01
2.075915783643722534e-01
2.077221125364303589e-01
2.091319411993026733e-01
2.049934566020965576e-01
2.076535224914550781e-01
2.060585021972656250e-01
2.079740613698959351e-01
2.054191827774047852e-01
2.056338191032409668e-01
2.033718973398208618e-01
2.056388407945632935e-01
2.049633413553237915e-01
2.042563706636428833e-01
2.032054960727691650e-01
2.015751004219055176e-01
2.013847380876541138e-01
2.048648446798324585e-01
2.012697011232376099e-01
2.039159834384918213e-01
2.027398645877838135e-01
1.979413926601409912e-01
1.995630264282226562e-01
1.994899958372116089e-01
2.022516280412673950e-01
2.005214244127273560e-01
2.005920708179473877e-01
2.007028758525848389e-01
2.004262059926986694e-01
1.977380961179733276e-01
1.987994611263275146e-01
1.977997571229934692e-01
1.998140066862106323e-01
1.990092247724533081e-01
1.964330673217773438e-01
1.940733045339584351e-01
1.972893178462982178e-01
1.963682025671005249e-01
2.002079486846923828e-01
1.974085867404937744e-01
1.947831809520721436e-01
1.957924365997314453e-01
1.967897713184356689e-01
1.961074322462081909e-01
1.957283169031143188e-01
1.964425593614578247e-01
1.943133920431137085e-01
1.949863433837890625e-01
1.941222846508026123e-01
1.936479210853576660e-01
1.932595670223236084e-01
1.909418851137161255e-01
1.930134892463684082e-01
1.950009614229202271e-01
1.919957399368286133e-01
1.917590945959091187e-01
1.904199719429016113e-01
1.911050677299499512e-01
1.912688910961151123e-01
1.921599060297012329e-01
1.913452148437500000e-01
1.907965987920761108e-01
1.913643479347229004e-01
1.879870146512985229e-01
1.892545372247695923e-01
1.902395933866500854e-01
1.899901181459426880e-01
1.906679123640060425e-01
1.898003667593002319e-01
1.904490143060684204e-01
1.895662844181060791e-01
1.892982721328735352e-01
1.883168071508407593e-01
1.870976835489273071e-01
1.894480735063552856e-01
1.865258514881134033e-01
1.862768679857254028e-01
1.879364550113677979e-01
1.871411800384521484e-01
1.887131035327911377e-01
1.869010478258132935e-01
1.861397922039031982e-01
1.849664598703384399e-01
1.880813837051391602e-01
1.845429837703704834e-01
1.869167238473892212e-01
1.840680837631225586e-01
1.857261806726455688e-01
1.830033957958221436e-01
1.843584030866622925e-01
1.822549253702163696e-01
1.817994713783264160e-01
1.822211146354675293e-01
1.835387051105499268e-01
1.818954050540924072e-01
1.838268041610717773e-01
1.844271272420883179e-01
1.835924685001373291e-01
1.841214448213577271e-01
1.843526512384414673e-01
1.819450557231903076e-01
1.815626621246337891e-01
1.820680052042007446e-01
1.812351495027542114e-01
1.790196597576141357e-01
1.810106933116912842e-01
1.800367534160614014e-01
1.805878579616546631e-01
1.784408688545227051e-01
1.782533526420593262e-01
1.812782734632492065e-01
1.782267540693283081e-01
1.783016324043273926e-01
1.812949329614639282e-01
1.813530474901199341e-01
1.788853108882904053e-01
1.777204871177673340e-01
1.804692149162292480e-01
1.783758848905563354e-01
1.777694672346115112e-01
1.775524914264678955e-01
1.790440231561660767e-01
1.765253543853759766e-01
1.750764399766921997e-01
1.758135259151458740e-01
1.794456988573074341e-01
1.778309047222137451e-01
1.764777749776840210e-01
1.787931919097900391e-01
1.755099743604660034e-01
1.779717952013015747e-01
1.774220615625381470e-01
1.764820814132690430e-01
1.782607734203338623e-01
1.753685623407363892e-01
1.765709370374679565e-01
1.752118170261383057e-01
1.751537770032882690e-01
1.756727397441864014e-01
1.766313165426254272e-01
1.732407063245773315e-01
1.758619844913482666e-01
1.762991249561309814e-01
1.763330399990081787e-01
1.740260422229766846e-01
1.737281382083892822e-01
1.753158867359161377e-01
1.762847900390625000e-01
1.740051656961441040e-01
1.739950031042098999e-01
1.723087579011917114e-01
1.709186881780624390e-01
1.715647578239440918e-01
1.729442924261093140e-01
1.720255911350250244e-01
1.726670563220977783e-01
1.718818992376327515e-01
1.727722734212875366e-01
1.729596406221389771e-01
1.718554794788360596e-01
1.714905202388763428e-01
1.715697944164276123e-01
1.727642416954040527e-01
1.738498210906982422e-01
1.729284673929214478e-01
1.735590696334838867e-01
1.721701622009277344e-01
1.712788343429565430e-01
1.698312461376190186e-01
1.708918958902359009e-01
1.702901571989059448e-01
1.709947586059570312e-01
1.716939806938171387e-01
1.710486412048339844e-01
1.697704493999481201e-01
1.703293025493621826e-01
1.702726930379867554e-01
1.698643863201141357e-01
1.707157492637634277e-01
1.684836298227310181e-01
1.704029142856597900e-01
1.690853834152221680e-01
1.693601757287979126e-01
1.695826947689056396e-01
1.676783561706542969e-01
1.673213243484497070e-01
1.676172912120819092e-01
1.696076691150665283e-01
1.676878184080123901e-01
1.675826460123062134e-01
1.687548607587814331e-01
1.682641655206680298e-01
1.677588969469070435e-01
1.690727472305297852e-01
1.683439463376998901e-01
1.674020588397979736e-01
1.665273904800415039e-01
1.674559414386749268e-01
1.683629900217056274e-01
1.662323325872421265e-01
1.676940470933914185e-01
1.676912456750869751e-01
1.659475862979888916e-01
1.648921817541122437e-01
1.669099032878875732e-01
1.646889448165893555e-01
1.666624248027801514e-01
1.655376106500625610e-01
1.647770106792449951e-01
1.643301993608474731e-01
1.664342433214187622e-01
1.660917103290557861e-01
1.662804037332534790e-01
1.652064621448516846e-01
1.645620167255401611e-01
1.654036343097686768e-01
1.641472131013870239e-01
1.649085134267807007e-01
1.639724075794219971e-01
1.653286069631576538e-01
1.652614772319793701e-01
1.644864827394485474e-01
1.639105975627899170e-01
1.625305712223052979e-01
1.648552417755126953e-01
1.627292633056640625e-01
1.641882508993148804e-01
1.639160364866256714e-01
1.623662561178207397e-01
1.629892885684967041e-01
1.645256876945495605e-01
1.627783924341201782e-01
1.627188473939895630e-01
1.628333330154418945e-01
1.627436727285385132e-01
1.630664765834808350e-01
1.619956940412521362e-01
1.627839356660842896e-01
1.632891893386840820e-01
1.638484150171279907e-01
1.611405313014984131e-01
1.615621149539947510e-01
1.628252565860748291e-01
1.628375649452209473e-01
1.615659445524215698e-01
1.615278124809265137e-01
1.618453860282897949e-01
1.626277714967727661e-01
1.615959256887435913e-01
1.602629870176315308e-01
1.608119308948516846e-01
1.589851826429367065e-01
1.618371158838272095e-01
1.605336815118789673e-01
1.607469916343688965e-01
1.593502908945083618e-01
1.617272198200225830e-01
1.587767601013183594e-01
1.616684496402740479e-01
1.595912873744964600e-01
1.594940423965454102e-01
1.597664058208465576e-01
1.604989767074584961e-01
1.610202640295028687e-01
1.594162583351135254e-01
1.604506224393844604e-01
1.596547961235046387e-01
1.607984900474548340e-01
1.604498475790023804e-01
1.578039973974227905e-01
1.589605808258056641e-01
1.587767302989959717e-01
1.586470454931259155e-01
1.590720117092132568e-01
1.591535508632659912e-01
1.585720032453536987e-01
1.608102023601531982e-01
1.602284908294677734e-01
1.590737998485565186e-01
1.590803414583206177e-01
1.591058224439620972e-01
1.581240594387054443e-01
1.579794883728027344e-01
1.591229289770126343e-01
1.606815010309219360e-01
1.580456197261810303e-01
1.575549691915512085e-01
1.563719809055328369e-01
1.593152731657028198e-01
1.583786755800247192e-01
1.573808640241622925e-01
1.596671640872955322e-01
1.564894020557403564e-01
1.582358330488204956e-01
1.564950644969940186e-01
1.574337482452392578e-01
1.590472012758255005e-01
1.566859334707260132e-01
1.562810689210891724e-01
1.573664098978042603e-01
1.585604697465896606e-01
1.572243124246597290e-01
1.569840610027313232e-01
1.585091352462768555e-01
1.571044623851776123e-01
1.554772853851318359e-01
1.574508696794509888e-01
1.574666202068328857e-01
1.561990827322006226e-01
1.554270237684249878e-01
1.573019772768020630e-01
1.575342565774917603e-01
1.571067869663238525e-01
1.574092507362365723e-01
1.564515233039855957e-01
1.543762981891632080e-01
1.556691974401473999e-01
1.536307483911514282e-01
1.556321680545806885e-01
1.564333438873291016e-01
1.547745913267135620e-01
1.558805704116821289e-01
1.536370813846588135e-01
1.557002365589141846e-01
1.538842171430587769e-01
1.548791527748107910e-01
1.561614125967025757e-01
1.554795056581497192e-01
1.557564735412597656e-01
1.562922894954681396e-01
1.553876698017120361e-01
1.539299786090850830e-01
1.556854099035263062e-01
1.539570689201354980e-01
1.548864245414733887e-01
1.548598855733871460e-01
1.538381427526473999e-01
1.551106870174407959e-01
1.544881463050842285e-01
1.531937718391418457e-01
1.555708199739456177e-01
1.534924060106277466e-01
1.554670780897140503e-01
1.532031297683715820e-01
1.546412259340286255e-01
1.559915989637374878e-01
1.535847187042236328e-01
1.539738923311233521e-01
1.534098088741302490e-01
1.545551866292953491e-01
1.537131369113922119e-01
1.537310332059860229e-01
1.531721651554107666e-01
1.534415334463119507e-01
1.525718569755554199e-01
1.536847501993179321e-01
1.544947028160095215e-01
1.524138003587722778e-01
1.522557884454727173e-01
1.523139625787734985e-01
1.531608551740646362e-01
1.525782048702239990e-01
1.537269353866577148e-01
1.533051282167434692e-01
1.519131809473037720e-01
1.516777873039245605e-01
1.518565863370895386e-01
1.529815346002578735e-01
1.546350419521331787e-01
1.515278220176696777e-01
1.530980616807937622e-01
1.522517651319503784e-01
1.529567688703536987e-01
1.520926505327224731e-01
1.522019505500793457e-01
1.513187289237976074e-01
1.501274853944778442e-01
1.525038927793502808e-01
1.523464918136596680e-01
1.504790484905242920e-01
1.505687683820724487e-01
1.511660963296890259e-01
1.518080085515975952e-01
1.513623744249343872e-01
1.521289646625518799e-01
1.523546278476715088e-01
1.517446339130401611e-01
1.519491374492645264e-01
1.523162424564361572e-01
1.508974283933639526e-01
1.514466106891632080e-01
1.512812972068786621e-01
1.498433500528335571e-01
1.496721357107162476e-01
1.508314758539199829e-01
1.490649729967117310e-01
1.498672962188720703e-01
1.516877561807632446e-01
1.496704518795013428e-01
1.487651467323303223e-01
1.515082418918609619e-01
1.507005244493484497e-01
1.528360843658447266e-01
1.510908901691436768e-01
1.490221023559570312e-01
1.494894772768020630e-01
1.491204798221588135e-01
1.496895402669906616e-01
1.489339172840118408e-01
1.482987999916076660e-01
1.480087935924530029e-01
1.483350545167922974e-01
1.494513899087905884e-01
1.481667906045913696e-01
1.477606296539306641e-01
1.489764153957366943e-01
1.494977623224258423e-01
1.498072147369384766e-01
1.486501097679138184e-01
1.497896313667297363e-01
1.505126059055328369e-01
1.481265723705291748e-01
1.483078151941299438e-01
2.270124554634094238e-01
2.246284037828445435e-01
2.237792015075683594e-01
2.249394357204437256e-01
2.273199558258056641e-01
2.264706492424011230e-01
2.266845703125000000e-01
2.246315777301788330e-01
2.237601727247238159e-01
2.251838594675064087e-01
2.258743941783905029e-01
2.268497198820114136e-01
2.224548757076263428e-01
2.222165465354919434e-01
2.251738011837005615e-01
2.251370549201965332e-01
2.245163172483444214e-01
2.247671782970428467e-01
2.213831394910812378e-01
2.241414636373519897e-01
2.235034704208374023e-01
2.232687622308731079e-01
2.207716554403305054e-01
2.264501899480819702e-01
2.245667129755020142e-01
2.235988378524780273e-01
2.228944301605224609e-01
2.230793386697769165e-01
2.229955196380615234e-01
2.231844663619995117e-01
2.229874730110168457e-01
2.223460227251052856e-01
2.247146219015121460e-01
2.228325605392456055e-01
2.228574454784393311e-01
2.208762615919113159e-01
2.218703925609588623e-01
2.224290519952774048e-01
2.239874154329299927e-01
2.227364182472229004e-01
2.201301753520965576e-01
2.240055948495864868e-01
2.219205796718597412e-01
2.209366112947463989e-01
2.209894657135009766e-01
2.210752516984939575e-01
2.219378203153610229e-01
2.232574075460433960e-01
2.181976884603500366e-01
2.200558632612228394e-01
2.217184603214263916e-01
2.212529778480529785e-01
2.226660251617431641e-01
2.200603336095809937e-01
2.237892448902130127e-01
2.201202213764190674e-01
2.205832600593566895e-01
2.178752124309539795e-01
2.206448167562484741e-01
2.193781882524490356e-01
2.183476686477661133e-01
2.192490994930267334e-01
2.178504765033721924e-01
2.219420671463012695e-01
2.176396101713180542e-01
2.206535637378692627e-01
2.216990292072296143e-01
2.178921848535537720e-01
2.183799147605895996e-01
2.191828638315200806e-01
2.209998965263366699e-01
2.174566388130187988e-01
2.179991304874420166e-01
2.201329916715621948e-01
2.172152400016784668e-01
2.163076102733612061e-01
2.185835391283035278e-01
2.218534648418426514e-01
2.195342928171157837e-01
2.181699872016906738e-01
2.154943794012069702e-01
2.198034375905990601e-01
2.210864573717117310e-01
2.180370390415191650e-01
2.198111712932586670e-01
2.181519418954849243e-01
2.175780236721038818e-01
2.197189927101135254e-01
2.165419161319732666e-01
2.161749303340911865e-01
2.200588583946228027e-01
2.199599742889404297e-01
2.174189388751983643e-01
2.187931239604949951e-01
2.163720279932022095e-01
2.164061516523361206e-01
2.178525030612945557e-01
2.133855521678924561e-01
2.180572599172592163e-01
2.170188724994659424e-01
2.189882248640060425e-01
2.183117270469665527e-01
2.167675346136093140e-01
2.174111306667327881e-01
2.167727500200271606e-01
2.166097462177276611e-01
2.163259088993072510e-01
2.156073004007339478e-01
2.158264666795730591e-01
2.162922322750091553e-01
2.181587517261505127e-01
2.180219888687133789e-01
2.152640819549560547e-01
2.125413119792938232e-01
2.169070243835449219e-01
2.162072360515594482e-01
2.166258096694946289e-01
2.135574966669082642e-01
2.133721411228179932e-01
2.152746319770812988e-01
2.153052687644958496e-01
2.160187363624572754e-01
2.149664610624313354e-01
2.159692794084548950e-01
2.135518938302993774e-01
2.175824493169784546e-01
2.147519886493682861e-01
2.161242812871932983e-01
2.145762741565704346e-01
2.152446955442428589e-01
2.123716622591018677e-01
2.134596407413482666e-01
2.158697843551635742e-01
2.134820222854614258e-01
2.160350531339645386e-01
2.164909541606903076e-01
2.154293209314346313e-01
2.154203653335571289e-01
2.167782783508300781e-01
2.142042964696884155e-01
2.138405442237854004e-01
2.154621034860610962e-01
2.148731499910354614e-01
2.137772589921951294e-01
2.146365195512771606e-01
2.147861421108245850e-01
2.144088894128799438e-01
2.110569626092910767e-01
2.151325494050979614e-01
2.128491103649139404e-01
2.139847278594970703e-01
2.144003808498382568e-01
2.150741964578628540e-01
2.145524471998214722e-01
2.125547826290130615e-01
2.115898579359054565e-01
2.138462215662002563e-01
2.141318917274475098e-01
2.151378095149993896e-01
2.129674553871154785e-01
2.144570201635360718e-01
2.118669599294662476e-01
2.131822109222412109e-01
2.130430191755294800e-01
2.112392038106918335e-01
2.127653062343597412e-01
2.154947370290756226e-01
2.146268188953399658e-01
2.116101533174514771e-01
2.138438969850540161e-01
2.123535871505737305e-01
2.132935076951980591e-01
2.107061892747879028e-01
2.126171439886093140e-01
2.142142802476882935e-01
2.129308134317398071e-01
2.138148993253707886e-01
2.109764665365219116e-01
2.135635912418365479e-01
2.127717435359954834e-01
2.106527537107467651e-01
2.135988473892211914e-01
2.107993662357330322e-01
2.127683609724044800e-01
2.112388461828231812e-01
2.136055082082748413e-01
2.096742093563079834e-01
2.119812220335006714e-01
2.123891711235046387e-01
2.133629620075225830e-01
2.104755938053131104e-01
2.133297026157379150e-01
2.108645737171173096e-01
2.093972414731979370e-01
2.098132222890853882e-01
2.111752927303314209e-01
2.105756103992462158e-01
2.110224515199661255e-01
2.094963937997817993e-01
2.130308300256729126e-01
2.115702927112579346e-01
2.087798565626144409e-01
2.069045305252075195e-01
2.119724303483963013e-01
2.109125703573226929e-01
2.104349583387374878e-01
2.128547579050064087e-01
2.103582024574279785e-01
2.098693847656250000e-01
2.089145630598068237e-01
2.096821665763854980e-01
2.097803205251693726e-01
2.088467478752136230e-01
2.086294591426849365e-01
2.108187675476074219e-01
2.103371769189834595e-01
2.101709544658660889e-01
2.086391299962997437e-01
2.099711447954177856e-01
2.088363766670227051e-01
2.085601687431335449e-01
2.085379958152770996e-01
2.083985507488250732e-01
2.104783505201339722e-01
2.095080912113189697e-01
2.091353535652160645e-01
2.088020145893096924e-01
2.080098092555999756e-01
2.075767666101455688e-01
2.081634104251861572e-01
2.075197547674179077e-01
2.085676640272140503e-01
2.095064222812652588e-01
2.107580155134201050e-01
2.087887078523635864e-01
2.086082845926284790e-01
2.108558714389801025e-01
2.072833627462387085e-01
2.086866796016693115e-01
2.096439898014068604e-01
2.091607749462127686e-01
2.103035449981689453e-01
2.092868685722351074e-01
2.091936916112899780e-01
2.114736288785934448e-01
2.071019709110260010e-01
2.071505337953567505e-01
2.091298103332519531e-01
2.095470279455184937e-01
2.107574641704559326e-01
2.087305933237075806e-01
2.071210891008377075e-01
2.096913307905197144e-01
2.127047628164291382e-01
2.064463049173355103e-01
2.049890756607055664e-01
2.083650380373001099e-01
2.064225524663925171e-01
2.058642804622650146e-01
2.079382240772247314e-01
2.069635987281799316e-01
2.098168283700942993e-01
2.069520801305770874e-01
2.091698199510574341e-01
2.057228982448577881e-01
2.068539857864379883e-01
2.076979875564575195e-01
2.083797305822372437e-01
2.060299813747406006e-01
2.085884511470794678e-01
2.059059888124465942e-01
2.072178870439529419e-01
2.062593549489974976e-01
2.106794565916061401e-01
2.046681493520736694e-01
2.072752416133880615e-01
2.071912437677383423e-01
2.056894153356552124e-01
2.076757252216339111e-01
2.048685848712921143e-01
2.076315134763717651e-01
2.083829790353775024e-01
2.047847807407379150e-01
2.063666880130767822e-01
2.062049955129623413e-01
2.067127376794815063e-01
2.071087509393692017e-01
2.064152806997299194e-01
2.075627744197845459e-01
2.062857002019882202e-01
2.052428126335144043e-01
2.053217738866806030e-01
2.051754146814346313e-01
2.063721120357513428e-01
2.062617242336273193e-01
2.040580958127975464e-01
2.056378275156021118e-01
2.049265056848526001e-01
2.035294473171234131e-01
2.079316079616546631e-01
2.052508741617202759e-01
2.044833302497863770e-01
2.037896066904067993e-01
2.086243778467178345e-01
2.058912515640258789e-01
2.046500444412231445e-01
2.054433524608612061e-01
2.030806988477706909e-01
2.043981552124023438e-01
2.037016600370407104e-01
2.041778266429901123e-01
2.089277356863021851e-01
2.055341750383377075e-01
2.053914070129394531e-01
2.047250121831893921e-01
2.034502476453781128e-01
2.031503170728683472e-01
2.096044421195983887e-01
2.030800580978393555e-01
2.078717201948165894e-01
2.034005373716354370e-01
2.041915208101272583e-01
2.046817243099212646e-01
2.052324414253234863e-01
2.055861949920654297e-01
2.031510174274444580e-01
2.042504549026489258e-01
2.014827579259872437e-01
2.046229988336563110e-01
2.030874341726303101e-01
2.051268517971038818e-01
2.050789892673492432e-01
2.041562348604202271e-01
2.022428959608078003e-01
2.085603624582290649e-01
2.048197239637374878e-01
2.058096975088119507e-01
2.044851928949356079e-01
2.029720693826675415e-01
2.042460590600967407e-01
2.042066305875778198e-01
2.045506834983825684e-01
2.043764293193817139e-01
2.037918567657470703e-01
2.032931149005889893e-01
2.033931463956832886e-01
2.049086093902587891e-01
2.023649215698242188e-01
2.043316066265106201e-01
2.048449963331222534e-01
2.040038555860519409e-01
2.011335194110870361e-01
2.052907496690750122e-01
2.037304192781448364e-01
2.018555402755737305e-01
2.033757716417312622e-01
2.038357108831405640e-01
2.019409090280532837e-01
2.029552459716796875e-01
2.035261839628219604e-01
2.023744732141494751e-01
2.048003822565078735e-01
2.047075629234313965e-01
2.035562545061111450e-01
2.038916647434234619e-01
2.011127918958663940e-01
2.022942602634429932e-01
2.022426128387451172e-01
2.027205377817153931e-01
2.012883573770523071e-01
2.012500017881393433e-01
2.045266330242156982e-01
2.032022476196289062e-01
2.012803703546524048e-01
2.018190324306488037e-01
2.017774283885955811e-01
2.023596912622451782e-01
2.009182125329971313e-01
2.017137408256530762e-01
2.031251490116119385e-01
2.030598372220993042e-01
2.039541155099868774e-01
2.011194974184036255e-01
2.006005346775054932e-01
2.024167180061340332e-01
2.038399577140808105e-01
2.014998942613601685e-01
1.991696059703826904e-01
1.998011320829391479e-01
2.014003396034240723e-01
2.021076828241348267e-01
2.018519192934036255e-01
2.009592354297637939e-01
2.023424804210662842e-01
2.002238780260086060e-01
2.008350938558578491e-01
2.018691450357437134e-01
1.999786645174026489e-01
2.034383416175842285e-01
2.025267630815505981e-01
2.003757357597351074e-01
2.000453621149063110e-01
2.007149755954742432e-01
2.032032608985900879e-01
2.007148563861846924e-01
2.024422883987426758e-01
2.049267739057540894e-01
1.984235495328903198e-01
2.046231478452682495e-01
2.019311040639877319e-01
2.006254643201828003e-01
1.987825483083724976e-01
2.007859051227569580e-01
2.025744467973709106e-01
2.002859115600585938e-01
2.011233270168304443e-01
2.006592303514480591e-01
1.997375488281250000e-01
1.995994150638580322e-01
2.014181762933731079e-01
2.023250609636306763e-01
1.985944360494613647e-01
2.045275419950485229e-01
1.998029351234436035e-01
2.008586823940277100e-01
1.980734020471572876e-01
1.990093588829040527e-01
2.012375593185424805e-01
2.023330479860305786e-01
1.989931166172027588e-01
1.998282074928283691e-01
2.000022083520889282e-01
2.023077607154846191e-01
2.004024535417556763e-01
1.996600329875946045e-01
2.015166431665420532e-01
1.992276906967163086e-01
2.010970562696456909e-01
1.996695399284362793e-01
1.978244781494140625e-01
2.000529021024703979e-01
2.005716115236282349e-01
2.003904879093170166e-01
2.022472470998764038e-01
1.987602263689041138e-01
1.987599432468414307e-01
1.996974498033523560e-01
1.970314234495162964e-01
1.988175511360168457e-01
2.014741748571395874e-01
1.984096467494964600e-01
2.026148885488510132e-01
1.977598816156387329e-01
2.030895948410034180e-01
1.983002722263336182e-01
1.988296806812286377e-01
1.984700858592987061e-01
2.016907930374145508e-01
1.981354653835296631e-01
1.987121254205703735e-01
2.000100761651992798e-01
2.009094357490539551e-01
1.988786011934280396e-01
1.984975486993789673e-01
1.977254599332809448e-01
1.975157558917999268e-01
1.979554593563079834e-01
1.991569846868515015e-01
2.012543678283691406e-01
1.986939162015914917e-01
1.984141767024993896e-01
1.979145705699920654e-01
2.009086310863494873e-01
1.992535889148712158e-01
1.975813508033752441e-01
1.968623697757720947e-01
1.990325152873992920e-01
1.993734836578369141e-01
1.994924843311309814e-01
1.966362148523330688e-01
1.993005871772766113e-01
1.976733058691024780e-01
1.932890713214874268e-01
2.009856253862380981e-01
1.987697929143905640e-01
1.978661715984344482e-01
1.959000676870346069e-01
1.987125724554061890e-01
2.007516771554946899e-01
2.016347497701644897e-01
2.009340077638626099e-01
1.977843791246414185e-01
1.983926147222518921e-01
1.996903568506240845e-01
1.991387307643890381e-01
2.002379596233367920e-01
1.977742314338684082e-01
1.970597654581069946e-01
1.964007318019866943e-01
1.958617419004440308e-01
1.990246772766113281e-01
1.969057619571685791e-01
1.980016082525253296e-01
1.972413510084152222e-01
1.989184170961380005e-01
1.992889791727066040e-01
1.972522586584091187e-01
1.964756846427917480e-01
1.973439007997512817e-01
1.952116340398788452e-01
1.969247460365295410e-01
1.991742551326751709e-01
2.000651061534881592e-01
1.963327080011367798e-01
1.960500329732894897e-01
2.003937512636184692e-01
1.971912831068038940e-01
1.957621127367019653e-01
1.971448212862014771e-01
1.993448734283447266e-01
1.966667175292968750e-01
1.968968659639358521e-01
1.949787288904190063e-01
1.955257356166839600e-01
1.974540650844573975e-01
1.967379003763198853e-01
1.983759850263595581e-01
1.975967586040496826e-01
1.952006965875625610e-01
1.962720602750778198e-01
1.984637379646301270e-01
1.980330348014831543e-01
1.952693313360214233e-01
1.964967697858810425e-01
1.964338868856430054e-01
1.971960067749023438e-01
1.955597996711730957e-01
1.934384703636169434e-01
1.962965130805969238e-01
1.954575926065444946e-01
1.981492638587951660e-01
1.982709020376205444e-01
1.955051422119140625e-01
1.940034776926040649e-01
1.966822147369384766e-01
1.965304166078567505e-01
1.958946436643600464e-01
1.970526874065399170e-01
1.944592744112014771e-01
1.960771679878234863e-01
1.963054686784744263e-01
1.961920708417892456e-01
1.962705701589584351e-01
1.963368505239486694e-01
1.951741427183151245e-01
1.956216245889663696e-01
1.977148652076721191e-01
1.982319951057434082e-01
1.958988755941390991e-01
1.953809410333633423e-01
1.950949132442474365e-01
1.956462711095809937e-01
1.967806071043014526e-01
1.981253772974014282e-01
1.995404511690139771e-01
1.942555904388427734e-01
1.960572451353073120e-01
1.933214664459228516e-01
1.960263848304748535e-01
1.960689276456832886e-01
1.955226808786392212e-01
1.948966383934020996e-01
1.970127373933792114e-01
1.961044073104858398e-01
1.972280740737915039e-01
1.961273103952407837e-01
1.950055211782455444e-01
1.948147863149642944e-01
1.948949247598648071e-01
1.960919946432113647e-01
1.961006075143814087e-01
1.965086609125137329e-01
1.965629756450653076e-01
1.966017186641693115e-01
1.964006721973419189e-01
1.960316449403762817e-01
1.942166388034820557e-01
1.982452869415283203e-01
1.961112171411514282e-01
1.951273232698440552e-01
1.940253227949142456e-01
1.952465623617172241e-01
1.930143833160400391e-01
1.937164515256881714e-01
1.953502744436264038e-01
1.953694671392440796e-01
1.953054070472717285e-01
1.959000825881958008e-01
1.963211745023727417e-01
1.961139589548110962e-01
1.967274546623229980e-01
1.930795758962631226e-01
1.946226954460144043e-01
1.952389776706695557e-01
1.959561258554458618e-01
1.935606300830841064e-01
1.922128647565841675e-01
1.946302801370620728e-01
1.943683475255966187e-01
1.931302994489669800e-01
1.943767517805099487e-01
1.967158317565917969e-01
1.964592188596725464e-01
1.944906562566757202e-01
1.964100152254104614e-01
1.956866830587387085e-01
1.939572989940643311e-01
1.927958130836486816e-01
1.932134479284286499e-01
1.970928758382797241e-01
1.963319331407546997e-01
1.937175393104553223e-01
1.903703957796096802e-01
1.929885745048522949e-01
1.955077648162841797e-01
1.944164484739303589e-01
1.949302107095718384e-01
1.920236647129058838e-01
1.888457536697387695e-01
1.905261278152465820e-01
1.959406882524490356e-01
1.932559907436370850e-01
1.913728713989257812e-01
1.947611272335052490e-01
1.926520615816116333e-01
1.974658519029617310e-01
1.926182061433792114e-01
1.926525980234146118e-01
1.943513751029968262e-01
1.933178454637527466e-01
1.934332698583602905e-01
1.951608657836914062e-01
1.943085342645645142e-01
1.922313570976257324e-01
1.944932043552398682e-01
1.957142204046249390e-01
1.926440298557281494e-01
1.948568969964981079e-01
1.931877881288528442e-01
1.925632208585739136e-01
1.927513331174850464e-01
1.925299018621444702e-01
1.930676251649856567e-01
1.903898268938064575e-01
1.938251107931137085e-01
1.925232559442520142e-01
1.898287534713745117e-01
1.899184584617614746e-01
1.948026865720748901e-01
1.961480677127838135e-01
1.914644688367843628e-01
1.939306408166885376e-01
1.927971094846725464e-01
1.921514719724655151e-01
1.926527172327041626e-01
1.895017027854919434e-01
1.930804997682571411e-01
1.916134804487228394e-01
1.904069781303405762e-01
1.925019323825836182e-01
1.935852169990539551e-01
1.900505870580673218e-01
1.907613426446914673e-01
1.941928565502166748e-01
1.928857117891311646e-01
1.949263662099838257e-01
1.930365711450576782e-01
1.940563917160034180e-01
1.903953552246093750e-01
1.923346966505050659e-01
1.917341649532318115e-01
1.915078312158584595e-01
1.955061256885528564e-01
1.890090554952621460e-01
1.904317736625671387e-01
1.922384798526763916e-01
1.914691179990768433e-01
1.938504278659820557e-01
1.917784959077835083e-01
1.915865987539291382e-01
1.898990571498870850e-01
1.932087689638137817e-01
1.923409253358840942e-01
1.909289956092834473e-01
1.919572502374649048e-01
1.919792890548706055e-01
1.910552084445953369e-01
1.907081305980682373e-01
1.894319802522659302e-01
1.893160045146942139e-01
1.938630938529968262e-01
1.904265731573104858e-01
1.934137195348739624e-01
1.933403462171554565e-01
1.934385597705841064e-01
1.926508098840713501e-01
1.916292756795883179e-01
1.909993737936019897e-01
1.907984167337417603e-01
1.923840790987014771e-01
1.901773661375045776e-01
1.919753551483154297e-01
1.901272833347320557e-01
1.910679191350936890e-01
1.891658157110214233e-01
1.915218383073806763e-01
1.928896307945251465e-01
1.902823299169540405e-01
1.889043152332305908e-01
1.935874074697494507e-01
1.904400885105133057e-01
1.912964582443237305e-01
1.884396970272064209e-01
1.926672905683517456e-01
1.915550678968429565e-01
1.917153894901275635e-01
1.907666027545928955e-01
1.911893486976623535e-01
1.896938681602478027e-01
1.909338533878326416e-01
1.920215636491775513e-01
1.924904584884643555e-01
1.900170147418975830e-01
1.894310116767883301e-01
1.914147436618804932e-01
1.915345937013626099e-01
1.933631002902984619e-01
1.890593469142913818e-01
1.887276768684387207e-01
1.928068399429321289e-01
1.894823014736175537e-01
1.923386007547378540e-01
1.899341642856597900e-01
1.916888803243637085e-01
1.932225227355957031e-01
1.893524229526519775e-01
1.943127512931823730e-01
1.900836974382400513e-01
1.901521235704421997e-01
1.914257407188415527e-01
1.908095031976699829e-01
1.920295506715774536e-01
1.882774531841278076e-01
1.913890689611434937e-01
1.885540038347244263e-01
1.910759806632995605e-01
1.903012841939926147e-01
1.877451688051223755e-01
1.884175240993499756e-01
1.923204064369201660e-01
1.903106272220611572e-01
1.912976950407028198e-01
1.915021538734436035e-01
1.889661699533462524e-01
1.882038414478302002e-01
1.896055936813354492e-01
1.887602955102920532e-01
1.904761791229248047e-01
1.909329593181610107e-01
1.891295462846755981e-01
1.902467459440231323e-01
1.894115060567855835e-01
1.901001930236816406e-01
1.883211880922317505e-01
1.901485770940780640e-01
1.914083063602447510e-01
1.905786544084548950e-01
1.898303180932998657e-01
1.877345442771911621e-01
1.921738088130950928e-01
1.898914128541946411e-01
1.905483603477478027e-01
1.921004056930541992e-01
1.919083744287490845e-01
1.892882883548736572e-01
1.884894371032714844e-01
1.881119310855865479e-01
1.892261058092117310e-01
1.891881972551345825e-01
1.860691010951995850e-01
1.900823563337326050e-01
1.893871575593948364e-01
1.915859282016754150e-01
1.860093325376510620e-01
1.917076408863067627e-01
1.895221620798110962e-01
1.907637268304824829e-01
1.919476538896560669e-01
1.878967583179473877e-01
1.913401335477828979e-01
