9.970721435546875400e-01
6.569742932915687561e-01
5.360162523388862787e-01
4.389075121283531056e-01
3.915405336022377281e-01
3.627048230171203702e-01
3.441796737909317283e-01
2.880789114534854645e-01
2.743145994842052238e-01
2.706913802027702265e-01
2.633738885819911779e-01
2.693613898754119718e-01
2.571270072460174472e-01
2.625008544325828641e-01
2.159467488527297974e-01
2.134854623675346286e-01
2.115126340091228463e-01
2.173214395344257310e-01
2.166011644899845101e-01
2.138112547993659962e-01
2.264083427190780595e-01
1.800473435223102492e-01
1.785929130762815564e-01
1.832523575425147877e-01
1.867625607550144062e-01
1.850388135015964552e-01
1.841618190705776315e-01
1.896652406454086282e-01
1.596326914429664623e-01
1.546349960565567005e-01
1.622045172750949948e-01
1.624295507371425751e-01
1.720371676981449216e-01
1.638385147601366110e-01
1.683469115197658572e-01
1.549278245121240571e-01
1.484180758893489938e-01
1.477820366621017401e-01
1.541076406091451689e-01
1.516449164599180111e-01
1.518055891990661710e-01
1.546197034418582972e-01
1.399614161998033457e-01
1.399710983037948664e-01
1.401735100895166453e-01
1.421268465369939782e-01
1.415487488359212787e-01
1.428941865265369315e-01
1.477933259308338299e-01
7.083769276738166587e-01
6.684317013621330350e-01
6.569369712471961886e-01
6.276157772541046675e-01
5.889258581399917647e-01
5.736434185504912797e-01
6.031737479567528259e-01
3.348956023156642869e-01
3.159140974283218273e-01
3.266723978519439631e-01
3.282141601294278899e-01
3.228413884341716500e-01
3.393735852092504279e-01
3.480069355666637332e-01
1.714102601259946956e-01
1.784074497222900291e-01
2.036032530665397577e-01
1.947067108005285374e-01
1.931501508504152309e-01
2.139974619820713964e-01
2.140947636961937073e-01
1.118238357827067431e-01
9.875903470441699250e-02
1.278930292651057343e-01
1.261856549791991744e-01
1.382965218648314343e-01
1.423508564475923777e-01
1.638926145434379533e-01
8.969352722167968361e-02
8.823878018185496441e-02
1.109714669454842789e-01
1.074750198610126967e-01
1.120014603622257743e-01
1.163807890191674299e-01
1.109254889469593747e-01
8.047130469232798011e-02
7.945233081467449610e-02
8.281268293969333560e-02
8.428946531377733142e-02
9.614108582027255934e-02
1.095846971217542820e-01
8.719774176366627827e-02
8.141294922214001306e-02
6.229424605146050703e-02
7.672536616213619654e-02
8.063182787969708221e-02
7.075899896211922113e-02
9.198450182564556210e-02
8.364554379135370754e-02
6.883809287566691748e-02
5.469642795156687276e-02
6.694319936912507263e-02
8.078166656196117401e-02
9.142562004271895248e-02
1.036755439173430160e-01
8.586327277589589357e-02
