1.703156031370163026e+00
1.341733307838439915e+00
1.198909401893615723e+00
1.082787981629371732e+00
9.952612096071242753e-01
9.396505433320999634e-01
8.881083106994629439e-01
7.460006466507911327e-01
7.357368510961532770e-01
7.290381988883019027e-01
7.061338707804679649e-01
7.088926851749419722e-01
7.073116716742515742e-01
7.171249154210090904e-01
5.420508009195327270e-01
5.516199573874474016e-01
5.595917138457298101e-01
5.435077595710754439e-01
5.740305137634277299e-01
5.433347561955451654e-01
5.328116294741630510e-01
4.104605892300605685e-01
3.823633688688278243e-01
4.199700513482093611e-01
3.998354838788509280e-01
4.200254771113395846e-01
4.116349872946739041e-01
4.274631005525588723e-01
2.903887403011322088e-01
2.947164881229400457e-01
2.872175155580043993e-01
3.028594261407852040e-01
2.975992961227894029e-01
3.043835650384426050e-01
3.167800766229629250e-01
2.399406889081001359e-01
2.297381354868411885e-01
2.306446698307990928e-01
2.317573818564414856e-01
2.413866688311100128e-01
2.500836960971355438e-01
2.476885724067688088e-01
2.000789397954940707e-01
1.981702610850334112e-01
1.966448883712291762e-01
2.012992437183857009e-01
2.074406738579273324e-01
2.140166637301444963e-01
2.118304846435785371e-01
2.033074033260345581e-01
1.894641803205013297e-01
1.890571950376033761e-01
1.934880274534225564e-01
1.938116993755102102e-01
1.917970396578311809e-01
1.939383569359779402e-01
1.730270551890134845e-01
1.752947972714901104e-01
1.802448450028896199e-01
1.885739387571811754e-01
1.816585652530193218e-01
1.816932687163352877e-01
1.903241223096847623e-01
1.732219283282756817e-01
1.788289871811866716e-01
1.779389919340610415e-01
1.828728353977203402e-01
1.776970268785953433e-01
1.848837041854858310e-01
1.836305371671914932e-01
1.733041635155677662e-01
1.763289794325828552e-01
1.768881726264953658e-01
1.764642548561096147e-01
1.741628037393093131e-01
1.841682982444763084e-01
1.776528166979551293e-01
1.679248713701963491e-01
1.639196357876062382e-01
1.659208109974861234e-01
1.623631156980991364e-01
1.743704195320606165e-01
1.647742310166359081e-01
1.739949525892734439e-01
1.659346683323383309e-01
1.591763138771057073e-01
1.588980041444301716e-01
1.617395581305026975e-01
1.643985971063375573e-01
1.677264519035816248e-01
1.646699975430965524e-01
6.411144956946372708e-02
1.680641118809580725e-01
1.585636915266513958e-01
1.506494617648422851e-01
1.249789303448051170e-01
1.306502155773341667e-01
1.113845686148852154e-01
5.753289311658590921e-02
7.087709889281540443e-02
6.997406498529017138e-02
8.326371639966964611e-02
6.322865089401602523e-02
7.207477434538304972e-02
8.553175359498708941e-02
