1.714112616777420106e+00
1.376821137666702333e+00
1.216293925046920688e+00
1.120008340477943509e+00
1.041176483631134131e+00
9.801378023624419678e-01
8.984827297925949141e-01
7.643125998973846480e-01
7.427110463380813821e-01
7.293363216519356262e-01
7.370909953117370517e-01
7.178926199674606767e-01
6.937546116113663119e-01
6.965523374080657693e-01
5.303281560540199502e-01
5.336492466926574529e-01
5.450688648223876998e-01
5.414995476603507996e-01
5.192595326900482089e-01
5.352380439639091714e-01
5.172170555591583119e-01
3.730298808217048512e-01
3.603176006674766452e-01
3.763507153093814672e-01
3.755171097815036552e-01
3.840672048926353499e-01
3.989067769050598233e-01
3.924441429972648776e-01
2.351984512805938843e-01
2.443671725690364782e-01
2.451975636929273616e-01
2.608629876375198609e-01
2.723946061730384560e-01
2.731650519371032759e-01
2.850763154029846147e-01
1.731325363367796077e-01
1.883778872340917676e-01
1.925653377175331193e-01
2.019374927878379855e-01
2.060574932396411763e-01
2.122771726548671745e-01
2.037133395671844593e-01
1.572769459336996190e-01
1.481149647384882029e-01
1.466076678037643299e-01
1.483118806779384624e-01
1.584380751103162677e-01
1.615833725035190627e-01
1.766339329630136623e-01
1.302809347957372688e-01
1.232972761616110829e-01
1.336516686528921027e-01
1.412251990288496128e-01
1.471497543901205129e-01
1.330586298555135605e-01
1.531248810887336775e-01
1.215010313689708771e-01
1.158598325029015497e-01
1.214689870551228512e-01
1.179966736584901754e-01
1.283008676394820080e-01
1.363368904963135619e-01
1.391546493396162987e-01
1.021694616600871131e-01
1.358644333109259583e-01
1.627211975678801437e-01
1.657996373437345128e-01
1.541991509497165624e-01
1.573377974145114544e-01
1.564436773210763909e-01
1.002238337881863062e-01
9.847468963824212995e-02
8.520268731750547941e-02
1.284489846415817760e-01
9.803884299937636049e-02
1.056180582568049392e-01
1.149439270887523956e-01
8.443935053423047565e-02
8.100084541365504265e-02
8.014995080884546041e-02
1.145386308617889898e-01
8.391882660798728744e-02
1.206521615013480125e-01
9.128142415545881239e-02
6.490324983838945128e-02
8.451426533050834800e-02
8.087655206676572228e-02
9.246996204368769512e-02
8.595139971002936641e-02
8.630492712836712599e-02
9.331064272671937831e-02
5.290865717455744965e-02
5.963719750521704471e-02
6.316849954891949614e-02
6.221524033462629000e-02
8.488494821358472109e-02
8.066664095036685245e-02
8.378177129197865447e-02
5.154493755893781864e-02
6.550309109268709351e-02
6.390054658986628333e-02
6.363612059038131763e-02
7.275423586368560958e-02
7.837027137167751345e-02
8.170136562082916387e-02
