9.889063835144042969e-01
9.758815765380859375e-01
9.659150838851928711e-01
9.564308524131774902e-01
9.461629390716552734e-01
9.347040057182312012e-01
9.229551553726196289e-01
9.091153144836425781e-01
8.927217721939086914e-01
8.758016824722290039e-01
8.554953336715698242e-01
8.328529596328735352e-01
8.092022538185119629e-01
7.835328578948974609e-01
7.583982944488525391e-01
7.291355133056640625e-01
7.004935145378112793e-01
6.703477501869201660e-01
6.437772512435913086e-01
6.297888755798339844e-01
5.934084057807922363e-01
5.797322988510131836e-01
5.667012929916381836e-01
5.760115981101989746e-01
5.709921717643737793e-01
5.665304064750671387e-01
5.473101735115051270e-01
5.392289757728576660e-01
5.629713535308837891e-01
5.379527211189270020e-01
5.073844790458679199e-01
5.146901011466979980e-01
5.011278986930847168e-01
4.880602657794952393e-01
4.845870137214660645e-01
4.845153689384460449e-01
4.706918299198150635e-01
4.805517792701721191e-01
4.702319204807281494e-01
4.755960404872894287e-01
4.771068692207336426e-01
4.638659954071044922e-01
4.713257253170013428e-01
4.693041145801544189e-01
4.488655924797058105e-01
4.642304480075836182e-01
4.450934529304504395e-01
4.613472819328308105e-01
4.484831690788269043e-01
4.514243304729461670e-01
4.389333128929138184e-01
4.369085431098937988e-01
4.327355623245239258e-01
4.330786764621734619e-01
4.324239492416381836e-01
4.260573387145996094e-01
4.296923875808715820e-01
4.273646175861358643e-01
4.248384833335876465e-01
4.252876341342926025e-01
4.225240349769592285e-01
4.149461984634399414e-01
4.172754287719726562e-01
4.140033125877380371e-01
4.151986837387084961e-01
4.190147221088409424e-01
4.040459394454956055e-01
4.024772644042968750e-01
3.988632559776306152e-01
4.039358496665954590e-01
4.062401056289672852e-01
4.041819870471954346e-01
4.045363664627075195e-01
3.941997289657592773e-01
3.970541656017303467e-01
3.933656811714172363e-01
3.960314989089965820e-01
3.939950764179229736e-01
3.932785987854003906e-01
3.908713459968566895e-01
3.870835602283477783e-01
3.831351399421691895e-01
3.841075301170349121e-01
3.922473490238189697e-01
3.893100917339324951e-01
3.855864703655242920e-01
3.828634023666381836e-01
3.817815482616424561e-01
3.766779899597167969e-01
3.775674104690551758e-01
3.824415802955627441e-01
3.767850399017333984e-01
3.733570873737335205e-01
3.821975886821746826e-01
3.723388016223907471e-01
3.725440502166748047e-01
3.710764050483703613e-01
3.716478645801544189e-01
3.708911240100860596e-01
3.675360977649688721e-01
3.713126182556152344e-01
3.692772388458251953e-01
3.611019551753997803e-01
3.629740178585052490e-01
3.705466389656066895e-01
3.626125454902648926e-01
3.604487776756286621e-01
3.668764233589172363e-01
3.588515520095825195e-01
3.595657348632812500e-01
3.588149547576904297e-01
3.584085404872894287e-01
3.581826388835906982e-01
3.570530712604522705e-01
3.573359847068786621e-01
3.506094217300415039e-01
3.514253199100494385e-01
3.539257943630218506e-01
3.544206619262695312e-01
3.447575867176055908e-01
3.512092530727386475e-01
3.493680655956268311e-01
3.491943478584289551e-01
3.532153069972991943e-01
3.443159162998199463e-01
3.460231721401214600e-01
3.458344638347625732e-01
3.463763296604156494e-01
3.460480868816375732e-01
3.449259996414184570e-01
3.426322638988494873e-01
3.399811089038848877e-01
3.396896719932556152e-01
3.403446376323699951e-01
3.373427987098693848e-01
3.364803791046142578e-01
3.394545912742614746e-01
3.404565751552581787e-01
3.407934308052062988e-01
3.337408006191253662e-01
3.390437662601470947e-01
3.298767805099487305e-01
3.370460867881774902e-01
3.409617245197296143e-01
3.319487273693084717e-01
3.295835852622985840e-01
3.298834860324859619e-01
3.313236534595489502e-01
3.244921267032623291e-01
3.324033915996551514e-01
3.266343772411346436e-01
3.247112631797790527e-01
3.316787779331207275e-01
3.237225413322448730e-01
3.238133788108825684e-01
3.241890370845794678e-01
3.220115005970001221e-01
3.270488083362579346e-01
3.223171234130859375e-01
3.198612928390502930e-01
3.247946202754974365e-01
3.237361013889312744e-01
3.192287981510162354e-01
3.208416104316711426e-01
3.180626332759857178e-01
3.189178109169006348e-01
3.199825286865234375e-01
3.187873661518096924e-01
3.171239197254180908e-01
3.195840716361999512e-01
3.134106993675231934e-01
3.183305561542510986e-01
3.137139379978179932e-01
3.168193697929382324e-01
3.151845932006835938e-01
3.146084845066070557e-01
3.151174783706665039e-01
3.129172325134277344e-01
3.163236379623413086e-01
3.158413767814636230e-01
3.108773529529571533e-01
3.098708391189575195e-01
3.105080425739288330e-01
3.064483404159545898e-01
3.134751319885253906e-01
3.082879185676574707e-01
3.057565987110137939e-01
3.029556274414062500e-01
3.067212998867034912e-01
3.087995052337646484e-01
3.047047853469848633e-01
3.070018291473388672e-01
3.041276335716247559e-01
3.057859241962432861e-01
3.079020977020263672e-01
3.054758906364440918e-01
3.058885931968688965e-01
3.054139614105224609e-01
3.063617646694183350e-01
3.030629754066467285e-01
3.004607558250427246e-01
3.033864498138427734e-01
3.014946877956390381e-01
3.042715787887573242e-01
3.043814003467559814e-01
3.034568428993225098e-01
3.019931316375732422e-01
2.987359166145324707e-01
2.997390329837799072e-01
3.020657598972320557e-01
3.002876341342926025e-01
2.998104095458984375e-01
2.992807328701019287e-01
2.983592152595520020e-01
2.966949939727783203e-01
2.973140776157379150e-01
2.972496747970581055e-01
2.936843335628509521e-01
2.937261164188385010e-01
2.947828471660614014e-01
2.949152588844299316e-01
2.935888171195983887e-01
3.026312291622161865e-01
2.938151955604553223e-01
2.918491959571838379e-01
2.932082414627075195e-01
2.951613664627075195e-01
2.948472201824188232e-01
2.905275821685791016e-01
2.888269424438476562e-01
2.890852391719818115e-01
2.942876517772674561e-01
2.887367606163024902e-01
2.928780317306518555e-01
2.912765741348266602e-01
2.907201647758483887e-01
2.881084382534027100e-01
2.878616154193878174e-01
2.882654368877410889e-01
2.933939993381500244e-01
2.880739271640777588e-01
2.878552079200744629e-01
2.877610027790069580e-01
2.896246910095214844e-01
2.900474667549133301e-01
2.886449694633483887e-01
2.888417243957519531e-01
2.864329516887664795e-01
2.886828184127807617e-01
2.841814458370208740e-01
2.867334783077239990e-01
2.832635045051574707e-01
2.851129174232482910e-01
2.820886969566345215e-01
2.824445068836212158e-01
2.826619744300842285e-01
2.820672094821929932e-01
2.788990736007690430e-01
2.807011902332305908e-01
2.792813181877136230e-01
2.818870544433593750e-01
2.796986103057861328e-01
2.806631028652191162e-01
2.802097499370574951e-01
2.786028981208801270e-01
2.796305119991302490e-01
2.792842090129852295e-01
2.824438512325286865e-01
2.786381840705871582e-01
2.764007151126861572e-01
2.766980230808258057e-01
2.807866930961608887e-01
2.783909738063812256e-01
2.773993611335754395e-01
2.787117362022399902e-01
2.766584455966949463e-01
2.761732041835784912e-01
2.742537558078765869e-01
2.739260196685791016e-01
2.751331031322479248e-01
2.733882367610931396e-01
2.720206379890441895e-01
2.732985913753509521e-01
2.728461623191833496e-01
2.743093967437744141e-01
2.714408934116363525e-01
2.727933228015899658e-01
2.722763717174530029e-01
2.696079015731811523e-01
2.700809836387634277e-01
2.725826799869537354e-01
2.706314027309417725e-01
2.703250050544738770e-01
2.740459442138671875e-01
2.699497938156127930e-01
2.705961167812347412e-01
2.681095302104949951e-01
2.699439525604248047e-01
2.683492600917816162e-01
2.704960405826568604e-01
2.682920098304748535e-01
2.670341730117797852e-01
2.681152820587158203e-01
2.693700790405273438e-01
2.673511207103729248e-01
2.680787742137908936e-01
2.687306702136993408e-01
2.654415667057037354e-01
2.671152353286743164e-01
2.644410133361816406e-01
2.621113359928131104e-01
2.665427923202514648e-01
2.669609189033508301e-01
2.663867473602294922e-01
2.646516859531402588e-01
2.632684707641601562e-01
2.618832886219024658e-01
2.648652493953704834e-01
2.635581493377685547e-01
2.608087360858917236e-01
2.643725574016571045e-01
2.666904032230377197e-01
2.604241073131561279e-01
2.615913450717926025e-01
2.596080899238586426e-01
2.611419558525085449e-01
2.595253884792327881e-01
2.614208161830902100e-01
2.589570283889770508e-01
2.612554430961608887e-01
2.609644532203674316e-01
2.621019482612609863e-01
2.591529488563537598e-01
2.575932741165161133e-01
2.563765048980712891e-01
2.554357945919036865e-01
2.605104744434356689e-01
2.587608397006988525e-01
2.618687748908996582e-01
2.562661170959472656e-01
2.606220543384552002e-01
2.562763988971710205e-01
2.597871422767639160e-01
2.566237747669219971e-01
2.566671371459960938e-01
2.556868195533752441e-01
2.592830061912536621e-01
2.572258114814758301e-01
2.564852535724639893e-01
2.541762292385101318e-01
2.541744709014892578e-01
2.548919320106506348e-01
2.520313858985900879e-01
2.561127543449401855e-01
2.582800984382629395e-01
2.545243799686431885e-01
2.538596987724304199e-01
2.507611811161041260e-01
2.533811628818511963e-01
2.558124661445617676e-01
2.555457949638366699e-01
2.547013759613037109e-01
2.567151188850402832e-01
2.539747655391693115e-01
2.505290806293487549e-01
2.537716627120971680e-01
2.501454651355743408e-01
2.501318156719207764e-01
2.548559904098510742e-01
2.525707185268402100e-01
2.519347667694091797e-01
2.527532577514648438e-01
2.511251866817474365e-01
2.496191561222076416e-01
2.526788413524627686e-01
2.534283697605133057e-01
2.472210228443145752e-01
2.509680688381195068e-01
2.525609731674194336e-01
2.488670051097869873e-01
2.511006593704223633e-01
2.467874884605407715e-01
2.494264990091323853e-01
2.513186335563659668e-01
2.498011887073516846e-01
2.483608126640319824e-01
2.492118775844573975e-01
2.488218098878860474e-01
2.495321333408355713e-01
2.493576407432556152e-01
2.487318068742752075e-01
2.473426163196563721e-01
2.477658092975616455e-01
2.487586587667465210e-01
2.476932853460311890e-01
2.483812868595123291e-01
2.452241629362106323e-01
2.460690736770629883e-01
2.466266900300979614e-01
2.459608167409896851e-01
2.467803955078125000e-01
2.448333650827407837e-01
2.432478070259094238e-01
2.445020377635955811e-01
2.436243891716003418e-01
2.428718805313110352e-01
2.454518377780914307e-01
2.467521876096725464e-01
2.438275516033172607e-01
2.415885329246520996e-01
2.451610714197158813e-01
2.432647943496704102e-01
2.429384142160415649e-01
2.421018332242965698e-01
2.427360415458679199e-01
2.443636804819107056e-01
2.429239451885223389e-01
2.415720522403717041e-01
2.435957789421081543e-01
2.394230514764785767e-01
2.396293729543685913e-01
2.371091544628143311e-01
2.399986982345581055e-01
2.407981455326080322e-01
2.426798641681671143e-01
2.384668290615081787e-01
2.378632426261901855e-01
2.393197715282440186e-01
2.369954884052276611e-01
2.411756515502929688e-01
2.415397018194198608e-01
2.376758009195327759e-01
2.382383048534393311e-01
2.369527518749237061e-01
2.382635623216629028e-01
2.410542070865631104e-01
2.392168343067169189e-01
2.396949231624603271e-01
2.377822250127792358e-01
2.402129918336868286e-01
2.424379885196685791e-01
2.372798621654510498e-01
2.375514209270477295e-01
2.377246022224426270e-01
2.372061163187026978e-01
2.349985390901565552e-01
2.353689223527908325e-01
2.376628965139389038e-01
2.396709918975830078e-01
2.351967692375183105e-01
2.369789034128189087e-01
2.357370704412460327e-01
2.371563762426376343e-01
2.359927594661712646e-01
2.334986329078674316e-01
2.374587506055831909e-01
2.370338141918182373e-01
2.333013564348220825e-01
2.369512021541595459e-01
2.372623682022094727e-01
2.349606454372406006e-01
2.376950830221176147e-01
2.363913804292678833e-01
2.360053658485412598e-01
2.346445322036743164e-01
2.346352040767669678e-01
2.344797998666763306e-01
2.339217513799667358e-01
2.332987785339355469e-01
2.340540587902069092e-01
2.325598150491714478e-01
2.333700060844421387e-01
2.332311272621154785e-01
2.324914336204528809e-01
2.351503819227218628e-01
2.316943258047103882e-01
2.307118326425552368e-01
2.332145720720291138e-01
2.310600280761718750e-01
2.343650311231613159e-01
2.312045842409133911e-01
2.325166612863540649e-01
2.342575937509536743e-01
2.285560518503189087e-01
2.305696904659271240e-01
2.316153049468994141e-01
2.320703566074371338e-01
2.312284559011459351e-01
2.325086891651153564e-01
2.321852445602416992e-01
2.318822890520095825e-01
2.288093864917755127e-01
2.329407781362533569e-01
2.322594076395034790e-01
2.315244376659393311e-01
2.332310378551483154e-01
2.328857630491256714e-01
2.304035872220993042e-01
2.321110367774963379e-01
2.308871746063232422e-01
2.296652495861053467e-01
2.307821512222290039e-01
2.273896336555480957e-01
2.322632223367691040e-01
2.286103516817092896e-01
2.298725992441177368e-01
2.309838831424713135e-01
2.297757714986801147e-01
2.286882400512695312e-01
2.296056002378463745e-01
2.303646504878997803e-01
2.280240207910537720e-01
2.255118340253829956e-01
2.279835939407348633e-01
2.294111549854278564e-01
2.277999222278594971e-01
2.304130047559738159e-01
2.287538945674896240e-01
2.252021431922912598e-01
2.302627563476562500e-01
2.252687215805053711e-01
2.268307209014892578e-01
2.281935811042785645e-01
2.269520163536071777e-01
2.241085320711135864e-01
2.268793135881423950e-01
2.281308025121688843e-01
2.254612743854522705e-01
2.272751629352569580e-01
2.274080961942672729e-01
2.257138937711715698e-01
2.246807813644409180e-01
2.296092659235000610e-01
2.272967845201492310e-01
2.280751168727874756e-01
2.268296331167221069e-01
2.254353463649749756e-01
2.280738502740859985e-01
2.255063503980636597e-01
2.258125841617584229e-01
2.261189073324203491e-01
2.254359424114227295e-01
2.274629771709442139e-01
2.262646257877349854e-01
2.268003970384597778e-01
2.260628044605255127e-01
2.268379926681518555e-01
2.263894230127334595e-01
2.260937839746475220e-01
2.254132628440856934e-01
2.267833203077316284e-01
2.246773988008499146e-01
2.255588918924331665e-01
2.273826599121093750e-01
2.235758602619171143e-01
2.265741676092147827e-01
2.218812257051467896e-01
2.274723798036575317e-01
2.230988442897796631e-01
2.235701233148574829e-01
2.252181321382522583e-01
2.253914028406143188e-01
2.258353829383850098e-01
2.241774797439575195e-01
2.258357256650924683e-01
2.235598862171173096e-01
2.212378978729248047e-01
2.232518643140792847e-01
2.240171879529953003e-01
2.231687903404235840e-01
2.229696661233901978e-01
2.227417677640914917e-01
2.222024351358413696e-01
2.251022011041641235e-01
2.235284149646759033e-01
2.211816012859344482e-01
2.217670381069183350e-01
2.225714921951293945e-01
2.247799932956695557e-01
2.234402894973754883e-01
2.234588563442230225e-01
2.216822504997253418e-01
2.224809229373931885e-01
2.249957770109176636e-01
2.214023768901824951e-01
2.233172059059143066e-01
2.219676077365875244e-01
2.223244458436965942e-01
2.243471592664718628e-01
2.223877906799316406e-01
2.230881601572036743e-01
2.234801501035690308e-01
2.216120213270187378e-01
2.223300933837890625e-01
2.239312380552291870e-01
2.190372347831726074e-01
2.192748636007308960e-01
2.188862413167953491e-01
2.196337282657623291e-01
2.211304754018783569e-01
2.191191613674163818e-01
2.208368480205535889e-01
2.192354500293731689e-01
2.198105454444885254e-01
2.188452780246734619e-01
2.193301469087600708e-01
2.205672115087509155e-01
2.214597612619400024e-01
2.228010743856430054e-01
2.202862054109573364e-01
2.190359532833099365e-01
2.203270643949508667e-01
2.206059992313385010e-01
2.194519788026809692e-01
2.204201817512512207e-01
2.202760279178619385e-01
2.193478345870971680e-01
2.178863883018493652e-01
2.204248011112213135e-01
2.203252464532852173e-01
2.203098088502883911e-01
2.204817384481430054e-01
2.169352769851684570e-01
2.209575325250625610e-01
2.161478847265243530e-01
2.192414551973342896e-01
2.186052650213241577e-01
2.169270664453506470e-01
2.195841670036315918e-01
2.190219014883041382e-01
2.158208340406417847e-01
2.198272198438644409e-01
2.158908247947692871e-01
2.173857390880584717e-01
2.195057719945907593e-01
2.196251600980758667e-01
2.189790010452270508e-01
2.175761163234710693e-01
2.197081595659255981e-01
2.153110504150390625e-01
2.184989154338836670e-01
2.188289463520050049e-01
2.162943780422210693e-01
2.187098860740661621e-01
2.191560864448547363e-01
2.201400846242904663e-01
2.164368331432342529e-01
2.159950733184814453e-01
2.174502015113830566e-01
2.186064422130584717e-01
2.173121273517608643e-01
2.173462510108947754e-01
2.177554070949554443e-01
2.184502035379409790e-01
2.175801396369934082e-01
2.152325361967086792e-01
2.180709093809127808e-01
2.196726948022842407e-01
2.161129117012023926e-01
2.199053764343261719e-01
2.143317610025405884e-01
2.178927212953567505e-01
2.154491096735000610e-01
2.140018343925476074e-01
2.180927097797393799e-01
2.178784012794494629e-01
2.180433869361877441e-01
2.175807654857635498e-01
2.130920439958572388e-01
2.166219353675842285e-01
2.146287113428115845e-01
2.168355137109756470e-01
2.155153602361679077e-01
2.166861742734909058e-01
2.128557562828063965e-01
2.152474820613861084e-01
2.155647128820419312e-01
2.134487926959991455e-01
2.136905938386917114e-01
2.152517884969711304e-01
2.158469557762145996e-01
2.140308767557144165e-01
2.150260955095291138e-01
2.153395563364028931e-01
2.147196680307388306e-01
2.151128500699996948e-01
2.134320288896560669e-01
2.167360484600067139e-01
2.148222029209136963e-01
2.155677080154418945e-01
2.151327580213546753e-01
2.136202752590179443e-01
2.132163196802139282e-01
2.126386761665344238e-01
2.122859954833984375e-01
2.146493047475814819e-01
2.137124091386795044e-01
2.137864828109741211e-01
2.130169421434402466e-01
2.141288071870803833e-01
2.132321149110794067e-01
2.132547050714492798e-01
2.119197696447372437e-01
2.137857675552368164e-01
2.124361693859100342e-01
2.141550034284591675e-01
2.136162221431732178e-01
2.147378921508789062e-01
2.132125645875930786e-01
2.141219973564147949e-01
2.127131372690200806e-01
2.122823596000671387e-01
2.117730230093002319e-01
2.157866358757019043e-01
2.119501680135726929e-01
2.130896300077438354e-01
2.120876759290695190e-01
2.130135893821716309e-01
2.133502364158630371e-01
2.129154503345489502e-01
2.114122360944747925e-01
2.139172852039337158e-01
2.160170972347259521e-01
2.130521237850189209e-01
2.144293934106826782e-01
2.110474258661270142e-01
2.094239443540573120e-01
2.133830934762954712e-01
2.141957879066467285e-01
2.109629064798355103e-01
2.101678997278213501e-01
2.125090807676315308e-01
2.108256518840789795e-01
2.124702632427215576e-01
2.121066302061080933e-01
2.107533961534500122e-01
2.094176560640335083e-01
2.142813652753829956e-01
2.115793824195861816e-01
2.114400416612625122e-01
2.117436677217483521e-01
2.096279859542846680e-01
2.107159197330474854e-01
2.119247019290924072e-01
2.117812186479568481e-01
2.124169617891311646e-01
2.112563997507095337e-01
2.111211419105529785e-01
2.112522125244140625e-01
2.087757438421249390e-01
2.094595730304718018e-01
2.117067426443099976e-01
2.117108255624771118e-01
2.112344503402709961e-01
2.094163000583648682e-01
2.105974107980728149e-01
2.098979949951171875e-01
2.117113471031188965e-01
2.107654213905334473e-01
2.123297452926635742e-01
2.106462419033050537e-01
2.115520089864730835e-01
2.125795185565948486e-01
2.124575078487396240e-01
2.094700336456298828e-01
2.125577628612518311e-01
2.096648067235946655e-01
2.085259705781936646e-01
2.103645950555801392e-01
2.083030939102172852e-01
2.081431746482849121e-01
2.104067206382751465e-01
2.090179771184921265e-01
2.096781730651855469e-01
2.087704539299011230e-01
2.099708169698715210e-01
2.087059915065765381e-01
2.083231210708618164e-01
2.077161073684692383e-01
2.101738750934600830e-01
2.095802277326583862e-01
2.094324231147766113e-01
2.091414630413055420e-01
2.104452401399612427e-01
2.106199413537979126e-01
2.096372246742248535e-01
2.084745615720748901e-01
2.082338333129882812e-01
2.096345424652099609e-01
2.078529149293899536e-01
2.063040882349014282e-01
2.101062983274459839e-01
2.106082886457443237e-01
2.082323580980300903e-01
2.072310000658035278e-01
2.065089195966720581e-01
2.089739292860031128e-01
2.078077495098114014e-01
2.080528140068054199e-01
2.088016867637634277e-01
2.090540677309036255e-01
2.095847129821777344e-01
2.067143321037292480e-01
2.091416567564010620e-01
2.072227597236633301e-01
2.073508352041244507e-01
2.067502439022064209e-01
2.076320946216583252e-01
2.072125226259231567e-01
2.086617052555084229e-01
2.069862931966781616e-01
2.072778344154357910e-01
2.064310461282730103e-01
2.058989405632019043e-01
2.077614068984985352e-01
2.098072618246078491e-01
2.085992991924285889e-01
2.072992622852325439e-01
2.055318802595138550e-01
2.077350616455078125e-01
2.086482495069503784e-01
2.066755890846252441e-01
2.073903977870941162e-01
2.045558542013168335e-01
2.070538252592086792e-01
2.064663767814636230e-01
2.051592022180557251e-01
2.071397304534912109e-01
2.072265893220901489e-01
2.061582803726196289e-01
2.076582610607147217e-01
2.056463062763214111e-01
2.058167010545730591e-01
2.068478316068649292e-01
2.043266743421554565e-01
2.057174444198608398e-01
2.045683413743972778e-01
2.048143148422241211e-01
2.064884454011917114e-01
2.036025822162628174e-01
2.053649574518203735e-01
2.048032283782958984e-01
2.041447311639785767e-01
2.063245922327041626e-01
2.041586488485336304e-01
2.081952691078186035e-01
2.060276567935943604e-01
2.042208015918731689e-01
2.060205936431884766e-01
2.053528130054473877e-01
2.061311602592468262e-01
2.034845501184463501e-01
2.048310786485671997e-01
2.071809619665145874e-01
2.055606842041015625e-01
2.049974948167800903e-01
2.053375840187072754e-01
2.061213105916976929e-01
2.043924480676651001e-01
2.048586308956146240e-01
2.050763666629791260e-01
2.032670974731445312e-01
2.046641558408737183e-01
2.015758603811264038e-01
2.028706371784210205e-01
2.046405971050262451e-01
2.028419524431228638e-01
2.049191445112228394e-01
2.030641734600067139e-01
2.038926184177398682e-01
2.037537097930908203e-01
2.046222537755966187e-01
2.062372714281082153e-01
2.057890444993972778e-01
2.059292346239089966e-01
2.032070010900497437e-01
2.045705169439315796e-01
2.050560861825942993e-01
2.037490159273147583e-01
2.037047594785690308e-01
2.039816081523895264e-01
2.033556103706359863e-01
2.054757773876190186e-01
2.044786810874938965e-01
2.054526358842849731e-01
2.028237879276275635e-01
2.051401138305664062e-01
2.020575404167175293e-01
2.011675536632537842e-01
2.022108137607574463e-01
2.023559659719467163e-01
2.017157673835754395e-01
2.032647430896759033e-01
2.037304192781448364e-01
2.042923122644424438e-01
2.028904855251312256e-01
2.038395553827285767e-01
2.023617178201675415e-01
2.017818242311477661e-01
2.028045207262039185e-01
2.014093548059463501e-01
2.012517452239990234e-01
2.004483044147491455e-01
2.013494074344635010e-01
2.037101835012435913e-01
2.034254372119903564e-01
2.032992541790008545e-01
2.024300545454025269e-01
2.015028446912765503e-01
2.029668539762496948e-01
2.023939639329910278e-01
2.018961310386657715e-01
1.998954862356185913e-01
2.024431377649307251e-01
2.029595971107482910e-01
2.016957402229309082e-01
2.045004069805145264e-01
2.026152312755584717e-01
2.020279914140701294e-01
2.016932964324951172e-01
2.014471441507339478e-01
2.014097422361373901e-01
2.007139027118682861e-01
2.006828486919403076e-01
2.015411257743835449e-01
2.014036327600479126e-01
2.020516693592071533e-01
2.033891826868057251e-01
2.022667974233627319e-01
2.017250061035156250e-01
2.030683308839797974e-01
2.023605108261108398e-01
2.016367614269256592e-01
2.021811306476593018e-01
2.002985477447509766e-01
2.015867829322814941e-01
1.993251442909240723e-01
2.007413208484649658e-01
2.009382545948028564e-01
2.006475478410720825e-01
2.008161097764968872e-01
2.023761868476867676e-01
2.025091946125030518e-01
2.007552385330200195e-01
2.012659311294555664e-01
2.006205171346664429e-01
2.007703781127929688e-01
2.019691616296768188e-01
2.020810544490814209e-01
2.002205252647399902e-01
2.014273256063461304e-01
1.992579102516174316e-01
2.001212984323501587e-01
1.991520524024963379e-01
1.995361745357513428e-01
2.011574804782867432e-01
2.004051059484481812e-01
2.009225487709045410e-01
1.997668147087097168e-01
1.988991945981979370e-01
1.992493569850921631e-01
2.010280340909957886e-01
2.005242854356765747e-01
1.979793459177017212e-01
2.007576525211334229e-01
1.993466466665267944e-01
1.992573887109756470e-01
2.003377377986907959e-01
1.976928710937500000e-01
2.010287046432495117e-01
2.005307227373123169e-01
2.006401866674423218e-01
1.993478834629058838e-01
1.971139311790466309e-01
1.973871439695358276e-01
2.009364962577819824e-01
2.000785917043685913e-01
2.028074711561203003e-01
1.981798708438873291e-01
1.978136152029037476e-01
1.981024742126464844e-01
2.004608213901519775e-01
2.011518180370330811e-01
2.025480866432189941e-01
1.977679580450057983e-01
1.978241503238677979e-01
1.980547159910202026e-01
1.982929259538650513e-01
2.008773088455200195e-01
2.000413984060287476e-01
1.984307616949081421e-01
2.023481577634811401e-01
1.978047192096710205e-01
1.991002708673477173e-01
1.987213939428329468e-01
1.996827721595764160e-01
1.986129432916641235e-01
1.963874250650405884e-01
1.984044015407562256e-01
1.965269893407821655e-01
1.971216648817062378e-01
1.993847191333770752e-01
2.009315639734268188e-01
1.968130171298980713e-01
1.979546844959259033e-01
1.989154666662216187e-01
1.987469345331192017e-01
1.995538175106048584e-01
1.964856684207916260e-01
1.992366462945938110e-01
1.983385682106018066e-01
1.994132846593856812e-01
1.980321705341339111e-01
1.973405182361602783e-01
2.004337608814239502e-01
1.970072090625762939e-01
1.980031430721282959e-01
1.943574100732803345e-01
1.983503252267837524e-01
1.973340213298797607e-01
1.986189782619476318e-01
1.974623799324035645e-01
1.988140195608139038e-01
1.969867050647735596e-01
2.005426883697509766e-01
2.000361680984497070e-01
1.959598809480667114e-01
1.976927220821380615e-01
1.990154236555099487e-01
1.976835876703262329e-01
1.977306902408599854e-01
1.985644102096557617e-01
1.972890496253967285e-01
1.981642693281173706e-01
1.971319317817687988e-01
1.970617771148681641e-01
1.981826573610305786e-01
1.978939771652221680e-01
1.985789239406585693e-01
1.979721337556838989e-01
1.967925280332565308e-01
1.969170272350311279e-01
1.976331472396850586e-01
1.968866586685180664e-01
1.960726827383041382e-01
1.978640556335449219e-01
1.969457119703292847e-01
1.961766928434371948e-01
1.964196711778640747e-01
1.954283118247985840e-01
1.960750520229339600e-01
1.946828514337539673e-01
1.949403733015060425e-01
1.962840706110000610e-01
1.967860609292984009e-01
1.968266367912292480e-01
1.951699554920196533e-01
1.978582590818405151e-01
1.969766616821289062e-01
1.984284818172454834e-01
1.984668821096420288e-01
1.960143297910690308e-01
1.972874701023101807e-01
1.926354020833969116e-01
1.966561824083328247e-01
1.993794739246368408e-01
1.942502558231353760e-01
1.970252543687820435e-01
1.942306011915206909e-01
1.978787630796432495e-01
1.957721114158630371e-01
1.955610066652297974e-01
1.959509253501892090e-01
1.965019255876541138e-01
1.974015980958938599e-01
1.976676583290100098e-01
1.970421671867370605e-01
1.961992084980010986e-01
1.924734413623809814e-01
1.952770948410034180e-01
1.950457394123077393e-01
1.939984261989593506e-01
1.959023773670196533e-01
1.935726702213287354e-01
1.936642676591873169e-01
1.989175826311111450e-01
1.967828273773193359e-01
1.977670937776565552e-01
1.964628845453262329e-01
1.961783617734909058e-01
1.966632455587387085e-01
1.944619715213775635e-01
1.962762922048568726e-01
1.964308917522430420e-01
1.946478635072708130e-01
1.955426186323165894e-01
1.960747241973876953e-01
1.958578228950500488e-01
1.965286880731582642e-01
1.949582844972610474e-01
1.957635581493377686e-01
1.975841224193572998e-01
1.945317983627319336e-01
1.941062808036804199e-01
1.933485120534896851e-01
1.955103725194931030e-01
1.967320442199707031e-01
1.942136585712432861e-01
1.940209269523620605e-01
1.954017430543899536e-01
1.944237649440765381e-01
1.969548016786575317e-01
1.931750923395156860e-01
1.954233497381210327e-01
1.948098242282867432e-01
1.950661838054656982e-01
1.943147182464599609e-01
1.944935768842697144e-01
1.961488276720046997e-01
1.928927749395370483e-01
1.934592127799987793e-01
1.942451596260070801e-01
1.946578174829483032e-01
1.931235641241073608e-01
1.944579482078552246e-01
1.954120546579360962e-01
1.945726275444030762e-01
1.936066448688507080e-01
1.938177049160003662e-01
1.934379190206527710e-01
1.947927325963973999e-01
1.962535530328750610e-01
1.937343627214431763e-01
1.947505027055740356e-01
1.930375993251800537e-01
1.927147060632705688e-01
1.942138820886611938e-01
1.948131620883941650e-01
1.925251036882400513e-01
1.923872083425521851e-01
1.943176835775375366e-01
1.942080557346343994e-01
1.940044164657592773e-01
1.945135593414306641e-01
1.950062215328216553e-01
1.935507655143737793e-01
1.931340545415878296e-01
1.929996609687805176e-01
1.919362545013427734e-01
1.958270370960235596e-01
1.942188143730163574e-01
1.943511217832565308e-01
1.943567097187042236e-01
1.927621513605117798e-01
1.917497366666793823e-01
1.934107840061187744e-01
1.933218985795974731e-01
1.902841627597808838e-01
1.920220404863357544e-01
1.946406811475753784e-01
1.933667063713073730e-01
1.934256106615066528e-01
1.929126977920532227e-01
1.928721964359283447e-01
1.929794251918792725e-01
1.930273175239562988e-01
1.954538524150848389e-01
1.941821277141571045e-01
1.931136846542358398e-01
1.956162154674530029e-01
1.914031654596328735e-01
1.934622675180435181e-01
1.933050453662872314e-01
1.937284916639328003e-01
1.937959194183349609e-01
1.949951648712158203e-01
1.941839456558227539e-01
1.937281042337417603e-01
1.918044835329055786e-01
1.933926641941070557e-01
1.940813362598419189e-01
1.934124827384948730e-01
1.924082487821578979e-01
1.922602355480194092e-01
1.919955909252166748e-01
1.925306171178817749e-01
1.923296749591827393e-01
1.927980929613113403e-01
1.932314485311508179e-01
1.920571923255920410e-01
1.908749788999557495e-01
1.936578005552291870e-01
1.919904053211212158e-01
1.925493031740188599e-01
1.938326060771942139e-01
1.926897317171096802e-01
1.931879222393035889e-01
1.931754350662231445e-01
1.933769434690475464e-01
1.910154223442077637e-01
1.923344433307647705e-01
1.931299418210983276e-01
1.927933543920516968e-01
1.907971054315567017e-01
1.930283308029174805e-01
1.910962611436843872e-01
1.930646300315856934e-01
1.903349310159683228e-01
1.921278387308120728e-01
1.947491019964218140e-01
1.919326037168502808e-01
1.930059194564819336e-01
1.907709836959838867e-01
1.894448399543762207e-01
1.922012865543365479e-01
1.929591000080108643e-01
1.938171237707138062e-01
1.901947259902954102e-01
1.920324712991714478e-01
1.913305222988128662e-01
1.906318217515945435e-01
1.926000565290451050e-01
1.898054480552673340e-01
1.924735307693481445e-01
1.919090151786804199e-01
1.917794048786163330e-01
1.916603446006774902e-01
1.892738044261932373e-01
1.910026222467422485e-01
1.897684484720230103e-01
1.891305595636367798e-01
1.906346827745437622e-01
1.913628578186035156e-01
1.902065575122833252e-01
1.909096091985702515e-01
1.921357661485671997e-01
1.928293406963348389e-01
1.909122020006179810e-01
1.910687834024429321e-01
1.906184256076812744e-01
1.908987909555435181e-01
1.926431059837341309e-01
1.900490671396255493e-01
1.881586760282516479e-01
1.923814117908477783e-01
1.903649717569351196e-01
1.893860101699829102e-01
1.912372261285781860e-01
1.898437440395355225e-01
1.916471570730209351e-01
1.897339969873428345e-01
1.895238459110260010e-01
1.893289983272552490e-01
1.908734440803527832e-01
1.915566325187683105e-01
1.902495473623275757e-01
1.883256882429122925e-01
1.879176944494247437e-01
1.918225586414337158e-01
1.919481456279754639e-01
1.901489347219467163e-01
1.889795362949371338e-01
1.919076442718505859e-01
1.916689574718475342e-01
1.895704716444015503e-01
1.912793070077896118e-01
1.891879141330718994e-01
1.898024231195449829e-01
1.911046653985977173e-01
1.910493969917297363e-01
1.911009848117828369e-01
1.891881227493286133e-01
1.875182092189788818e-01
1.900286376476287842e-01
1.897289007902145386e-01
1.909358203411102295e-01
1.892237067222595215e-01
1.926459819078445435e-01
1.928573250770568848e-01
1.895510107278823853e-01
1.899754405021667480e-01
1.882734298706054688e-01
1.907644122838973999e-01
1.899232119321823120e-01
1.908884346485137939e-01
1.887982189655303955e-01
1.907878667116165161e-01
1.885619908571243286e-01
1.894500851631164551e-01
1.895487159490585327e-01
1.912180185317993164e-01
1.904677897691726685e-01
1.893291622400283813e-01
1.899806559085845947e-01
1.869187802076339722e-01
1.864260733127593994e-01
1.893841773271560669e-01
1.882806122303009033e-01
1.897984445095062256e-01
1.903062164783477783e-01
1.897524595260620117e-01
1.887325495481491089e-01
1.903112977743148804e-01
1.883842647075653076e-01
1.894221901893615723e-01
1.900305151939392090e-01
1.890835016965866089e-01
1.901914030313491821e-01
1.884765923023223877e-01
1.890159547328948975e-01
1.910559833049774170e-01
1.878904104232788086e-01
1.882387995719909668e-01
1.875246614217758179e-01
1.909535825252532959e-01
1.915717720985412598e-01
1.900529712438583374e-01
1.885882765054702759e-01
1.889390200376510620e-01
1.904803961515426636e-01
1.874787360429763794e-01
1.877793371677398682e-01
1.889919489622116089e-01
1.911745071411132812e-01
1.887596547603607178e-01
1.869958043098449707e-01
1.886865347623825073e-01
1.896454542875289917e-01
1.909580528736114502e-01
1.907433271408081055e-01
1.871224343776702881e-01
1.899083405733108521e-01
1.870175898075103760e-01
1.883723586797714233e-01
1.879830062389373779e-01
1.887232661247253418e-01
1.880388408899307251e-01
1.879401654005050659e-01
1.889708340167999268e-01
1.900514662265777588e-01
1.866490840911865234e-01
1.876997053623199463e-01
1.891080588102340698e-01
1.881180703639984131e-01
1.864229589700698853e-01
1.895461380481719971e-01
1.877067089080810547e-01
1.889229118824005127e-01
1.876372098922729492e-01
1.870950460433959961e-01
1.893505752086639404e-01
1.872732788324356079e-01
1.892150044441223145e-01
1.882410496473312378e-01
1.893473565578460693e-01
1.879983097314834595e-01
1.875904202461242676e-01
1.879862844944000244e-01
1.874462962150573730e-01
1.894426941871643066e-01
1.854511052370071411e-01
1.880135238170623779e-01
1.898495256900787354e-01
1.889349371194839478e-01
1.896784603595733643e-01
1.867920309305191040e-01
1.864991933107376099e-01
1.880448311567306519e-01
1.877487003803253174e-01
1.895238906145095825e-01
1.885427236557006836e-01
1.872971504926681519e-01
1.861718595027923584e-01
1.872754544019699097e-01
1.869405955076217651e-01
1.873790174722671509e-01
1.878097653388977051e-01
1.872947812080383301e-01
1.859814673662185669e-01
1.888899952173233032e-01
1.861426532268524170e-01
1.885750591754913330e-01
1.867831349372863770e-01
1.864745765924453735e-01
1.869558244943618774e-01
1.868234276771545410e-01
1.888402998447418213e-01
1.869125664234161377e-01
1.856383234262466431e-01
1.878632903099060059e-01
1.861096322536468506e-01
1.875355839729309082e-01
1.877256929874420166e-01
1.861850470304489136e-01
1.892645657062530518e-01
1.865538060665130615e-01
1.894508302211761475e-01
1.868712455034255981e-01
1.840404719114303589e-01
1.874504834413528442e-01
1.865141391754150391e-01
1.880125254392623901e-01
1.859242916107177734e-01
1.871116310358047485e-01
1.852541565895080566e-01
1.876032054424285889e-01
1.881836801767349243e-01
1.881152093410491943e-01
1.864553540945053101e-01
1.847586780786514282e-01
1.885180771350860596e-01
1.849487125873565674e-01
1.867995113134384155e-01
1.885947138071060181e-01
1.878847181797027588e-01
1.860930323600769043e-01
1.873592436313629150e-01
1.871926486492156982e-01
1.873010396957397461e-01
1.858680397272109985e-01
1.863125115633010864e-01
1.873667687177658081e-01
1.857220232486724854e-01
1.869097650051116943e-01
1.863765120506286621e-01
1.879360973834991455e-01
1.855747103691101074e-01
1.852368712425231934e-01
1.871937662363052368e-01
1.860346198081970215e-01
1.856581121683120728e-01
1.864302605390548706e-01
1.860958933830261230e-01
1.862667202949523926e-01
1.865160763263702393e-01
1.865018010139465332e-01
1.857823580503463745e-01
1.881382316350936890e-01
1.846036165952682495e-01
1.838536560535430908e-01
1.845867931842803955e-01
1.881526112556457520e-01
1.880511343479156494e-01
1.856141984462738037e-01
1.849947869777679443e-01
1.849417835474014282e-01
1.882656812667846680e-01
1.869864463806152344e-01
1.853760033845901489e-01
1.863587796688079834e-01
1.866099089384078979e-01
1.859222054481506348e-01
1.866827607154846191e-01
1.871533691883087158e-01
1.863214671611785889e-01
1.873651742935180664e-01
1.861591637134552002e-01
1.856216937303543091e-01
1.871400922536849976e-01
1.854997426271438599e-01
1.851428300142288208e-01
1.865795254707336426e-01
1.852339208126068115e-01
1.850857734680175781e-01
1.859637349843978882e-01
1.839752346277236938e-01
1.848303079605102539e-01
1.831209808588027954e-01
1.872843354940414429e-01
1.863360255956649780e-01
1.853719949722290039e-01
1.877641379833221436e-01
1.873527765274047852e-01
1.838259249925613403e-01
1.845659762620925903e-01
1.843515634536743164e-01
1.882476955652236938e-01
1.875224262475967407e-01
1.856172680854797363e-01
1.859906017780303955e-01
1.865355074405670166e-01
1.836125105619430542e-01
1.864330768585205078e-01
1.855442523956298828e-01
1.845223903656005859e-01
1.856117695569992065e-01
1.874799281358718872e-01
1.854553073644638062e-01
1.860045492649078369e-01
1.848187744617462158e-01
1.839700490236282349e-01
1.854725927114486694e-01
1.865265220403671265e-01
1.849898844957351685e-01
1.834475100040435791e-01
1.854209601879119873e-01
1.861135810613632202e-01
1.865042299032211304e-01
1.858358830213546753e-01
1.869296580553054810e-01
