1.669350653886795044e+00
1.335490180253982473e+00
1.224146026968955914e+00
1.114844052791595486e+00
1.063643447160720790e+00
1.014728464484214721e+00
9.908760887384414628e-01
8.508097612857818959e-01
8.397471219301223533e-01
8.342413431406021651e-01
8.056663590669631558e-01
7.946970820426940696e-01
7.810624974966049461e-01
7.474963715672493514e-01
6.414717775583267390e-01
6.352725371718406233e-01
6.563189435005187811e-01
6.599506211280822265e-01
6.420401784777641785e-01
6.651777118444442971e-01
6.620144858956337197e-01
5.177187874913216081e-01
5.337210747599602234e-01
5.283693024516105119e-01
5.426056194305419744e-01
5.595845934748649997e-01
5.428774294257163735e-01
5.554679563641548024e-01
4.172133910655975164e-01
4.205446466803550720e-01
4.404620715975761658e-01
4.438619184494018710e-01
4.573775255680084251e-01
4.626602295041084556e-01
4.586110919713973777e-01
3.719295111298561163e-01
3.635559651255607649e-01
3.696182307600974770e-01
3.747688367962836997e-01
3.774137035012244956e-01
3.890146845579147139e-01
3.934027233719825656e-01
3.282152467966079623e-01
3.232876980304718040e-01
3.273939564824104309e-01
3.321428221464157171e-01
3.295483851432800537e-01
3.434443631768226424e-01
3.454374119639396779e-01
3.038223414123058519e-01
2.950828897953033381e-01
3.089736634492873946e-01
3.037908618152141416e-01
3.038551333546638533e-01
3.119262760877609120e-01
3.157287299633025901e-01
2.879033420979976721e-01
2.865415550768375397e-01
2.877147522568702653e-01
2.870022320747375733e-01
2.939598113298416138e-01
2.984720715880394004e-01
3.025278276205062844e-01
2.791532595455646359e-01
2.759363108873367221e-01
2.777144792675971807e-01
2.794484443962573783e-01
2.823054367303848289e-01
2.815265050530433855e-01
2.922981114685535564e-01
2.709996560215949812e-01
2.699341626465320831e-01
2.734364469349384041e-01
2.734717188775539487e-01
2.805294141173362843e-01
2.837501209974289118e-01
2.797442336380481787e-01
2.588995943963527946e-01
2.619030351936817436e-01
2.656717939674854145e-01
2.681939078867435211e-01
2.683946403861046104e-01
2.645686918497085482e-01
2.750019450485706174e-01
2.622480206191539764e-01
2.555606447160244099e-01
2.600980283319950237e-01
2.602782711386680825e-01
2.641010893881320931e-01
2.669718438386917136e-01
2.706649678945541315e-01
6.685796937905251480e-02
1.855527745932340489e-01
1.615088814496994096e-01
1.593433696962892887e-01
1.338942174613475811e-01
1.087011457327753255e-01
1.301972095947712682e-01
7.409197087399661819e-02
8.116201081313192955e-02
6.917654359713196199e-02
6.459826759994030665e-02
8.476117081008852083e-02
6.032302739564329719e-02
9.857257118914276861e-02
