7.508150339126586914e-01
7.396557331085205078e-01
7.278640270233154297e-01
7.155172824859619141e-01
7.036972045898437500e-01
6.904815435409545898e-01
6.746431589126586914e-01
6.598037481307983398e-01
6.411895155906677246e-01
6.223319768905639648e-01
6.002436280250549316e-01
5.754641890525817871e-01
5.495443344116210938e-01
5.186480283737182617e-01
4.942367672920227051e-01
4.570286273956298828e-01
4.288339614868164062e-01
3.939074277877807617e-01
3.659620881080627441e-01
3.473090231418609619e-01
3.139876425266265869e-01
2.966848313808441162e-01
2.948151826858520508e-01
2.904057502746582031e-01
3.211139440536499023e-01
3.120822906494140625e-01
3.029738962650299072e-01
3.094232976436614990e-01
2.872679233551025391e-01
2.725254297256469727e-01
2.656298875808715820e-01
2.594822049140930176e-01
2.630744576454162598e-01
2.537891268730163574e-01
2.557711601257324219e-01
2.534121870994567871e-01
2.474545836448669434e-01
2.512060701847076416e-01
2.494254112243652344e-01
2.453942596912384033e-01
2.470042258501052856e-01
2.397271543741226196e-01
2.370405793190002441e-01
2.334830462932586670e-01
2.288360297679901123e-01
2.311748564243316650e-01
2.216670364141464233e-01
2.189402878284454346e-01
2.235137224197387695e-01
2.237496674060821533e-01
2.189527451992034912e-01
2.197039276361465454e-01
2.128818780183792114e-01
2.144770324230194092e-01
2.103419750928878784e-01
2.082598507404327393e-01
2.036074250936508179e-01
2.068126946687698364e-01
2.034684419631958008e-01
2.012210786342620850e-01
2.071328014135360718e-01
2.005299776792526245e-01
1.970404386520385742e-01
1.989784389734268188e-01
1.951179504394531250e-01
1.971905827522277832e-01
2.021167576313018799e-01
1.927270293235778809e-01
1.878105252981185913e-01
1.897096931934356689e-01
1.906062811613082886e-01
1.870226562023162842e-01
1.812506914138793945e-01
1.828536987304687500e-01
1.864919960498809814e-01
1.822883337736129761e-01
1.842142492532730103e-01
1.796606481075286865e-01
1.772935688495635986e-01
1.769963800907135010e-01
1.767115145921707153e-01
1.723173409700393677e-01
1.744082123041152954e-01
1.775018125772476196e-01
1.710789352655410767e-01
1.716549992561340332e-01
1.679635643959045410e-01
1.681976914405822754e-01
1.665399968624114990e-01
1.674944609403610229e-01
1.644002646207809448e-01
1.649418175220489502e-01
1.702417433261871338e-01
1.628731489181518555e-01
1.638824194669723511e-01
1.600553244352340698e-01
1.601958870887756348e-01
1.616053432226181030e-01
1.557906121015548706e-01
1.700347959995269775e-01
1.576340645551681519e-01
1.544518917798995972e-01
1.555636972188949585e-01
1.545322537422180176e-01
1.572937071323394775e-01
1.503205597400665283e-01
1.534214466810226440e-01
1.531324088573455811e-01
1.500432342290878296e-01
1.493631005287170410e-01
1.493185460567474365e-01
1.469081044197082520e-01
1.465078890323638916e-01
1.474417746067047119e-01
1.432153433561325073e-01
1.460191309452056885e-01
1.448999941349029541e-01
1.422428041696548462e-01
1.426736861467361450e-01
1.403952687978744507e-01
1.408286541700363159e-01
1.400530189275741577e-01
1.396404206752777100e-01
1.397952139377593994e-01
1.382177770137786865e-01
1.380017101764678955e-01
1.349012106657028198e-01
1.352235972881317139e-01
1.331508606672286987e-01
1.339715719223022461e-01
1.340156793594360352e-01
1.353871971368789673e-01
1.300526261329650879e-01
1.514817625284194946e-01
1.345027089118957520e-01
1.305502057075500488e-01
1.316073536872863770e-01
1.289481818675994873e-01
1.302921473979949951e-01
1.283658444881439209e-01
1.298934221267700195e-01
1.275334209203720093e-01
1.269434094429016113e-01
1.283168047666549683e-01
1.275479793548583984e-01
1.234815865755081177e-01
1.242778599262237549e-01
1.239709854125976562e-01
1.240532249212265015e-01
1.242737919092178345e-01
1.216177791357040405e-01
1.224647611379623413e-01
1.219763308763504028e-01
1.200863569974899292e-01
1.192534416913986206e-01
1.175231188535690308e-01
1.182280257344245911e-01
1.200016289949417114e-01
1.203900426626205444e-01
1.167040020227432251e-01
1.144348531961441040e-01
1.167313084006309509e-01
1.147564053535461426e-01
1.161380037665367126e-01
1.153797656297683716e-01
1.160329431295394897e-01
1.149305701255798340e-01
1.118099987506866455e-01
1.131713092327117920e-01
1.121933609247207642e-01
1.121733337640762329e-01
1.099075898528099060e-01
1.110778450965881348e-01
1.080128848552703857e-01
1.098489612340927124e-01
1.102855801582336426e-01
1.084123551845550537e-01
1.081807762384414673e-01
1.085265576839447021e-01
1.068207919597625732e-01
1.099330633878707886e-01
1.042496412992477417e-01
1.068359166383743286e-01
1.068691462278366089e-01
1.056668981909751892e-01
1.064939945936203003e-01
1.044966429471969604e-01
1.024319380521774292e-01
1.034789532423019409e-01
1.030421704053878784e-01
1.033248230814933777e-01
1.039389520883560181e-01
1.014764979481697083e-01
9.867603331804275513e-02
9.895978868007659912e-02
9.825532138347625732e-02
9.795837104320526123e-02
9.937524795532226562e-02
1.003379672765731812e-01
9.881375730037689209e-02
9.725215286016464233e-02
9.810438752174377441e-02
9.668070077896118164e-02
9.694972634315490723e-02
9.417742490768432617e-02
9.512214362621307373e-02
9.453603625297546387e-02
9.474141895771026611e-02
9.418258070945739746e-02
9.419288486242294312e-02
9.220714122056961060e-02
9.298601001501083374e-02
9.459413588047027588e-02
9.316655993461608887e-02
9.175017476081848145e-02
9.111500531435012817e-02
9.181191772222518921e-02
9.084303677082061768e-02
9.029316902160644531e-02
9.020680189132690430e-02
8.907072246074676514e-02
8.998745679855346680e-02
9.048764407634735107e-02
9.074946492910385132e-02
8.912099897861480713e-02
8.779880404472351074e-02
8.823475241661071777e-02
8.747115731239318848e-02
8.615157753229141235e-02
8.843031525611877441e-02
8.563104271888732910e-02
8.668170869350433350e-02
8.484486490488052368e-02
8.618226647377014160e-02
8.509249985218048096e-02
8.509129285812377930e-02
8.459377288818359375e-02
8.336082100868225098e-02
8.485769480466842651e-02
8.448624610900878906e-02
8.310922980308532715e-02
8.481617271900177002e-02
8.476862311363220215e-02
8.555772900581359863e-02
8.341079950332641602e-02
8.150963485240936279e-02
8.209227025508880615e-02
8.305767178535461426e-02
8.278504014015197754e-02
8.217182010412216187e-02
8.155431598424911499e-02
8.185609430074691772e-02
8.027048408985137939e-02
8.207593858242034912e-02
8.125434815883636475e-02
8.060443401336669922e-02
8.081486821174621582e-02
8.075999468564987183e-02
8.193047344684600830e-02
8.071734011173248291e-02
7.999818027019500732e-02
7.939341664314270020e-02
8.043814450502395630e-02
7.850921154022216797e-02
7.882019877433776855e-02
7.801425457000732422e-02
7.948520034551620483e-02
8.052866160869598389e-02
7.936171442270278931e-02
7.963202893733978271e-02
7.713571190834045410e-02
7.840999215841293335e-02
7.695887237787246704e-02
7.678629457950592041e-02
7.558292150497436523e-02
7.713500410318374634e-02
7.725928723812103271e-02
7.903449237346649170e-02
7.602925598621368408e-02
7.761275023221969604e-02
7.564200460910797119e-02
7.742005586624145508e-02
7.770067453384399414e-02
7.458419352769851685e-02
7.602479308843612671e-02
7.670968770980834961e-02
7.535683363676071167e-02
7.501897960901260376e-02
7.567149400711059570e-02
7.579987496137619019e-02
7.478338479995727539e-02
7.513323426246643066e-02
7.392889261245727539e-02
7.535000145435333252e-02
7.497630268335342407e-02
7.466847449541091919e-02
7.355941832065582275e-02
7.486355304718017578e-02
7.479955255985260010e-02
7.462355494499206543e-02
7.455564290285110474e-02
7.276823371648788452e-02
7.318093627691268921e-02
7.355855405330657959e-02
7.173568755388259888e-02
7.471661269664764404e-02
7.234957814216613770e-02
7.235508412122726440e-02
7.271186262369155884e-02
7.176994532346725464e-02
7.354498654603958130e-02
7.203912734985351562e-02
7.241442799568176270e-02
7.147389650344848633e-02
7.142400741577148438e-02
7.221287488937377930e-02
7.172968983650207520e-02
7.235567271709442139e-02
7.188767194747924805e-02
7.264680415391921997e-02
7.243008911609649658e-02
7.288542389869689941e-02
7.070095837116241455e-02
7.080303132534027100e-02
7.081174850463867188e-02
7.060118019580841064e-02
6.936822831630706787e-02
7.003010809421539307e-02
6.989984214305877686e-02
7.001683115959167480e-02
7.043689489364624023e-02
7.077816128730773926e-02
6.886921823024749756e-02
6.952678412199020386e-02
6.971873342990875244e-02
6.978674232959747314e-02
6.877805292606353760e-02
7.014781236648559570e-02
6.968767195940017700e-02
6.995117664337158203e-02
6.844891607761383057e-02
6.872622668743133545e-02
6.883195787668228149e-02
6.898291409015655518e-02
6.967826932668685913e-02
6.772366911172866821e-02
6.892968714237213135e-02
6.816984713077545166e-02
6.791858375072479248e-02
6.903895735740661621e-02
6.786043941974639893e-02
6.817837059497833252e-02
6.728546321392059326e-02
6.845413893461227417e-02
6.844545155763626099e-02
6.845843791961669922e-02
6.739408522844314575e-02
6.752601265907287598e-02
6.803385168313980103e-02
6.628969311714172363e-02
6.626220047473907471e-02
6.735812127590179443e-02
6.794723123311996460e-02
6.640779972076416016e-02
6.554320454597473145e-02
6.692001223564147949e-02
6.669716536998748779e-02
6.715700030326843262e-02
6.627477705478668213e-02
6.625599414110183716e-02
6.669410318136215210e-02
6.576254963874816895e-02
6.565272808074951172e-02
6.652685999870300293e-02
6.641563028097152710e-02
6.576394289731979370e-02
6.598095595836639404e-02
6.495905667543411255e-02
6.476004421710968018e-02
6.728395074605941772e-02
6.431342661380767822e-02
6.711009889841079712e-02
6.508716940879821777e-02
6.562015414237976074e-02
6.526705622673034668e-02
6.457093358039855957e-02
6.494308263063430786e-02
6.530246883630752563e-02
6.442056596279144287e-02
6.465207040309906006e-02
6.336571276187896729e-02
6.519026309251785278e-02
6.450365483760833740e-02
6.490693241357803345e-02
6.620549410581588745e-02
6.434726715087890625e-02
6.362482160329818726e-02
6.363226473331451416e-02
6.480990350246429443e-02
6.473573297262191772e-02
6.470031291246414185e-02
6.448298692703247070e-02
6.340686231851577759e-02
6.338965892791748047e-02
6.327909231185913086e-02
6.393150240182876587e-02
6.300660967826843262e-02
6.290201842784881592e-02
6.405287235975265503e-02
6.317789852619171143e-02
6.216906383633613586e-02
6.390979886054992676e-02
6.335345655679702759e-02
6.239470094442367554e-02
6.347986310720443726e-02
6.323400884866714478e-02
6.307134777307510376e-02
6.260739266872406006e-02
6.281751394271850586e-02
6.161819398403167725e-02
6.250539422035217285e-02
6.247354298830032349e-02
6.333838403224945068e-02
6.272911280393600464e-02
6.230243295431137085e-02
6.262736767530441284e-02
6.188773363828659058e-02
6.249709427356719971e-02
6.203929334878921509e-02
6.219263747334480286e-02
6.254476308822631836e-02
6.199623644351959229e-02
6.192450970411300659e-02
6.134171038866043091e-02
6.113736331462860107e-02
6.154767423868179321e-02
6.162560731172561646e-02
6.082214415073394775e-02
6.126146018505096436e-02
6.261362135410308838e-02
6.100770831108093262e-02
6.105464324355125427e-02
6.021226942539215088e-02
6.162086874246597290e-02
6.118622049689292908e-02
6.049729883670806885e-02
5.994536355137825012e-02
6.053795665502548218e-02
6.011032313108444214e-02
6.053011864423751831e-02
6.067799404263496399e-02
6.004315987229347229e-02
6.053457409143447876e-02
5.986690521240234375e-02
5.935665965080261230e-02
5.948510020971298218e-02
6.035080179572105408e-02
5.957602709531784058e-02
5.926607921719551086e-02
5.928484350442886353e-02
6.054667755961418152e-02
5.939714610576629639e-02
6.203405559062957764e-02
5.969366058707237244e-02
6.086748838424682617e-02
5.897778272628784180e-02
6.005664914846420288e-02
5.852300673723220825e-02
5.968826636672019958e-02
5.988896638154983521e-02
5.931822955608367920e-02
5.939242243766784668e-02
5.919120460748672485e-02
5.918181315064430237e-02
5.864000320434570312e-02
5.967194214463233948e-02
6.029974669218063354e-02
5.914271622896194458e-02
5.959233269095420837e-02
5.887237936258316040e-02
5.884322524070739746e-02
5.895844846963882446e-02
5.929052829742431641e-02
5.888521298766136169e-02
5.797103792428970337e-02
5.770865827798843384e-02
5.832298099994659424e-02
5.806002393364906311e-02
5.937462300062179565e-02
5.811724811792373657e-02
5.810870975255966187e-02
6.038934364914894104e-02
5.861762166023254395e-02
5.714756250381469727e-02
5.880670994520187378e-02
5.770965665578842163e-02
5.823124945163726807e-02
5.825343728065490723e-02
5.830501392483711243e-02
5.854158103466033936e-02
5.838491022586822510e-02
5.811823904514312744e-02
5.775452032685279846e-02
5.823034793138504028e-02
5.766092240810394287e-02
5.679654702544212341e-02
5.789501219987869263e-02
5.791888758540153503e-02
5.795782804489135742e-02
5.778983235359191895e-02
5.723416805267333984e-02
5.794565379619598389e-02
5.749262124300003052e-02
5.763320624828338623e-02
5.765774101018905640e-02
5.639742314815521240e-02
5.658387392759323120e-02
5.670101940631866455e-02
5.718486011028289795e-02
5.714946985244750977e-02
5.745641887187957764e-02
5.677185207605361938e-02
5.672712996602058411e-02
5.667870864272117615e-02
5.809318274259567261e-02
5.754981189966201782e-02
5.626138299703598022e-02
5.644882842898368835e-02
5.635632947087287903e-02
5.613514408469200134e-02
5.583961308002471924e-02
5.622468143701553345e-02
5.575814098119735718e-02
5.591617897152900696e-02
5.676413327455520630e-02
5.586064606904983521e-02
5.732382088899612427e-02
5.742908269166946411e-02
5.594230815768241882e-02
5.542990192770957947e-02
5.606794357299804688e-02
5.649006366729736328e-02
5.559109523892402649e-02
5.606650561094284058e-02
5.637066811323165894e-02
5.517520383000373840e-02
5.481103807687759399e-02
5.608582496643066406e-02
5.596020817756652832e-02
5.546361207962036133e-02
5.606587976217269897e-02
5.616290867328643799e-02
5.620173364877700806e-02
5.527620762586593628e-02
5.558805912733078003e-02
5.482903122901916504e-02
5.500684678554534912e-02
5.494240671396255493e-02
5.511883273720741272e-02
5.497562885284423828e-02
5.517378449440002441e-02
5.440468341112136841e-02
5.456706881523132324e-02
5.559415370225906372e-02
5.484191700816154480e-02
5.461411178112030029e-02
5.502383783459663391e-02
5.394309014081954956e-02
5.480489134788513184e-02
5.536091327667236328e-02
5.554225668311119080e-02
5.514384806156158447e-02
5.510909855365753174e-02
5.461529269814491272e-02
5.536557734012603760e-02
5.426173657178878784e-02
5.417377129197120667e-02
5.582316964864730835e-02
5.485584586858749390e-02
5.334024131298065186e-02
5.881430953741073608e-02
5.530340969562530518e-02
5.426260456442832947e-02
5.404125154018402100e-02
5.362467467784881592e-02
5.412311851978302002e-02
5.499305576086044312e-02
5.358994752168655396e-02
5.451966077089309692e-02
5.385862663388252258e-02
5.395571142435073853e-02
5.369337648153305054e-02
5.445120483636856079e-02
5.419687926769256592e-02
5.537147074937820435e-02
5.492267757654190063e-02
5.417954176664352417e-02
5.382438749074935913e-02
5.450955033302307129e-02
5.409566685557365417e-02
5.325876176357269287e-02
5.283720418810844421e-02
5.395569652318954468e-02
5.330698564648628235e-02
5.312706902623176575e-02
5.349931120872497559e-02
5.394339561462402344e-02
5.346380919218063354e-02
5.316930264234542847e-02
5.353641882538795471e-02
5.309964716434478760e-02
5.453629791736602783e-02
5.360188707709312439e-02
5.399853363633155823e-02
5.354181677103042603e-02
5.251182243227958679e-02
5.424549058079719543e-02
5.309009552001953125e-02
5.303031206130981445e-02
5.357949435710906982e-02
5.351565405726432800e-02
5.325551331043243408e-02
5.309724807739257812e-02
5.312832817435264587e-02
5.298767238855361938e-02
5.321184918284416199e-02
5.344001203775405884e-02
5.274438858032226562e-02
5.241603776812553406e-02
5.301059409976005554e-02
5.312250554561614990e-02
5.263000726699829102e-02
5.223904177546501160e-02
5.232387781143188477e-02
5.200285837054252625e-02
5.235742032527923584e-02
5.269088596105575562e-02
5.300325900316238403e-02
5.313304066658020020e-02
5.281396210193634033e-02
5.246935039758682251e-02
5.261222273111343384e-02
5.296366289258003235e-02
5.178596079349517822e-02
5.175459384918212891e-02
5.168454349040985107e-02
5.225959420204162598e-02
5.192847177386283875e-02
5.184184759855270386e-02
5.220524594187736511e-02
5.209453031420707703e-02
5.292183533310890198e-02
5.205557867884635925e-02
5.180767178535461426e-02
5.309348925948143005e-02
5.159597098827362061e-02
5.242234468460083008e-02
5.133575201034545898e-02
5.183222889900207520e-02
5.221064388751983643e-02
5.164239183068275452e-02
5.148728936910629272e-02
5.141126364469528198e-02
5.176944285631179810e-02
5.174812301993370056e-02
5.128160491585731506e-02
5.127481371164321899e-02
5.169048905372619629e-02
5.122625082731246948e-02
5.175936222076416016e-02
5.178884416818618774e-02
5.188217014074325562e-02
5.083429068326950073e-02
5.221822112798690796e-02
5.187446624040603638e-02
5.088303238153457642e-02
5.123179033398628235e-02
5.133199691772460938e-02
5.147179961204528809e-02
5.175751447677612305e-02
5.102391541004180908e-02
5.114300549030303955e-02
5.152969062328338623e-02
5.082774162292480469e-02
5.275211110711097717e-02
5.090234428644180298e-02
5.120164528489112854e-02
5.104667693376541138e-02
5.089758336544036865e-02
5.102339759469032288e-02
5.072125047445297241e-02
5.094278231263160706e-02
5.049578472971916199e-02
5.002326145768165588e-02
5.089653655886650085e-02
5.058654397726058960e-02
5.104452744126319885e-02
5.053902417421340942e-02
5.055570602416992188e-02
5.098816007375717163e-02
5.101304128766059875e-02
5.111261829733848572e-02
5.135719478130340576e-02
4.978705942630767822e-02
5.114422738552093506e-02
5.036406964063644409e-02
5.059952288866043091e-02
5.393335223197937012e-02
5.076294764876365662e-02
5.107899010181427002e-02
5.041021481156349182e-02
5.130211263895034790e-02
5.098487436771392822e-02
5.074535310268402100e-02
5.110214650630950928e-02
5.009544640779495239e-02
5.061410367488861084e-02
4.933928698301315308e-02
5.035469681024551392e-02
5.067996680736541748e-02
5.011514574289321899e-02
5.078154802322387695e-02
5.071564391255378723e-02
5.002909153699874878e-02
4.987553507089614868e-02
4.938687384128570557e-02
5.121184140443801880e-02
5.054894834756851196e-02
5.137661099433898926e-02
5.072475224733352661e-02
4.964400082826614380e-02
5.062134563922882080e-02
4.994454234838485718e-02
5.046274885535240173e-02
5.023641139268875122e-02
5.013431236147880554e-02
4.975534230470657349e-02
5.012308806180953979e-02
4.987150430679321289e-02
4.993813484907150269e-02
5.015216767787933350e-02
5.180165171623229980e-02
4.918091744184494019e-02
4.999560117721557617e-02
4.941301792860031128e-02
4.925543069839477539e-02
4.974681138992309570e-02
5.030662566423416138e-02
4.906604066491127014e-02
4.957150667905807495e-02
4.955771565437316895e-02
4.942659288644790649e-02
5.077446252107620239e-02
4.986375197768211365e-02
4.954791069030761719e-02
4.974493384361267090e-02
4.977042227983474731e-02
4.973319172859191895e-02
5.071328580379486084e-02
4.992899298667907715e-02
4.949709400534629822e-02
4.887441918253898621e-02
4.960994049906730652e-02
4.896538704633712769e-02
4.953834414482116699e-02
4.965345561504364014e-02
4.876583814620971680e-02
4.949836432933807373e-02
4.969649761915206909e-02
4.942592233419418335e-02
5.011717230081558228e-02
4.924364760518074036e-02
4.945573210716247559e-02
4.889564961194992065e-02
4.913359880447387695e-02
4.936200380325317383e-02
4.907749965786933899e-02
4.901595413684844971e-02
4.929056018590927124e-02
4.902596026659011841e-02
4.849765077233314514e-02
4.840594530105590820e-02
4.860459640622138977e-02
4.916819185018539429e-02
4.849114269018173218e-02
4.874939098954200745e-02
4.875038936734199524e-02
4.903781414031982422e-02
4.881549626588821411e-02
4.875426739454269409e-02
4.871650785207748413e-02
4.855303466320037842e-02
4.904299229383468628e-02
4.901862889528274536e-02
4.858333989977836609e-02
4.966805130243301392e-02
5.073840171098709106e-02
4.839831590652465820e-02
4.864683002233505249e-02
4.894795268774032593e-02
4.806910455226898193e-02
4.871963709592819214e-02
4.810191690921783447e-02
4.838427156209945679e-02
4.888087511062622070e-02
4.881555214524269104e-02
4.900842905044555664e-02
4.851041361689567566e-02
4.856444895267486572e-02
4.856849461793899536e-02
4.866381734609603882e-02
4.808785393834114075e-02
4.861854016780853271e-02
4.749854654073715210e-02
4.863155633211135864e-02
4.838796705007553101e-02
4.794103279709815979e-02
4.823741316795349121e-02
4.870772361755371094e-02
4.813572764396667480e-02
4.873929917812347412e-02
4.883594065904617310e-02
4.792797937989234924e-02
4.878304898738861084e-02
4.803062975406646729e-02
4.796475544571876526e-02
4.792573302984237671e-02
4.804969578981399536e-02
4.795835539698600769e-02
4.841163754463195801e-02
4.847139865159988403e-02
4.833051562309265137e-02
4.747646301984786987e-02
4.835721105337142944e-02
4.776177555322647095e-02
4.769567400217056274e-02
4.803493991494178772e-02
4.772412031888961792e-02
4.790060967206954956e-02
4.729415476322174072e-02
4.816154390573501587e-02
4.753113910555839539e-02
4.808050394058227539e-02
4.779510945081710815e-02
4.777843877673149109e-02
4.774976149201393127e-02
4.819919914007186890e-02
4.868228733539581299e-02
4.782386124134063721e-02
4.782515391707420349e-02
4.743144661188125610e-02
4.771339893341064453e-02
4.694029688835144043e-02
4.798585176467895508e-02
4.814279079437255859e-02
4.807074368000030518e-02
4.786311835050582886e-02
4.746597260236740112e-02
4.788783192634582520e-02
4.768740013241767883e-02
4.732529819011688232e-02
4.788647964596748352e-02
4.793853312730789185e-02
4.774838313460350037e-02
4.754056781530380249e-02
4.776350408792495728e-02
4.803645983338356018e-02
4.743687808513641357e-02
4.697376862168312073e-02
4.728583246469497681e-02
4.721724241971969604e-02
4.772251844406127930e-02
4.693914204835891724e-02
4.719157516956329346e-02
4.750306531786918640e-02
4.790371283888816833e-02
4.824592918157577515e-02
4.719985276460647583e-02
4.766127467155456543e-02
4.774654656648635864e-02
4.742837697267532349e-02
4.674132913351058960e-02
4.737505316734313965e-02
4.664822667837142944e-02
4.718921706080436707e-02
4.791863262653350830e-02
4.645244032144546509e-02
4.816637188196182251e-02
4.711969196796417236e-02
4.649147763848304749e-02
4.807525873184204102e-02
4.736202210187911987e-02
4.681076854467391968e-02
4.784774035215377808e-02
4.750369116663932800e-02
4.726970195770263672e-02
4.617553949356079102e-02
4.650442302227020264e-02
4.800468310713768005e-02
4.707042872905731201e-02
4.637160152196884155e-02
4.719888418912887573e-02
4.786219447851181030e-02
4.727511852979660034e-02
4.701467230916023254e-02
4.749406129121780396e-02
4.708395525813102722e-02
4.718597233295440674e-02
4.691019654273986816e-02
4.663234949111938477e-02
4.661851003766059875e-02
4.688921943306922913e-02
4.683971777558326721e-02
4.664770513772964478e-02
4.625046253204345703e-02
4.671958833932876587e-02
4.657240957021713257e-02
4.653614386916160583e-02
4.675083607435226440e-02
4.669224470853805542e-02
4.634042084217071533e-02
4.694837704300880432e-02
4.774240404367446899e-02
4.710004478693008423e-02
4.606889560818672180e-02
4.651896655559539795e-02
4.690881446003913879e-02
4.635617509484291077e-02
4.714899510145187378e-02
4.666160792112350464e-02
4.647619649767875671e-02
4.600099846720695496e-02
4.669221490621566772e-02
4.663473367691040039e-02
4.728460311889648438e-02
4.697140306234359741e-02
4.558780789375305176e-02
4.631666839122772217e-02
4.638402163982391357e-02
4.654397070407867432e-02
4.656467959284782410e-02
4.616566747426986694e-02
4.695440828800201416e-02
4.619634151458740234e-02
4.601258412003517151e-02
4.591530561447143555e-02
4.653272777795791626e-02
4.594763368368148804e-02
4.676617681980133057e-02
4.577786475419998169e-02
4.575406014919281006e-02
4.613189026713371277e-02
4.559477418661117554e-02
4.613360017538070679e-02
4.630015045404434204e-02
4.602973535656929016e-02
4.666240513324737549e-02
4.630649089813232422e-02
4.554797708988189697e-02
4.612549394369125366e-02
4.604453593492507935e-02
4.566438123583793640e-02
4.546952992677688599e-02
4.599924385547637939e-02
4.560288786888122559e-02
4.586118832230567932e-02
4.604005813598632812e-02
4.582177847623825073e-02
4.573123529553413391e-02
4.572794958949089050e-02
4.615229368209838867e-02
4.737875610589981079e-02
4.634433984756469727e-02
4.617550969123840332e-02
4.540888592600822449e-02
4.590949416160583496e-02
4.653200507164001465e-02
4.622323065996170044e-02
4.641603678464889526e-02
4.529821127653121948e-02
4.615368321537971497e-02
4.539844766259193420e-02
4.580490291118621826e-02
4.608031362295150757e-02
4.658946394920349121e-02
4.569128155708312988e-02
4.550022631883621216e-02
4.649135470390319824e-02
4.519850015640258789e-02
4.576360061764717102e-02
4.534046351909637451e-02
4.597500339150428772e-02
4.636622592806816101e-02
4.549225419759750366e-02
4.531001672148704529e-02
4.515149444341659546e-02
4.570703208446502686e-02
4.556674882769584656e-02
4.525359719991683960e-02
4.570105671882629395e-02
4.561063647270202637e-02
4.600574076175689697e-02
4.522042721509933472e-02
4.560700058937072754e-02
4.516332596540451050e-02
4.592359811067581177e-02
4.553130269050598145e-02
4.542013630270957947e-02
4.540561512112617493e-02
4.589076340198516846e-02
4.542686045169830322e-02
4.578209295868873596e-02
4.494217410683631897e-02
4.576756805181503296e-02
4.542459547519683838e-02
4.511326551437377930e-02
4.496867209672927856e-02
4.488866031169891357e-02
4.475887119770050049e-02
4.513312876224517822e-02
4.459139704704284668e-02
4.525774717330932617e-02
4.531642049551010132e-02
4.489699006080627441e-02
4.476511478424072266e-02
4.525362700223922729e-02
4.474155604839324951e-02
4.508169740438461304e-02
4.551588371396064758e-02
4.496781527996063232e-02
4.477111622691154480e-02
4.490026459097862244e-02
4.469373822212219238e-02
4.558388888835906982e-02
4.513338208198547363e-02
4.490119963884353638e-02
4.501794278621673584e-02
4.503232613205909729e-02
4.461604356765747070e-02
4.532746225595474243e-02
4.480245709419250488e-02
4.588921368122100830e-02
4.478051513433456421e-02
4.551069438457489014e-02
4.494370147585868835e-02
4.520938545465469360e-02
4.434524476528167725e-02
4.507258534431457520e-02
4.479967057704925537e-02
4.464276134967803955e-02
4.504908621311187744e-02
4.505866765975952148e-02
4.497363045811653137e-02
4.492634534835815430e-02
4.453144967555999756e-02
4.494931921362876892e-02
4.440771788358688354e-02
4.486747086048126221e-02
4.523921757936477661e-02
4.457401484251022339e-02
4.524942487478256226e-02
4.450613260269165039e-02
4.478474333882331848e-02
4.520661383867263794e-02
4.504381120204925537e-02
4.460376501083374023e-02
4.507003724575042725e-02
4.463124275207519531e-02
4.459439218044281006e-02
4.498773068189620972e-02
4.469661042094230652e-02
4.448341578245162964e-02
4.427068307995796204e-02
4.505870491266250610e-02
4.432044923305511475e-02
4.438100755214691162e-02
4.453115910291671753e-02
4.468412697315216064e-02
4.459758102893829346e-02
4.426081106066703796e-02
4.502570256590843201e-02
4.419420659542083740e-02
4.444523900747299194e-02
4.487554356455802917e-02
4.458411037921905518e-02
4.517741873860359192e-02
4.498124122619628906e-02
4.404757916927337646e-02
4.414479434490203857e-02
4.474503546953201294e-02
4.476566612720489502e-02
4.453941807150840759e-02
4.398896917700767517e-02
4.487706720829010010e-02
4.486091807484626770e-02
4.474081099033355713e-02
4.440097510814666748e-02
4.473667591810226440e-02
4.369048401713371277e-02
4.434411600232124329e-02
2.672723531723022461e-01
2.634158432483673096e-01
2.661219835281372070e-01
2.634747326374053955e-01
2.607173919677734375e-01
2.578239738941192627e-01
2.562775611877441406e-01
2.586782276630401611e-01
2.575720250606536865e-01
2.540146112442016602e-01
2.550456225872039795e-01
2.538150548934936523e-01
2.535305917263031006e-01
2.516184151172637939e-01
2.516498267650604248e-01
2.487553209066390991e-01
2.505780458450317383e-01
2.503990828990936279e-01
2.514941394329071045e-01
2.465414255857467651e-01
2.504996061325073242e-01
2.475588172674179077e-01
2.455810457468032837e-01
2.448234856128692627e-01
2.443290203809738159e-01
2.442454248666763306e-01
2.459259629249572754e-01
2.449974566698074341e-01
2.427728325128555298e-01
2.441901862621307373e-01
2.432027459144592285e-01
2.424827963113784790e-01
2.420068383216857910e-01
2.405976206064224243e-01
2.439653575420379639e-01
2.411658018827438354e-01
2.399028986692428589e-01
2.416693568229675293e-01
2.423864006996154785e-01
2.395070642232894897e-01
2.399185001850128174e-01
2.383694350719451904e-01
2.408954352140426636e-01
2.406891733407974243e-01
2.412201017141342163e-01
2.397961467504501343e-01
2.398136109113693237e-01
2.378635853528976440e-01
2.365703731775283813e-01
2.397626787424087524e-01
2.382153123617172241e-01
2.384979128837585449e-01
2.377411276102066040e-01
2.380861192941665649e-01
2.374029904603958130e-01
2.378386557102203369e-01
2.352335453033447266e-01
2.366997897624969482e-01
2.385391891002655029e-01
2.362505495548248291e-01
2.394649833440780640e-01
2.371071726083755493e-01
2.360135465860366821e-01
2.338369190692901611e-01
2.360482960939407349e-01
2.330724596977233887e-01
2.343239337205886841e-01
2.349691987037658691e-01
2.360822111368179321e-01
2.359685301780700684e-01
2.363000959157943726e-01
2.352014929056167603e-01
2.339379340410232544e-01
2.347606271505355835e-01
2.343087792396545410e-01
2.343795895576477051e-01
2.338337302207946777e-01
2.342379093170166016e-01
2.335717231035232544e-01
2.323711663484573364e-01
2.363668978214263916e-01
2.331059128046035767e-01
2.352069318294525146e-01
2.327343970537185669e-01
2.325078099966049194e-01
2.327172607183456421e-01
2.323815673589706421e-01
2.367582023143768311e-01
2.339287698268890381e-01
2.300576269626617432e-01
2.324579507112503052e-01
2.316543459892272949e-01
2.302907854318618774e-01
2.334288954734802246e-01
2.315256744623184204e-01
2.337409257888793945e-01
2.343429923057556152e-01
2.325507998466491699e-01
2.315991371870040894e-01
2.318467497825622559e-01
2.295867502689361572e-01
2.327717095613479614e-01
2.310325801372528076e-01
2.321267873048782349e-01
2.295331358909606934e-01
2.347580194473266602e-01
2.286632210016250610e-01
2.305257618427276611e-01
2.314208298921585083e-01
2.292078882455825806e-01
2.314864695072174072e-01
2.288755625486373901e-01
2.319110780954360962e-01
2.300462871789932251e-01
2.300904393196105957e-01
2.266410589218139648e-01
2.281863093376159668e-01
2.300367206335067749e-01
2.281765937805175781e-01
2.304554730653762817e-01
2.279218435287475586e-01
2.311811149120330811e-01
2.303774356842041016e-01
2.285620570182800293e-01
2.260745465755462646e-01
2.293547987937927246e-01
2.280314564704895020e-01
2.239129394292831421e-01
2.311534285545349121e-01
2.301425337791442871e-01
2.279661744832992554e-01
2.278701961040496826e-01
2.283978760242462158e-01
2.250906825065612793e-01
2.267718911170959473e-01
2.278160899877548218e-01
2.257496714591979980e-01
2.261865288019180298e-01
2.263819873332977295e-01
2.275308817625045776e-01
2.248772084712982178e-01
2.282856553792953491e-01
2.271358668804168701e-01
2.300734668970108032e-01
2.260997146368026733e-01
2.267285287380218506e-01
2.267927229404449463e-01
2.271475493907928467e-01
2.251605689525604248e-01
2.255238890647888184e-01
2.259650081396102905e-01
2.252350151538848877e-01
2.274290472269058228e-01
2.252775132656097412e-01
2.317574620246887207e-01
2.269467413425445557e-01
2.268658131361007690e-01
2.248680591583251953e-01
2.248016893863677979e-01
2.240748405456542969e-01
2.259657829999923706e-01
2.282644510269165039e-01
2.270123213529586792e-01
2.251805216073989868e-01
2.256251722574234009e-01
2.280824631452560425e-01
2.255219668149948120e-01
2.247957885265350342e-01
2.238491773605346680e-01
2.244729846715927124e-01
2.257044315338134766e-01
2.250176370143890381e-01
2.238351404666900635e-01
2.249316722154617310e-01
2.246599793434143066e-01
2.245985716581344604e-01
2.252003550529479980e-01
2.221580147743225098e-01
2.249096781015396118e-01
2.258084267377853394e-01
2.230327278375625610e-01
2.228697687387466431e-01
2.257692217826843262e-01
2.238531708717346191e-01
2.237813174724578857e-01
2.251948267221450806e-01
2.225560843944549561e-01
2.236850559711456299e-01
2.218248695135116577e-01
2.251972705125808716e-01
2.205094546079635620e-01
2.210259884595870972e-01
2.199239134788513184e-01
2.213557064533233643e-01
2.212229669094085693e-01
2.250954657793045044e-01
2.213617712259292603e-01
2.196715325117111206e-01
2.219845652580261230e-01
2.216200530529022217e-01
2.221142202615737915e-01
2.231076061725616455e-01
2.218159735202789307e-01
2.201251089572906494e-01
2.208461463451385498e-01
2.200723886489868164e-01
2.204314768314361572e-01
2.217838317155838013e-01
2.212129384279251099e-01
2.210735827684402466e-01
2.201130837202072144e-01
2.212834656238555908e-01
2.194141447544097900e-01
2.187703102827072144e-01
2.203471213579177856e-01
2.182463705539703369e-01
2.202619165182113647e-01
2.218551039695739746e-01
2.199350893497467041e-01
2.219337970018386841e-01
2.183169275522232056e-01
2.195091247558593750e-01
2.221364825963973999e-01
2.185050547122955322e-01
2.198750078678131104e-01
2.211526334285736084e-01
2.214278578758239746e-01
2.186508178710937500e-01
2.199599444866180420e-01
2.207741141319274902e-01
2.191336005926132202e-01
2.177147418260574341e-01
2.187626212835311890e-01
2.216357439756393433e-01
2.174850404262542725e-01
2.188919335603713989e-01
2.187323868274688721e-01
2.186121046543121338e-01
2.188916206359863281e-01
2.182315587997436523e-01
2.202865928411483765e-01
2.197067439556121826e-01
2.198793888092041016e-01
2.192736566066741943e-01
2.197427302598953247e-01
2.179033756256103516e-01
2.188785970211029053e-01
2.208106666803359985e-01
2.208303064107894897e-01
2.188833355903625488e-01
2.167588770389556885e-01
2.180037647485733032e-01
2.217437326908111572e-01
2.195124477148056030e-01
2.199180275201797485e-01
2.182397842407226562e-01
2.188412547111511230e-01
2.201588451862335205e-01
2.192921936511993408e-01
2.184965163469314575e-01
2.163480371236801147e-01
2.198377698659896851e-01
2.159642875194549561e-01
2.192080914974212646e-01
2.189999520778656006e-01
2.183715701103210449e-01
2.175803333520889282e-01
2.168856859207153320e-01
2.131496071815490723e-01
2.179146409034729004e-01
2.173963785171508789e-01
2.175550609827041626e-01
2.206041812896728516e-01
2.158786058425903320e-01
2.157094180583953857e-01
2.151539474725723267e-01
2.175981402397155762e-01
2.154440879821777344e-01
2.150414586067199707e-01
2.155146151781082153e-01
2.189009487628936768e-01
2.150105834007263184e-01
2.164114713668823242e-01
2.169239670038223267e-01
2.164100259542465210e-01
2.146499156951904297e-01
2.161726206541061401e-01
2.134999781847000122e-01
2.157780379056930542e-01
2.174149453639984131e-01
2.179965078830718994e-01
2.166096568107604980e-01
2.155123502016067505e-01
2.168636173009872437e-01
2.184493541717529297e-01
2.163975983858108521e-01
2.152003943920135498e-01
2.144171893596649170e-01
2.153543531894683838e-01
2.182757705450057983e-01
2.138836681842803955e-01
2.173457145690917969e-01
2.163465768098831177e-01
2.174669504165649414e-01
2.154562622308731079e-01
2.156460136175155640e-01
2.168712168931961060e-01
2.146022468805313110e-01
2.137291878461837769e-01
2.162419706583023071e-01
2.161414027214050293e-01
2.138503938913345337e-01
2.150213271379470825e-01
2.126040458679199219e-01
2.165469676256179810e-01
2.136118113994598389e-01
2.141324877738952637e-01
2.140034288167953491e-01
2.145560532808303833e-01
2.160121053457260132e-01
2.155178040266036987e-01
2.140345871448516846e-01
2.145781964063644409e-01
2.145685702562332153e-01
2.150655686855316162e-01
2.122534215450286865e-01
2.164163440465927124e-01
2.124794125556945801e-01
2.145812213420867920e-01
2.132297158241271973e-01
2.128997743129730225e-01
2.140469402074813843e-01
2.147820293903350830e-01
2.153654396533966064e-01
2.119487226009368896e-01
2.128793746232986450e-01
2.120938301086425781e-01
2.154369503259658813e-01
2.121746987104415894e-01
2.134396135807037354e-01
2.133131325244903564e-01
2.130961716175079346e-01
2.105808854103088379e-01
2.115471959114074707e-01
2.113818675279617310e-01
2.126624733209609985e-01
2.119525969028472900e-01
2.141238898038864136e-01
2.140155732631683350e-01
2.100508064031600952e-01
2.126345932483673096e-01
2.121457308530807495e-01
2.124151736497879028e-01
2.173962742090225220e-01
2.133896350860595703e-01
2.137729674577713013e-01
2.126555144786834717e-01
2.122920453548431396e-01
2.115853130817413330e-01
2.135637402534484863e-01
2.128435969352722168e-01
2.101226150989532471e-01
2.121129631996154785e-01
2.152296453714370728e-01
2.123883813619613647e-01
2.118416130542755127e-01
2.110396623611450195e-01
2.112234979867935181e-01
2.123971730470657349e-01
2.106848657131195068e-01
2.122815102338790894e-01
2.116950899362564087e-01
2.113066017627716064e-01
2.123134136199951172e-01
2.099144756793975830e-01
2.129728049039840698e-01
2.117047458887100220e-01
2.108942866325378418e-01
2.116143107414245605e-01
2.120538800954818726e-01
2.121439427137374878e-01
2.106242179870605469e-01
2.103611230850219727e-01
2.100469172000885010e-01
2.107823938131332397e-01
2.097943276166915894e-01
2.123298346996307373e-01
2.119926065206527710e-01
2.108701616525650024e-01
2.130312025547027588e-01
2.088323682546615601e-01
2.081540971994400024e-01
2.105886042118072510e-01
2.070768177509307861e-01
2.095968872308731079e-01
2.102140337228775024e-01
2.091481536626815796e-01
2.106739282608032227e-01
2.109491229057312012e-01
2.097249925136566162e-01
