6.058201193809509277e-01
5.974131226539611816e-01
5.897402763366699219e-01
5.817438364028930664e-01
5.735651254653930664e-01
5.647955536842346191e-01
5.540921092033386230e-01
5.431131720542907715e-01
5.303505063056945801e-01
5.156217217445373535e-01
5.009559392929077148e-01
4.843989610671997070e-01
4.651984274387359619e-01
4.466257393360137939e-01
4.267959892749786377e-01
4.108642637729644775e-01
3.874938786029815674e-01
3.734350800514221191e-01
3.538993299007415771e-01
3.403724133968353271e-01
3.384029269218444824e-01
3.319357931613922119e-01
3.349379003047943115e-01
3.374369144439697266e-01
3.441282808780670166e-01
3.467870056629180908e-01
3.444181382656097412e-01
3.423723280429840088e-01
3.263570070266723633e-01
3.238737881183624268e-01
3.224498927593231201e-01
3.099362254142761230e-01
3.116506934165954590e-01
3.064644634723663330e-01
3.108825087547302246e-01
3.072215914726257324e-01
3.057999908924102783e-01
3.051720261573791504e-01
3.072388768196105957e-01
3.036828339099884033e-01
3.003426194190979004e-01
3.044313490390777588e-01
2.963088154792785645e-01
2.944252490997314453e-01
2.896341979503631592e-01
2.941215634346008301e-01
2.927041649818420410e-01
2.860234081745147705e-01
2.890407145023345947e-01
2.837296128273010254e-01
2.825906276702880859e-01
2.799516618251800537e-01
2.857025265693664551e-01
2.768003940582275391e-01
2.749917805194854736e-01
2.721447944641113281e-01
2.761281132698059082e-01
2.746645510196685791e-01
2.739931046962738037e-01
2.699686884880065918e-01
2.672357857227325439e-01
2.709579467773437500e-01
2.672225236892700195e-01
2.670264244079589844e-01
2.644683420658111572e-01
2.591898441314697266e-01
2.619577646255493164e-01
2.594889402389526367e-01
2.601110637187957764e-01
2.618915140628814697e-01
2.568638622760772705e-01
2.562258839607238770e-01
2.588624656200408936e-01
2.547606527805328369e-01
2.566823363304138184e-01
2.531636655330657959e-01
2.541667520999908447e-01
2.519641816616058350e-01
2.503341138362884521e-01
2.514252364635467529e-01
2.492499351501464844e-01
2.488678395748138428e-01
2.495656758546829224e-01
2.489982843399047852e-01
2.455060482025146484e-01
2.467530518770217896e-01
2.486897110939025879e-01
2.445202320814132690e-01
2.409607023000717163e-01
2.395781725645065308e-01
2.422533929347991943e-01
2.424651831388473511e-01
2.393587678670883179e-01
2.402053475379943848e-01
2.382551431655883789e-01
2.407245784997940063e-01
2.363110929727554321e-01
2.378432154655456543e-01
2.380151301622390747e-01
2.373791486024856567e-01
2.356758415699005127e-01
2.347580045461654663e-01
2.345166951417922974e-01
2.336311191320419312e-01
2.343070209026336670e-01
2.308520376682281494e-01
2.328082770109176636e-01
2.290321588516235352e-01
2.318753004074096680e-01
2.294219285249710083e-01
2.283608913421630859e-01
2.290174514055252075e-01
2.282823920249938965e-01
2.284189313650131226e-01
2.262782007455825806e-01
2.298588901758193970e-01
2.263479977846145630e-01
2.237542420625686646e-01
2.264365255832672119e-01
2.251660376787185669e-01
2.246410250663757324e-01
2.219069749116897583e-01
2.233927994966506958e-01
2.230029106140136719e-01
2.203423529863357544e-01
2.236955910921096802e-01
2.239264249801635742e-01
2.196693718433380127e-01
2.205514758825302124e-01
2.223101258277893066e-01
2.219623327255249023e-01
2.209100574254989624e-01
2.196721434593200684e-01
2.216395884752273560e-01
2.194038778543472290e-01
2.161123454570770264e-01
2.176789194345474243e-01
2.161737531423568726e-01
2.183789610862731934e-01
2.148081362247467041e-01
2.173865288496017456e-01
2.161331623792648315e-01
2.169269174337387085e-01
2.149904519319534302e-01
2.169626057147979736e-01
2.165847569704055786e-01
2.132681012153625488e-01
2.139817774295806885e-01
2.151201218366622925e-01
2.122777551412582397e-01
2.109000235795974731e-01
2.109392434358596802e-01
2.119428962469100952e-01
2.110682725906372070e-01
2.132084071636199951e-01
2.116177827119827271e-01
2.085930854082107544e-01
2.110202759504318237e-01
2.095194458961486816e-01
2.095500230789184570e-01
2.113337069749832153e-01
2.104866653680801392e-01
2.080663591623306274e-01
2.075139433145523071e-01
2.085890620946884155e-01
2.072665244340896606e-01
2.084432095289230347e-01
2.068536132574081421e-01
2.096223086118698120e-01
2.094479650259017944e-01
2.055055946111679077e-01
2.048685997724533081e-01
2.059308737516403198e-01
2.065291255712509155e-01
2.055663913488388062e-01
2.036236077547073364e-01
2.043214440345764160e-01
2.039842605590820312e-01
2.024475783109664917e-01
2.027764767408370972e-01
2.041144222021102905e-01
2.031719982624053955e-01
2.004356235265731812e-01
2.010259628295898438e-01
2.009029686450958252e-01
2.017491608858108521e-01
2.024497836828231812e-01
2.015478610992431641e-01
2.004396766424179077e-01
2.026228159666061401e-01
2.004356235265731812e-01
1.995774358510971069e-01
1.995648592710494995e-01
1.972184330224990845e-01
1.975201815366744995e-01
1.970677226781845093e-01
1.956264376640319824e-01
1.962673813104629517e-01
1.982517391443252563e-01
1.971580386161804199e-01
1.962945461273193359e-01
1.972614228725433350e-01
1.941982209682464600e-01
1.953320056200027466e-01
1.963975876569747925e-01
1.934125423431396484e-01
1.924380511045455933e-01
1.927264332771301270e-01
1.944748014211654663e-01
1.935108602046966553e-01
1.962034851312637329e-01
1.931850761175155640e-01
1.931133121252059937e-01
1.939854472875595093e-01
1.927406489849090576e-01
1.921903192996978760e-01
1.915205717086791992e-01
1.912754923105239868e-01
1.938559710979461670e-01
1.913055777549743652e-01
1.906971484422683716e-01
1.910205036401748657e-01
1.904914230108261108e-01
1.900984495878219604e-01
1.899017095565795898e-01
1.873804628849029541e-01
1.899900287389755249e-01
1.876231878995895386e-01
1.884085834026336670e-01
1.872133910655975342e-01
1.878337413072586060e-01
1.885394603013992310e-01
1.888725906610488892e-01
1.901243031024932861e-01
1.882656663656234741e-01
1.885118037462234497e-01
1.894722580909729004e-01
1.886527538299560547e-01
1.869704425334930420e-01
1.873951256275177002e-01
1.865215599536895752e-01
1.851406842470169067e-01
1.863307207822799683e-01
1.848636120557785034e-01
1.855261623859405518e-01
1.848033815622329712e-01
1.855717152357101440e-01
1.835525631904602051e-01
1.849800944328308105e-01
1.856293827295303345e-01
1.837009489536285400e-01
1.843135058879852295e-01
1.831473410129547119e-01
1.843239068984985352e-01
1.825371384620666504e-01
1.833068430423736572e-01
1.823382675647735596e-01
1.827609688043594360e-01
1.843110322952270508e-01
1.825666874647140503e-01
1.823619604110717773e-01
1.805882006883621216e-01
1.803866475820541382e-01
1.801563650369644165e-01
1.806538105010986328e-01
1.792941838502883911e-01
1.774925291538238525e-01
1.802401095628738403e-01
1.782035082578659058e-01
1.784725487232208252e-01
1.794047951698303223e-01
1.787316650152206421e-01
1.779935657978057861e-01
1.776691675186157227e-01
1.784085035324096680e-01
1.778701543807983398e-01
1.774569451808929443e-01
1.767155230045318604e-01
1.792388558387756348e-01
1.753274053335189819e-01
1.770721375942230225e-01
1.769186407327651978e-01
1.728322207927703857e-01
1.798840910196304321e-01
1.752371191978454590e-01
1.763904094696044922e-01
1.760288774967193604e-01
1.769359856843948364e-01
1.758669763803482056e-01
1.746870279312133789e-01
1.763255894184112549e-01
1.763765513896942139e-01
1.739853173494338989e-01
1.750165522098541260e-01
1.734127700328826904e-01
1.755133867263793945e-01
1.741789430379867554e-01
1.727247685194015503e-01
1.718606203794479370e-01
1.728793084621429443e-01
1.722854226827621460e-01
1.730846017599105835e-01
1.724938005208969116e-01
1.724277436733245850e-01
1.716697514057159424e-01
1.704425215721130371e-01
1.696071475744247437e-01
1.724678277969360352e-01
1.729253679513931274e-01
1.677278578281402588e-01
1.684816181659698486e-01
1.706646978855133057e-01
1.670778095722198486e-01
1.708856821060180664e-01
1.708665788173675537e-01
1.708969324827194214e-01
1.702732741832733154e-01
1.688277870416641235e-01
1.684836745262145996e-01
1.680551171302795410e-01
1.681753098964691162e-01
1.701892912387847900e-01
1.682466417551040649e-01
1.654222607612609863e-01
1.671188771724700928e-01
1.671677380800247192e-01
1.689716130495071411e-01
1.692098975181579590e-01
1.678800582885742188e-01
1.670999825000762939e-01
1.665507853031158447e-01
1.665300279855728149e-01
1.667754501104354858e-01
1.663152724504470825e-01
1.653903275728225708e-01
1.651989966630935669e-01
1.662521362304687500e-01
1.645929813385009766e-01
1.653776615858078003e-01
1.617976874113082886e-01
1.631226390600204468e-01
1.646236926317214966e-01
1.643390804529190063e-01
1.643410921096801758e-01
1.638687402009963989e-01
1.632928252220153809e-01
1.637741476297378540e-01
1.636065840721130371e-01
1.630820035934448242e-01
1.622653007507324219e-01
1.636172831058502197e-01
1.650105416774749756e-01
1.620182096958160400e-01
1.628873348236083984e-01
1.620655804872512817e-01
1.609614491462707520e-01
1.649550944566726685e-01
1.642542332410812378e-01
1.645233631134033203e-01
1.627325564622879028e-01
1.639791280031204224e-01
1.617270112037658691e-01
1.619103699922561646e-01
1.598780751228332520e-01
1.620430946350097656e-01
1.617835760116577148e-01
1.610552817583084106e-01
1.615168750286102295e-01
1.606986522674560547e-01
1.622976809740066528e-01
1.616149693727493286e-01
1.602845489978790283e-01
1.607193499803543091e-01
1.602742373943328857e-01
1.592237949371337891e-01
1.610469371080398560e-01
1.613976210355758667e-01
1.567258387804031372e-01
1.601860374212265015e-01
1.573210954666137695e-01
1.596385985612869263e-01
1.597020626068115234e-01
1.595620512962341309e-01
1.577942073345184326e-01
1.588184833526611328e-01
1.593217402696609497e-01
1.586229652166366577e-01
1.567048281431198120e-01
1.569308340549468994e-01
1.588801145553588867e-01
1.581721305847167969e-01
1.592362225055694580e-01
1.571432501077651978e-01
1.572017520666122437e-01
1.567883491516113281e-01
1.566646397113800049e-01
1.570987105369567871e-01
1.574881672859191895e-01
1.548786610364913940e-01
1.570218205451965332e-01
1.580150872468948364e-01
1.573651134967803955e-01
1.566850244998931885e-01
1.538249999284744263e-01
1.545490026473999023e-01
1.582673788070678711e-01
1.561825126409530640e-01
1.535156369209289551e-01
1.566729247570037842e-01
1.538447588682174683e-01
1.574723720550537109e-01
1.574773937463760376e-01
1.544018685817718506e-01
1.543568819761276245e-01
1.548181325197219849e-01
1.550638228654861450e-01
1.543383896350860596e-01
1.555836796760559082e-01
1.552285403013229370e-01
1.553051322698593140e-01
1.540997922420501709e-01
1.554671376943588257e-01
1.541966646909713745e-01
1.551434248685836792e-01
1.519965827465057373e-01
1.538238227367401123e-01
1.526113897562026978e-01
1.551300287246704102e-01
1.532393991947174072e-01
1.523500531911849976e-01
1.526968628168106079e-01
1.534104496240615845e-01
1.532973200082778931e-01
1.520902663469314575e-01
1.549492031335830688e-01
1.527638286352157593e-01
1.545694321393966675e-01
1.523312926292419434e-01
1.544823646545410156e-01
1.524186432361602783e-01
1.532303541898727417e-01
1.540834158658981323e-01
1.524223089218139648e-01
1.515725106000900269e-01
1.527762860059738159e-01
1.500325500965118408e-01
1.514658182859420776e-01
1.546094417572021484e-01
1.514382958412170410e-01
1.542766690254211426e-01
1.532695293426513672e-01
1.522290706634521484e-01
1.528073996305465698e-01
1.503875255584716797e-01
1.513569504022598267e-01
1.517440825700759888e-01
1.525485813617706299e-01
1.510348767042160034e-01
1.515948772430419922e-01
1.514896154403686523e-01
1.518262624740600586e-01
1.514217406511306763e-01
1.507850587368011475e-01
1.506033539772033691e-01
1.522674709558486938e-01
1.508044153451919556e-01
1.512277424335479736e-01
1.513286232948303223e-01
1.507966071367263794e-01
1.493835151195526123e-01
1.517215967178344727e-01
1.511297821998596191e-01
1.492368131875991821e-01
1.506100594997406006e-01
1.493043899536132812e-01
1.509705781936645508e-01
1.507003158330917358e-01
1.500829756259918213e-01
1.489936709403991699e-01
1.487408727407455444e-01
1.493741273880004883e-01
1.487334519624710083e-01
1.502971202135086060e-01
1.503532826900482178e-01
1.488506942987442017e-01
1.504704654216766357e-01
1.483639329671859741e-01
1.486713588237762451e-01
1.478966772556304932e-01
1.498259603977203369e-01
1.470348834991455078e-01
1.504405438899993896e-01
1.492963433265686035e-01
1.488925516605377197e-01
1.484729945659637451e-01
1.483574509620666504e-01
1.483519077301025391e-01
1.487551629543304443e-01
1.479883939027786255e-01
1.471599638462066650e-01
2.505810856819152832e-01
2.477503865957260132e-01
2.484967410564422607e-01
2.463462501764297485e-01
2.452564984560012817e-01
2.433898150920867920e-01
2.472143471240997314e-01
2.481486052274703979e-01
2.436261773109436035e-01
2.488142549991607666e-01
2.430067360401153564e-01
2.460441738367080688e-01
2.443174421787261963e-01
2.402957826852798462e-01
2.415737211704254150e-01
2.428720742464065552e-01
2.429741770029067993e-01
2.458207756280899048e-01
2.438854575157165527e-01
2.425643652677536011e-01
2.453921437263488770e-01
2.460309118032455444e-01
2.454404234886169434e-01
2.423717081546783447e-01
2.440382838249206543e-01
2.420196682214736938e-01
2.415750026702880859e-01
2.446670085191726685e-01
2.439125925302505493e-01
2.454315871000289917e-01
2.402996867895126343e-01
2.410139441490173340e-01
2.412387877702713013e-01
2.435476630926132202e-01
2.408417910337448120e-01
2.381828278303146362e-01
2.404878288507461548e-01
2.404124885797500610e-01
2.404845803976058960e-01
2.404937744140625000e-01
2.420710176229476929e-01
2.394326627254486084e-01
2.389288842678070068e-01
2.380459159612655640e-01
2.427846193313598633e-01
2.404047399759292603e-01
2.408272176980972290e-01
2.416693270206451416e-01
2.390087842941284180e-01
2.387023121118545532e-01
2.397495061159133911e-01
2.391827255487442017e-01
2.393701076507568359e-01
2.399438023567199707e-01
2.369397133588790894e-01
2.397644072771072388e-01
2.416904121637344360e-01
2.401563972234725952e-01
2.397433966398239136e-01
2.373090982437133789e-01
2.380899339914321899e-01
2.415179163217544556e-01
2.393193244934082031e-01
2.385962158441543579e-01
2.390923649072647095e-01
2.386125624179840088e-01
2.377727776765823364e-01
2.372106313705444336e-01
2.356993556022644043e-01
2.353379279375076294e-01
2.371433675289154053e-01
2.389811724424362183e-01
2.398561239242553711e-01
2.376284599304199219e-01
2.340147793292999268e-01
2.386964559555053711e-01
2.323328852653503418e-01
2.380411028861999512e-01
2.345268130302429199e-01
2.373865693807601929e-01
2.368453890085220337e-01
2.339816242456436157e-01
2.367998361587524414e-01
2.324623614549636841e-01
2.349187582731246948e-01
2.358518242835998535e-01
2.343901991844177246e-01
2.350422739982604980e-01
2.359085083007812500e-01
2.337760478258132935e-01
2.341819256544113159e-01
2.340337187051773071e-01
2.333709895610809326e-01
2.330252230167388916e-01
2.366611212491989136e-01
2.374005913734436035e-01
2.351054698228836060e-01
2.322479933500289917e-01
2.328114211559295654e-01
2.333220094442367554e-01
2.363894581794738770e-01
2.347188144922256470e-01
2.342525422573089600e-01
2.346913516521453857e-01
2.334450036287307739e-01
2.320740520954132080e-01
2.303055673837661743e-01
2.325649261474609375e-01
2.350111603736877441e-01
2.323023229837417603e-01
2.317132353782653809e-01
2.352121621370315552e-01
2.292832881212234497e-01
2.340705245733261108e-01
2.306540161371231079e-01
2.316131889820098877e-01
2.349801808595657349e-01
2.310440391302108765e-01
2.294145077466964722e-01
2.302362471818923950e-01
2.304156720638275146e-01
2.315821349620819092e-01
2.324602305889129639e-01
2.324605584144592285e-01
2.321570366621017456e-01
2.273555696010589600e-01
2.315620481967926025e-01
2.286416590213775635e-01
2.288975119590759277e-01
2.281427830457687378e-01
2.300684452056884766e-01
2.298538386821746826e-01
2.288021743297576904e-01
2.279990017414093018e-01
2.288168668746948242e-01
2.277991771697998047e-01
2.286436408758163452e-01
2.286087721586227417e-01
2.278853207826614380e-01
2.276923656463623047e-01
2.257840186357498169e-01
2.291899472475051880e-01
2.291212528944015503e-01
2.254358977079391479e-01
2.304462492465972900e-01
2.281334549188613892e-01
2.281879186630249023e-01
2.303270995616912842e-01
2.274677902460098267e-01
2.308252304792404175e-01
2.293644100427627563e-01
2.290614843368530273e-01
2.264352142810821533e-01
2.292508184909820557e-01
2.261921763420104980e-01
2.269484102725982666e-01
2.255026102066040039e-01
2.242482453584671021e-01
2.325316518545150757e-01
2.286582142114639282e-01
2.272744327783584595e-01
2.274737060070037842e-01
2.281475514173507690e-01
2.289636880159378052e-01
2.256311625242233276e-01
2.283272743225097656e-01
2.251968383789062500e-01
2.293979078531265259e-01
2.264340370893478394e-01
2.243765294551849365e-01
2.258187085390090942e-01
2.267701923847198486e-01
2.256864309310913086e-01
2.271050959825515747e-01
2.246620655059814453e-01
2.237696945667266846e-01
2.235365211963653564e-01
2.269809842109680176e-01
2.245229035615921021e-01
2.250808030366897583e-01
2.252664119005203247e-01
2.256785631179809570e-01
2.271501421928405762e-01
2.218671888113021851e-01
2.251611948013305664e-01
2.254097163677215576e-01
2.255228906869888306e-01
2.258381992578506470e-01
2.232846170663833618e-01
2.225038111209869385e-01
2.231907397508621216e-01
2.237702459096908569e-01
2.252442985773086548e-01
2.214592993259429932e-01
2.220805883407592773e-01
2.215217500925064087e-01
2.248083502054214478e-01
2.227219343185424805e-01
2.232403159141540527e-01
2.213829457759857178e-01
2.227555215358734131e-01
2.228505015373229980e-01
2.213639169931411743e-01
2.222693711519241333e-01
2.228785604238510132e-01
2.249500602483749390e-01
2.225040793418884277e-01
2.251086682081222534e-01
2.195896357297897339e-01
2.224133014678955078e-01
2.206753492355346680e-01
2.228849530220031738e-01
2.248342633247375488e-01
2.215553075075149536e-01
2.184981107711791992e-01
2.210962474346160889e-01
2.220679074525833130e-01
2.229512780904769897e-01
2.229011654853820801e-01
2.225023657083511353e-01
2.198989093303680420e-01
2.199443578720092773e-01
2.200295180082321167e-01
2.199278473854064941e-01
2.216950654983520508e-01
2.214441150426864624e-01
2.209136188030242920e-01
2.212787121534347534e-01
2.212575227022171021e-01
2.210389971733093262e-01
2.235918045043945312e-01
2.226379513740539551e-01
2.234052270650863647e-01
2.213637530803680420e-01
2.214637100696563721e-01
2.208475172519683838e-01
2.201246172189712524e-01
2.216938138008117676e-01
2.207186669111251831e-01
2.206504791975021362e-01
2.204272300004959106e-01
2.183622568845748901e-01
2.209451049566268921e-01
2.186086475849151611e-01
2.188282907009124756e-01
2.163651287555694580e-01
2.204164564609527588e-01
2.182585150003433228e-01
2.215604782104492188e-01
2.187237143516540527e-01
2.186477035284042358e-01
2.182952761650085449e-01
2.167132049798965454e-01
2.205395400524139404e-01
2.209901362657546997e-01
2.172772288322448730e-01
2.199734747409820557e-01
2.184474915266036987e-01
2.162843793630599976e-01
2.192468196153640747e-01
2.187504470348358154e-01
2.167689800262451172e-01
2.171428054571151733e-01
2.189472168684005737e-01
2.180874496698379517e-01
2.193288356065750122e-01
2.178096324205398560e-01
2.181005179882049561e-01
2.181018292903900146e-01
2.204631119966506958e-01
2.184183150529861450e-01
2.184395641088485718e-01
2.183281630277633667e-01
2.168196290731430054e-01
2.164523452520370483e-01
2.204410880804061890e-01
2.196180075407028198e-01
2.171532213687896729e-01
2.196439802646636963e-01
2.166409790515899658e-01
2.186185270547866821e-01
2.175506353378295898e-01
2.185926139354705811e-01
2.187568396329879761e-01
2.164173722267150879e-01
2.156420648097991943e-01
2.201717644929885864e-01
2.154420018196105957e-01
2.167517095804214478e-01
2.165028452873229980e-01
2.154763936996459961e-01
2.189774513244628906e-01
2.147960513830184937e-01
2.168727219104766846e-01
2.155076414346694946e-01
2.159526795148849487e-01
2.161582261323928833e-01
2.169225513935089111e-01
2.185650020837783813e-01
2.163743078708648682e-01
2.152525782585144043e-01
2.194477617740631104e-01
2.151620388031005859e-01
2.141711115837097168e-01
2.189651876688003540e-01
2.152109891176223755e-01
2.170852571725845337e-01
2.168295085430145264e-01
2.156304419040679932e-01
2.174251675605773926e-01
2.182189524173736572e-01
2.159252911806106567e-01
2.145670801401138306e-01
2.181992977857589722e-01
2.163585573434829712e-01
2.141659408807754517e-01
2.170053273439407349e-01
2.184177339076995850e-01
2.146848589181900024e-01
2.143935561180114746e-01
2.144322693347930908e-01
2.145272642374038696e-01
2.180728018283843994e-01
2.145141065120697021e-01
2.137820124626159668e-01
2.145231068134307861e-01
2.139661759138107300e-01
2.144951075315475464e-01
2.168402224779129028e-01
2.124131321907043457e-01
2.148100286722183228e-01
2.149839550256729126e-01
2.130400091409683228e-01
2.127876579761505127e-01
2.144021689891815186e-01
2.134759575128555298e-01
2.143307477235794067e-01
2.143001258373260498e-01
2.124035954475402832e-01
2.127991765737533569e-01
2.137485444545745850e-01
2.129422277212142944e-01
2.106719166040420532e-01
2.129504829645156860e-01
2.136937230825424194e-01
2.143474519252777100e-01
2.143600434064865112e-01
2.147110551595687866e-01
2.162629365921020508e-01
2.156907618045806885e-01
2.138663083314895630e-01
2.124806195497512817e-01
2.124001681804656982e-01
2.149065881967544556e-01
2.129543423652648926e-01
2.122714817523956299e-01
2.146125286817550659e-01
2.120658904314041138e-01
2.104280591011047363e-01
2.127010673284530640e-01
2.148538380861282349e-01
2.135167717933654785e-01
2.107612788677215576e-01
2.123882770538330078e-01
2.124343961477279663e-01
2.127753049135208130e-01
2.129485905170440674e-01
2.103854119777679443e-01
2.121678441762924194e-01
2.135029584169387817e-01
2.108715921640396118e-01
2.117397189140319824e-01
2.121453136205673218e-01
2.171413153409957886e-01
2.127866894006729126e-01
2.144109010696411133e-01
2.111008912324905396e-01
2.114953100681304932e-01
2.106561809778213501e-01
2.130981683731079102e-01
2.109742462635040283e-01
2.097570151090621948e-01
2.129345685243606567e-01
2.114568650722503662e-01
2.113006114959716797e-01
2.107477188110351562e-01
2.107720375061035156e-01
2.123490869998931885e-01
2.125540822744369507e-01
2.103111743927001953e-01
2.096609026193618774e-01
2.110797315835952759e-01
2.117929905652999878e-01
2.133944779634475708e-01
2.098350822925567627e-01
2.125186324119567871e-01
2.089559435844421387e-01
2.103417813777923584e-01
2.100985646247863770e-01
2.106597125530242920e-01
2.131446897983551025e-01
2.121022790670394897e-01
2.092846184968948364e-01
2.096726149320602417e-01
2.081074714660644531e-01
2.097068428993225098e-01
2.112756818532943726e-01
2.080125063657760620e-01
2.114146947860717773e-01
2.113511711359024048e-01
2.077207267284393311e-01
2.102150171995162964e-01
2.110983729362487793e-01
2.104634642601013184e-01
2.102376073598861694e-01
2.114518582820892334e-01
2.071434855461120605e-01
2.085198014974594116e-01
2.103685140609741211e-01
2.105555832386016846e-01
2.082744538784027100e-01
2.098687142133712769e-01
2.106116563081741333e-01
2.077671289443969727e-01
2.081158757209777832e-01
2.160976082086563110e-01
2.104961425065994263e-01
2.056404501199722290e-01
2.095657736063003540e-01
2.125282287597656250e-01
2.073643803596496582e-01
2.099357694387435913e-01
2.106021940708160400e-01
2.080536782741546631e-01
2.072848230600357056e-01
2.086905539035797119e-01
2.092812955379486084e-01
2.113142162561416626e-01
2.092001438140869141e-01
2.064834237098693848e-01
2.066194713115692139e-01
2.130673974752426147e-01
2.072373628616333008e-01
2.084448635578155518e-01
2.081662267446517944e-01
2.074767351150512695e-01
2.100323140621185303e-01
2.078879177570343018e-01
2.101304680109024048e-01
2.098603844642639160e-01
2.075311243534088135e-01
2.083979845046997070e-01
2.099353820085525513e-01
2.090336829423904419e-01
2.079215794801712036e-01
2.077478766441345215e-01
2.068389803171157837e-01
2.075160741806030273e-01
2.099670916795730591e-01
2.070386707782745361e-01
2.072128504514694214e-01
2.082101702690124512e-01
2.077000588178634644e-01
2.080407291650772095e-01
2.073131799697875977e-01
2.080957591533660889e-01
2.083332091569900513e-01
2.051951438188552856e-01
2.081726491451263428e-01
2.068215310573577881e-01
2.094497829675674438e-01
2.068031728267669678e-01
2.058857828378677368e-01
2.076881080865859985e-01
2.083803564310073853e-01
2.048010975122451782e-01
2.035955935716629028e-01
2.076934128999710083e-01
2.078078389167785645e-01
2.092150002717971802e-01
2.057697027921676636e-01
2.078837305307388306e-01
2.062347382307052612e-01
2.059438824653625488e-01
2.055437266826629639e-01
2.045003026723861694e-01
2.074370980262756348e-01
2.069094330072402954e-01
2.076484113931655884e-01
2.058700472116470337e-01
2.072005718946456909e-01
2.058315128087997437e-01
2.068736255168914795e-01
2.074268609285354614e-01
2.048627734184265137e-01
2.065719813108444214e-01
2.095719724893569946e-01
2.055742740631103516e-01
2.059025168418884277e-01
2.063843905925750732e-01
2.067446410655975342e-01
2.059294730424880981e-01
2.070821821689605713e-01
2.072438299655914307e-01
2.066033184528350830e-01
2.068115621805191040e-01
2.050241529941558838e-01
2.070523649454116821e-01
2.048346102237701416e-01
2.042490392923355103e-01
2.065660208463668823e-01
2.039916217327117920e-01
2.047238945960998535e-01
2.037978917360305786e-01
2.069440782070159912e-01
2.068001180887222290e-01
2.062987983226776123e-01
2.051466405391693115e-01
2.037948966026306152e-01
2.049169242382049561e-01
2.058148384094238281e-01
2.055932581424713135e-01
2.037906497716903687e-01
2.070833295583724976e-01
2.048468440771102905e-01
2.064243257045745850e-01
2.051352262496948242e-01
2.055012434720993042e-01
2.023085057735443115e-01
2.022799551486968994e-01
2.059798687696456909e-01
2.043593227863311768e-01
2.046744823455810547e-01
2.018693983554840088e-01
2.048686742782592773e-01
2.022499889135360718e-01
2.080669254064559937e-01
2.026143372058868408e-01
2.015846967697143555e-01
2.046862542629241943e-01
2.041055262088775635e-01
2.044374793767929077e-01
2.050673067569732666e-01
2.039053142070770264e-01
2.028118520975112915e-01
2.052710801362991333e-01
2.059573680162429810e-01
2.061041295528411865e-01
2.035973668098449707e-01
2.046290487051010132e-01
2.016335427761077881e-01
2.055098414421081543e-01
2.049106508493423462e-01
2.047014981508255005e-01
2.029945552349090576e-01
2.051339298486709595e-01
2.058327347040176392e-01
2.075344324111938477e-01
2.028127908706665039e-01
2.052654474973678589e-01
2.040113955736160278e-01
2.031106501817703247e-01
2.055127918720245361e-01
2.034262716770172119e-01
2.033149302005767822e-01
2.043561041355133057e-01
2.038543522357940674e-01
2.046981006860733032e-01
2.043381929397583008e-01
2.037596702575683594e-01
2.034423649311065674e-01
2.035807371139526367e-01
2.027403861284255981e-01
2.033657431602478027e-01
2.054423540830612183e-01
2.016357928514480591e-01
2.035642713308334351e-01
2.016887813806533813e-01
2.039292156696319580e-01
2.024087160825729370e-01
2.016999572515487671e-01
2.041983753442764282e-01
2.016209214925765991e-01
2.045668363571166992e-01
2.041925489902496338e-01
2.024472206830978394e-01
2.039973884820938110e-01
2.059746384620666504e-01
2.048610299825668335e-01
2.011699825525283813e-01
2.027014195919036865e-01
2.038023918867111206e-01
2.005456984043121338e-01
2.027751952409744263e-01
2.042704373598098755e-01
2.054651379585266113e-01
2.012260109186172485e-01
2.030854374170303345e-01
2.028905600309371948e-01
2.024293690919876099e-01
2.040145397186279297e-01
1.999848484992980957e-01
2.004222422838211060e-01
2.020936012268066406e-01
1.988402903079986572e-01
2.026148289442062378e-01
2.031795233488082886e-01
2.018603831529617310e-01
2.011035531759262085e-01
2.003525495529174805e-01
2.032352387905120850e-01
2.033660113811492920e-01
2.024329900741577148e-01
2.015933692455291748e-01
2.001352161169052124e-01
2.028308510780334473e-01
2.014768868684768677e-01
2.017195969820022583e-01
2.002164423465728760e-01
2.022610157728195190e-01
2.020939737558364868e-01
2.018676847219467163e-01
1.998759657144546509e-01
2.008288055658340454e-01
2.007254064083099365e-01
1.999358236789703369e-01
2.010792642831802368e-01
1.989644765853881836e-01
1.998519599437713623e-01
1.996841430664062500e-01
2.001255899667739868e-01
2.031377404928207397e-01
2.020690888166427612e-01
2.026740014553070068e-01
2.008807361125946045e-01
2.008184194564819336e-01
1.999559700489044189e-01
2.024093866348266602e-01
2.014392465353012085e-01
2.009018063545227051e-01
2.005107849836349487e-01
2.020817101001739502e-01
1.977676153182983398e-01
2.004581093788146973e-01
2.015958428382873535e-01
2.015762627124786377e-01
2.017932832241058350e-01
2.010179162025451660e-01
2.017905414104461670e-01
2.022962868213653564e-01
1.983209401369094849e-01
2.002766877412796021e-01
2.007205337285995483e-01
2.007092833518981934e-01
2.003406286239624023e-01
2.009826004505157471e-01
2.010697424411773682e-01
1.998961567878723145e-01
1.980316638946533203e-01
1.994313299655914307e-01
2.024086117744445801e-01
1.995145529508590698e-01
2.006657570600509644e-01
2.024392336606979370e-01
2.026942968368530273e-01
1.975507289171218872e-01
2.008158117532730103e-01
1.996913552284240723e-01
2.017335891723632812e-01
1.990628391504287720e-01
1.998408436775207520e-01
1.995966434478759766e-01
2.010545730590820312e-01
1.989682912826538086e-01
2.015031725168228149e-01
1.985624283552169800e-01
2.000751644372940063e-01
2.013108581304550171e-01
2.004128992557525635e-01
1.985825300216674805e-01
1.990241408348083496e-01
2.006705701351165771e-01
1.987259685993194580e-01
1.991295963525772095e-01
2.006395310163497925e-01
2.004682272672653198e-01
1.998461037874221802e-01
2.015775740146636963e-01
2.014232277870178223e-01
1.984754800796508789e-01
2.012127935886383057e-01
2.000849694013595581e-01
2.017758190631866455e-01
1.991641521453857422e-01
1.993507593870162964e-01
1.997051686048507690e-01
1.991643458604812622e-01
1.997452080249786377e-01
1.976427286863327026e-01
2.002907991409301758e-01
2.006049305200576782e-01
1.991499662399291992e-01
1.988511830568313599e-01
1.969206482172012329e-01
1.984137296676635742e-01
1.989195793867111206e-01
1.990461498498916626e-01
1.987827867269515991e-01
1.985806524753570557e-01
1.973657160997390747e-01
1.998983919620513916e-01
1.978577226400375366e-01
1.979304403066635132e-01
1.982928365468978882e-01
1.965803653001785278e-01
1.983484625816345215e-01
1.985585689544677734e-01
1.983429491519927979e-01
1.981810927391052246e-01
1.977559328079223633e-01
1.965860277414321899e-01
1.994207799434661865e-01
1.980530917644500732e-01
1.992648541927337646e-01
1.966626644134521484e-01
1.956424117088317871e-01
1.968406140804290771e-01
1.968527734279632568e-01
1.980146467685699463e-01
1.998564600944519043e-01
1.984711289405822754e-01
1.970523297786712646e-01
1.950994431972503662e-01
1.955371946096420288e-01
1.989440917968750000e-01
1.998380422592163086e-01
1.965723931789398193e-01
1.974181681871414185e-01
2.005517184734344482e-01
2.004221230745315552e-01
1.936786621809005737e-01
1.980227082967758179e-01
1.969740092754364014e-01
1.985314190387725830e-01
1.951349824666976929e-01
1.977001279592514038e-01
1.984459906816482544e-01
1.955229043960571289e-01
1.988429278135299683e-01
1.987960636615753174e-01
2.003608793020248413e-01
1.961498409509658813e-01
1.976538002490997314e-01
1.983961760997772217e-01
1.978219598531723022e-01
1.947180926799774170e-01
1.967540383338928223e-01
1.980055123567581177e-01
1.979536563158035278e-01
1.960007995367050171e-01
1.982430517673492432e-01
1.996289491653442383e-01
1.987465918064117432e-01
1.966160833835601807e-01
1.978621035814285278e-01
1.962585449218750000e-01
1.916924118995666504e-01
1.968077421188354492e-01
1.943681687116622925e-01
1.965641975402832031e-01
1.963497996330261230e-01
1.958858966827392578e-01
1.941708177328109741e-01
1.951926499605178833e-01
1.981874257326126099e-01
1.959519237279891968e-01
1.957734227180480957e-01
1.949047744274139404e-01
1.958125084638595581e-01
1.980814337730407715e-01
1.969044059514999390e-01
1.971775442361831665e-01
1.960307508707046509e-01
1.960796862840652466e-01
1.968583613634109497e-01
1.959068328142166138e-01
1.945588141679763794e-01
1.951978057622909546e-01
1.952691078186035156e-01
1.960212141275405884e-01
1.956249624490737915e-01
1.983618587255477905e-01
1.962428689002990723e-01
1.934732347726821899e-01
1.971104294061660767e-01
1.972118318080902100e-01
1.952086389064788818e-01
1.959935277700424194e-01
1.942013800144195557e-01
1.959294974803924561e-01
1.969588845968246460e-01
1.960156708955764771e-01
1.972663700580596924e-01
1.936948895454406738e-01
1.942853033542633057e-01
1.928676664829254150e-01
1.955588907003402710e-01
1.988195627927780151e-01
1.935817152261734009e-01
1.967191398143768311e-01
1.978317946195602417e-01
1.929521411657333374e-01
1.959187090396881104e-01
1.953823268413543701e-01
1.954510062932968140e-01
1.956110447645187378e-01
1.939308196306228638e-01
1.950227022171020508e-01
1.975355297327041626e-01
1.977109313011169434e-01
1.963706761598587036e-01
1.923964321613311768e-01
1.961497813463211060e-01
1.951149255037307739e-01
1.948699951171875000e-01
1.932299435138702393e-01
1.940113306045532227e-01
1.975604444742202759e-01
1.978013515472412109e-01
1.957073360681533813e-01
1.939420104026794434e-01
1.961173415184020996e-01
1.958513110876083374e-01
1.966261416673660278e-01
1.928770244121551514e-01
1.942165940999984741e-01
1.949737668037414551e-01
1.930691152811050415e-01
1.941127926111221313e-01
1.939395666122436523e-01
1.971473693847656250e-01
1.944484114646911621e-01
1.923480331897735596e-01
1.961644440889358521e-01
1.976822614669799805e-01
1.950467973947525024e-01
1.960755884647369385e-01
1.922453045845031738e-01
1.923094838857650757e-01
1.959089785814285278e-01
1.934743523597717285e-01
1.928655356168746948e-01
1.909449398517608643e-01
1.945340037345886230e-01
1.919487267732620239e-01
1.948230415582656860e-01
1.973598748445510864e-01
1.932924687862396240e-01
1.968924403190612793e-01
1.956158727407455444e-01
1.925864666700363159e-01
1.933676600456237793e-01
1.955108493566513062e-01
1.947867870330810547e-01
1.938038021326065063e-01
1.917036622762680054e-01
1.973148286342620850e-01
1.944661289453506470e-01
1.938242614269256592e-01
1.964810639619827271e-01
1.942932307720184326e-01
1.918282061815261841e-01
1.927355825901031494e-01
1.931228786706924438e-01
1.951680928468704224e-01
1.941343396902084351e-01
1.920682787895202637e-01
1.945183426141738892e-01
1.922293305397033691e-01
1.934102624654769897e-01
1.938050836324691772e-01
1.939434409141540527e-01
1.943672746419906616e-01
1.935416609048843384e-01
1.948973834514617920e-01
1.948861926794052124e-01
1.932198852300643921e-01
1.913786232471466064e-01
1.938929855823516846e-01
1.919948458671569824e-01
1.914341896772384644e-01
1.932240277528762817e-01
1.926224827766418457e-01
1.916383653879165649e-01
1.946796476840972900e-01
1.934031993150711060e-01
1.935514956712722778e-01
1.958546340465545654e-01
1.913361251354217529e-01
1.957672387361526489e-01
1.941286623477935791e-01
1.923160701990127563e-01
1.921531856060028076e-01
1.931345313787460327e-01
1.902140080928802490e-01
1.932315677404403687e-01
1.943605095148086548e-01
1.939311474561691284e-01
1.932730972766876221e-01
1.939171403646469116e-01
1.927504986524581909e-01
1.928193420171737671e-01
1.924299150705337524e-01
1.909503191709518433e-01
1.934078633785247803e-01
1.930273771286010742e-01
1.927809268236160278e-01
1.918057054281234741e-01
1.915460228919982910e-01
1.904595047235488892e-01
1.915577501058578491e-01
1.922930628061294556e-01
1.929607838392257690e-01
1.922744363546371460e-01
1.923493295907974243e-01
1.941085755825042725e-01
1.914082914590835571e-01
1.926097124814987183e-01
1.923844516277313232e-01
1.941930055618286133e-01
1.924936473369598389e-01
1.927416473627090454e-01
1.914489567279815674e-01
1.917811781167984009e-01
1.910067796707153320e-01
1.918183714151382446e-01
1.933925300836563110e-01
1.926078796386718750e-01
1.898345053195953369e-01
1.923630237579345703e-01
1.923645436763763428e-01
1.915138512849807739e-01
1.911815404891967773e-01
1.935929358005523682e-01
1.901977658271789551e-01
1.941489279270172119e-01
1.923376321792602539e-01
1.908755004405975342e-01
1.929508149623870850e-01
1.917052417993545532e-01
1.892902702093124390e-01
1.929403096437454224e-01
1.920973956584930420e-01
1.912763565778732300e-01
1.896667778491973877e-01
1.915286481380462646e-01
1.913703680038452148e-01
1.915282756090164185e-01
1.915270686149597168e-01
1.918061077594757080e-01
1.938179135322570801e-01
1.915443539619445801e-01
1.970411837100982666e-01
1.894880533218383789e-01
1.944526284933090210e-01
1.917466223239898682e-01
1.917456984519958496e-01
1.923778653144836426e-01
1.920875459909439087e-01
1.928939968347549438e-01
1.916185468435287476e-01
1.941123753786087036e-01
1.909592300653457642e-01
1.909054517745971680e-01
1.914380788803100586e-01
1.898315399885177612e-01
1.944098323583602905e-01
1.921785771846771240e-01
1.922747641801834106e-01
1.884306669235229492e-01
1.903971582651138306e-01
1.900620460510253906e-01
1.902104914188385010e-01
1.907805204391479492e-01
1.889396458864212036e-01
1.905920654535293579e-01
1.906216889619827271e-01
1.878645271062850952e-01
1.905874162912368774e-01
1.894088536500930786e-01
1.876213550567626953e-01
1.902993172407150269e-01
1.885466724634170532e-01
1.943283826112747192e-01
1.905447542667388916e-01
1.912278234958648682e-01
1.892994940280914307e-01
1.894855052232742310e-01
1.900744140148162842e-01
1.905609220266342163e-01
