1.719407263994216839e+00
1.340335201621055683e+00
1.203311349153518783e+00
1.076746617555618180e+00
1.001921253204345774e+00
9.470951437950134721e-01
9.075272279977798506e-01
7.397457906603812638e-01
7.451585206389427229e-01
7.300041729211806940e-01
7.195060291886329340e-01
6.992400592565536366e-01
7.071549722552299411e-01
6.944626641273498047e-01
5.348857656121254189e-01
5.393215388059615645e-01
5.306661990284919916e-01
5.428322887420654608e-01
5.468051591515541432e-01
5.366498696804046231e-01
5.474515548348426464e-01
3.552855092287063865e-01
3.982761801779270416e-01
4.045691712200641388e-01
3.983457025885581704e-01
4.089961032569408572e-01
3.944154968857765398e-01
4.091992898285388702e-01
2.118375851213931960e-01
2.273014967888593585e-01
2.215160155668854658e-01
2.523215851187706193e-01
2.555664601922035262e-01
2.542944381386041397e-01
2.670636251568794250e-01
1.313364830613136247e-01
1.424038893915712811e-01
1.576842436194419994e-01
1.725690241530537516e-01
1.698100011423230304e-01
1.816534841060638561e-01
1.935010465234517918e-01
1.032166480086743887e-01
1.035784704424440872e-01
1.095834503788501030e-01
1.322556317225098699e-01
1.366125764884054683e-01
1.374494144693017006e-01
1.272166872769594226e-01
9.954859878867865219e-02
8.310376042965800236e-02
1.059074296429753370e-01
1.191838390566408584e-01
1.303627461381256514e-01
1.184197861980646888e-01
1.223983416520059153e-01
8.836274364031851403e-02
8.722396265249698910e-02
9.819310080260038043e-02
8.739342243410647137e-02
1.029464188218116721e-01
1.155412809178233136e-01
1.048598446324467692e-01
8.099662662018090875e-02
7.530775624327361306e-02
7.828263354953378383e-02
8.471265020780265054e-02
8.507777662016451081e-02
9.991572041064500365e-02
9.665143469348549954e-02
7.046834760112688500e-02
7.540896213613450250e-02
7.915667915251106690e-02
6.626118918415159487e-02
7.589431890286504889e-02
8.735506899422035287e-02
1.022702176962047849e-01
7.945243535563349668e-02
7.140886793378740938e-02
7.749554375885053803e-02
7.815577948465943225e-02
8.400645725894718974e-02
7.157826624810695315e-02
8.797865190543234515e-02
5.688747135223820584e-02
7.179215158335865155e-02
8.374104386195541094e-02
6.638461163965984901e-02
6.912631061859428327e-02
8.070879531558602937e-02
7.406431900337338836e-02
8.668853399343788568e-02
5.054239018354565044e-02
6.507674942724406275e-02
6.267453041335102615e-02
7.364718806929886064e-02
6.454183007823303952e-02
7.006208611885085535e-02
7.086763403378426585e-02
7.457151916343718323e-02
7.515074671246110838e-02
6.239146671257913418e-02
8.487028942443430868e-02
7.241053143050521501e-02
7.820570122683420666e-02
