1.274585839509964069e+00
9.604333215951919023e-01
8.726920801401137906e-01
8.221231096982956066e-01
7.606342983245849565e-01
7.312792611122130859e-01
7.184873837232589322e-01
6.719702303409575972e-01
6.666623330116272506e-01
6.461368054151535034e-01
6.392339718341827348e-01
6.381072318553924205e-01
6.375407963991165383e-01
6.403465753793716742e-01
5.786804959177971330e-01
5.799905982613563493e-01
5.825855490565300387e-01
5.769550141692161294e-01
5.824998727440834356e-01
5.876157513260841236e-01
5.887709313631057650e-01
5.260967397689819691e-01
5.140710812807083308e-01
5.376244327425956371e-01
5.364826694130897522e-01
5.365915027260780290e-01
5.358630281686782570e-01
5.365135663747787609e-01
4.756987094879150391e-01
4.851422274112701660e-01
4.896864682435989602e-01
4.863118681311607294e-01
5.024653369188308849e-01
4.989905267953872459e-01
5.025991678237915483e-01
4.526352760195732072e-01
4.525800994038581826e-01
4.534222263097762995e-01
4.613393324613571100e-01
4.607452824711799622e-01
4.604872435331344716e-01
4.690920510888099693e-01
4.299333181977271767e-01
4.349755665659904569e-01
4.350414898991584733e-01
4.386095562577247420e-01
4.382550227642059149e-01
4.407021087408065640e-01
4.484034261107444630e-01
4.201942715048789800e-01
4.172259071469306968e-01
4.166982924938201771e-01
4.222569677233696250e-01
4.270168086886406145e-01
4.294696658849715964e-01
4.281855955719947593e-01
3.338677419722080320e-01
3.297664036601781756e-01
2.894020004570483917e-01
2.584898629039525941e-01
2.441925753653049480e-01
2.455505951493978378e-01
2.288132685422897272e-01
1.138376092538237599e-01
8.487015580758452971e-02
1.132608745992183669e-01
1.053356567211449213e-01
9.756977759301661834e-02
1.175043083354830736e-01
1.101898498460650438e-01
7.168365235440432581e-02
9.037449745461344219e-02
8.077472912613302414e-02
6.922761491965502556e-02
8.899355860427021758e-02
8.581146017648279278e-02
1.090172711946070239e-01
7.980187106877564829e-02
7.484839036595075656e-02
6.784722723998129479e-02
7.991422603838145566e-02
7.607107270043343694e-02
8.292129916138947510e-02
9.075484164059162417e-02
4.953390496317297553e-02
5.715848480351268940e-02
5.264676883351057657e-02
6.940705115790478386e-02
5.592940732836723661e-02
7.411410835804417563e-02
7.140283882617950995e-02
6.348952851258218844e-02
6.672405987512319836e-02
6.713907607132568733e-02
6.979514962760731411e-02
5.957313784630969417e-02
5.799179923080373389e-02
7.358762459363787922e-02
4.914142376044765281e-02
5.373852719552815044e-02
6.048630035249516479e-02
5.817898960784077811e-02
5.990604223916307092e-02
5.502118015661836004e-02
6.625791691243648751e-02
