1.735005342960357577e+00
1.336518245935440108e+00
1.216095731854438755e+00
1.113439148068428031e+00
1.049308039546012816e+00
9.853149414062499778e-01
9.558974939584732322e-01
8.884638857841491433e-01
8.305633896589279530e-01
8.331155508756638017e-01
8.313048839569091575e-01
8.092626816034317327e-01
7.639319330453873125e-01
7.647349470853805897e-01
5.970591259002685502e-01
6.080040928721427429e-01
6.014658153057098611e-01
6.028561189770698103e-01
5.971409568190574335e-01
5.744128528237343323e-01
6.012002748250960815e-01
4.070608761906623907e-01
4.125201617181301073e-01
4.095575620234012670e-01
4.198482912778854215e-01
4.523024365305900463e-01
4.538530297577381134e-01
4.210406103730201521e-01
2.653453955799341402e-01
2.713140526413917453e-01
2.821128305792808266e-01
3.037024245411157342e-01
3.243096488714218295e-01
3.096530273556709068e-01
3.124843250215053603e-01
1.769445412606000800e-01
1.651248488202691211e-01
1.822927389293909073e-01
2.031373643875122037e-01
1.997044253349304077e-01
2.113602181524038282e-01
2.320092488825321320e-01
1.218251085095107544e-01
1.371088561043143361e-01
1.470013057813048252e-01
1.452079178020358186e-01
1.641184772551059767e-01
1.818332650884985913e-01
1.588140123337507259e-01
1.090925169549882418e-01
1.072798860073089638e-01
1.260287050157785360e-01
1.233182581979781339e-01
1.364305376634001865e-01
1.624760389886796552e-01
1.524353766813874300e-01
8.545157575979828168e-02
9.183572526555508486e-02
9.657019354403019451e-02
1.191700475383549868e-01
1.029854704299941609e-01
1.411780036613345113e-01
1.403849178925156704e-01
7.173065450275316335e-02
7.947976716794073748e-02
9.072710613720119666e-02
9.716181626543402006e-02
1.163387961499393053e-01
1.014185188664123438e-01
1.137997310608625384e-01
8.416999962180853057e-02
9.850674261339008309e-02
7.405762238893658089e-02
1.047262093797326071e-01
9.448186347261071372e-02
1.038171957433223769e-01
1.141941768862307083e-01
7.184023957233875990e-02
9.165618668310343553e-02
7.967325034551323015e-02
7.857229671441018359e-02
9.358298433944582662e-02
8.966430467320606057e-02
1.021533660404384120e-01
7.064982003998011850e-02
8.336762332823127730e-02
7.591747398022562210e-02
7.631992138456553110e-02
8.496392559260129707e-02
8.842370485886931475e-02
7.899873722344637195e-02
9.852334598544984501e-02
8.854980220086872134e-02
7.578452872578055055e-02
8.538476390764117296e-02
7.159169821534305811e-02
7.896585137583315983e-02
8.817439321428537091e-02
5.751606955658644660e-02
6.564347484614700690e-02
6.969425800722092723e-02
7.992880468256771676e-02
8.467411804478615356e-02
8.326468096813187392e-02
7.783170755021273646e-02
