5.472628927230834828e-01
3.065233127772807875e-01
2.445743848383426788e-01
2.209510615468025241e-01
2.133253626525402069e-01
2.005121240019798190e-01
1.911756381392478998e-01
1.225369592308998001e+00
1.100163568258285540e+00
1.007597300410270735e+00
9.438390243053436102e-01
8.929941135644913208e-01
8.474403315782547130e-01
8.502509087324142678e-01
6.318664056062698320e-01
6.492929497361182856e-01
6.348751261830329895e-01
6.491472083330154241e-01
6.215892487764358432e-01
6.109615910053253218e-01
6.116619068384170355e-01
4.032400014996528892e-01
4.050827401876449518e-01
4.257443425059318498e-01
4.251057516038417861e-01
4.207427275180816717e-01
4.441317877173423523e-01
4.478681436181068398e-01
2.488135122507810493e-01
2.406103827059268840e-01
2.563742434233426959e-01
2.607996497303247674e-01
2.753058093041181320e-01
2.899622379243373960e-01
2.823803146183490598e-01
1.332502104714512747e-01
1.413835250213742178e-01
1.613206204026937374e-01
1.766160783916711774e-01
1.735459657758474383e-01
1.975152242928743251e-01
1.738119578734040327e-01
1.003479180205613386e-01
1.168995586596429381e-01
1.278751419857144245e-01
1.281454957276582651e-01
1.300191517546772924e-01
1.376640145573765073e-01
1.443589093722403016e-01
9.954392807558179457e-02
8.795012291520834524e-02
9.938956519588827698e-02
9.824053207412361544e-02
1.328477664291858595e-01
1.006993674766272356e-01
1.070869841799139965e-01
7.555603913031518071e-02
7.764015005435793981e-02
9.151327206753194499e-02
9.169649062678217333e-02
9.631109707988798341e-02
9.399265584535897167e-02
1.109891750290989826e-01
6.910017739050090813e-02
6.428980980999768335e-02
8.729398231953382215e-02
9.376110587734728941e-02
1.017612612713128389e-01
9.655849345028399977e-02
8.737375314580277108e-02
7.972616343759000856e-02
6.507406350690871089e-02
7.972227815305814314e-02
7.226550281047820767e-02
9.466951316222547985e-02
7.566126681864261683e-02
9.695456976070999933e-02
5.432951202150434339e-02
6.097142172511667291e-02
5.499199961777776618e-02
7.159036942524835134e-02
8.008993534836918171e-02
7.240843172650784920e-02
8.764980409294366448e-02
6.397280226694419814e-02
6.022655539214610831e-02
6.282853100216016784e-02
7.236374035710468888e-02
8.074437527917326107e-02
7.476078780833632365e-02
5.984127784613520185e-02
5.919913540827110437e-02
6.353423274122178832e-02
6.186178990988992071e-02
6.452238006051630448e-02
6.394788324832915982e-02
7.075048839207738471e-02
6.571714680641889406e-02
5.555743546923622156e-02
5.254935526056215417e-02
5.705352716264314866e-02
5.860558787186164603e-02
6.725039031356573604e-02
6.938078642939217444e-02
7.514217065880074431e-02
