1.225273362398147547e+00
9.439198327064514116e-01
8.547635948657990035e-01
7.918995535373687389e-01
7.480585634708404319e-01
7.253748428821563676e-01
7.089464318752288774e-01
6.502335292100905884e-01
6.516907319426537004e-01
6.444936382770538597e-01
6.425711297988891957e-01
6.377828428149223683e-01
6.349147802591323941e-01
6.295584410429000410e-01
5.702609252929687900e-01
5.753404554724693698e-01
5.711849284172058061e-01
5.622157827019691467e-01
5.812660285830497653e-01
5.812563356757164401e-01
5.771644359827041715e-01
5.144391041994095248e-01
5.120759138464927585e-01
5.241063791513442816e-01
5.283719542622565823e-01
5.267852801084518255e-01
5.282791212201118913e-01
5.291368070244789612e-01
4.765279424190521085e-01
4.711772835254668945e-01
4.763603156805038541e-01
4.817160931229591547e-01
4.850132602453232078e-01
4.941749605536460699e-01
4.910050719976425393e-01
4.457888931035995372e-01
4.436530297994613625e-01
4.486692327260971003e-01
4.471881896257400291e-01
4.532197070121765092e-01
4.510054871439933555e-01
4.586877316236496194e-01
3.850159575045108973e-01
3.819516839087009341e-01
3.627592626214027338e-01
3.088478676974773518e-01
3.402240571379661627e-01
3.102897875010967033e-01
2.749798725545406497e-01
1.120315314270556029e-01
1.180385979451239048e-01
1.367408541403710709e-01
1.220485318638384331e-01
1.518735488876700457e-01
1.321434290707111381e-01
1.396586024202406406e-01
9.347240295261144416e-02
8.284505144692957956e-02
9.450975215993821787e-02
9.683080665767192230e-02
1.012794446852058189e-01
1.106777621060609784e-01
1.229627725947648326e-01
7.436770510394126454e-02
6.693234355654567591e-02
7.173760761506856043e-02
7.546060604276134953e-02
8.584066978655754965e-02
9.185024360194801729e-02
1.049332688655704310e-01
5.541773244738578547e-02
7.839091886300593448e-02
8.428469322621821858e-02
7.632235196419059897e-02
8.177328798919916708e-02
8.093357106670737156e-02
7.608962836908177152e-02
6.657972773537039479e-02
6.730534916336182449e-02
6.061073670163750343e-02
6.285147514892741594e-02
7.737120255129412150e-02
7.203536486020312157e-02
7.800658229971305091e-02
6.644722735974938066e-02
6.583955965470522642e-02
7.134783570654690266e-02
6.366355228470638172e-02
6.034412833862006637e-02
6.588204218540340273e-02
7.843037911690771413e-02
6.369604808045550848e-02
8.311053166165947859e-02
6.993055094499141255e-02
6.930349277099594196e-02
6.890231017605401298e-02
6.849049024283886122e-02
5.847185213118791247e-02
4.657450199360027576e-02
4.949673482449725576e-02
6.615268950816244331e-02
6.386519785271957406e-02
5.159077939577400712e-02
6.663525718264282083e-02
5.702971983235329695e-02
