7.119036081433296470e-01
3.440218411386012920e-01
2.608881103992461981e-01
2.213084772974252823e-01
1.944575728476047594e-01
1.695113133639097325e-01
1.577987923473119780e-01
1.519654515013098839e-01
1.447137531265616506e-01
1.182596828415989898e-01
1.167128753662109442e-01
1.130380301922559727e-01
1.137767701223492689e-01
1.115880328789353310e-01
1.085322319529950646e-01
1.013736123591661431e-01
9.967899780720472502e-02
1.073039194010198122e-01
8.246247921139002179e-02
8.733825625851750207e-02
8.579727292060851385e-02
7.847895424813032539e-02
8.056007472798228097e-02
7.663652140647173039e-02
8.565927121788263765e-02
8.971163237467408291e-02
8.338981334120035283e-02
6.453832715749741045e-02
6.698742374777794106e-02
6.250206070020794535e-02
6.741716850548983009e-02
6.674313414841889780e-02
6.550585901364684716e-02
6.752921987324952968e-02
6.921375581994652915e-02
7.362419327720999551e-02
5.956264907494187438e-02
5.770469062030315205e-02
5.645623475313186340e-02
6.008914081379770900e-02
5.773914258927106968e-02
5.694143773987889179e-02
6.123012080788612505e-02
6.260357638821005544e-02
5.568715961650014257e-02
1.886704760417342308e-01
1.793147880956530438e-01
1.702653156593441908e-01
1.849053026363253471e-01
1.735617440193891470e-01
1.639425608515739374e-01
1.737419545650482067e-01
1.827292739972472269e-01
1.751274379715323515e-01
1.240432851947844001e-01
1.179424658417701777e-01
1.311660951003432163e-01
1.429102430865168694e-01
1.329782956093549795e-01
1.432926956564188059e-01
1.335933737270534050e-01
1.385478117316961411e-01
1.335360200330615033e-01
9.100031453184782848e-02
9.312571620568632635e-02
9.864589528180658928e-02
1.027748800627887316e-01
1.019243055209517468e-01
1.083525241725146748e-01
1.130301138758659368e-01
1.178521814756095382e-01
1.133701419830322327e-01
8.077236477285623661e-02
8.030114173889160711e-02
7.909717862494289320e-02
8.298311584629118609e-02
8.886973321437835471e-02
9.101184929721056749e-02
8.358781755901872890e-02
1.034246687870472720e-01
8.701273484155536142e-02
5.728372005745768769e-02
5.990946194157004134e-02
6.346205716021359466e-02
7.180633326526730809e-02
6.918886021245271301e-02
6.338490305934101066e-02
6.945046552456915490e-02
7.146654580254108158e-02
7.561846713535487485e-02
5.620708104688674350e-02
5.516572294756769829e-02
5.529311669990420036e-02
5.287177416263148105e-02
5.544287917204201305e-02
5.221740359906107409e-02
6.653343609068543274e-02
6.791382855735719759e-02
6.226475932169705380e-02
4.458650979679077558e-02
4.397105716168880213e-02
4.413208365091123020e-02
4.418840417172759799e-02
4.523548605153337315e-02
6.294638001359999235e-02
5.780149677768349481e-02
5.801183371338993616e-02
6.264962838147766777e-02
3.612886492861434873e-02
3.827825307613239025e-02
3.727616588061209713e-02
3.916698021115735256e-02
4.205115448654396515e-02
4.731409062864258552e-02
3.917695398209616875e-02
4.565998793230392067e-02
4.540893043857067990e-02
3.025016552826855290e-02
3.149798374972306164e-02
3.787352232960983917e-02
2.949291262892074841e-02
4.145306196296587309e-02
3.659940661338623863e-02
4.313367084076162594e-02
4.272362741874530939e-02
5.426950505003333425e-02
2.709908764227293362e-02
3.329787544440478142e-02
3.774008047534152532e-02
3.319187046377919392e-02
3.760167196101974613e-02
3.553162171156145493e-02
3.840159672778099831e-02
4.504756285576149571e-02
4.687044118007179655e-02
