7.166809439659118652e-01
7.111766338348388672e-01
7.054859399795532227e-01
7.001770734786987305e-01
6.923758387565612793e-01
6.843698024749755859e-01
6.754578351974487305e-01
6.644859313964843750e-01
6.526404023170471191e-01
6.397634744644165039e-01
6.250768303871154785e-01
6.066946387290954590e-01
5.869382619857788086e-01
5.651863813400268555e-01
5.457095503807067871e-01
5.146080851554870605e-01
4.864749610424041748e-01
4.599377810955047607e-01
4.296809732913970947e-01
4.044534564018249512e-01
3.865835070610046387e-01
3.481628596782684326e-01
3.441374301910400391e-01
3.313840031623840332e-01
3.335945904254913330e-01
3.514047563076019287e-01
3.251693546772003174e-01
3.369461297988891602e-01
3.282519578933715820e-01
3.288693428039550781e-01
3.207739889621734619e-01
2.938857376575469971e-01
2.997007071971893311e-01
2.928669154644012451e-01
2.868878543376922607e-01
2.875985205173492432e-01
2.902864515781402588e-01
2.862411439418792725e-01
2.798444926738739014e-01
2.793232798576354980e-01
2.738759517669677734e-01
2.663838863372802734e-01
2.647052705287933350e-01
2.633727490901947021e-01
2.670159041881561279e-01
2.557473480701446533e-01
2.564685344696044922e-01
2.600734233856201172e-01
2.489535510540008545e-01
2.535198032855987549e-01
2.442282885313034058e-01
2.392800003290176392e-01
2.572666108608245850e-01
2.387382537126541138e-01
2.407185733318328857e-01
2.387598454952239990e-01
2.320762574672698975e-01
2.279486656188964844e-01
2.294581830501556396e-01
2.246016860008239746e-01
2.346237301826477051e-01
2.262073457241058350e-01
2.184755206108093262e-01
2.258312851190567017e-01
2.176444530487060547e-01
2.129298150539398193e-01
2.146175652742385864e-01
2.115589231252670288e-01
2.096776962280273438e-01
2.143711000680923462e-01
2.219727486371994019e-01
2.045411765575408936e-01
2.056188583374023438e-01
2.062553167343139648e-01
2.023306190967559814e-01
2.085749804973602295e-01
2.003633677959442139e-01
2.019966542720794678e-01
1.939447969198226929e-01
1.940943449735641479e-01
1.946493089199066162e-01
1.946558654308319092e-01
1.926663815975189209e-01
1.895968765020370483e-01
1.879949718713760376e-01
1.883366554975509644e-01
1.916458904743194580e-01
1.870105564594268799e-01
1.880261451005935669e-01
1.863101720809936523e-01
1.865571141242980957e-01
1.839729845523834229e-01
1.818097829818725586e-01
1.831455230712890625e-01
1.813418567180633545e-01
1.817423850297927856e-01
1.802008748054504395e-01
1.750462055206298828e-01
1.794492900371551514e-01
1.791680753231048584e-01
1.753680408000946045e-01
1.751239001750946045e-01
1.729023307561874390e-01
1.728095710277557373e-01
1.731876581907272339e-01
1.692861765623092651e-01
1.698248088359832764e-01
1.699722558259963989e-01
1.688479930162429810e-01
1.710463315248489380e-01
1.681182533502578735e-01
1.657877862453460693e-01
1.653255522251129150e-01
1.663481891155242920e-01
1.658151745796203613e-01
1.668111681938171387e-01
1.645805835723876953e-01
1.629695892333984375e-01
1.589620113372802734e-01
1.627449840307235718e-01
1.586542725563049316e-01
1.621395498514175415e-01
1.590086668729782104e-01
1.579564213752746582e-01
1.564756929874420166e-01
1.579589992761611938e-01
1.572882533073425293e-01
1.591454148292541504e-01
1.527519971132278442e-01
1.546947211027145386e-01
1.548616141080856323e-01
1.540278196334838867e-01
1.535435914993286133e-01
1.533405333757400513e-01
1.523172706365585327e-01
1.515240818262100220e-01
1.503936350345611572e-01
1.510951071977615356e-01
1.502103507518768311e-01
1.508625298738479614e-01
1.473578512668609619e-01
1.484167426824569702e-01
1.481547653675079346e-01
1.453082263469696045e-01
1.451295912265777588e-01
1.480799019336700439e-01
1.480738669633865356e-01
1.445707827806472778e-01
1.449097543954849243e-01
1.429167389869689941e-01
1.458443403244018555e-01
1.432808786630630493e-01
1.434303224086761475e-01
1.413262188434600830e-01
1.410149931907653809e-01
1.438996493816375732e-01
1.409267187118530273e-01
1.404433250427246094e-01
1.394989639520645142e-01
1.399169415235519409e-01
1.375163495540618896e-01
1.384525895118713379e-01
1.387961506843566895e-01
1.381907463073730469e-01
1.375595182180404663e-01
1.373906135559082031e-01
1.366932392120361328e-01
1.383920460939407349e-01
1.327637284994125366e-01
1.340363472700119019e-01
1.365250349044799805e-01
1.331377029418945312e-01
1.345561742782592773e-01
1.344005018472671509e-01
1.340641826391220093e-01
1.329658627510070801e-01
1.335480511188507080e-01
1.320840120315551758e-01
1.307408362627029419e-01
1.282382607460021973e-01
1.308119893074035645e-01
1.299513876438140869e-01
1.276006251573562622e-01
1.270154118537902832e-01
1.273538619279861450e-01
1.275770664215087891e-01
1.270305216312408447e-01
1.300659626722335815e-01
1.268548369407653809e-01
1.261178255081176758e-01
1.263273656368255615e-01
1.278752684593200684e-01
1.257891952991485596e-01
1.253719776868820190e-01
1.259750276803970337e-01
1.237416714429855347e-01
1.245079040527343750e-01
1.227833181619644165e-01
1.234173178672790527e-01
1.219800859689712524e-01
3.348339200019836426e-01
3.299806714057922363e-01
3.316232264041900635e-01
3.333008587360382080e-01
3.306860029697418213e-01
3.324130177497863770e-01
3.298470675945281982e-01
3.285581767559051514e-01
3.315747380256652832e-01
3.239006400108337402e-01
3.307343721389770508e-01
3.255562484264373779e-01
3.229137659072875977e-01
3.245905339717864990e-01
3.247351944446563721e-01
3.271916508674621582e-01
3.227922916412353516e-01
3.240325152873992920e-01
3.254194259643554688e-01
3.197122812271118164e-01
3.210391700267791748e-01
3.205695152282714844e-01
3.207381963729858398e-01
3.233922123908996582e-01
3.219161033630371094e-01
3.196171522140502930e-01
3.161560893058776855e-01
3.153382837772369385e-01
3.142039477825164795e-01
3.165472447872161865e-01
3.157295882701873779e-01
3.170872628688812256e-01
3.168582618236541748e-01
3.157283067703247070e-01
3.140682578086853027e-01
3.156262040138244629e-01
3.187623322010040283e-01
3.106319308280944824e-01
3.123513162136077881e-01
3.120689094066619873e-01
3.119541108608245850e-01
3.145637810230255127e-01
3.102077245712280273e-01
3.087195754051208496e-01
3.097925484180450439e-01
3.120330274105072021e-01
3.101750910282135010e-01
3.105843365192413330e-01
3.106772303581237793e-01
3.093948066234588623e-01
3.076480031013488770e-01
3.058085441589355469e-01
3.055317103862762451e-01
3.024811744689941406e-01
3.030387461185455322e-01
3.077674806118011475e-01
3.009528517723083496e-01
3.063878417015075684e-01
3.046197295188903809e-01
3.050777614116668701e-01
3.029935061931610107e-01
3.011448979377746582e-01
3.008532822132110596e-01
3.028022646903991699e-01
3.021765351295471191e-01
3.047075569629669189e-01
3.004411160945892334e-01
2.996741831302642822e-01
2.994275391101837158e-01
2.984519004821777344e-01
2.952648997306823730e-01
2.976559698581695557e-01
3.005352914333343506e-01
2.979437112808227539e-01
2.957287728786468506e-01
3.000116348266601562e-01
2.966798841953277588e-01
2.915135920047760010e-01
2.973949909210205078e-01
2.967539429664611816e-01
2.948729097843170166e-01
2.966036498546600342e-01
2.942953705787658691e-01
2.955963015556335449e-01
2.909479737281799316e-01
2.952782213687896729e-01
2.894102632999420166e-01
2.895516753196716309e-01
2.928974926471710205e-01
2.900721728801727295e-01
2.904049754142761230e-01
2.914190292358398438e-01
2.884983718395233154e-01
2.924056351184844971e-01
2.891409099102020264e-01
2.896519601345062256e-01
2.876295745372772217e-01
2.855215072631835938e-01
2.897863388061523438e-01
2.882208824157714844e-01
2.903323173522949219e-01
2.856181561946868896e-01
2.869983017444610596e-01
2.839030623435974121e-01
2.888101935386657715e-01
2.894212305545806885e-01
2.868024408817291260e-01
2.845515310764312744e-01
2.806041240692138672e-01
2.859054207801818848e-01
2.848946750164031982e-01
2.810356020927429199e-01
2.792628109455108643e-01
2.785083055496215820e-01
2.811476290225982666e-01
2.818872034549713135e-01
2.800623476505279541e-01
2.824724316596984863e-01
2.786972224712371826e-01
2.772859632968902588e-01
2.798696160316467285e-01
2.797022163867950439e-01
2.753531932830810547e-01
2.776522338390350342e-01
2.817039787769317627e-01
2.790596187114715576e-01
2.768306434154510498e-01
2.750893235206604004e-01
2.774546444416046143e-01
2.759625613689422607e-01
2.763511538505554199e-01
2.739885747432708740e-01
2.719481587409973145e-01
2.754602432250976562e-01
2.759836316108703613e-01
2.744326293468475342e-01
2.749412059783935547e-01
2.706329524517059326e-01
2.738174796104431152e-01
2.698834836483001709e-01
2.722497284412384033e-01
2.723160684108734131e-01
2.687950432300567627e-01
2.691520750522613525e-01
2.715942859649658203e-01
2.690238654613494873e-01
2.683120965957641602e-01
2.712727487087249756e-01
2.680871188640594482e-01
2.703115344047546387e-01
2.713409960269927979e-01
2.703402638435363770e-01
2.706275880336761475e-01
2.681497335433959961e-01
2.696550488471984863e-01
2.684467434883117676e-01
2.668209671974182129e-01
2.658217549324035645e-01
2.660910487174987793e-01
2.677385807037353516e-01
2.670347094535827637e-01
2.685232758522033691e-01
2.608356475830078125e-01
2.650581300258636475e-01
2.638207972049713135e-01
2.639974057674407959e-01
2.630400657653808594e-01
2.631846368312835693e-01
2.641316652297973633e-01
2.634084522724151611e-01
2.618899941444396973e-01
2.619246840476989746e-01
2.613044083118438721e-01
2.624830007553100586e-01
2.614871561527252197e-01
2.620080709457397461e-01
2.610998153686523438e-01
2.582895457744598389e-01
2.608215808868408203e-01
2.605134248733520508e-01
2.573550343513488770e-01
2.634552419185638428e-01
2.601188719272613525e-01
2.613134980201721191e-01
2.597897946834564209e-01
2.575373649597167969e-01
2.608808875083923340e-01
2.583791911602020264e-01
2.636247277259826660e-01
2.563956081867218018e-01
2.549074590206146240e-01
2.599331438541412354e-01
2.584259808063507080e-01
2.569211721420288086e-01
2.551195621490478516e-01
2.575395107269287109e-01
2.549371719360351562e-01
2.548871934413909912e-01
2.588803470134735107e-01
2.556740641593933105e-01
2.564145922660827637e-01
2.594282627105712891e-01
2.568108141422271729e-01
2.567248642444610596e-01
2.551917135715484619e-01
2.524462342262268066e-01
2.549480497837066650e-01
2.549873888492584229e-01
2.558359205722808838e-01
2.542456090450286865e-01
2.527553439140319824e-01
2.530912160873413086e-01
2.514960169792175293e-01
2.546382546424865723e-01
2.528839111328125000e-01
2.543446421623229980e-01
2.549048364162445068e-01
2.546072602272033691e-01
2.534284889698028564e-01
2.486133426427841187e-01
2.541498243808746338e-01
2.517001926898956299e-01
2.519002556800842285e-01
2.516547441482543945e-01
2.519426941871643066e-01
2.503185868263244629e-01
2.522690892219543457e-01
2.546712458133697510e-01
2.496885508298873901e-01
2.494940310716629028e-01
2.479706704616546631e-01
2.489033192396163940e-01
2.524260878562927246e-01
2.511134147644042969e-01
2.513314187526702881e-01
2.499506771564483643e-01
2.470668405294418335e-01
2.493925690650939941e-01
2.484991997480392456e-01
2.501169145107269287e-01
2.522145807743072510e-01
2.498098015785217285e-01
2.501608729362487793e-01
2.485991120338439941e-01
2.472978085279464722e-01
2.489008307456970215e-01
2.490600496530532837e-01
2.470776438713073730e-01
2.471971958875656128e-01
2.449295520782470703e-01
2.462724894285202026e-01
2.507682144641876221e-01
2.509126961231231689e-01
2.485416382551193237e-01
2.463915348052978516e-01
2.467507421970367432e-01
2.463511377573013306e-01
2.456297874450683594e-01
2.447855174541473389e-01
2.439153790473937988e-01
2.444320619106292725e-01
2.460750937461853027e-01
2.492278665304183960e-01
2.436058223247528076e-01
2.454356402158737183e-01
2.455004453659057617e-01
2.448186874389648438e-01
2.436375021934509277e-01
2.475077062845230103e-01
2.468739300966262817e-01
2.441114187240600586e-01
2.445818334817886353e-01
2.451530694961547852e-01
2.429743260145187378e-01
2.482254207134246826e-01
2.438648045063018799e-01
2.422141730785369873e-01
2.452093511819839478e-01
2.446771264076232910e-01
2.422060370445251465e-01
2.465431392192840576e-01
2.421754896640777588e-01
2.430928051471710205e-01
2.423860877752304077e-01
2.461319714784622192e-01
2.431491166353225708e-01
2.422610521316528320e-01
2.433914989233016968e-01
2.377966642379760742e-01
2.401889562606811523e-01
2.406919300556182861e-01
2.439571619033813477e-01
2.438702136278152466e-01
2.402424812316894531e-01
2.415439933538436890e-01
2.423882931470870972e-01
2.407299280166625977e-01
2.447976022958755493e-01
2.401499152183532715e-01
2.400834411382675171e-01
2.375677675008773804e-01
2.446698546409606934e-01
2.399351447820663452e-01
2.407131195068359375e-01
2.424406856298446655e-01
2.405364364385604858e-01
2.414694577455520630e-01
2.415836006402969360e-01
2.359248250722885132e-01
2.409278154373168945e-01
2.423981428146362305e-01
2.423762083053588867e-01
2.412310689687728882e-01
2.378233522176742554e-01
2.416245788335800171e-01
2.356431037187576294e-01
2.366053313016891479e-01
2.401745766401290894e-01
2.406994253396987915e-01
2.395463436841964722e-01
2.398481369018554688e-01
2.368336170911788940e-01
2.382113188505172729e-01
2.357797473669052124e-01
2.371904402971267700e-01
2.394279688596725464e-01
2.375882714986801147e-01
2.388285994529724121e-01
2.405669987201690674e-01
2.400094270706176758e-01
2.420849204063415527e-01
2.378760874271392822e-01
2.390016317367553711e-01
2.373822331428527832e-01
2.371101677417755127e-01
2.368704974651336670e-01
2.367321550846099854e-01
2.399249225854873657e-01
2.404485046863555908e-01
2.356768101453781128e-01
2.364090830087661743e-01
2.384890168905258179e-01
2.392924427986145020e-01
2.368378192186355591e-01
2.364016026258468628e-01
2.367345392704010010e-01
2.379707843065261841e-01
2.360230237245559692e-01
2.360328882932662964e-01
2.369057089090347290e-01
2.358863055706024170e-01
2.374202162027359009e-01
2.347725033760070801e-01
2.359159737825393677e-01
2.378405034542083740e-01
2.362504154443740845e-01
2.372492551803588867e-01
2.365308105945587158e-01
2.353326529264450073e-01
2.330072969198226929e-01
2.348255515098571777e-01
2.332795560359954834e-01
2.324381619691848755e-01
2.360597103834152222e-01
2.337695062160491943e-01
2.329966127872467041e-01
2.332924008369445801e-01
2.351702004671096802e-01
2.362038344144821167e-01
2.383795678615570068e-01
2.322440296411514282e-01
2.350829392671585083e-01
2.336660325527191162e-01
2.360221445560455322e-01
2.336697578430175781e-01
2.327079772949218750e-01
2.327829152345657349e-01
2.334983795881271362e-01
2.326518744230270386e-01
2.342797517776489258e-01
2.333960235118865967e-01
2.329499721527099609e-01
2.349010705947875977e-01
2.334789484739303589e-01
2.316014617681503296e-01
2.335921078920364380e-01
2.304416000843048096e-01
2.338797897100448608e-01
2.321294546127319336e-01
2.328469008207321167e-01
2.289414554834365845e-01
2.358250021934509277e-01
2.340508401393890381e-01
2.327229976654052734e-01
2.330081164836883545e-01
2.335613965988159180e-01
2.297908663749694824e-01
2.302935719490051270e-01
2.351270020008087158e-01
2.310430258512496948e-01
2.294410020112991333e-01
2.301708459854125977e-01
2.300616502761840820e-01
2.315803915262222290e-01
2.316147834062576294e-01
2.306405007839202881e-01
2.296021878719329834e-01
2.306023836135864258e-01
2.315251678228378296e-01
2.304473817348480225e-01
2.307731360197067261e-01
2.301983535289764404e-01
2.313222438097000122e-01
2.307344228029251099e-01
2.303494811058044434e-01
2.319175899028778076e-01
2.316724509000778198e-01
2.297537773847579956e-01
2.291222810745239258e-01
2.293345332145690918e-01
2.296513020992279053e-01
2.280861735343933105e-01
2.317566424608230591e-01
2.318348288536071777e-01
2.306616008281707764e-01
2.281895130872726440e-01
2.282624840736389160e-01
2.301043123006820679e-01
2.280622422695159912e-01
2.278369963169097900e-01
2.287798076868057251e-01
2.276535630226135254e-01
2.271323651075363159e-01
2.286919951438903809e-01
2.282784283161163330e-01
2.303181290626525879e-01
2.282308191061019897e-01
2.284660786390304565e-01
2.278668284416198730e-01
2.290676087141036987e-01
2.271798849105834961e-01
2.321564108133316040e-01
2.288333326578140259e-01
2.286026477813720703e-01
2.274559140205383301e-01
2.284152358770370483e-01
2.276352047920227051e-01
2.278434485197067261e-01
2.261321544647216797e-01
2.268994003534317017e-01
2.294823378324508667e-01
2.280538529157638550e-01
2.279459387063980103e-01
2.278486788272857666e-01
2.296496182680130005e-01
2.288449555635452271e-01
2.290981709957122803e-01
2.275731861591339111e-01
2.280881106853485107e-01
2.279129624366760254e-01
2.264802604913711548e-01
2.275277376174926758e-01
2.276331335306167603e-01
2.290492057800292969e-01
2.255382686853408813e-01
2.266508787870407104e-01
2.247871607542037964e-01
2.268125414848327637e-01
2.259611338376998901e-01
2.265191823244094849e-01
2.264442443847656250e-01
2.249595075845718384e-01
2.261507809162139893e-01
2.259648293256759644e-01
2.250819355249404907e-01
2.262553125619888306e-01
2.251490950584411621e-01
2.237237542867660522e-01
2.258728891611099243e-01
2.262388467788696289e-01
2.250378727912902832e-01
2.250812500715255737e-01
2.251390814781188965e-01
2.248770594596862793e-01
2.249434888362884521e-01
2.241744399070739746e-01
2.240234166383743286e-01
2.260423600673675537e-01
2.266350984573364258e-01
2.237840741872787476e-01
2.232479453086853027e-01
2.247575074434280396e-01
2.207333892583847046e-01
2.273547649383544922e-01
2.277998179197311401e-01
2.223384231328964233e-01
2.250058650970458984e-01
2.258299142122268677e-01
2.243487387895584106e-01
2.223796397447586060e-01
2.249658852815628052e-01
2.250125557184219360e-01
2.244803905487060547e-01
2.253459542989730835e-01
2.261081039905548096e-01
2.239526808261871338e-01
2.254647016525268555e-01
2.264408618211746216e-01
2.247214615345001221e-01
2.215820997953414917e-01
2.249480485916137695e-01
2.235746532678604126e-01
2.234436720609664917e-01
2.242515236139297485e-01
2.214403003454208374e-01
2.242613434791564941e-01
2.265916615724563599e-01
2.246162742376327515e-01
2.221292853355407715e-01
2.216276675462722778e-01
2.214749604463577271e-01
2.222694605588912964e-01
2.254033535718917847e-01
2.209861874580383301e-01
2.208521664142608643e-01
2.222489565610885620e-01
2.213244140148162842e-01
2.241007238626480103e-01
2.228340357542037964e-01
2.233812659978866577e-01
2.200840264558792114e-01
2.221314460039138794e-01
2.226656079292297363e-01
2.229194790124893188e-01
2.220464050769805908e-01
2.201226502656936646e-01
2.248365283012390137e-01
2.217674553394317627e-01
2.205856591463088989e-01
2.232080847024917603e-01
2.227782160043716431e-01
2.189956009387969971e-01
2.218518853187561035e-01
2.202578037977218628e-01
2.208327651023864746e-01
2.216995954513549805e-01
2.223457247018814087e-01
2.205543369054794312e-01
2.198498696088790894e-01
2.212890535593032837e-01
2.222661972045898438e-01
2.226659208536148071e-01
2.205599993467330933e-01
2.203038483858108521e-01
2.201737761497497559e-01
2.218819856643676758e-01
2.213690429925918579e-01
2.203879952430725098e-01
2.229666709899902344e-01
2.220749557018280029e-01
2.220185697078704834e-01
2.209038883447647095e-01
2.183417677879333496e-01
2.215241938829421997e-01
2.191830277442932129e-01
2.200171649456024170e-01
2.198110222816467285e-01
2.190022766590118408e-01
2.179017066955566406e-01
2.213110327720642090e-01
2.199664711952209473e-01
2.227502614259719849e-01
2.204879522323608398e-01
2.203866690397262573e-01
2.194468230009078979e-01
2.222924381494522095e-01
2.181574255228042603e-01
2.189961522817611694e-01
2.207170277833938599e-01
2.202714532613754272e-01
2.181382477283477783e-01
2.166585177183151245e-01
2.185273468494415283e-01
2.198465913534164429e-01
2.202505916357040405e-01
2.191681712865829468e-01
2.197738885879516602e-01
2.200890779495239258e-01
2.180712819099426270e-01
2.179974615573883057e-01
2.186105698347091675e-01
2.196583598852157593e-01
2.168228924274444580e-01
2.172053307294845581e-01
2.215934842824935913e-01
2.156372666358947754e-01
2.206330448389053345e-01
2.200226336717605591e-01
2.191455364227294922e-01
2.207708656787872314e-01
2.202136963605880737e-01
2.179894745349884033e-01
2.173341512680053711e-01
2.177671045064926147e-01
2.197964638471603394e-01
2.179366201162338257e-01
2.195594012737274170e-01
2.183220982551574707e-01
2.187885642051696777e-01
2.187604606151580811e-01
2.164493054151535034e-01
2.189429849386215210e-01
2.165417969226837158e-01
2.164165079593658447e-01
2.166406512260437012e-01
2.170430570840835571e-01
2.184647470712661743e-01
2.188673317432403564e-01
2.181137502193450928e-01
2.183148562908172607e-01
2.160490751266479492e-01
2.175639569759368896e-01
2.170665115118026733e-01
2.160274386405944824e-01
2.162809669971466064e-01
2.174722254276275635e-01
2.192926406860351562e-01
2.185302823781967163e-01
2.182579636573791504e-01
2.182101458311080933e-01
2.184562534093856812e-01
2.188196927309036255e-01
2.160741835832595825e-01
2.173935920000076294e-01
2.152258157730102539e-01
2.198040932416915894e-01
2.167856991291046143e-01
2.151407301425933838e-01
2.144350409507751465e-01
2.169587910175323486e-01
2.148121148347854614e-01
2.161896824836730957e-01
2.137013822793960571e-01
2.151496112346649170e-01
2.172567993402481079e-01
2.156866490840911865e-01
2.167039662599563599e-01
2.144400030374526978e-01
2.138817608356475830e-01
2.166381776332855225e-01
2.184156924486160278e-01
2.147803455591201782e-01
2.177324593067169189e-01
2.150659859180450439e-01
2.157502770423889160e-01
2.144355773925781250e-01
2.151648104190826416e-01
2.150377333164215088e-01
2.148743271827697754e-01
2.141622155904769897e-01
2.169731557369232178e-01
2.172913849353790283e-01
2.169364392757415771e-01
2.115134000778198242e-01
2.171497792005538940e-01
2.159483879804611206e-01
2.138153463602066040e-01
2.157943695783615112e-01
2.158032804727554321e-01
2.139990478754043579e-01
2.143280208110809326e-01
2.154647409915924072e-01
2.160537838935852051e-01
2.151621282100677490e-01
2.122334837913513184e-01
2.135374099016189575e-01
2.116645723581314087e-01
2.150820493698120117e-01
2.153288125991821289e-01
2.187918871641159058e-01
2.127156704664230347e-01
2.137105464935302734e-01
2.146792113780975342e-01
2.171360850334167480e-01
2.167305201292037964e-01
2.161502689123153687e-01
2.160953283309936523e-01
2.127928584814071655e-01
2.151816487312316895e-01
2.153404057025909424e-01
2.148180156946182251e-01
2.128110378980636597e-01
2.121557295322418213e-01
2.123340368270874023e-01
2.140081524848937988e-01
2.154621779918670654e-01
2.125964164733886719e-01
2.134137451648712158e-01
2.151953577995300293e-01
2.137489318847656250e-01
2.141566872596740723e-01
2.149235606193542480e-01
2.139312624931335449e-01
2.149462401866912842e-01
2.130698859691619873e-01
2.154442518949508667e-01
2.145087420940399170e-01
2.145810127258300781e-01
2.108208388090133667e-01
2.125272750854492188e-01
2.133456021547317505e-01
2.110597193241119385e-01
2.121013402938842773e-01
2.137258052825927734e-01
2.108507454395294189e-01
2.155724316835403442e-01
2.123710513114929199e-01
2.110738456249237061e-01
2.138622999191284180e-01
2.133276015520095825e-01
2.141610383987426758e-01
2.126125991344451904e-01
2.113357335329055786e-01
2.135839909315109253e-01
2.157166302204132080e-01
2.101233154535293579e-01
2.142648398876190186e-01
2.149033546447753906e-01
2.114260494709014893e-01
2.146484702825546265e-01
2.122852504253387451e-01
2.135442495346069336e-01
2.115922123193740845e-01
2.129347026348114014e-01
2.126910984516143799e-01
2.115713357925415039e-01
2.102487534284591675e-01
2.123637050390243530e-01
2.107254713773727417e-01
2.102215141057968140e-01
2.101892679929733276e-01
2.128857523202896118e-01
2.110434472560882568e-01
2.124752104282379150e-01
2.127860635519027710e-01
2.119102478027343750e-01
2.137079983949661255e-01
2.096723467111587524e-01
2.092881649732589722e-01
2.124275714159011841e-01
2.112633883953094482e-01
2.121162116527557373e-01
2.115584313869476318e-01
2.099424004554748535e-01
2.119889110326766968e-01
2.109458148479461670e-01
2.120059430599212646e-01
2.113070040941238403e-01
2.096718549728393555e-01
2.115718573331832886e-01
2.103314697742462158e-01
2.123932093381881714e-01
2.092579752206802368e-01
2.099119573831558228e-01
2.101100683212280273e-01
2.091494202613830566e-01
2.066091746091842651e-01
2.129130363464355469e-01
2.096655666828155518e-01
2.094329297542572021e-01
2.108878791332244873e-01
2.092918008565902710e-01
2.082736790180206299e-01
2.115582078695297241e-01
2.095693945884704590e-01
2.080723345279693604e-01
2.122468203306198120e-01
2.134867757558822632e-01
2.075829058885574341e-01
2.093027681112289429e-01
2.109619230031967163e-01
2.079649865627288818e-01
2.108522504568099976e-01
2.082915455102920532e-01
2.101414650678634644e-01
2.101518809795379639e-01
2.110069692134857178e-01
2.089235782623291016e-01
2.063339650630950928e-01
2.107914537191390991e-01
2.111175060272216797e-01
2.091677188873291016e-01
2.138288915157318115e-01
2.072059810161590576e-01
2.101088166236877441e-01
2.094440162181854248e-01
2.096979469060897827e-01
2.076707333326339722e-01
2.089761495590209961e-01
2.109051197767257690e-01
2.076073139905929565e-01
2.089975923299789429e-01
2.127211391925811768e-01
2.091141343116760254e-01
2.101479917764663696e-01
2.096129059791564941e-01
2.096741795539855957e-01
2.079880833625793457e-01
2.087973654270172119e-01
2.118241041898727417e-01
2.047252804040908813e-01
2.103634774684906006e-01
2.075835764408111572e-01
2.076043337583541870e-01
2.076543122529983521e-01
2.070171087980270386e-01
2.077043801546096802e-01
2.059150189161300659e-01
2.077583223581314087e-01
2.061459720134735107e-01
2.113372683525085449e-01
2.072991579771041870e-01
2.053891718387603760e-01
2.077406346797943115e-01
2.075589448213577271e-01
2.086049169301986694e-01
2.093879878520965576e-01
2.058620303869247437e-01
2.090345025062561035e-01
2.072679400444030762e-01
2.068359553813934326e-01
2.090588063001632690e-01
2.069255560636520386e-01
2.085206508636474609e-01
2.092674672603607178e-01
2.070979326963424683e-01
2.076848745346069336e-01
2.088422477245330811e-01
2.058770805597305298e-01
2.073145061731338501e-01
2.082293629646301270e-01
2.074487656354904175e-01
2.034418880939483643e-01
2.088325619697570801e-01
2.073641121387481689e-01
2.066765427589416504e-01
2.078552693128585815e-01
2.110419869422912598e-01
2.063162177801132202e-01
2.073727250099182129e-01
2.059077024459838867e-01
2.077859640121459961e-01
2.071119844913482666e-01
2.069761604070663452e-01
2.082625180482864380e-01
2.061607092618942261e-01
2.074911147356033325e-01
2.069671303033828735e-01
2.061605453491210938e-01
2.079409807920455933e-01
2.075425684452056885e-01
2.071430832147598267e-01
2.064954340457916260e-01
2.066278606653213501e-01
2.070541977882385254e-01
2.088183164596557617e-01
2.062094360589981079e-01
2.074646055698394775e-01
2.091110199689865112e-01
2.072053998708724976e-01
2.071414440870285034e-01
2.067021131515502930e-01
2.084249556064605713e-01
2.081405967473983765e-01
2.060218900442123413e-01
2.066810280084609985e-01
2.054489105939865112e-01
2.071965336799621582e-01
2.069914340972900391e-01
2.035019695758819580e-01
2.071391195058822632e-01
2.054737657308578491e-01
2.064279764890670776e-01
2.075834721326828003e-01
2.070564478635787964e-01
2.052856683731079102e-01
2.067767530679702759e-01
2.054918408393859863e-01
2.077855020761489868e-01
2.072016000747680664e-01
2.074319422245025635e-01
2.062362283468246460e-01
2.063537091016769409e-01
2.065153717994689941e-01
2.053377628326416016e-01
2.081553488969802856e-01
2.047605216503143311e-01
2.067394852638244629e-01
2.048702836036682129e-01
2.054623961448669434e-01
2.074214667081832886e-01
2.044216543436050415e-01
2.070959061384201050e-01
2.059256285429000854e-01
2.051329910755157471e-01
2.060741931200027466e-01
2.056319117546081543e-01
2.061924636363983154e-01
2.079094648361206055e-01
2.045307010412216187e-01
2.068099379539489746e-01
2.063540965318679810e-01
2.043646872043609619e-01
2.037414759397506714e-01
2.041298002004623413e-01
2.057707458734512329e-01
2.058031260967254639e-01
2.045394331216812134e-01
2.054231464862823486e-01
2.046554088592529297e-01
2.076885551214218140e-01
2.058397680521011353e-01
2.061229348182678223e-01
2.041938602924346924e-01
2.044982314109802246e-01
2.042529433965682983e-01
2.051323354244232178e-01
2.066297233104705811e-01
2.017901241779327393e-01
2.016842216253280640e-01
2.047419548034667969e-01
2.028358727693557739e-01
2.040676772594451904e-01
2.012391239404678345e-01
2.050633281469345093e-01
2.066365331411361694e-01
2.042306959629058838e-01
2.038388252258300781e-01
2.055628299713134766e-01
2.051198333501815796e-01
2.046450525522232056e-01
2.036622464656829834e-01
2.051349282264709473e-01
2.045964151620864868e-01
2.036022245883941650e-01
2.077747285366058350e-01
2.018740177154541016e-01
2.042721360921859741e-01
2.038724720478057861e-01
2.019885778427124023e-01
2.031992822885513306e-01
2.031324952840805054e-01
2.039330154657363892e-01
2.042517662048339844e-01
2.052121311426162720e-01
2.048579603433609009e-01
2.076480239629745483e-01
2.043314427137374878e-01
2.059976756572723389e-01
2.029073387384414673e-01
2.033221572637557983e-01
2.044249176979064941e-01
2.018773853778839111e-01
2.070720493793487549e-01
2.038726210594177246e-01
2.028630226850509644e-01
2.036461085081100464e-01
2.041564136743545532e-01
2.013175934553146362e-01
2.034398317337036133e-01
2.026568502187728882e-01
2.049642801284790039e-01
2.032368183135986328e-01
2.042115032672882080e-01
2.044180929660797119e-01
2.049073725938796997e-01
2.018695622682571411e-01
2.047271281480789185e-01
2.044665962457656860e-01
2.054944634437561035e-01
2.009380906820297241e-01
2.036320567131042480e-01
2.042503803968429565e-01
2.058808803558349609e-01
2.038401216268539429e-01
2.044415473937988281e-01
2.035932242870330811e-01
2.031747996807098389e-01
2.040155827999114990e-01
2.044272869825363159e-01
2.034970819950103760e-01
2.021507620811462402e-01
2.024544626474380493e-01
2.036039978265762329e-01
2.017782032489776611e-01
2.027946263551712036e-01
2.015904486179351807e-01
2.033014446496963501e-01
2.020690739154815674e-01
2.033640593290328979e-01
2.031659930944442749e-01
1.991189122200012207e-01
2.008179873228073120e-01
2.011441141366958618e-01
2.012282609939575195e-01
2.007317245006561279e-01
2.019729614257812500e-01
2.023991346359252930e-01
1.992452442646026611e-01
2.039836645126342773e-01
2.033277153968811035e-01
2.025433033704757690e-01
1.999465525150299072e-01
2.029093652963638306e-01
2.006283998489379883e-01
2.026125937700271606e-01
2.035117894411087036e-01
2.036264836788177490e-01
2.047353684902191162e-01
2.025684714317321777e-01
2.033624500036239624e-01
2.018440812826156616e-01
2.036521881818771362e-01
2.019737660884857178e-01
2.007550150156021118e-01
2.020728290081024170e-01
2.030925005674362183e-01
2.020060420036315918e-01
2.028750181198120117e-01
2.024328112602233887e-01
2.022529393434524536e-01
2.019253671169281006e-01
1.999133378267288208e-01
2.020605802536010742e-01
1.995241343975067139e-01
2.035946547985076904e-01
1.993539184331893921e-01
2.042965143918991089e-01
1.995589435100555420e-01
2.020521312952041626e-01
1.995790451765060425e-01
2.011872082948684692e-01
2.020486891269683838e-01
2.030176818370819092e-01
1.996366530656814575e-01
1.998296678066253662e-01
2.016855180263519287e-01
2.046010941267013550e-01
2.008806914091110229e-01
2.025847584009170532e-01
1.981900930404663086e-01
2.032386064529418945e-01
2.023163139820098877e-01
2.024201303720474243e-01
2.009908109903335571e-01
1.979219317436218262e-01
2.017128765583038330e-01
2.003210186958312988e-01
2.013323009014129639e-01
2.007397711277008057e-01
1.991832703351974487e-01
2.012559771537780762e-01
1.981880217790603638e-01
2.005416750907897949e-01
2.010601907968521118e-01
2.052625864744186401e-01
2.024816870689392090e-01
2.034138739109039307e-01
2.026291191577911377e-01
2.016124874353408813e-01
2.017002850770950317e-01
2.011943012475967407e-01
2.012501358985900879e-01
1.986937373876571655e-01
2.020355314016342163e-01
2.004569917917251587e-01
2.032930552959442139e-01
2.011989057064056396e-01
2.003782689571380615e-01
1.993214637041091919e-01
2.016564607620239258e-01
2.001119107007980347e-01
1.993590593338012695e-01
1.992307752370834351e-01
2.000178843736648560e-01
1.995140463113784790e-01
1.985349953174591064e-01
2.017997354269027710e-01
2.007433027029037476e-01
1.995413154363632202e-01
1.994579881429672241e-01
1.997461766004562378e-01
1.999924778938293457e-01
2.000110298395156860e-01
1.998860388994216919e-01
2.020698636770248413e-01
1.998405158519744873e-01
1.984944045543670654e-01
2.000923901796340942e-01
2.026178836822509766e-01
1.976188272237777710e-01
2.020467221736907959e-01
2.001688182353973389e-01
2.012566030025482178e-01
1.975080519914627075e-01
2.001150995492935181e-01
1.982646882534027100e-01
1.983315497636795044e-01
2.028159499168395996e-01
1.977361887693405151e-01
2.015548944473266602e-01
2.002048045396804810e-01
2.015693783760070801e-01
1.987875401973724365e-01
2.019812911748886108e-01
2.001733332872390747e-01
2.001937627792358398e-01
1.974387764930725098e-01
2.041351050138473511e-01
1.998331844806671143e-01
1.970373094081878662e-01
2.000935375690460205e-01
2.024412155151367188e-01
2.001814097166061401e-01
1.976962089538574219e-01
2.000699490308761597e-01
1.976607441902160645e-01
1.974067389965057373e-01
1.995767951011657715e-01
2.003437876701354980e-01
1.984523981809616089e-01
1.990624070167541504e-01
1.968234777450561523e-01
1.990933716297149658e-01
1.973707824945449829e-01
1.977012902498245239e-01
1.995166540145874023e-01
2.008594423532485962e-01
1.976720541715621948e-01
1.986727118492126465e-01
1.983425766229629517e-01
1.963504999876022339e-01
2.010082900524139404e-01
1.997158378362655640e-01
2.020072042942047119e-01
1.964474022388458252e-01
1.977664232254028320e-01
1.981890350580215454e-01
1.998590975999832153e-01
1.972240954637527466e-01
1.970876157283782959e-01
1.982810348272323608e-01
1.967118978500366211e-01
1.984089612960815430e-01
1.979924887418746948e-01
1.969462037086486816e-01
1.978003382682800293e-01
1.997592449188232422e-01
2.012317329645156860e-01
1.987224668264389038e-01
1.974028795957565308e-01
1.984517574310302734e-01
1.975265145301818848e-01
1.992826610803604126e-01
1.975429505109786987e-01
1.983450204133987427e-01
1.996632665395736694e-01
1.958525627851486206e-01
1.971312463283538818e-01
2.000334560871124268e-01
1.984045058488845825e-01
1.971392929553985596e-01
1.968568861484527588e-01
1.977970600128173828e-01
1.979992389678955078e-01
1.984333842992782593e-01
1.991641819477081299e-01
1.979541629552841187e-01
1.972494870424270630e-01
1.969290971755981445e-01
1.973001807928085327e-01
1.985203325748443604e-01
1.966919451951980591e-01
1.985409408807754517e-01
1.998405009508132935e-01
1.981692016124725342e-01
1.991792470216751099e-01
1.976184993982315063e-01
1.970993429422378540e-01
1.977589577436447144e-01
2.003662288188934326e-01
1.953939050436019897e-01
1.978007256984710693e-01
1.993318647146224976e-01
1.975358426570892334e-01
1.998386383056640625e-01
1.971781998872756958e-01
1.985959410667419434e-01
1.954969018697738647e-01
1.969338059425354004e-01
1.972788572311401367e-01
1.966762393712997437e-01
2.002776116132736206e-01
1.988175511360168457e-01
1.962160170078277588e-01
1.981478035449981689e-01
1.966416686773300171e-01
1.992242485284805298e-01
1.975490599870681763e-01
1.967922449111938477e-01
1.972970366477966309e-01
1.969955563545227051e-01
1.959493458271026611e-01
1.963398903608322144e-01
1.978873163461685181e-01
1.970813721418380737e-01
1.994034498929977417e-01
1.972826570272445679e-01
1.959195882081985474e-01
1.964078247547149658e-01
1.986586749553680420e-01
1.980280280113220215e-01
1.964294314384460449e-01
1.979247331619262695e-01
1.971084773540496826e-01
1.987737268209457397e-01
1.975609511137008667e-01
1.969226151704788208e-01
1.956520378589630127e-01
1.958734691143035889e-01
1.934427469968795776e-01
1.948697268962860107e-01
1.942769736051559448e-01
1.979307085275650024e-01
1.965790092945098877e-01
1.960696130990982056e-01
1.983459591865539551e-01
1.952309161424636841e-01
1.960427612066268921e-01
1.983585506677627563e-01
1.971485465764999390e-01
1.978436261415481567e-01
1.965460926294326782e-01
1.988794505596160889e-01
1.968743652105331421e-01
1.924228221178054810e-01
1.956203430891036987e-01
1.960755884647369385e-01
1.980378180742263794e-01
1.961987465620040894e-01
1.964042186737060547e-01
1.968769133090972900e-01
1.987371742725372314e-01
1.986943036317825317e-01
1.968952417373657227e-01
1.941932737827301025e-01
1.980831623077392578e-01
1.967159211635589600e-01
1.961257755756378174e-01
1.985701918601989746e-01
1.984568089246749878e-01
1.974717080593109131e-01
1.967737674713134766e-01
1.947631984949111938e-01
1.943965852260589600e-01
1.942509263753890991e-01
1.964729428291320801e-01
1.975586712360382080e-01
1.998008340597152710e-01
1.948857903480529785e-01
1.944838166236877441e-01
1.977694928646087646e-01
1.955326050519943237e-01
1.968853622674942017e-01
1.976708918809890747e-01
1.952429711818695068e-01
1.976389139890670776e-01
1.949214190244674683e-01
1.943338960409164429e-01
1.941498517990112305e-01
1.943489760160446167e-01
1.941822171211242676e-01
1.940848678350448608e-01
1.948128491640090942e-01
1.956830024719238281e-01
1.976290047168731689e-01
1.947622895240783691e-01
1.961605101823806763e-01
1.956743746995925903e-01
1.955098658800125122e-01
1.981852352619171143e-01
1.969364732503890991e-01
1.977993994951248169e-01
1.959231495857238770e-01
1.982696950435638428e-01
1.968411952257156372e-01
1.970303952693939209e-01
1.941622793674468994e-01
1.936312466859817505e-01
1.966797262430191040e-01
