9.174538850784301758e-01
9.074834585189819336e-01
8.984776139259338379e-01
8.893876075744628906e-01
8.818036317825317383e-01
8.721548318862915039e-01
8.603813052177429199e-01
8.491216897964477539e-01
8.363599777221679688e-01
8.197466135025024414e-01
8.024159073829650879e-01
7.847253680229187012e-01
7.625246047973632812e-01
7.397812008857727051e-01
7.138787508010864258e-01
6.891960501670837402e-01
6.550495624542236328e-01
6.266999840736389160e-01
5.957959890365600586e-01
5.672569870948791504e-01
5.371697545051574707e-01
5.065855383872985840e-01
4.797002673149108887e-01
4.743538498878479004e-01
4.608739912509918213e-01
4.699169695377349854e-01
4.473474323749542236e-01
4.668083786964416504e-01
4.607847929000854492e-01
4.627103805541992188e-01
4.537967741489410400e-01
4.366819858551025391e-01
4.090759456157684326e-01
4.140979051589965820e-01
4.079976081848144531e-01
3.960130214691162109e-01
4.066556692123413086e-01
4.002159535884857178e-01
3.979859352111816406e-01
3.966791331768035889e-01
3.961113095283508301e-01
3.940450847148895264e-01
3.986781239509582520e-01
3.781901299953460693e-01
3.803080618381500244e-01
3.737126886844635010e-01
3.723263740539550781e-01
3.772459924221038818e-01
3.675803542137145996e-01
3.646965324878692627e-01
3.592822253704071045e-01
3.612546920776367188e-01
3.560372591018676758e-01
3.561013936996459961e-01
3.530282378196716309e-01
3.522243499755859375e-01
3.543669581413269043e-01
3.460566401481628418e-01
3.445693850517272949e-01
3.453880846500396729e-01
3.422385454177856445e-01
3.368315100669860840e-01
3.407728075981140137e-01
3.399823307991027832e-01
3.352615237236022949e-01
3.344732522964477539e-01
3.335797488689422607e-01
3.303297758102416992e-01
3.295625746250152588e-01
3.320289254188537598e-01
3.314179480075836182e-01
3.276140391826629639e-01
3.250671923160552979e-01
3.246204555034637451e-01
3.247607350349426270e-01
3.194784224033355713e-01
3.217222690582275391e-01
3.127760887145996094e-01
3.148481547832489014e-01
3.148108124732971191e-01
3.201915025711059570e-01
3.138835132122039795e-01
3.084909617900848389e-01
3.074232041835784912e-01
3.053430914878845215e-01
3.059186339378356934e-01
3.033201098442077637e-01
3.062332272529602051e-01
3.061072826385498047e-01
3.014411330223083496e-01
3.003678917884826660e-01
3.032998442649841309e-01
3.012590408325195312e-01
2.952150702476501465e-01
3.020199239253997803e-01
3.155231475830078125e-01
2.970979213714599609e-01
3.003184795379638672e-01
2.959756255149841309e-01
2.900218963623046875e-01
2.961118817329406738e-01
2.902418375015258789e-01
2.902950048446655273e-01
2.874650061130523682e-01
2.883016467094421387e-01
2.893536090850830078e-01
2.849625349044799805e-01
2.883898913860321045e-01
2.843925654888153076e-01
2.838538885116577148e-01
2.844023108482360840e-01
2.846335172653198242e-01
2.832102775573730469e-01
2.817503809928894043e-01
2.877952456474304199e-01
2.806529402732849121e-01
2.762951552867889404e-01
2.778263390064239502e-01
2.768894433975219727e-01
2.744132280349731445e-01
2.757494151592254639e-01
2.758818566799163818e-01
2.765747606754302979e-01
2.720302343368530273e-01
2.733641564846038818e-01
2.746390998363494873e-01
2.727086246013641357e-01
2.720756828784942627e-01
2.700608670711517334e-01
2.701745331287384033e-01
2.699697017669677734e-01
2.703633606433868408e-01
2.671958506107330322e-01
2.660904526710510254e-01
2.688369750976562500e-01
2.634056806564331055e-01
2.632776498794555664e-01
2.655299305915832520e-01
2.661868631839752197e-01
2.649500370025634766e-01
2.616559863090515137e-01
2.608617842197418213e-01
2.613946199417114258e-01
2.628742754459381104e-01
2.613629698753356934e-01
2.598669528961181641e-01
2.590298056602478027e-01
2.578136622905731201e-01
2.595403492450714111e-01
2.571635544300079346e-01
2.590970695018768311e-01
2.576664686203002930e-01
2.548457384109497070e-01
2.564735114574432373e-01
2.544205188751220703e-01
2.553385496139526367e-01
2.524805366992950439e-01
2.557882070541381836e-01
2.493470311164855957e-01
2.523146271705627441e-01
2.507863938808441162e-01
2.518745362758636475e-01
2.514795958995819092e-01
2.495262026786804199e-01
2.488354295492172241e-01
2.502237558364868164e-01
2.523530721664428711e-01
2.470155656337738037e-01
2.499852329492568970e-01
2.473026216030120850e-01
2.473303079605102539e-01
2.464674264192581177e-01
2.414133548736572266e-01
2.432613819837570190e-01
2.464234828948974609e-01
2.451509535312652588e-01
2.451082617044448853e-01
2.447951436042785645e-01
2.442629933357238770e-01
2.405883073806762695e-01
2.429886609315872192e-01
2.449342757463455200e-01
2.399488985538482666e-01
2.412802577018737793e-01
2.404546439647674561e-01
2.407538294792175293e-01
2.400846183300018311e-01
2.369474768638610840e-01
2.373491376638412476e-01
2.383606731891632080e-01
2.419650256633758545e-01
2.368919253349304199e-01
2.366986572742462158e-01
2.370700985193252563e-01
2.367584407329559326e-01
2.358360439538955688e-01
2.363796830177307129e-01
2.362897992134094238e-01
2.358070760965347290e-01
2.362025380134582520e-01
2.324566096067428589e-01
2.348337918519973755e-01
2.327930182218551636e-01
2.334610670804977417e-01
2.331247627735137939e-01
2.303954064846038818e-01
2.309176921844482422e-01
2.315917611122131348e-01
2.309319674968719482e-01
2.313920110464096069e-01
2.310263812541961670e-01
2.292624264955520630e-01
2.318212985992431641e-01
2.296092063188552856e-01
2.328657954931259155e-01
2.299878746271133423e-01
2.275413721799850464e-01
2.294474393129348755e-01
2.285010516643524170e-01
2.265758216381072998e-01
2.316815555095672607e-01
2.281164079904556274e-01
2.252547889947891235e-01
2.268399894237518311e-01
2.272703498601913452e-01
2.317153662443161011e-01
2.264465838670730591e-01
2.246577590703964233e-01
2.230364531278610229e-01
2.247946858406066895e-01
2.264484465122222900e-01
2.231000810861587524e-01
2.230405509471893311e-01
2.242608964443206787e-01
2.255362123250961304e-01
2.259898930788040161e-01
2.226250320672988892e-01
2.237751930952072144e-01
2.250852882862091064e-01
2.234967947006225586e-01
2.215649187564849854e-01
2.185841798782348633e-01
2.190931886434555054e-01
2.193592637777328491e-01
2.205392420291900635e-01
2.208224385976791382e-01
2.214730829000473022e-01
2.197816371917724609e-01
2.201045304536819458e-01
2.186908572912216187e-01
2.193204909563064575e-01
2.208814918994903564e-01
2.192246764898300171e-01
2.180552035570144653e-01
2.183468937873840332e-01
2.183625847101211548e-01
2.150844633579254150e-01
2.156484127044677734e-01
2.229608297348022461e-01
2.150253206491470337e-01
2.182266265153884888e-01
2.152896821498870850e-01
2.163800299167633057e-01
2.156318873167037964e-01
2.149641364812850952e-01
2.129561305046081543e-01
2.165774554014205933e-01
2.166749536991119385e-01
2.117974460124969482e-01
2.151130884885787964e-01
2.159987986087799072e-01
2.155967354774475098e-01
2.154785394668579102e-01
2.133354246616363525e-01
2.134793698787689209e-01
2.128002345561981201e-01
2.126932293176651001e-01
2.139584422111511230e-01
2.116085588932037354e-01
2.114936560392379761e-01
2.132333219051361084e-01
2.104437202215194702e-01
2.134861350059509277e-01
2.106973528861999512e-01
2.085550129413604736e-01
2.100505381822586060e-01
2.102577388286590576e-01
2.096933871507644653e-01
2.082255035638809204e-01
2.079257369041442871e-01
2.089350670576095581e-01
2.067885547876358032e-01
2.090665549039840698e-01
2.091915011405944824e-01
2.071845084428787231e-01
2.084426879882812500e-01
2.067707479000091553e-01
2.065750211477279663e-01
2.076257020235061646e-01
2.071580737829208374e-01
2.062903046607971191e-01
2.060855031013488770e-01
2.049443125724792480e-01
2.044649124145507812e-01
2.069537937641143799e-01
2.060918807983398438e-01
2.058114111423492432e-01
2.068799585103988647e-01
2.035608440637588501e-01
2.057293057441711426e-01
2.024169266223907471e-01
2.052731215953826904e-01
2.030760645866394043e-01
2.054113596677780151e-01
2.023822069168090820e-01
2.025717943906784058e-01
2.053957730531692505e-01
2.027006596326828003e-01
2.063780426979064941e-01
2.031573653221130371e-01
2.031258791685104370e-01
2.026803344488143921e-01
2.020221948623657227e-01
2.022878825664520264e-01
1.996497213840484619e-01
2.020131796598434448e-01
2.035587430000305176e-01
2.011172324419021606e-01
1.993233412504196167e-01
2.008500248193740845e-01
2.015012353658676147e-01
2.028207480907440186e-01
1.992735713720321655e-01
1.992196440696716309e-01
2.007882446050643921e-01
1.991291195154190063e-01
1.977943629026412964e-01
1.993095427751541138e-01
1.986944079399108887e-01
2.020037770271301270e-01
1.982817798852920532e-01
1.969177573919296265e-01
1.980001330375671387e-01
1.972104012966156006e-01
1.989175081253051758e-01
1.979170143604278564e-01
1.976068615913391113e-01
1.969516426324844360e-01
1.976878941059112549e-01
1.988157182931900024e-01
1.980041265487670898e-01
1.971020102500915527e-01
1.963197290897369385e-01
1.953525394201278687e-01
1.943984031677246094e-01
1.945739686489105225e-01
1.969096213579177856e-01
1.940551698207855225e-01
1.940083205699920654e-01
1.957396566867828369e-01
1.942243427038192749e-01
1.957098841667175293e-01
1.936871111392974854e-01
1.929917931556701660e-01
1.937650293111801147e-01
1.927792727947235107e-01
1.941041648387908936e-01
1.955136954784393311e-01
1.959296762943267822e-01
1.926396787166595459e-01
1.951651722192764282e-01
1.933203637599945068e-01
1.914519965648651123e-01
1.928874552249908447e-01
1.931797713041305542e-01
1.920446455478668213e-01
1.922888308763504028e-01
1.921645551919937134e-01
1.911676973104476929e-01
1.915993690490722656e-01
1.897221207618713379e-01
1.917745769023895264e-01
1.907372027635574341e-01
1.900315731763839722e-01
1.943394839763641357e-01
1.917860358953475952e-01
1.909238845109939575e-01
1.898875832557678223e-01
1.906244605779647827e-01
1.907338798046112061e-01
1.892492771148681641e-01
1.897537857294082642e-01
1.893585622310638428e-01
1.890110075473785400e-01
1.897429525852203369e-01
1.904841810464859009e-01
1.889282166957855225e-01
1.886047571897506714e-01
1.893859803676605225e-01
1.883664131164550781e-01
1.884033083915710449e-01
1.898325681686401367e-01
1.902517080307006836e-01
1.869017183780670166e-01
1.897054910659790039e-01
1.880367994308471680e-01
1.870353221893310547e-01
1.877315193414688110e-01
1.846467107534408569e-01
1.861490905284881592e-01
1.876376122236251831e-01
1.871972829103469849e-01
1.857717633247375488e-01
1.848946809768676758e-01
1.837328523397445679e-01
1.845007985830307007e-01
1.851951032876968384e-01
1.837601214647293091e-01
1.861795186996459961e-01
1.850155144929885864e-01
1.842206418514251709e-01
1.861422806978225708e-01
1.862169951200485229e-01
1.846591532230377197e-01
1.836971640586853027e-01
1.853661090135574341e-01
1.836535781621932983e-01
1.823637187480926514e-01
1.850715875625610352e-01
1.830871701240539551e-01
1.842129826545715332e-01
1.859613806009292603e-01
1.821294575929641724e-01
1.826569288969039917e-01
1.833297610282897949e-01
1.825169920921325684e-01
1.834090352058410645e-01
1.836820840835571289e-01
1.804033219814300537e-01
1.809543222188949585e-01
1.836126744747161865e-01
1.827754676342010498e-01
1.823148578405380249e-01
1.818057745695114136e-01
1.817305982112884521e-01
1.813981384038925171e-01
1.831066757440567017e-01
1.820665299892425537e-01
1.799616217613220215e-01
1.826504319906234741e-01
1.802737563848495483e-01
1.821658462285995483e-01
1.785682141780853271e-01
1.795077770948410034e-01
1.799289286136627197e-01
1.824068874120712280e-01
1.801240295171737671e-01
1.803891509771347046e-01
1.786354184150695801e-01
1.810616850852966309e-01
1.811549812555313110e-01
1.801909953355789185e-01
1.804314255714416504e-01
1.787689626216888428e-01
1.785089671611785889e-01
1.793573349714279175e-01
1.791783571243286133e-01
1.811904162168502808e-01
1.794248819351196289e-01
1.799469590187072754e-01
1.790984421968460083e-01
1.788432896137237549e-01
1.792647391557693481e-01
1.794256865978240967e-01
1.802185326814651489e-01
1.776047050952911377e-01
1.802074760198593140e-01
1.762361079454421997e-01
1.794548332691192627e-01
1.789485067129135132e-01
1.752523630857467651e-01
1.763893663883209229e-01
1.776613444089889526e-01
1.769650727510452271e-01
1.796865761280059814e-01
1.781989037990570068e-01
1.795258224010467529e-01
1.785247623920440674e-01
1.787502169609069824e-01
1.775348484516143799e-01
1.768445968627929688e-01
1.760433912277221680e-01
1.783861219882965088e-01
1.771534383296966553e-01
1.756932735443115234e-01
1.767369806766510010e-01
1.766905933618545532e-01
1.763478070497512817e-01
1.765505373477935791e-01
1.742255687713623047e-01
2.628670036792755127e-01
2.653659582138061523e-01
2.646464109420776367e-01
2.623636424541473389e-01
2.632772624492645264e-01
2.611803710460662842e-01
2.600742876529693604e-01
2.568525373935699463e-01
2.579445540904998779e-01
2.600784897804260254e-01
2.608945369720458984e-01
2.598510980606079102e-01
2.613338530063629150e-01
2.593688666820526123e-01
2.598345279693603516e-01
2.631399631500244141e-01
2.579726576805114746e-01
2.573546171188354492e-01
2.569213509559631348e-01
2.606981396675109863e-01
2.559735178947448730e-01
2.561160922050476074e-01
2.588371336460113525e-01
2.559807300567626953e-01
2.587420344352722168e-01
2.525989413261413574e-01
2.562367320060729980e-01
2.544730603694915771e-01
2.529467344284057617e-01
2.542651295661926270e-01
2.551887929439544678e-01
2.536892592906951904e-01
2.533033490180969238e-01
2.555650174617767334e-01
2.543408572673797607e-01
2.538620829582214355e-01
2.547159790992736816e-01
2.559064328670501709e-01
2.534364163875579834e-01
2.522296607494354248e-01
2.529610991477966309e-01
2.543185949325561523e-01
2.490085363388061523e-01
2.542730569839477539e-01
2.505779564380645752e-01
2.521215081214904785e-01
2.534755468368530273e-01
2.494683116674423218e-01
2.521947920322418213e-01
2.525379359722137451e-01
2.503384053707122803e-01
2.541013658046722412e-01
2.484430372714996338e-01
2.456737607717514038e-01
2.487128227949142456e-01
2.516159415245056152e-01
2.466368228197097778e-01
2.501781880855560303e-01
2.501449584960937500e-01
2.527027428150177002e-01
2.483188360929489136e-01
2.471016794443130493e-01
2.526971697807312012e-01
2.510019540786743164e-01
2.517629265785217285e-01
2.506562769412994385e-01
2.493207156658172607e-01
2.458029389381408691e-01
2.484613507986068726e-01
2.496346235275268555e-01
2.494642883539199829e-01
2.485531568527221680e-01
2.461722493171691895e-01
2.459446340799331665e-01
2.499640434980392456e-01
2.443226575851440430e-01
2.458242028951644897e-01
2.482067048549652100e-01
2.468803226947784424e-01
2.462227940559387207e-01
2.439012676477432251e-01
2.489259093999862671e-01
2.486709803342819214e-01
2.469713389873504639e-01
2.464808672666549683e-01
2.475147396326065063e-01
2.451806068420410156e-01
2.467581182718276978e-01
2.478155940771102905e-01
2.474273890256881714e-01
2.458167672157287598e-01
2.449291497468948364e-01
2.452083975076675415e-01
2.439277172088623047e-01
2.417315691709518433e-01
2.426721602678298950e-01
2.450046688318252563e-01
2.440326064825057983e-01
2.446847409009933472e-01
2.437773942947387695e-01
2.465377002954483032e-01
2.406380176544189453e-01
2.428498566150665283e-01
2.438345849514007568e-01
2.408395856618881226e-01
2.422881275415420532e-01
2.441870123147964478e-01
2.437441349029541016e-01
2.434652447700500488e-01
2.420584261417388916e-01
2.431003749370574951e-01
2.434727996587753296e-01
2.426596283912658691e-01
2.404186576604843140e-01
2.434663921594619751e-01
2.449049800634384155e-01
2.437691986560821533e-01
2.427769452333450317e-01
2.396489977836608887e-01
2.423223406076431274e-01
2.396582812070846558e-01
2.396047711372375488e-01
2.423253059387207031e-01
2.412078231573104858e-01
2.429544329643249512e-01
2.392966747283935547e-01
2.419679611921310425e-01
2.438445091247558594e-01
2.430176287889480591e-01
2.408170700073242188e-01
2.437357157468795776e-01
2.410364598035812378e-01
2.384398579597473145e-01
2.408824563026428223e-01
2.378787547349929810e-01
2.406864464282989502e-01
2.374706417322158813e-01
2.397565245628356934e-01
2.402894049882888794e-01
2.406673580408096313e-01
2.384854704141616821e-01
2.407664954662322998e-01
2.380944639444351196e-01
2.390525341033935547e-01
2.385204881429672241e-01
2.399208098649978638e-01
2.372720688581466675e-01
2.402655184268951416e-01
2.382009327411651611e-01
2.384246140718460083e-01
2.393760681152343750e-01
2.390025556087493896e-01
2.397322505712509155e-01
2.363701760768890381e-01
2.414653003215789795e-01
2.370114475488662720e-01
2.377956956624984741e-01
2.391380816698074341e-01
2.383738905191421509e-01
2.374798059463500977e-01
2.366439849138259888e-01
2.399733662605285645e-01
2.385828793048858643e-01
2.387519776821136475e-01
2.390330433845520020e-01
2.376542389392852783e-01
2.341717481613159180e-01
2.371200472116470337e-01
2.363232374191284180e-01
2.340982258319854736e-01
2.356993854045867920e-01
2.362670302391052246e-01
2.387878894805908203e-01
2.388916164636611938e-01
2.360289990901947021e-01
2.354423999786376953e-01
2.334647923707962036e-01
2.377239465713500977e-01
2.352927476167678833e-01
2.361579686403274536e-01
2.331541180610656738e-01
2.354585826396942139e-01
2.388292402029037476e-01
2.358469069004058838e-01
2.379732578992843628e-01
2.371934056282043457e-01
2.351280599832534790e-01
2.357607036828994751e-01
2.339306920766830444e-01
2.344441115856170654e-01
2.380132973194122314e-01
2.349275946617126465e-01
2.377080321311950684e-01
2.358357608318328857e-01
2.330624163150787354e-01
2.337725758552551270e-01
2.370279580354690552e-01
2.348359525203704834e-01
2.355269789695739746e-01
2.337850779294967651e-01
2.338391393423080444e-01
2.332156598567962646e-01
2.329471707344055176e-01
2.342510372400283813e-01
2.356698065996170044e-01
2.312635034322738647e-01
2.350954115390777588e-01
2.306931912899017334e-01
2.331111878156661987e-01
2.316193431615829468e-01
2.348713278770446777e-01
2.323750406503677368e-01
2.303736954927444458e-01
2.311438620090484619e-01
2.330924570560455322e-01
2.329791188240051270e-01
2.341523319482803345e-01
2.336185872554779053e-01
2.349178045988082886e-01
2.322182506322860718e-01
2.321538776159286499e-01
2.316955178976058960e-01
2.311789691448211670e-01
2.321533411741256714e-01
2.317340821027755737e-01
2.365522384643554688e-01
2.313728034496307373e-01
2.289659827947616577e-01
2.310258895158767700e-01
2.327687442302703857e-01
2.309266030788421631e-01
2.295625954866409302e-01
2.302394211292266846e-01
2.327443361282348633e-01
2.340923249721527100e-01
2.309504747390747070e-01
2.315440624952316284e-01
2.302045226097106934e-01
2.337865233421325684e-01
2.308726012706756592e-01
2.306600362062454224e-01
2.326217442750930786e-01
2.278901785612106323e-01
2.299425750970840454e-01
2.338080555200576782e-01
2.312175780534744263e-01
2.299402207136154175e-01
2.299125790596008301e-01
2.311948686838150024e-01
2.304740697145462036e-01
2.278158515691757202e-01
2.292743325233459473e-01
2.307661473751068115e-01
2.272444367408752441e-01
2.286576032638549805e-01
2.275579869747161865e-01
2.309300899505615234e-01
2.293130606412887573e-01
2.319643050432205200e-01
2.262064665555953979e-01
2.274667769670486450e-01
2.273780107498168945e-01
2.313749790191650391e-01
2.291309088468551636e-01
2.266862839460372925e-01
2.302770018577575684e-01
2.305553853511810303e-01
2.294018119573593140e-01
2.269560992717742920e-01
2.284285873174667358e-01
2.279935479164123535e-01
2.290493845939636230e-01
2.273359149694442749e-01
2.272133976221084595e-01
2.290515899658203125e-01
2.294763624668121338e-01
2.278133034706115723e-01
2.299596816301345825e-01
2.288904935121536255e-01
2.267795354127883911e-01
2.282900065183639526e-01
2.277636528015136719e-01
2.255430817604064941e-01
2.279034852981567383e-01
2.268592715263366699e-01
2.275069504976272583e-01
2.283901125192642212e-01
2.236525565385818481e-01
2.288154363632202148e-01
2.288632988929748535e-01
2.289093732833862305e-01
2.266855686902999878e-01
2.273310571908950806e-01
2.275071442127227783e-01
2.261855602264404297e-01
2.288999557495117188e-01
2.284760028123855591e-01
2.274794280529022217e-01
2.266672998666763306e-01
2.275932133197784424e-01
2.268850356340408325e-01
2.232274562120437622e-01
2.250728160142898560e-01
2.249620109796524048e-01
2.259428054094314575e-01
2.263934463262557983e-01
2.249710261821746826e-01
2.291388958692550659e-01
2.249859869480133057e-01
2.229503989219665527e-01
2.255053520202636719e-01
2.245343178510665894e-01
2.254315465688705444e-01
2.245689481496810913e-01
2.264491766691207886e-01
2.288577109575271606e-01
2.255157679319381714e-01
2.246456742286682129e-01
2.270829528570175171e-01
2.257564216852188110e-01
2.246012389659881592e-01
2.237811386585235596e-01
2.253603488206863403e-01
2.245070189237594604e-01
2.295698374509811401e-01
2.269009947776794434e-01
2.229065448045730591e-01
2.242040038108825684e-01
2.252759933471679688e-01
2.266281843185424805e-01
2.237558513879776001e-01
2.242870330810546875e-01
2.221572995185852051e-01
2.229482680559158325e-01
2.262701243162155151e-01
2.268589287996292114e-01
2.235071361064910889e-01
2.250848412513732910e-01
2.241901457309722900e-01
2.225939035415649414e-01
2.209938615560531616e-01
2.214567363262176514e-01
2.228557020425796509e-01
2.215251177549362183e-01
2.224570810794830322e-01
2.217811495065689087e-01
2.225403040647506714e-01
2.266851812601089478e-01
2.218642979860305786e-01
2.238373309373855591e-01
2.237234264612197876e-01
2.230389863252639771e-01
2.229699790477752686e-01
2.253579944372177124e-01
2.199057340621948242e-01
2.218507826328277588e-01
2.259529083967208862e-01
2.213195711374282837e-01
2.222149223089218140e-01
2.215706408023834229e-01
2.196003496646881104e-01
2.212633639574050903e-01
2.224066108465194702e-01
2.197999209165573120e-01
2.215223610401153564e-01
2.229995727539062500e-01
2.204975187778472900e-01
2.221740037202835083e-01
2.208667546510696411e-01
2.222016155719757080e-01
2.210754454135894775e-01
2.205825001001358032e-01
2.214779853820800781e-01
2.219143509864807129e-01
2.209872752428054810e-01
2.223077863454818726e-01
2.224015742540359497e-01
2.221361547708511353e-01
2.194371223449707031e-01
2.211615294218063354e-01
2.213518321514129639e-01
2.185563296079635620e-01
2.229489237070083618e-01
2.235973626375198364e-01
2.220676690340042114e-01
2.181340754032135010e-01
2.207583338022232056e-01
2.226769179105758667e-01
2.213414162397384644e-01
2.223699241876602173e-01
2.200334817171096802e-01
2.172513306140899658e-01
2.197446227073669434e-01
2.223332673311233521e-01
2.220820039510726929e-01
2.212067842483520508e-01
2.198601067066192627e-01
2.223722785711288452e-01
2.214342057704925537e-01
2.192248702049255371e-01
2.192904502153396606e-01
2.173075675964355469e-01
2.184911966323852539e-01
2.197307795286178589e-01
2.200355827808380127e-01
2.196551114320755005e-01
2.207883745431900024e-01
2.189038842916488647e-01
2.189484834671020508e-01
2.185398936271667480e-01
2.188474088907241821e-01
2.232964336872100830e-01
2.205997109413146973e-01
2.201958894729614258e-01
2.222486734390258789e-01
2.200006097555160522e-01
2.189508378505706787e-01
2.197484672069549561e-01
2.160540968179702759e-01
2.196547836065292358e-01
2.174920588731765747e-01
2.215611338615417480e-01
2.204919904470443726e-01
2.220710217952728271e-01
2.173851579427719116e-01
2.202440351247787476e-01
2.195712178945541382e-01
2.179441452026367188e-01
2.181825488805770874e-01
2.173218280076980591e-01
2.194222211837768555e-01
2.189629971981048584e-01
2.200422286987304688e-01
2.172573208808898926e-01
2.176928222179412842e-01
2.190078198909759521e-01
2.180337160825729370e-01
2.171416133642196655e-01
2.195515632629394531e-01
2.200463116168975830e-01
2.184777408838272095e-01
2.181559652090072632e-01
2.184549719095230103e-01
2.188446223735809326e-01
2.160033881664276123e-01
2.201431691646575928e-01
2.156944423913955688e-01
2.183265089988708496e-01
2.159954011440277100e-01
2.180457860231399536e-01
2.177601456642150879e-01
2.167807966470718384e-01
2.181185334920883179e-01
2.187793105840682983e-01
2.176898270845413208e-01
2.174209207296371460e-01
2.166096270084381104e-01
2.171303480863571167e-01
2.152258455753326416e-01
2.150778025388717651e-01
2.169984281063079834e-01
2.173137962818145752e-01
2.164384275674819946e-01
2.181684374809265137e-01
2.154627442359924316e-01
2.148729115724563599e-01
2.116265296936035156e-01
2.142895013093948364e-01
2.151346057653427124e-01
2.162015587091445923e-01
2.169886082410812378e-01
2.154108732938766479e-01
2.145479768514633179e-01
2.156594693660736084e-01
2.173436731100082397e-01
2.165248245000839233e-01
2.139055281877517700e-01
2.167570441961288452e-01
2.199186831712722778e-01
2.175277024507522583e-01
2.165472656488418579e-01
2.143240720033645630e-01
2.154948562383651733e-01
2.188310772180557251e-01
2.163576334714889526e-01
2.165791392326354980e-01
2.113982439041137695e-01
2.138221710920333862e-01
2.164574265480041504e-01
2.291045039892196655e-01
2.130774855613708496e-01
2.163463681936264038e-01
2.150240689516067505e-01
2.162801027297973633e-01
2.169727534055709839e-01
2.132745236158370972e-01
2.145703732967376709e-01
2.150018513202667236e-01
2.183985114097595215e-01
2.142278552055358887e-01
2.144136726856231689e-01
2.129501998424530029e-01
2.152481377124786377e-01
2.138965874910354614e-01
2.124314308166503906e-01
2.138078957796096802e-01
2.157518118619918823e-01
2.133224308490753174e-01
2.144595384597778320e-01
2.146468758583068848e-01
2.133052498102188110e-01
2.165120840072631836e-01
2.141840606927871704e-01
2.165132761001586914e-01
2.127629667520523071e-01
2.151932865381240845e-01
2.179926186800003052e-01
2.165241390466690063e-01
2.137122899293899536e-01
2.145935446023941040e-01
2.137700766324996948e-01
2.153544276952743530e-01
2.159110307693481445e-01
2.141599357128143311e-01
2.138987034559249878e-01
2.166724652051925659e-01
2.117898166179656982e-01
2.147281020879745483e-01
2.133663594722747803e-01
2.146228402853012085e-01
2.166523933410644531e-01
2.138680219650268555e-01
2.151650488376617432e-01
2.105811983346939087e-01
2.108392417430877686e-01
2.134570181369781494e-01
2.113924771547317505e-01
2.139875292778015137e-01
2.109955102205276489e-01
2.130218893289566040e-01
2.096592485904693604e-01
2.115873992443084717e-01
2.131176143884658813e-01
2.144332677125930786e-01
2.109275311231613159e-01
2.119908034801483154e-01
2.148323059082031250e-01
2.096210718154907227e-01
2.108625620603561401e-01
2.137319594621658325e-01
2.145685404539108276e-01
2.103852182626724243e-01
2.139008641242980957e-01
2.142193466424942017e-01
2.130659073591232300e-01
2.113709300756454468e-01
2.135108858346939087e-01
2.137386649847030640e-01
2.101531773805618286e-01
2.128791511058807373e-01
2.120945900678634644e-01
2.128934860229492188e-01
2.104873955249786377e-01
2.085244506597518921e-01
2.126795798540115356e-01
2.117634862661361694e-01
2.115001231431961060e-01
2.129250764846801758e-01
2.123193144798278809e-01
2.119766026735305786e-01
2.090610265731811523e-01
2.127016633749008179e-01
2.119840234518051147e-01
2.105098962783813477e-01
2.112332135438919067e-01
2.112191766500473022e-01
2.137629389762878418e-01
2.135823816061019897e-01
2.102671116590499878e-01
2.123916298151016235e-01
2.109534740447998047e-01
2.101440578699111938e-01
2.137188911437988281e-01
2.071017771959304810e-01
2.125164121389389038e-01
2.129373103380203247e-01
2.109570503234863281e-01
2.115051299333572388e-01
2.132145166397094727e-01
2.109812945127487183e-01
2.070639282464981079e-01
2.098567783832550049e-01
2.094731777906417847e-01
2.099392563104629517e-01
2.095800787210464478e-01
2.108338773250579834e-01
2.088706493377685547e-01
2.107245326042175293e-01
2.114828377962112427e-01
2.092567086219787598e-01
2.096169590950012207e-01
2.095431089401245117e-01
2.082812190055847168e-01
2.065950483083724976e-01
2.081875503063201904e-01
2.094969749450683594e-01
2.122005969285964966e-01
2.088086009025573730e-01
2.095101475715637207e-01
2.110264301300048828e-01
2.081853300333023071e-01
2.070697098970413208e-01
2.093111723661422729e-01
2.096665501594543457e-01
2.117725759744644165e-01
2.072575837373733521e-01
2.108743786811828613e-01
2.114033401012420654e-01
2.083802074193954468e-01
2.062777280807495117e-01
2.084539383649826050e-01
2.111152857542037964e-01
2.108880132436752319e-01
2.090687155723571777e-01
2.103767096996307373e-01
2.071276754140853882e-01
2.079191803932189941e-01
2.095043808221817017e-01
2.067422419786453247e-01
2.067117840051651001e-01
2.060336172580718994e-01
2.084490358829498291e-01
2.086870074272155762e-01
2.086599767208099365e-01
2.089580744504928589e-01
2.077183276414871216e-01
2.107227742671966553e-01
2.066578567028045654e-01
2.104154974222183228e-01
2.073190361261367798e-01
2.078330516815185547e-01
2.065239548683166504e-01
2.081917226314544678e-01
2.070856541395187378e-01
2.087362557649612427e-01
2.093115895986557007e-01
2.078403532505035400e-01
2.092041522264480591e-01
2.051116973161697388e-01
2.086139917373657227e-01
2.096478939056396484e-01
2.102416306734085083e-01
2.070562988519668579e-01
2.077966481447219849e-01
2.063572257757186890e-01
2.064477205276489258e-01
2.046392560005187988e-01
2.078845053911209106e-01
2.101896554231643677e-01
2.087580114603042603e-01
2.076165974140167236e-01
2.088111042976379395e-01
2.085291594266891479e-01
2.071104049682617188e-01
2.091615051031112671e-01
2.093796581029891968e-01
2.059993892908096313e-01
2.086463719606399536e-01
2.077498584985733032e-01
2.080451250076293945e-01
2.054987996816635132e-01
2.074216157197952271e-01
2.067547738552093506e-01
2.072449624538421631e-01
2.038126438856124878e-01
2.035528421401977539e-01
2.042967081069946289e-01
2.067862004041671753e-01
2.058307230472564697e-01
2.054530531167984009e-01
2.038725912570953369e-01
2.058814913034439087e-01
2.076313793659210205e-01
2.047026455402374268e-01
2.046685367822647095e-01
2.097771167755126953e-01
2.063958495855331421e-01
2.063977718353271484e-01
2.090693265199661255e-01
2.038446813821792603e-01
2.072478532791137695e-01
2.080962210893630981e-01
2.087673693895339966e-01
2.057824581861495972e-01
2.072243988513946533e-01
2.069740593433380127e-01
2.077465206384658813e-01
2.048496007919311523e-01
2.029383480548858643e-01
2.089965939521789551e-01
2.060932815074920654e-01
2.011416554450988770e-01
2.061002254486083984e-01
2.028981447219848633e-01
2.056332379579544067e-01
2.109648585319519043e-01
2.062944471836090088e-01
2.044499665498733521e-01
2.071631550788879395e-01
2.053866684436798096e-01
2.046379745006561279e-01
2.032770067453384399e-01
2.067477852106094360e-01
2.055536359548568726e-01
2.042801380157470703e-01
2.087515592575073242e-01
2.044374346733093262e-01
2.043526172637939453e-01
2.018979936838150024e-01
2.074285745620727539e-01
2.029713243246078491e-01
2.042069286108016968e-01
2.043204307556152344e-01
2.055227607488632202e-01
2.019632309675216675e-01
2.046674638986587524e-01
2.062435895204544067e-01
2.041236460208892822e-01
2.055899947881698608e-01
2.043246924877166748e-01
2.044841945171356201e-01
2.059057950973510742e-01
2.019449919462203979e-01
2.042513042688369751e-01
2.049732953310012817e-01
2.047299891710281372e-01
2.048114836215972900e-01
2.030822932720184326e-01
2.039248943328857422e-01
2.032421380281448364e-01
2.081678807735443115e-01
2.028055340051651001e-01
2.026750445365905762e-01
2.059969604015350342e-01
2.033893913030624390e-01
2.069238722324371338e-01
2.014008462429046631e-01
2.032377421855926514e-01
2.028535008430480957e-01
2.051026523113250732e-01
2.055091261863708496e-01
2.029615789651870728e-01
2.050888240337371826e-01
2.027459889650344849e-01
2.031715065240859985e-01
2.054509222507476807e-01
2.021228224039077759e-01
2.044101953506469727e-01
2.033601850271224976e-01
2.028442174196243286e-01
2.025462538003921509e-01
2.053819000720977783e-01
2.059412598609924316e-01
2.014006227254867554e-01
2.047186791896820068e-01
2.009340673685073853e-01
2.030333578586578369e-01
2.021497488021850586e-01
2.036400437355041504e-01
2.006839811801910400e-01
2.019427865743637085e-01
2.059318721294403076e-01
2.000595480203628540e-01
2.026128619909286499e-01
2.032363414764404297e-01
2.027913480997085571e-01
2.030753195285797119e-01
2.036854475736618042e-01
2.025813311338424683e-01
2.038665115833282471e-01
2.040534317493438721e-01
2.036717832088470459e-01
2.022200077772140503e-01
2.023231983184814453e-01
2.009434998035430908e-01
2.041088342666625977e-01
2.013668119907379150e-01
2.040193974971771240e-01
2.004196941852569580e-01
2.037295252084732056e-01
2.048855870962142944e-01
2.019157707691192627e-01
2.030243426561355591e-01
2.034565210342407227e-01
2.031583189964294434e-01
2.028492391109466553e-01
2.035076171159744263e-01
2.010229229927062988e-01
1.997400671243667603e-01
2.010127753019332886e-01
2.022306174039840698e-01
2.039372622966766357e-01
2.019559890031814575e-01
2.007334977388381958e-01
1.999753713607788086e-01
2.000961750745773315e-01
2.008595168590545654e-01
2.003982961177825928e-01
2.032287567853927612e-01
2.011074572801589966e-01
2.008970826864242554e-01
1.990299373865127563e-01
2.011469602584838867e-01
2.032307982444763184e-01
2.022912055253982544e-01
2.021014988422393799e-01
2.005674839019775391e-01
2.007520198822021484e-01
2.019322365522384644e-01
2.009949833154678345e-01
1.999610215425491333e-01
2.058713734149932861e-01
2.025565207004547119e-01
1.994975805282592773e-01
1.985925734043121338e-01
1.982061713933944702e-01
2.009560912847518921e-01
2.023575305938720703e-01
2.025310248136520386e-01
2.032672762870788574e-01
2.034656256437301636e-01
2.018078118562698364e-01
2.031338661909103394e-01
2.006369680166244507e-01
2.036756724119186401e-01
2.013131976127624512e-01
2.019063085317611694e-01
1.995680630207061768e-01
1.978308111429214478e-01
2.005911916494369507e-01
1.984403133392333984e-01
2.019386887550354004e-01
1.995237022638320923e-01
2.013881057500839233e-01
1.981121599674224854e-01
2.004064172506332397e-01
2.030328810214996338e-01
2.017942517995834351e-01
2.002473771572113037e-01
2.019497901201248169e-01
1.996926516294479370e-01
2.022442817687988281e-01
2.003011405467987061e-01
1.985929608345031738e-01
2.003464400768280029e-01
1.993469744920730591e-01
1.966075152158737183e-01
1.984653323888778687e-01
2.028324007987976074e-01
2.014185935258865356e-01
1.981271207332611084e-01
1.990213096141815186e-01
1.985772550106048584e-01
2.003188878297805786e-01
2.001603245735168457e-01
2.004737257957458496e-01
1.986228227615356445e-01
1.993130892515182495e-01
1.976583898067474365e-01
1.983419060707092285e-01
1.981055587530136108e-01
2.015739828348159790e-01
1.999084502458572388e-01
1.991055458784103394e-01
2.014223039150238037e-01
1.990928053855895996e-01
1.980878859758377075e-01
1.981744766235351562e-01
2.014169842004776001e-01
2.006426900625228882e-01
1.978539675474166870e-01
2.012280821800231934e-01
1.987652480602264404e-01
1.991213262081146240e-01
1.982879936695098877e-01
2.000301778316497803e-01
1.971302777528762817e-01
1.968587487936019897e-01
1.965373754501342773e-01
2.021962106227874756e-01
1.984994560480117798e-01
1.975453644990921021e-01
1.968989372253417969e-01
1.969520151615142822e-01
1.997423619031906128e-01
1.956945657730102539e-01
2.001932263374328613e-01
1.981568783521652222e-01
1.982027590274810791e-01
1.991468667984008789e-01
1.980883926153182983e-01
1.988141238689422607e-01
1.960299164056777954e-01
1.995857954025268555e-01
1.991676390171051025e-01
1.965052932500839233e-01
1.960097849369049072e-01
1.948066204786300659e-01
2.023219764232635498e-01
2.003518342971801758e-01
1.977272778749465942e-01
1.981265693902969360e-01
1.986551433801651001e-01
1.967386603355407715e-01
2.026555687189102173e-01
1.985395699739456177e-01
2.002412974834442139e-01
1.977868527173995972e-01
1.985602825880050659e-01
1.994848847389221191e-01
1.977541446685791016e-01
1.966779530048370361e-01
1.964627355337142944e-01
2.004668414592742920e-01
1.965851932764053345e-01
1.986645907163619995e-01
1.989686340093612671e-01
1.986851692199707031e-01
1.970166712999343872e-01
1.968410164117813110e-01
1.984710097312927246e-01
1.986145675182342529e-01
1.990545988082885742e-01
1.983539313077926636e-01
2.019009888172149658e-01
1.973468065261840820e-01
2.003015577793121338e-01
1.956070959568023682e-01
1.952131688594818115e-01
1.977685987949371338e-01
1.979217380285263062e-01
1.988254189491271973e-01
1.979445517063140869e-01
1.971228122711181641e-01
1.978412270545959473e-01
1.967395842075347900e-01
1.962247788906097412e-01
1.966624855995178223e-01
1.954417377710342407e-01
1.970751434564590454e-01
1.962151527404785156e-01
1.990331858396530151e-01
1.975769400596618652e-01
1.961439102888107300e-01
1.979033648967742920e-01
1.960016340017318726e-01
1.967674791812896729e-01
1.972154080867767334e-01
1.989087909460067749e-01
1.964114755392074585e-01
1.966445147991180420e-01
1.987179368734359741e-01
1.970932483673095703e-01
1.968933939933776855e-01
1.999700069427490234e-01
1.964853852987289429e-01
1.974258720874786377e-01
1.986239552497863770e-01
1.979523450136184692e-01
1.949957162141799927e-01
1.986152529716491699e-01
1.993269920349121094e-01
1.979214251041412354e-01
1.982957869768142700e-01
1.941451430320739746e-01
1.980492472648620605e-01
1.959307491779327393e-01
1.948581933975219727e-01
1.980082541704177856e-01
1.964471340179443359e-01
1.955292224884033203e-01
1.954375505447387695e-01
1.968076676130294800e-01
1.941945552825927734e-01
1.952295154333114624e-01
1.991209238767623901e-01
1.950854212045669556e-01
1.959751993417739868e-01
1.955295205116271973e-01
1.949401795864105225e-01
1.960198432207107544e-01
1.967026740312576294e-01
1.943213641643524170e-01
1.946197301149368286e-01
1.940553039312362671e-01
1.971632540225982666e-01
1.980817914009094238e-01
1.956459432840347290e-01
1.952578723430633545e-01
1.961361169815063477e-01
