1.705790178775787425e+00
1.349359078407287527e+00
1.197090101242065385e+00
1.106483628749847403e+00
1.067580488920211845e+00
9.984001362323761120e-01
9.593735253810882213e-01
8.265054363012314109e-01
8.162598127126693415e-01
7.791260612010956210e-01
7.658571135997772616e-01
7.891053885221481767e-01
7.642539435625076427e-01
7.500994515419006081e-01
6.235732603073119718e-01
6.305342748761176841e-01
6.408652362227439392e-01
6.348982378840446472e-01
6.364085808396339194e-01
6.542452192306518199e-01
6.265679121017455611e-01
4.948554566502570973e-01
4.948297032713890320e-01
5.196686226129532127e-01
5.074195364117621843e-01
5.095912051200867099e-01
5.291691815853118985e-01
5.405739149451256331e-01
4.128011479973793252e-01
4.125385648012161455e-01
4.130469867587089339e-01
4.151401624083518871e-01
4.274214100837707697e-01
4.267510628700256214e-01
4.368055757880210943e-01
3.508987823128700279e-01
3.473903700709343179e-01
3.493598014116287009e-01
3.560601329803466664e-01
3.565963903069496177e-01
3.624283391237259067e-01
3.721552976965904480e-01
3.131081819534301536e-01
3.080681836605071999e-01
3.111766842007637202e-01
3.145235596597194538e-01
3.171763321757316567e-01
3.271730312705040111e-01
3.246844321489333884e-01
2.933733731508255116e-01
2.886357404291629569e-01
2.904264886677265234e-01
2.919761270284652599e-01
2.995890778303146318e-01
3.018525537848472662e-01
3.084790894389152771e-01
1.077006687223911324e-01
1.791828071698546299e-01
2.071734141558408682e-01
1.933569086343049914e-01
1.781428093835711601e-01
1.783478894457221076e-01
1.682406541332602534e-01
9.703702445141970667e-02
1.014081184379756473e-01
1.034552692621946296e-01
1.109551599901169583e-01
1.058916485402733032e-01
1.251798324473202273e-01
1.226811917778104499e-01
7.206663309596478273e-02
6.290370124392211104e-02
7.462302948813885617e-02
9.039327765814959836e-02
9.019998715259135158e-02
9.664695643819869175e-02
8.493822353426366822e-02
8.563612352591007393e-02
8.280835417564957890e-02
7.569481625687331239e-02
8.229137836024165431e-02
8.431317150592804177e-02
7.996353090740740410e-02
1.026755189616233160e-01
5.898726704064756465e-02
5.171459983335807697e-02
6.216694151749834613e-02
6.959690072573720965e-02
7.699778368230908443e-02
9.234524268656968404e-02
8.699589106254279613e-02
5.688090037205256744e-02
5.720841242931783144e-02
7.165342941530980503e-02
7.564366752747446465e-02
7.451017537619918085e-02
7.934591958764940223e-02
8.401920827105641143e-02
5.723292222945019353e-02
5.944184322142973681e-02
6.042465443722903895e-02
7.423476845957338588e-02
7.575337556190789301e-02
6.197452852502464971e-02
7.924592867027968612e-02
