6.805311304330825539e-01
3.396989016234874814e-01
2.915618127584457264e-01
2.688653787970542997e-01
2.363653503358364161e-01
2.332052377611398830e-01
2.313071359694004181e-01
2.231272203475236915e-01
2.162211059033870564e-01
2.050372324883937836e-01
2.050035898387431998e-01
1.981511137634515696e-01
1.981772319227456947e-01
2.000994844734668709e-01
1.958587712794542246e-01
1.876253823190927594e-01
1.864514227211475361e-01
1.975629775226116214e-01
1.835978279262781010e-01
1.827274644374847490e-01
1.753264452517032668e-01
1.782406592369079612e-01
1.761048144847154606e-01
1.801054926961660474e-01
1.735782793909311228e-01
1.776969370245933544e-01
1.752610068768262752e-01
1.616128896921873170e-01
1.630476100742817014e-01
1.636389654502272695e-01
1.628608646243810687e-01
1.693736284226179112e-01
1.658056616783142034e-01
1.787979524582624380e-01
1.653419885039329462e-01
1.726553623378276892e-01
1.926330713555216845e-01
2.018433021754026391e-01
1.967821623384952423e-01
2.115580580756068196e-01
1.804859422519803080e-01
1.741882991418242377e-01
1.853000682592391979e-01
1.649238057062029916e-01
1.942859522253274907e-01
1.291130791418254320e-01
1.362713604792952504e-01
1.440635750442743335e-01
1.349435688555240542e-01
1.314205490425228995e-01
1.323579339683055855e-01
1.325421109423041421e-01
1.462909975089132786e-01
1.272452275082469053e-01
1.019397011026740019e-01
9.871565943583845981e-02
1.095176770910620684e-01
1.103547134250402462e-01
1.101255677640438080e-01
1.116903369314968530e-01
1.059246541559696192e-01
1.110534226614981884e-01
1.095467594079673340e-01
8.278109399601817076e-02
8.070804806426166988e-02
7.507090853527188801e-02
8.044856515713036393e-02
7.407823044806718937e-02
8.390353711321950347e-02
9.830366881564259196e-02
8.626206994988024068e-02
9.704194227233528536e-02
6.430074362084269024e-02
6.786822990514337905e-02
5.874018408358096938e-02
6.553417297545820197e-02
6.212981624063104724e-02
8.022614424116909781e-02
8.315982485655695755e-02
7.307021690998226349e-02
7.336059800349176152e-02
5.005673133768141075e-02
4.823823280865326829e-02
5.366725276224314917e-02
5.870707154739648187e-02
5.664278377778828033e-02
5.877383155282586702e-02
7.055196078494191392e-02
6.309339120984076843e-02
7.290752626024187000e-02
4.191468350123614406e-02
4.153138535213656696e-02
4.196944757248274871e-02
4.728384242975153251e-02
4.020278073614463182e-02
4.957291699713096272e-02
5.352249496150762037e-02
5.751778997480869182e-02
6.677645465941167702e-02
3.324508279329165678e-02
3.623161961091682370e-02
4.286982355639338410e-02
3.963380798697471730e-02
3.780380585463717635e-02
4.865985152777284328e-02
4.625267008785158285e-02
5.468273391947150314e-02
4.776620477670803777e-02
3.795167677104473170e-02
3.256731316098011864e-02
4.638323691411642274e-02
3.449302181252278388e-02
3.740091421699617141e-02
4.520014900830574001e-02
4.349361911881714782e-02
3.499215076561085908e-02
5.022321937838569034e-02
3.248242137575289151e-02
3.001346391087281532e-02
2.899881158598873257e-02
3.785203111823648436e-02
3.685133577324450210e-02
3.713852168701123335e-02
4.730209431494586392e-02
4.368449663277715334e-02
4.596766007540281640e-02
2.743484426988288677e-02
3.794680076534859975e-02
2.868060307169798678e-02
2.868035190156660932e-02
2.435935123474337188e-02
3.223339655203744797e-02
3.761002754676155690e-02
4.758133064839057541e-02
3.549664881953504270e-02
