6.853108502924442069e-01
3.326769055426120891e-01
2.532475879043340483e-01
2.202856481075286810e-01
1.898700211942195848e-01
1.673033190518617708e-01
1.669460339844226759e-01
1.535987804830074299e-01
1.392449193820357312e-01
1.198620377853512747e-01
1.217482596635818537e-01
1.151148105412721639e-01
1.058461404964327751e-01
1.044616285338997863e-01
1.062620124593377097e-01
9.927657511085272168e-02
9.713559001684188288e-02
1.062864593043923445e-01
8.726068641990422647e-02
8.286498993635177390e-02
8.368041511625051720e-02
8.206994002684950273e-02
7.976056445389985428e-02
7.952628111466765459e-02
8.022910756990313252e-02
7.719091285020113213e-02
8.058917524293064683e-02
6.212282601743936844e-02
6.273531835526227618e-02
6.730570852756499745e-02
6.513885449618100898e-02
7.127320801839232001e-02
7.004515022039413397e-02
7.338986713439225873e-02
6.388703159987926816e-02
7.118966344743966890e-02
5.769062057137488986e-02
5.692751783877611493e-02
5.513535581529140778e-02
5.689697237685322623e-02
5.467146690934896608e-02
5.852246798574924774e-02
5.851432470604777530e-02
5.554290773347020371e-02
6.701245475560427267e-02
4.755022903904318476e-02
4.889928008429705875e-02
4.952528540045023075e-02
5.217592280358076401e-02
5.175662221387028472e-02
4.987706841900944876e-02
5.286023084074258777e-02
5.602203361690044625e-02
5.065294576808810484e-02
4.500315241515636527e-02
4.463448578491806956e-02
4.456201383844018288e-02
4.269133106805383937e-02
4.812630718573927824e-02
4.637898901477455899e-02
4.821452431380748860e-02
4.611897714436054285e-02
4.896779389120638204e-02
4.469476194120943630e-02
4.137701098807156086e-02
4.276314776390791050e-02
4.160994101315736854e-02
4.023898711428046393e-02
4.482084401883185132e-02
4.709418687969445932e-02
4.815586147829890168e-02
4.604426994919776778e-02
4.127063775435090009e-02
3.767979831434786070e-02
3.762796666473150475e-02
3.997660079970955654e-02
3.979368202388286480e-02
3.816921599209308763e-02
3.827185711823404002e-02
4.166869141161441692e-02
4.297976927831768934e-02
3.544315353967249227e-02
3.598212156444788312e-02
3.554988132789731192e-02
3.720004290342331099e-02
3.576800161972641667e-02
3.594528074376285298e-02
3.855808280408382083e-02
3.994136127643287126e-02
4.202245322987437082e-02
1.578661512676626522e-01
1.675137839280068930e-01
1.578995313495397679e-01
1.551207702979445491e-01
1.612160415761172694e-01
1.408481829985976097e-01
1.414355632290243969e-01
1.419707189127802915e-01
1.355387126095592976e-01
9.278421317227185383e-02
1.020057442784309404e-01
1.015894017368555030e-01
9.891886720433831770e-02
9.608023838605732336e-02
1.098886831477284415e-01
9.867291136644780469e-02
1.028554267622530521e-01
1.025651627220213469e-01
6.522679165005683399e-02
6.805860719643533341e-02
8.136347929015755320e-02
7.834317733533679995e-02
7.125129668973385899e-02
7.643984908238053710e-02
8.118572485633195057e-02
8.378291093744337503e-02
7.957012698054313771e-02
5.265278405509889181e-02
5.054444108158349935e-02
5.468067591777071162e-02
6.489293121267110387e-02
5.320447056554258175e-02
5.927135609090328217e-02
6.194402471650391900e-02
7.062260529026388733e-02
7.196958349552005918e-02
4.171615032246336202e-02
4.522889204323291695e-02
3.908797570504247976e-02
4.373674855683930274e-02
4.421337399166077459e-02
4.927604768658056661e-02
4.630847877124324302e-02
4.809761372976936733e-02
5.783661427674815364e-02
