1.735155153274536177e+00
1.376067681312560964e+00
1.209161949157714799e+00
1.063074526786804253e+00
9.898123848438262762e-01
9.309931272268294755e-01
8.695511537790298062e-01
7.450394582748413042e-01
7.058070504665374667e-01
6.896980845928192272e-01
7.045590347051620128e-01
6.771424186229705322e-01
6.654674494266510365e-01
6.594269064068793984e-01
5.027095845341682523e-01
4.922622492909431435e-01
5.148872977495193570e-01
5.149916028976440074e-01
4.934885630011558444e-01
4.940298968553543113e-01
5.290601083636283786e-01
3.267853923141956218e-01
3.346354150772094527e-01
3.441309440135955633e-01
3.595394106209278129e-01
3.618483617901802063e-01
3.643283241987228527e-01
3.855308480560779572e-01
2.252787134051322804e-01
2.286287602782249573e-01
2.216029755771160015e-01
2.426613730937242641e-01
2.483939956128597137e-01
2.556624880433082669e-01
2.732137627899646759e-01
1.776217023283243046e-01
1.726665599644184035e-01
1.664503309875726700e-01
1.828290197998285183e-01
1.901935926079749983e-01
1.865115980058908440e-01
1.941731219738721814e-01
1.486978088319301505e-01
1.419186270982027154e-01
1.428030324727296851e-01
1.469313798099756152e-01
1.416021193936467248e-01
1.518862901628017514e-01
1.669189038127660840e-01
1.306306651979684819e-01
1.260902946442365724e-01
1.326803249865770307e-01
1.388072171807289146e-01
1.357161554694175654e-01
1.362727880477905273e-01
1.411389402300119444e-01
1.128341539204120586e-01
1.459104282688349352e-01
1.396113755553960722e-01
1.556034882925450835e-01
1.594587539508938723e-01
1.617985817044973462e-01
1.650505495071411255e-01
9.012671580538153537e-02
1.105408725701272493e-01
1.112083178944885675e-01
1.110374913364648858e-01
1.199484314210712971e-01
1.026627409970387872e-01
1.076642368920147363e-01
7.765768338460475595e-02
8.291674601379782350e-02
9.015711030922829439e-02
8.732392267324030899e-02
1.118934448435902618e-01
1.037041017925366820e-01
9.710556744597852175e-02
5.822541948058642530e-02
6.569221837446093115e-02
7.857251417357474788e-02
6.615599376149475241e-02
6.864732345100492406e-02
7.034721384756266460e-02
1.033604392944835193e-01
6.820150356274097547e-02
8.699911539442836683e-02
7.347996761091053763e-02
7.715202889870852176e-02
7.423550638370216004e-02
8.520958338398486320e-02
8.568070320412517205e-02
7.102285441476852146e-02
6.048657000996172234e-02
8.274091544328257553e-02
9.345886835828423611e-02
8.276771510019897971e-02
7.231894367840141502e-02
9.303719263523817229e-02
5.110649808542802597e-02
6.862204090226441122e-02
5.891675543040036933e-02
8.129629564704372868e-02
7.596865364350378902e-02
6.347966882400214728e-02
8.309343909262680017e-02
