1.036474612951278740e+00
6.546670562028884532e-01
5.128360927104950173e-01
4.303969261050224482e-01
3.747630482912063798e-01
3.402625367045402638e-01
3.310181982815265656e-01
2.795570276677608601e-01
2.643467058241367185e-01
2.636087453365326128e-01
2.664938941597938538e-01
2.634922246634960330e-01
2.564336766302585668e-01
2.585628490149974867e-01
2.145810516178607852e-01
2.047359505295753557e-01
2.200086630880832561e-01
2.106256677210330830e-01
2.118868868052959376e-01
2.189560130238533131e-01
2.102386181056499492e-01
1.811617417633533400e-01
1.809363014996051844e-01
1.779342851042747531e-01
1.768121775984764221e-01
1.825636400282382998e-01
1.818851640820503268e-01
1.854735684394836492e-01
1.560380212962627355e-01
1.575378464162349723e-01
1.557752630859613463e-01
1.641123208403587330e-01
1.643625752627849712e-01
1.648451020568609260e-01
1.631560428440570754e-01
1.408748412877321166e-01
1.446531661599874397e-01
1.459099857509136289e-01
1.481901486217975517e-01
1.506242194771766629e-01
1.447114203125238474e-01
1.532397048175334897e-01
1.375973709672689560e-01
1.375057198107242640e-01
1.382965337485075052e-01
1.408770016580820073e-01
1.402770346403121871e-01
1.478095635771751459e-01
1.448635718226432834e-01
1.328347640484571490e-01
1.274094241112470605e-01
1.303843132406473093e-01
1.346289826929569222e-01
1.342469957470893982e-01
1.367550231516361237e-01
1.354416854679584559e-01
1.258034228533506382e-01
1.246656354516744586e-01
1.269275646656751744e-01
1.275941333174705483e-01
1.270518627762794450e-01
1.303655809164047108e-01
1.320078694820404075e-01
1.227061850577592789e-01
1.203608272969722698e-01
1.196453119814395866e-01
1.230620023608207658e-01
1.252213122695684522e-01
1.280625222623348325e-01
1.244061258435249367e-01
1.194580110907554615e-01
1.198973675072193129e-01
1.177994809299707374e-01
1.200682774931192409e-01
1.197534851729869787e-01
1.218510172516107520e-01
1.195003273338079430e-01
1.166713641583919520e-01
1.117953720688819874e-01
1.160958871990442343e-01
1.170289025455713283e-01
1.171090616285800912e-01
1.192433520406484537e-01
1.157387548685073902e-01
1.133221373707056084e-01
1.137829133868217407e-01
1.126555522531270948e-01
1.133491716533899241e-01
1.153556858748197578e-01
1.178014145046472616e-01
1.159584864228963841e-01
6.513903242349624589e-01
6.325889062881470126e-01
5.758206161856651573e-01
5.540930366516113592e-01
5.404450306296348927e-01
5.185753542184829978e-01
4.971905952692031727e-01
2.509428960084915117e-01
2.447183268517255650e-01
2.389676114171743471e-01
2.466839408874511586e-01
2.712343505769967966e-01
2.577805697172880217e-01
2.580670417845249420e-01
