5.655269864201545316e-01
3.134241853654384791e-01
2.497995695471763589e-01
2.202394653856754314e-01
2.075762942433357350e-01
2.072228726744651806e-01
1.966348750889301278e-01
1.811971040070056993e-01
1.802284777164459284e-01
1.792473475635051605e-01
1.796844682097434864e-01
1.775114765763282643e-01
1.779034107923507801e-01
1.735985393822193079e-01
1.673154355585575181e-01
1.687652663886547166e-01
1.682160054147243400e-01
1.618895199894904990e-01
1.641070528328418821e-01
1.656830295920372065e-01
1.655494230985641579e-01
1.210921115279197657e+00
1.053198587894439653e+00
9.387030953168868930e-01
9.035977053642273438e-01
8.880534756183624534e-01
8.418598085641860740e-01
8.231035870313644365e-01
6.229455876350402654e-01
6.086231103539466725e-01
5.973303893208503634e-01
5.984313699603081016e-01
6.110106831789017257e-01
5.883439794182777627e-01
5.999436137080192966e-01
3.813415601849555747e-01
3.852261731028556735e-01
4.022882793843746141e-01
4.241297441720962569e-01
4.128471490740776018e-01
4.296074813604354725e-01
4.215437103807926356e-01
2.402654363960027573e-01
2.450841284543275878e-01
2.521989842504263057e-01
2.573156192898750083e-01
2.693275720626115977e-01
2.852613418549299062e-01
2.958290070295334084e-01
1.600253894552588485e-01
1.591957633569836550e-01
1.697058522701263561e-01
1.591433074697852224e-01
1.873319572955370049e-01
2.043684269487857919e-01
1.927837599813938263e-01
1.288023697026073888e-01
1.075900006853044016e-01
1.203389469161629671e-01
1.236589749343693229e-01
1.393911090493202276e-01
1.484340323507785664e-01
1.447824116982519560e-01
1.004243558179587076e-01
8.597588819451630615e-02
1.021603306196629951e-01
1.238782460056245260e-01
1.115287071838974992e-01
1.155435472726821927e-01
1.175395865365862907e-01
8.536953344941139443e-02
8.018564099445939231e-02
8.164594274945556618e-02
9.337660137563943974e-02
9.774709630757570655e-02
1.117533377651125232e-01
1.266916070226579982e-01
8.138903947547078410e-02
6.853010905906557759e-02
7.743740416131913995e-02
7.771214093547314239e-02
8.667535450309514500e-02
9.349247955717146508e-02
1.004835357144475000e-01
7.644572369754314145e-02
6.302190184593201017e-02
5.622751636430620842e-02
8.398468079511076101e-02
7.565200651530176734e-02
8.370809148997068738e-02
9.555372647941112740e-02
8.295197753235697413e-02
7.310073173139244873e-02
7.489644023589789312e-02
5.897922210395336456e-02
8.468386738095431965e-02
8.315279411152004529e-02
9.128197426907717904e-02
6.009216263424604909e-02
7.779762809397652856e-02
7.604104490019381046e-02
6.595010468969121631e-02
8.374212116003036666e-02
8.671018741093576565e-02
8.241056314203888677e-02
