9.661785364151000977e-01
9.585451483726501465e-01
9.507861137390136719e-01
9.418872594833374023e-01
9.332100749015808105e-01
9.237719178199768066e-01
9.103245139122009277e-01
8.981716632843017578e-01
8.820037841796875000e-01
8.667640686035156250e-01
8.465353250503540039e-01
8.255041837692260742e-01
8.034626841545104980e-01
7.810680270195007324e-01
7.568521499633789062e-01
7.296829223632812500e-01
7.019636631011962891e-01
6.702811717987060547e-01
6.405120491981506348e-01
6.182882189750671387e-01
5.968200564384460449e-01
5.933529734611511230e-01
5.755072832107543945e-01
5.693940520286560059e-01
5.514120459556579590e-01
5.596117377281188965e-01
5.575890541076660156e-01
5.544015169143676758e-01
5.414316058158874512e-01
5.266214609146118164e-01
5.135890245437622070e-01
5.295074582099914551e-01
5.080133676528930664e-01
4.997033476829528809e-01
5.054412484169006348e-01
4.963762760162353516e-01
4.935645759105682373e-01
4.898637831211090088e-01
4.879073500633239746e-01
4.897560179233551025e-01
4.778553843498229980e-01
4.713094830513000488e-01
4.748493134975433350e-01
4.692004024982452393e-01
4.651674032211303711e-01
4.572763442993164062e-01
4.519267678260803223e-01
4.474040269851684570e-01
4.435979425907135010e-01
4.520386159420013428e-01
4.501816332340240479e-01
4.468657076358795166e-01
4.336538016796112061e-01
4.557085931301116943e-01
4.334833025932312012e-01
4.352380931377410889e-01
4.227896630764007568e-01
4.283854067325592041e-01
4.227501153945922852e-01
4.217040836811065674e-01
4.284625351428985596e-01
4.175805747509002686e-01
4.167188405990600586e-01
4.150714874267578125e-01
4.138656258583068848e-01
4.166976809501647949e-01
4.121225774288177490e-01
4.090362787246704102e-01
4.059873819351196289e-01
4.063563346862792969e-01
4.063756763935089111e-01
4.026577770709991455e-01
3.992016017436981201e-01
3.971486091613769531e-01
3.991594910621643066e-01
3.934057950973510742e-01
3.942360281944274902e-01
3.897134661674499512e-01
3.914825320243835449e-01
3.971486389636993408e-01
3.887882828712463379e-01
3.947936594486236572e-01
3.865371942520141602e-01
3.800228834152221680e-01
3.851452469825744629e-01
3.808142840862274170e-01
3.802352249622344971e-01
3.830155134201049805e-01
3.793413937091827393e-01
3.776995539665222168e-01
3.811404407024383545e-01
3.749385774135589600e-01
3.752251565456390381e-01
3.768489956855773926e-01
3.731304407119750977e-01
3.756369352340698242e-01
3.732662200927734375e-01
3.730847835540771484e-01
3.683207929134368896e-01
3.679812252521514893e-01
3.675464987754821777e-01
3.656570613384246826e-01
3.645415306091308594e-01
3.665715456008911133e-01
3.690829873085021973e-01
3.648493885993957520e-01
3.664393424987792969e-01
3.623093962669372559e-01
3.683180809020996094e-01
3.616905212402343750e-01
3.599171638488769531e-01
3.579177856445312500e-01
3.587987124919891357e-01
3.605522513389587402e-01
3.551722168922424316e-01
3.567680120468139648e-01
3.592078685760498047e-01
3.562258780002593994e-01
3.528987765312194824e-01
3.571836948394775391e-01
3.510204255580902100e-01
3.545313179492950439e-01
3.490815460681915283e-01
3.474299013614654541e-01
3.507879078388214111e-01
3.605345487594604492e-01
3.498309552669525146e-01
3.488203585147857666e-01
3.475008308887481689e-01
3.529438376426696777e-01
3.484997153282165527e-01
3.497978746891021729e-01
3.444525301456451416e-01
3.448706865310668945e-01
3.455905914306640625e-01
3.434735536575317383e-01
3.419980704784393311e-01
3.393334150314331055e-01
3.418991863727569580e-01
3.399025499820709229e-01
3.392024040222167969e-01
3.399875164031982422e-01
3.390015661716461182e-01
3.396379947662353516e-01
3.394884765148162842e-01
3.385218381881713867e-01
3.335419893264770508e-01
3.344406485557556152e-01
3.360104560852050781e-01
3.346849381923675537e-01
3.297424316406250000e-01
3.316903412342071533e-01
3.323645293712615967e-01
3.303441703319549561e-01
3.298148810863494873e-01
3.296788632869720459e-01
3.353919088840484619e-01
3.273696601390838623e-01
3.325907588005065918e-01
3.313868939876556396e-01
3.291641771793365479e-01
3.566944599151611328e-01
3.246619701385498047e-01
3.276975154876708984e-01
3.225957155227661133e-01
3.270280361175537109e-01
3.231768012046813965e-01
3.260322511196136475e-01
3.257651329040527344e-01
3.250682055950164795e-01
3.221409320831298828e-01
3.251501619815826416e-01
3.195969760417938232e-01
3.252817392349243164e-01
3.205278217792510986e-01
3.199560344219207764e-01
3.206910192966461182e-01
3.181982636451721191e-01
3.203140199184417725e-01
3.219763934612274170e-01
3.190501034259796143e-01
3.174970746040344238e-01
3.168899118900299072e-01
3.152219355106353760e-01
3.150754868984222412e-01
3.183746039867401123e-01
3.155806362628936768e-01
3.128163814544677734e-01
3.161249160766601562e-01
3.116365075111389160e-01
3.096806704998016357e-01
3.163836598396301270e-01
3.110064566135406494e-01
3.120230436325073242e-01
3.099825084209442139e-01
3.114965558052062988e-01
3.150687515735626221e-01
3.078712821006774902e-01
3.083678483963012695e-01
3.103242814540863037e-01
3.081628680229187012e-01
3.095169961452484131e-01
3.071937859058380127e-01
3.088858723640441895e-01
3.045306205749511719e-01
3.063732683658599854e-01
3.043915927410125732e-01
3.054350018501281738e-01
3.060256242752075195e-01
3.027448654174804688e-01
3.058161735534667969e-01
3.021419644355773926e-01
3.039868772029876709e-01
3.042575716972351074e-01
3.043347001075744629e-01
3.014215230941772461e-01
3.021645843982696533e-01
2.983121871948242188e-01
2.990730404853820801e-01
2.987780570983886719e-01
2.977346181869506836e-01
3.007728159427642822e-01
3.013070523738861084e-01
3.001205325126647949e-01
2.983646392822265625e-01
2.960691452026367188e-01
2.963830828666687012e-01
3.009817302227020264e-01
2.952309846878051758e-01
2.953594624996185303e-01
2.946416735649108887e-01
2.948629856109619141e-01
2.957119941711425781e-01
2.875999212265014648e-01
2.918570041656494141e-01
2.934777140617370605e-01
2.948316037654876709e-01
2.962450385093688965e-01
2.925251126289367676e-01
2.907150089740753174e-01
2.924340963363647461e-01
2.927810847759246826e-01
2.905847728252410889e-01
2.900975346565246582e-01
2.857153713703155518e-01
2.896994650363922119e-01
2.895959615707397461e-01
2.893101871013641357e-01
2.868214547634124756e-01
2.881128489971160889e-01
2.856842875480651855e-01
2.918063402175903320e-01
2.837283909320831299e-01
2.844437062740325928e-01
2.885978519916534424e-01
2.859919071197509766e-01
2.852742373943328857e-01
2.835858166217803955e-01
2.842449247837066650e-01
2.845440506935119629e-01
2.829035520553588867e-01
2.843425273895263672e-01
2.824786007404327393e-01
2.833707034587860107e-01
2.818963527679443359e-01
2.786539196968078613e-01
2.836205065250396729e-01
2.837205827236175537e-01
2.806178927421569824e-01
2.816295921802520752e-01
2.799153923988342285e-01
2.800697684288024902e-01
2.827810049057006836e-01
2.810694277286529541e-01
2.794509232044219971e-01
2.759554386138916016e-01
2.819442451000213623e-01
2.754871845245361328e-01
2.755660712718963623e-01
2.787091135978698730e-01
2.777241766452789307e-01
2.758961915969848633e-01
2.749739587306976318e-01
2.774762809276580811e-01
2.746591269969940186e-01
2.726760506629943848e-01
2.742910385131835938e-01
2.754371762275695801e-01
2.749307751655578613e-01
2.724106013774871826e-01
2.688495516777038574e-01
2.759465277194976807e-01
2.737451791763305664e-01
2.717992067337036133e-01
2.717760205268859863e-01
2.675983607769012451e-01
2.704181671142578125e-01
2.709041237831115723e-01
2.702503502368927002e-01
2.704780101776123047e-01
2.929418385028839111e-01
2.916370332241058350e-01
2.928647696971893311e-01
2.933457791805267334e-01
2.901518642902374268e-01
2.891738712787628174e-01
2.892521619796752930e-01
2.907718122005462646e-01
2.861503064632415771e-01
2.889482975006103516e-01
2.854289114475250244e-01
2.928974628448486328e-01
2.847355604171752930e-01
2.880052626132965088e-01
2.863722741603851318e-01
2.876880168914794922e-01
2.857979238033294678e-01
2.877203226089477539e-01
2.853561043739318848e-01
2.964940071105957031e-01
2.863848805427551270e-01
2.827692031860351562e-01
2.854135930538177490e-01
2.873042225837707520e-01
2.816013097763061523e-01
2.844327390193939209e-01
2.829091548919677734e-01
2.811612784862518311e-01
2.826324105262756348e-01
2.821279764175415039e-01
2.813739776611328125e-01
2.810904383659362793e-01
2.786238789558410645e-01
2.834746539592742920e-01
2.816070318222045898e-01
2.813522517681121826e-01
2.819853127002716064e-01
2.818520069122314453e-01
2.786521315574645996e-01
2.808021008968353271e-01
2.769425809383392334e-01
2.764132618904113770e-01
2.802635729312896729e-01
2.797628045082092285e-01
2.724457979202270508e-01
2.753475308418273926e-01
2.780918776988983154e-01
2.722876667976379395e-01
2.800465822219848633e-01
2.760176956653594971e-01
2.787127792835235596e-01
2.780973017215728760e-01
2.725356221199035645e-01
2.739889323711395264e-01
2.751992344856262207e-01
2.713676691055297852e-01
2.759233117103576660e-01
2.683192193508148193e-01
2.704616487026214600e-01
2.698130607604980469e-01
2.706747055053710938e-01
2.724263966083526611e-01
2.725734114646911621e-01
2.725619673728942871e-01
2.720941305160522461e-01
2.721770107746124268e-01
2.714982032775878906e-01
2.691665589809417725e-01
2.685176730155944824e-01
2.714482843875885010e-01
2.706758677959442139e-01
2.684253454208374023e-01
2.702241837978363037e-01
2.672861814498901367e-01
2.657813131809234619e-01
2.666999697685241699e-01
2.666872441768646240e-01
2.670031487941741943e-01
2.698360085487365723e-01
2.651743292808532715e-01
2.652839720249176025e-01
2.675523757934570312e-01
2.644393146038055420e-01
2.653667628765106201e-01
2.676970064640045166e-01
2.631808817386627197e-01
2.684580385684967041e-01
2.647097110748291016e-01
2.628356516361236572e-01
2.614928781986236572e-01
2.628851830959320068e-01
2.625343203544616699e-01
2.627427577972412109e-01
2.612211406230926514e-01
2.618437111377716064e-01
2.648170590400695801e-01
2.605502307415008545e-01
2.630403041839599609e-01
2.605368196964263916e-01
2.597694694995880127e-01
2.606484591960906982e-01
2.595917284488677979e-01
2.620170414447784424e-01
2.614582180976867676e-01
2.607703208923339844e-01
2.552805542945861816e-01
2.597797214984893799e-01
2.595813274383544922e-01
2.598473429679870605e-01
2.604869902133941650e-01
2.582780122756958008e-01
2.604883611202239990e-01
2.590883374214172363e-01
2.579653263092041016e-01
2.572090625762939453e-01
2.604721486568450928e-01
2.569371759891510010e-01
2.583965957164764404e-01
2.548688948154449463e-01
2.584154009819030762e-01
2.542784214019775391e-01
2.551738321781158447e-01
2.573800981044769287e-01
2.583523988723754883e-01
2.602184116840362549e-01
2.572496533393859863e-01
2.563799023628234863e-01
2.544271349906921387e-01
2.544125616550445557e-01
2.538196146488189697e-01
2.561542689800262451e-01
2.561885118484497070e-01
2.530535459518432617e-01
2.529612183570861816e-01
2.552146613597869873e-01
2.503314912319183350e-01
2.530040144920349121e-01
2.517973482608795166e-01
2.499866932630538940e-01
2.534757554531097412e-01
2.520957291126251221e-01
2.542173266410827637e-01
2.528823018074035645e-01
2.487386018037796021e-01
2.543383538722991943e-01
2.527360916137695312e-01
2.526178359985351562e-01
2.507398128509521484e-01
2.503827214241027832e-01
2.519038617610931396e-01
2.496708631515502930e-01
2.503037452697753906e-01
2.472945302724838257e-01
2.499752193689346313e-01
2.476020902395248413e-01
2.502639889717102051e-01
2.488911598920822144e-01
2.505686581134796143e-01
2.490800023078918457e-01
2.516198158264160156e-01
2.493789494037628174e-01
2.497996240854263306e-01
2.478608936071395874e-01
2.495996356010437012e-01
2.471212148666381836e-01
2.494389712810516357e-01
2.503843009471893311e-01
2.498936653137207031e-01
2.468132525682449341e-01
2.469934821128845215e-01
2.472076416015625000e-01
2.462400346994400024e-01
2.467088252305984497e-01
2.451824843883514404e-01
2.488992363214492798e-01
2.463606148958206177e-01
2.452003806829452515e-01
2.454220801591873169e-01
2.440183162689208984e-01
2.426571696996688843e-01
2.469124197959899902e-01
2.458750158548355103e-01
2.445855736732482910e-01
2.427395582199096680e-01
2.442322969436645508e-01
2.456271499395370483e-01
2.432525157928466797e-01
2.437132745981216431e-01
2.464508861303329468e-01
2.435026466846466064e-01
2.433764189481735229e-01
2.470815330743789673e-01
2.414922118186950684e-01
2.439575493335723877e-01
2.435461878776550293e-01
2.428514510393142700e-01
2.436021715402603149e-01
2.409332096576690674e-01
2.406705766916275024e-01
2.433879822492599487e-01
2.372767776250839233e-01
2.445168942213058472e-01
2.411780506372451782e-01
2.395194917917251587e-01
2.422762811183929443e-01
2.398151010274887085e-01
2.411484569311141968e-01
2.404246032238006592e-01
2.393388301134109497e-01
2.427395880222320557e-01
2.395965009927749634e-01
2.431266307830810547e-01
2.428465634584426880e-01
2.413012832403182983e-01
2.417032569646835327e-01
2.398325949907302856e-01
2.385136187076568604e-01
2.411988079547882080e-01
2.413821369409561157e-01
2.393684387207031250e-01
2.401207834482192993e-01
2.409397363662719727e-01
2.391014397144317627e-01
2.381875663995742798e-01
2.388361990451812744e-01
2.377001792192459106e-01
2.381886690855026245e-01
2.392245233058929443e-01
2.392266094684600830e-01
2.391480207443237305e-01
2.377553284168243408e-01
2.375712990760803223e-01
2.379944920539855957e-01
2.371769398450851440e-01
2.407497763633728027e-01
2.396333366632461548e-01
2.375107109546661377e-01
2.394447922706604004e-01
2.386865317821502686e-01
2.386937439441680908e-01
2.354145199060440063e-01
2.374053448438644409e-01
2.385600954294204712e-01
2.410680502653121948e-01
2.355945557355880737e-01
2.391802817583084106e-01
2.360548675060272217e-01
2.374785989522933960e-01
2.340416163206100464e-01
2.364734411239624023e-01
2.385039031505584717e-01
2.366605401039123535e-01
2.379251569509506226e-01
2.345205545425415039e-01
2.367040067911148071e-01
2.358268648386001587e-01
2.347252517938613892e-01
2.355781942605972290e-01
2.385947257280349731e-01
2.358134388923645020e-01
2.390419989824295044e-01
2.352447807788848877e-01
2.370698302984237671e-01
2.343637794256210327e-01
2.356587797403335571e-01
2.352216839790344238e-01
2.335907220840454102e-01
2.354888617992401123e-01
2.350227534770965576e-01
2.349770367145538330e-01
2.312282621860504150e-01
2.366421371698379517e-01
2.362597733736038208e-01
2.347196489572525024e-01
2.346390932798385620e-01
2.331835478544235229e-01
2.319597303867340088e-01
2.349989861249923706e-01
2.359717041254043579e-01
2.329485267400741577e-01
2.308518141508102417e-01
2.317904680967330933e-01
2.352798879146575928e-01
2.342428416013717651e-01
2.323528379201889038e-01
2.343564629554748535e-01
2.337053567171096802e-01
2.340543121099472046e-01
2.320700287818908691e-01
2.322881519794464111e-01
2.335277795791625977e-01
2.329413145780563354e-01
2.326810508966445923e-01
2.333492338657379150e-01
2.323370724916458130e-01
2.341316640377044678e-01
2.346245795488357544e-01
2.332878112792968750e-01
2.314135879278182983e-01
2.342449426651000977e-01
2.312426567077636719e-01
2.310947775840759277e-01
2.290511578321456909e-01
2.309632748365402222e-01
2.295857220888137817e-01
2.353690415620803833e-01
2.305416613817214966e-01
2.321477681398391724e-01
2.303521186113357544e-01
2.280483990907669067e-01
2.321418523788452148e-01
2.288996577262878418e-01
2.316608279943466187e-01
2.307927608489990234e-01
2.315716743469238281e-01
2.315827906131744385e-01
2.321865558624267578e-01
2.318149656057357788e-01
2.290867865085601807e-01
2.331904023885726929e-01
2.295497655868530273e-01
2.313715368509292603e-01
2.294116020202636719e-01
2.291706651449203491e-01
2.320756018161773682e-01
2.286924123764038086e-01
2.280605286359786987e-01
2.292052656412124634e-01
2.307719439268112183e-01
2.299725115299224854e-01
2.299232780933380127e-01
2.256080061197280884e-01
2.259536534547805786e-01
2.264760881662368774e-01
2.276672720909118652e-01
2.300888597965240479e-01
2.286405265331268311e-01
2.294494807720184326e-01
2.295002341270446777e-01
2.286796718835830688e-01
2.277671992778778076e-01
2.307543605566024780e-01
2.308245301246643066e-01
2.310546189546585083e-01
2.265584319829940796e-01
2.298631221055984497e-01
2.288300842046737671e-01
2.273586243391036987e-01
2.261606603860855103e-01
2.242970019578933716e-01
2.260720878839492798e-01
2.276842594146728516e-01
2.233557850122451782e-01
2.269607931375503540e-01
2.272978425025939941e-01
2.292223870754241943e-01
2.232836335897445679e-01
2.257579714059829712e-01
2.267396450042724609e-01
2.261479049921035767e-01
2.274246513843536377e-01
2.287733703851699829e-01
2.230785340070724487e-01
2.266689836978912354e-01
2.238801419734954834e-01
2.265541851520538330e-01
2.266694158315658569e-01
2.244708538055419922e-01
2.243607342243194580e-01
2.262410074472427368e-01
2.264340370893478394e-01
2.265604287385940552e-01
2.247979938983917236e-01
2.260737419128417969e-01
2.275462746620178223e-01
2.226533740758895874e-01
2.284984439611434937e-01
2.250852584838867188e-01
2.247947007417678833e-01
2.261760830879211426e-01
2.246410697698593140e-01
2.262184768915176392e-01
2.275253385305404663e-01
2.252071350812911987e-01
2.240768820047378540e-01
2.263363450765609741e-01
2.247551232576370239e-01
2.237029373645782471e-01
2.275695949792861938e-01
2.269981801509857178e-01
2.257561832666397095e-01
2.253766059875488281e-01
2.270476073026657104e-01
2.275644987821578979e-01
2.233674079179763794e-01
2.244204729795455933e-01
2.240449786186218262e-01
2.228451073169708252e-01
2.271637022495269775e-01
2.250152230262756348e-01
2.222907841205596924e-01
2.249490916728973389e-01
2.222710847854614258e-01
2.221289426088333130e-01
2.200698256492614746e-01
2.258763164281845093e-01
2.227315306663513184e-01
2.227135598659515381e-01
2.235450744628906250e-01
2.225762158632278442e-01
2.215862125158309937e-01
2.225423902273178101e-01
2.214554399251937866e-01
2.212975472211837769e-01
2.219551503658294678e-01
2.212040126323699951e-01
2.223610132932662964e-01
2.227808982133865356e-01
2.208190709352493286e-01
2.234755009412765503e-01
2.218122780323028564e-01
2.206523269414901733e-01
2.203670740127563477e-01
2.203081697225570679e-01
2.257004976272583008e-01
2.217743098735809326e-01
2.222464531660079956e-01
2.221222370862960815e-01
2.219981402158737183e-01
2.232505679130554199e-01
2.221695631742477417e-01
2.246602028608322144e-01
2.206820696592330933e-01
2.211717963218688965e-01
2.209195196628570557e-01
2.228463590145111084e-01
2.209357917308807373e-01
2.212427109479904175e-01
2.210922837257385254e-01
2.225052863359451294e-01
2.189343422651290894e-01
2.207414209842681885e-01
2.202076464891433716e-01
2.214488536119461060e-01
2.218109965324401855e-01
2.203291654586791992e-01
2.201374173164367676e-01
2.196649760007858276e-01
2.217663824558258057e-01
2.204808145761489868e-01
2.178627103567123413e-01
2.221994847059249878e-01
2.179698199033737183e-01
2.190801203250885010e-01
2.185046523809432983e-01
2.194091379642486572e-01
2.197691649198532104e-01
2.190220803022384644e-01
2.225145101547241211e-01
2.178747951984405518e-01
2.213373929262161255e-01
2.195616215467453003e-01
2.186773717403411865e-01
2.172017097473144531e-01
2.192816883325576782e-01
2.194604724645614624e-01
2.185989916324615479e-01
2.190121859312057495e-01
2.174151986837387085e-01
2.213409841060638428e-01
2.196817547082901001e-01
2.199264317750930786e-01
2.188793867826461792e-01
2.187217772006988525e-01
2.161790132522583008e-01
2.185226529836654663e-01
2.216872572898864746e-01
2.179992347955703735e-01
2.191227227449417114e-01
2.200300842523574829e-01
2.195361554622650146e-01
2.194470912218093872e-01
2.202990949153900146e-01
2.174986451864242554e-01
2.200258523225784302e-01
2.166098058223724365e-01
2.173923254013061523e-01
2.185472398996353149e-01
2.168399244546890259e-01
2.190353125333786011e-01
2.174555212259292603e-01
2.167999148368835449e-01
2.184418588876724243e-01
2.170401811599731445e-01
2.177474647760391235e-01
2.152828723192214966e-01
2.172965109348297119e-01
2.196602374315261841e-01
2.158512771129608154e-01
2.173714190721511841e-01
2.162182182073593140e-01
2.174469679594039917e-01
2.152285277843475342e-01
2.168449312448501587e-01
2.193984389305114746e-01
2.150690257549285889e-01
2.166281044483184814e-01
2.170259207487106323e-01
2.173849046230316162e-01
2.170990854501724243e-01
2.142418771982192993e-01
2.207641899585723877e-01
2.161335945129394531e-01
2.161356657743453979e-01
2.163075804710388184e-01
2.149567157030105591e-01
2.134098857641220093e-01
2.151066958904266357e-01
2.156362831592559814e-01
2.156914621591567993e-01
2.142553925514221191e-01
2.183673828840255737e-01
2.148727625608444214e-01
2.179938554763793945e-01
2.161140739917755127e-01
2.170419842004776001e-01
2.158584594726562500e-01
2.164278179407119751e-01
2.141807973384857178e-01
2.141786068677902222e-01
2.144638299942016602e-01
2.139668166637420654e-01
2.149023562669754028e-01
2.182859331369400024e-01
2.152655571699142456e-01
2.233880311250686646e-01
2.162937521934509277e-01
2.169456034898757935e-01
2.145325690507888794e-01
2.141349315643310547e-01
2.156329602003097534e-01
2.155738621950149536e-01
2.145996391773223877e-01
2.181936204433441162e-01
2.137903571128845215e-01
2.166761606931686401e-01
2.161636352539062500e-01
2.141589075326919556e-01
2.141272425651550293e-01
2.116708010435104370e-01
2.142089307308197021e-01
2.158916294574737549e-01
2.152827978134155273e-01
2.137864530086517334e-01
2.158811092376708984e-01
2.128133475780487061e-01
2.169992029666900635e-01
2.151045352220535278e-01
2.156159728765487671e-01
2.135260999202728271e-01
2.120537161827087402e-01
2.148666977882385254e-01
2.138058245182037354e-01
2.146807760000228882e-01
2.135822027921676636e-01
2.131206840276718140e-01
2.114016562700271606e-01
2.150138765573501587e-01
2.152077406644821167e-01
2.140676826238632202e-01
2.118510454893112183e-01
2.157658487558364868e-01
2.119350582361221313e-01
2.137809842824935913e-01
2.115492373704910278e-01
2.127222120761871338e-01
2.118452936410903931e-01
2.138894498348236084e-01
2.128283530473709106e-01
2.141201198101043701e-01
2.121697217226028442e-01
2.122415155172348022e-01
2.106786668300628662e-01
2.113517075777053833e-01
2.133371531963348389e-01
2.125339955091476440e-01
2.117923051118850708e-01
2.113727033138275146e-01
2.123208492994308472e-01
2.131838500499725342e-01
2.116605192422866821e-01
2.133513838052749634e-01
2.129462212324142456e-01
2.128642499446868896e-01
2.122252732515335083e-01
2.134914547204971313e-01
2.128330171108245850e-01
2.101259231567382812e-01
2.110793292522430420e-01
2.116124927997589111e-01
2.122602760791778564e-01
2.104208171367645264e-01
2.083457708358764648e-01
2.110478281974792480e-01
2.118228375911712646e-01
2.102688848972320557e-01
2.103399336338043213e-01
2.148819416761398315e-01
2.113796025514602661e-01
2.090822309255599976e-01
2.111025005578994751e-01
2.118874937295913696e-01
2.104640901088714600e-01
2.103856056928634644e-01
2.122912853956222534e-01
2.105871438980102539e-01
2.125825583934783936e-01
2.101289629936218262e-01
2.092573493719100952e-01
2.120307832956314087e-01
2.133744657039642334e-01
2.097818255424499512e-01
2.099846899509429932e-01
2.114072442054748535e-01
2.122674435377120972e-01
2.096156775951385498e-01
2.100885957479476929e-01
2.096199840307235718e-01
2.091068923473358154e-01
2.100606113672256470e-01
2.093161344528198242e-01
2.132370471954345703e-01
2.098837494850158691e-01
2.050654739141464233e-01
2.103761881589889526e-01
2.124184519052505493e-01
2.094120383262634277e-01
2.114832103252410889e-01
2.101604193449020386e-01
2.097216099500656128e-01
2.101923674345016479e-01
2.065408825874328613e-01
2.096135616302490234e-01
2.085665613412857056e-01
2.109830677509307861e-01
2.076925635337829590e-01
2.098747342824935913e-01
2.099381983280181885e-01
2.108435481786727905e-01
2.085589915513992310e-01
2.094146907329559326e-01
2.109067440032958984e-01
2.086805999279022217e-01
2.075999528169631958e-01
2.085431963205337524e-01
2.078212797641754150e-01
2.088506519794464111e-01
2.107993662357330322e-01
2.092304974794387817e-01
2.089597731828689575e-01
2.100229412317276001e-01
2.079083323478698730e-01
2.076402008533477783e-01
2.065886408090591431e-01
2.080987095832824707e-01
2.082039266824722290e-01
2.089841663837432861e-01
2.090059816837310791e-01
2.082069367170333862e-01
2.112100869417190552e-01
2.087768614292144775e-01
2.071252018213272095e-01
2.059105932712554932e-01
2.088030725717544556e-01
2.084403038024902344e-01
2.084755748510360718e-01
2.102900147438049316e-01
2.069894075393676758e-01
2.063871622085571289e-01
2.064368873834609985e-01
2.084521502256393433e-01
2.092336565256118774e-01
2.051715701818466187e-01
2.071672379970550537e-01
2.072999626398086548e-01
2.082580327987670898e-01
2.077132314443588257e-01
2.086597084999084473e-01
2.078465372323989868e-01
2.069851458072662354e-01
2.092350870370864868e-01
2.088289409875869751e-01
2.094000875949859619e-01
2.051940709352493286e-01
2.091475278139114380e-01
2.050200104713439941e-01
2.077912092208862305e-01
2.091602832078933716e-01
2.058841884136199951e-01
2.060747593641281128e-01
2.045949846506118774e-01
2.079283595085144043e-01
2.072976231575012207e-01
2.082829773426055908e-01
2.092481255531311035e-01
2.071649134159088135e-01
2.083928734064102173e-01
2.071677446365356445e-01
2.056845575571060181e-01
2.084820419549942017e-01
2.068677842617034912e-01
2.080924659967422485e-01
2.073046714067459106e-01
2.063434273004531860e-01
2.058548480272293091e-01
2.061849236488342285e-01
2.077896296977996826e-01
2.054166495800018311e-01
2.085235714912414551e-01
2.044665068387985229e-01
2.045406699180603027e-01
2.069581747055053711e-01
2.047499567270278931e-01
2.076080143451690674e-01
2.048593014478683472e-01
2.072633504867553711e-01
2.071254849433898926e-01
2.061917781829833984e-01
2.052586376667022705e-01
2.081087082624435425e-01
2.043763995170593262e-01
2.051788717508316040e-01
2.063508778810501099e-01
2.066555470228195190e-01
2.060816884040832520e-01
2.086987197399139404e-01
2.075949758291244507e-01
2.060461193323135376e-01
2.041614204645156860e-01
2.038166224956512451e-01
2.071448862552642822e-01
2.074053734540939331e-01
2.066279500722885132e-01
2.055072486400604248e-01
2.051757276058197021e-01
2.049360871315002441e-01
2.048935145139694214e-01
2.066035121679306030e-01
2.040451467037200928e-01
2.079030424356460571e-01
2.049932181835174561e-01
2.072746753692626953e-01
2.047655880451202393e-01
2.046277225017547607e-01
2.030623406171798706e-01
2.063309401273727417e-01
2.059426903724670410e-01
2.022244632244110107e-01
2.055621445178985596e-01
2.034762501716613770e-01
2.066344022750854492e-01
2.024178355932235718e-01
2.031285017728805542e-01
2.037064582109451294e-01
2.037177681922912598e-01
2.023335695266723633e-01
2.046969532966613770e-01
2.066491246223449707e-01
2.027001827955245972e-01
2.054027318954467773e-01
2.031014114618301392e-01
2.048045545816421509e-01
2.049991339445114136e-01
2.042982876300811768e-01
2.059697061777114868e-01
2.023375779390335083e-01
2.060233801603317261e-01
2.040332555770874023e-01
2.059412598609924316e-01
2.033605873584747314e-01
2.047245055437088013e-01
2.028500437736511230e-01
2.015987336635589600e-01
2.052511870861053467e-01
2.028410136699676514e-01
2.030015438795089722e-01
2.004886567592620850e-01
2.038550823926925659e-01
2.028014361858367920e-01
2.017820924520492554e-01
2.061139792203903198e-01
2.033345997333526611e-01
2.041789740324020386e-01
2.039539366960525513e-01
2.024293094873428345e-01
2.021992653608322144e-01
2.032323181629180908e-01
2.015658020973205566e-01
2.059691995382308960e-01
2.041088938713073730e-01
2.027039974927902222e-01
2.024740427732467651e-01
2.040641158819198608e-01
2.031433880329132080e-01
2.034701108932495117e-01
2.026493102312088013e-01
2.047907263040542603e-01
1.998520642518997192e-01
2.026680409908294678e-01
2.008208930492401123e-01
2.037725746631622314e-01
2.032373398542404175e-01
2.061317861080169678e-01
2.041550278663635254e-01
2.026479244232177734e-01
2.025543302297592163e-01
2.012796550989151001e-01
2.030613869428634644e-01
2.009194195270538330e-01
2.007731795310974121e-01
2.023874670267105103e-01
2.007589489221572876e-01
2.014095336198806763e-01
2.014800459146499634e-01
2.030682861804962158e-01
2.014614492654800415e-01
2.021652609109878540e-01
2.008590400218963623e-01
2.014798074960708618e-01
2.008090317249298096e-01
2.012749612331390381e-01
2.004830092191696167e-01
2.009333521127700806e-01
2.004671394824981689e-01
2.039618194103240967e-01
2.011270970106124878e-01
2.019921094179153442e-01
2.011621594429016113e-01
2.000847160816192627e-01
2.026350200176239014e-01
2.022785693407058716e-01
2.008757144212722778e-01
2.012224346399307251e-01
2.004880458116531372e-01
2.016493082046508789e-01
2.012181580066680908e-01
2.021174728870391846e-01
2.033735364675521851e-01
2.041548490524291992e-01
2.016066312789916992e-01
2.001331597566604614e-01
1.994583606719970703e-01
1.985891163349151611e-01
2.001538127660751343e-01
2.013646811246871948e-01
2.009401768445968628e-01
1.981553286314010620e-01
2.001125216484069824e-01
2.034244090318679810e-01
2.017396241426467896e-01
2.002732306718826294e-01
1.988818496465682983e-01
2.013982981443405151e-01
2.005349248647689819e-01
1.994916796684265137e-01
1.984156221151351929e-01
2.012535780668258667e-01
1.986725032329559326e-01
2.005842328071594238e-01
2.004178613424301147e-01
1.996634751558303833e-01
2.015169113874435425e-01
2.007573992013931274e-01
1.988741159439086914e-01
1.990544199943542480e-01
1.985213607549667358e-01
1.980790197849273682e-01
1.996775865554809570e-01
1.994059681892395020e-01
2.013437747955322266e-01
2.028312087059020996e-01
2.000388801097869873e-01
1.993719190359115601e-01
1.985629051923751831e-01
1.981304436922073364e-01
1.981317698955535889e-01
1.961899250745773315e-01
1.999081224203109741e-01
1.984729468822479248e-01
1.962863355875015259e-01
1.998584717512130737e-01
1.969633698463439941e-01
1.997814327478408813e-01
1.980145722627639771e-01
2.004291564226150513e-01
2.017826735973358154e-01
2.002401500940322876e-01
1.992526650428771973e-01
2.035392075777053833e-01
1.991452127695083618e-01
1.984356492757797241e-01
1.991914361715316772e-01
2.016995847225189209e-01
1.983639299869537354e-01
1.969478130340576172e-01
1.993581354618072510e-01
1.982456147670745850e-01
1.971000730991363525e-01
1.982817202806472778e-01
1.979846358299255371e-01
1.970067322254180908e-01
1.959448307752609253e-01
1.982978135347366333e-01
1.996699124574661255e-01
1.985738873481750488e-01
1.983441263437271118e-01
1.980516016483306885e-01
1.974420696496963501e-01
1.977419853210449219e-01
1.987795680761337280e-01
1.981180757284164429e-01
1.996091753244400024e-01
1.990871876478195190e-01
1.986254304647445679e-01
1.961269527673721313e-01
1.977516263723373413e-01
1.997786164283752441e-01
1.989237666130065918e-01
1.992121040821075439e-01
1.984420567750930786e-01
1.981604248285293579e-01
1.976688355207443237e-01
1.969012916088104248e-01
1.990016251802444458e-01
1.999730616807937622e-01
2.013696730136871338e-01
1.991926878690719604e-01
1.983432620763778687e-01
1.976161450147628784e-01
1.967986375093460083e-01
1.983224600553512573e-01
1.986578255891799927e-01
1.983728855848312378e-01
2.004003822803497314e-01
1.959427446126937866e-01
1.981278657913208008e-01
1.967355608940124512e-01
1.983694583177566528e-01
1.980722248554229736e-01
1.974866539239883423e-01
1.964055746793746948e-01
1.970752626657485962e-01
1.976635307073593140e-01
1.998614668846130371e-01
1.990151852369308472e-01
1.955629885196685791e-01
1.986736953258514404e-01
1.996003985404968262e-01
1.987290829420089722e-01
1.984343230724334717e-01
1.959223896265029907e-01
1.976019144058227539e-01
1.951244473457336426e-01
1.936463266611099243e-01
1.963906735181808472e-01
1.971309185028076172e-01
1.980123668909072876e-01
1.972719579935073853e-01
1.963257938623428345e-01
1.973332911729812622e-01
1.970328092575073242e-01
1.983258873224258423e-01
1.995048820972442627e-01
1.938439011573791504e-01
1.990416198968887329e-01
1.981220394372940063e-01
1.971974968910217285e-01
1.977844536304473877e-01
1.973152756690979004e-01
1.962536722421646118e-01
1.946876645088195801e-01
1.991658508777618408e-01
1.958035528659820557e-01
1.964056491851806641e-01
1.943375021219253540e-01
1.941410899162292480e-01
1.951054930686950684e-01
1.969920843839645386e-01
1.955144405364990234e-01
1.973016411066055298e-01
1.932735592126846313e-01
1.984642744064331055e-01
1.954375207424163818e-01
1.989933699369430542e-01
1.951664686203002930e-01
1.929402351379394531e-01
1.960350722074508667e-01
1.979547590017318726e-01
1.962561160326004028e-01
1.970668137073516846e-01
1.953491419553756714e-01
1.971098333597183228e-01
1.956347078084945679e-01
1.973460018634796143e-01
1.970637887716293335e-01
1.958402693271636963e-01
1.955105364322662354e-01
1.966385394334793091e-01
1.944835036993026733e-01
1.964334845542907715e-01
1.942751854658126831e-01
1.979853957891464233e-01
1.935558468103408813e-01
1.946226656436920166e-01
1.943595856428146362e-01
1.974685341119766235e-01
1.956573873758316040e-01
1.909943521022796631e-01
1.936300396919250488e-01
1.953618675470352173e-01
1.954661905765533447e-01
1.967013478279113770e-01
1.975933313369750977e-01
1.961112171411514282e-01
1.952125132083892822e-01
1.939432919025421143e-01
1.933204382658004761e-01
1.930858343839645386e-01
1.942884176969528198e-01
1.952771246433258057e-01
1.945827901363372803e-01
1.971559971570968628e-01
1.932416707277297974e-01
1.948283314704895020e-01
1.963308900594711304e-01
1.932909339666366577e-01
1.947302669286727905e-01
1.935535967350006104e-01
1.932463496923446655e-01
1.946205049753189087e-01
1.950519233942031860e-01
1.949032694101333618e-01
1.946170181035995483e-01
1.941429227590560913e-01
1.935491561889648438e-01
1.957155317068099976e-01
1.955738514661788940e-01
1.923191398382186890e-01
1.964077949523925781e-01
1.950471252202987671e-01
1.937197893857955933e-01
1.953822225332260132e-01
1.931318491697311401e-01
1.943030804395675659e-01
1.915170550346374512e-01
1.948963403701782227e-01
1.925149112939834595e-01
1.938445568084716797e-01
1.961370110511779785e-01
1.947659850120544434e-01
1.941768079996109009e-01
1.952169686555862427e-01
1.939021199941635132e-01
1.936477273702621460e-01
1.943510472774505615e-01
1.913939118385314941e-01
1.946299970149993896e-01
1.961049437522888184e-01
1.942266076803207397e-01
1.933467537164688110e-01
1.947237551212310791e-01
1.920400559902191162e-01
1.916255801916122437e-01
1.944629549980163574e-01
1.934675127267837524e-01
1.935077905654907227e-01
1.934681087732315063e-01
1.947143375873565674e-01
1.937180459499359131e-01
1.958568841218948364e-01
1.926975995302200317e-01
1.926812976598739624e-01
1.937364339828491211e-01
1.922317594289779663e-01
1.929239928722381592e-01
1.932232230901718140e-01
1.941652745008468628e-01
1.932291090488433838e-01
1.899980902671813965e-01
1.911328881978988647e-01
1.931532025337219238e-01
1.936707943677902222e-01
1.916042417287826538e-01
1.932775825262069702e-01
1.911591291427612305e-01
1.952113807201385498e-01
1.927948594093322754e-01
1.922841966152191162e-01
1.957424432039260864e-01
1.961169838905334473e-01
1.961481422185897827e-01
1.935499459505081177e-01
1.927094757556915283e-01
1.935109198093414307e-01
1.930233389139175415e-01
1.960890591144561768e-01
1.919839084148406982e-01
1.912149041891098022e-01
1.931145489215850830e-01
1.923626512289047241e-01
1.932606995105743408e-01
1.937064826488494873e-01
1.951041966676712036e-01
1.930569708347320557e-01
1.938608735799789429e-01
1.941717863082885742e-01
1.898671090602874756e-01
1.941711306571960449e-01
1.945981681346893311e-01
1.924660205841064453e-01
1.912752836942672729e-01
1.927833855152130127e-01
1.917746365070343018e-01
1.950990408658981323e-01
1.922784000635147095e-01
1.930897086858749390e-01
1.929299980401992798e-01
1.924664825201034546e-01
1.949256360530853271e-01
1.904122382402420044e-01
1.936929076910018921e-01
1.909492313861846924e-01
1.898054331541061401e-01
1.918517947196960449e-01
1.882367879152297974e-01
1.939573884010314941e-01
1.921426951885223389e-01
1.886457055807113647e-01
1.898471862077713013e-01
1.896376162767410278e-01
1.933260113000869751e-01
1.911112517118453979e-01
1.920895278453826904e-01
1.908133774995803833e-01
1.907771527767181396e-01
1.896073669195175171e-01
1.929367184638977051e-01
1.919614523649215698e-01
1.914035975933074951e-01
1.950024962425231934e-01
1.919635236263275146e-01
1.940356343984603882e-01
1.904028952121734619e-01
1.938971132040023804e-01
1.889864057302474976e-01
1.915445625782012939e-01
1.915559172630310059e-01
1.914761811494827271e-01
1.933074146509170532e-01
1.931343227624893188e-01
1.909683346748352051e-01
1.915408819913864136e-01
1.878075301647186279e-01
1.913255453109741211e-01
1.910809427499771118e-01
1.874612271785736084e-01
1.892428994178771973e-01
1.905437409877777100e-01
1.899584233760833740e-01
1.914061158895492554e-01
1.889314204454421997e-01
1.917059272527694702e-01
1.916781216859817505e-01
1.915979981422424316e-01
1.909708529710769653e-01
1.929674148559570312e-01
1.898643076419830322e-01
1.885089278221130371e-01
1.893939822912216187e-01
1.896556466817855835e-01
1.910680979490280151e-01
1.911161839962005615e-01
1.911345720291137695e-01
1.928314417600631714e-01
1.897510737180709839e-01
1.912171840667724609e-01
1.924433708190917969e-01
1.886072903871536255e-01
1.925763189792633057e-01
1.919181644916534424e-01
1.915022730827331543e-01
1.904160976409912109e-01
1.867029964923858643e-01
1.899538934230804443e-01
1.915484219789505005e-01
1.916182488203048706e-01
1.918198913335800171e-01
1.908385306596755981e-01
1.894281059503555298e-01
1.903518289327621460e-01
