7.235352993011474609e-01
7.140029072761535645e-01
7.042361497879028320e-01
6.939161419868469238e-01
6.849489212036132812e-01
6.730091571807861328e-01
6.610937118530273438e-01
6.470730900764465332e-01
6.318553686141967773e-01
6.148904561996459961e-01
5.965023636817932129e-01
5.762050151824951172e-01
5.566438436508178711e-01
5.383541584014892578e-01
5.126468539237976074e-01
4.893905520439147949e-01
4.710324108600616455e-01
4.451174736022949219e-01
4.315304458141326904e-01
4.114679694175720215e-01
3.893960118293762207e-01
3.826353251934051514e-01
3.713560402393341064e-01
3.740398883819580078e-01
3.570221364498138428e-01
3.409639596939086914e-01
3.531071841716766357e-01
3.391027152538299561e-01
3.471659719944000244e-01
3.249686360359191895e-01
3.127554953098297119e-01
2.973397374153137207e-01
2.869610488414764404e-01
2.903034090995788574e-01
2.748617529869079590e-01
2.747350633144378662e-01
2.673992514610290527e-01
2.639946341514587402e-01
2.691705524921417236e-01
2.662651836872100830e-01
2.574970722198486328e-01
2.540413141250610352e-01
2.542907297611236572e-01
2.511722147464752197e-01
2.383141964673995972e-01
2.445813566446304321e-01
2.404345124959945679e-01
2.337807714939117432e-01
2.401337027549743652e-01
2.349747717380523682e-01
2.251353263854980469e-01
2.225055247545242310e-01
2.232090532779693604e-01
2.169892042875289917e-01
2.186931222677230835e-01
2.178571522235870361e-01
2.124837487936019897e-01
2.136108577251434326e-01
2.148849666118621826e-01
2.168253511190414429e-01
2.075517326593399048e-01
2.060899138450622559e-01
2.043034732341766357e-01
2.030065953731536865e-01
2.028583586215972900e-01
2.001208513975143433e-01
1.987762302160263062e-01
1.976073831319808960e-01
1.949024796485900879e-01
1.937477886676788330e-01
1.966786682605743408e-01
1.970542371273040771e-01
1.910083144903182983e-01
1.890463829040527344e-01
1.876208186149597168e-01
1.884900927543640137e-01
1.855487823486328125e-01
1.840762794017791748e-01
1.867680847644805908e-01
1.830221861600875854e-01
1.796492040157318115e-01
1.770226955413818359e-01
1.756954640150070190e-01
1.786750555038452148e-01
1.763291656970977783e-01
1.758508682250976562e-01
1.762939691543579102e-01
1.745186299085617065e-01
1.714054644107818604e-01
1.729284673929214478e-01
1.690172851085662842e-01
1.699642091989517212e-01
1.668590754270553589e-01
1.662020981311798096e-01
1.666682213544845581e-01
1.638559103012084961e-01
1.669528037309646606e-01
1.631325483322143555e-01
1.636094748973846436e-01
1.620891690254211426e-01
1.610414683818817139e-01
1.652664393186569214e-01
1.614809036254882812e-01
1.582321822643280029e-01
1.615426093339920044e-01
1.564836204051971436e-01
1.579953134059906006e-01
1.573185175657272339e-01
1.541034877300262451e-01
1.544822305440902710e-01
1.513323187828063965e-01
1.524255424737930298e-01
1.505642235279083252e-01
1.534624546766281128e-01
1.518640518188476562e-01
1.515483856201171875e-01
1.497129648923873901e-01
1.526549905538558960e-01
1.493123024702072144e-01
1.475954353809356689e-01
1.474799960851669312e-01
1.474497318267822266e-01
1.448674947023391724e-01
1.448143273591995239e-01
1.456355452537536621e-01
1.442629694938659668e-01
1.462245285511016846e-01
1.440726071596145630e-01
1.439366340637207031e-01
1.425876468420028687e-01
1.399441659450531006e-01
1.412519663572311401e-01
1.393827199935913086e-01
1.360440701246261597e-01
1.392530351877212524e-01
1.381236910820007324e-01
1.357759386301040649e-01
1.390102654695510864e-01
1.348847597837448120e-01
1.352231800556182861e-01
1.358934044837951660e-01
1.331993937492370605e-01
1.333519518375396729e-01
1.337900459766387939e-01
1.328497231006622314e-01
1.326462924480438232e-01
1.313209235668182373e-01
1.321769505739212036e-01
1.300503909587860107e-01
1.279439777135848999e-01
1.304204910993576050e-01
1.274620890617370605e-01
1.286426335573196411e-01
1.290129721164703369e-01
1.278107613325119019e-01
1.259020715951919556e-01
1.285338252782821655e-01
1.272265464067459106e-01
1.295615136623382568e-01
1.278674155473709106e-01
1.248997449874877930e-01
1.238469928503036499e-01
1.232517212629318237e-01
1.233497411012649536e-01
1.226414889097213745e-01
1.229645162820816040e-01
1.231330335140228271e-01
1.235669553279876709e-01
1.217725574970245361e-01
1.208226829767227173e-01
1.201812028884887695e-01
1.208495050668716431e-01
1.193211972713470459e-01
1.195054501295089722e-01
1.203175187110900879e-01
1.188040077686309814e-01
1.182445809245109558e-01
1.190837025642395020e-01
1.173072829842567444e-01
1.165488809347152710e-01
1.154554188251495361e-01
1.169280707836151123e-01
1.149841398000717163e-01
1.154404878616333008e-01
1.143916994333267212e-01
1.148848980665206909e-01
1.145599037408828735e-01
1.136221289634704590e-01
1.124311089515686035e-01
1.130772456526756287e-01
1.128738224506378174e-01
1.130602210760116577e-01
1.118491739034652710e-01
1.113045662641525269e-01
1.137111037969589233e-01
1.103353500366210938e-01
1.116562336683273315e-01
1.094445288181304932e-01
1.091713011264801025e-01
1.085957139730453491e-01
1.091549992561340332e-01
1.094739362597465515e-01
1.072711870074272156e-01
1.073275655508041382e-01
1.088238954544067383e-01
1.072484999895095825e-01
1.079827845096588135e-01
1.058980226516723633e-01
1.059074401855468750e-01
1.058168783783912659e-01
1.046884208917617798e-01
1.060065478086471558e-01
1.039988324046134949e-01
1.050213128328323364e-01
1.048476845026016235e-01
1.028458625078201294e-01
1.055449917912483215e-01
1.018733531236648560e-01
1.038938090205192566e-01
1.036250665783882141e-01
1.022549867630004883e-01
1.012910157442092896e-01
9.976857900619506836e-02
1.021311581134796143e-01
1.008811146020889282e-01
1.010224297642707825e-01
9.954403340816497803e-02
1.000621542334556580e-01
1.006927043199539185e-01
9.812812507152557373e-02
9.983193874359130859e-02
9.811477363109588623e-02
9.961693733930587769e-02
9.701836109161376953e-02
9.718962013721466064e-02
9.708388149738311768e-02
9.727735817432403564e-02
9.628994762897491455e-02
9.667411446571350098e-02
9.592896699905395508e-02
9.640885889530181885e-02
9.587165713310241699e-02
9.523406624794006348e-02
9.471740573644638062e-02
9.463708102703094482e-02
9.498956799507141113e-02
9.336079657077789307e-02
9.187212586402893066e-02
9.216226637363433838e-02
9.377706050872802734e-02
9.373223036527633667e-02
9.196388721466064453e-02
9.269116073846817017e-02
9.220278263092041016e-02
9.200970828533172607e-02
9.223482757806777954e-02
9.139610826969146729e-02
9.120216965675354004e-02
9.073655307292938232e-02
8.995670080184936523e-02
9.124829620122909546e-02
8.853258192539215088e-02
9.183850884437561035e-02
9.033563733100891113e-02
8.992139250040054321e-02
8.922263979911804199e-02
8.883500099182128906e-02
8.857529610395431519e-02
8.783161640167236328e-02
8.755770325660705566e-02
8.866997063159942627e-02
8.694955706596374512e-02
8.729650080204010010e-02
8.724972605705261230e-02
8.629164099693298340e-02
8.576752245426177979e-02
8.607394993305206299e-02
8.581122756004333496e-02
8.595538139343261719e-02
8.547810465097427368e-02
8.442333340644836426e-02
8.448232710361480713e-02
8.547238260507583618e-02
8.496650308370590210e-02
8.433615416288375854e-02
8.327493816614151001e-02
8.412684500217437744e-02
8.413079380989074707e-02
8.338294923305511475e-02
8.433520793914794922e-02
8.264106512069702148e-02
8.295646309852600098e-02
8.342422544956207275e-02
8.235882967710494995e-02
8.182001858949661255e-02
8.286310732364654541e-02
8.108645677566528320e-02
8.193549513816833496e-02
8.133154362440109253e-02
8.067117631435394287e-02
8.007980138063430786e-02
8.042521029710769653e-02
8.165262639522552490e-02
8.097279071807861328e-02
7.990977913141250610e-02
7.917531579732894897e-02
7.938919216394424438e-02
7.964147627353668213e-02
7.910095155239105225e-02
8.026787638664245605e-02
8.115255087614059448e-02
7.973319292068481445e-02
7.942692935466766357e-02
7.794453948736190796e-02
7.845990359783172607e-02
7.748453319072723389e-02
7.886032015085220337e-02
7.720942050218582153e-02
7.780737429857254028e-02
7.596393674612045288e-02
7.630468159914016724e-02
7.623507827520370483e-02
7.751942425966262817e-02
7.603245228528976440e-02
7.664428651332855225e-02
7.596271485090255737e-02
7.575885206460952759e-02
7.441283762454986572e-02
7.517983019351959229e-02
7.502979785203933716e-02
7.327050715684890747e-02
7.476799190044403076e-02
7.523100823163986206e-02
7.460768520832061768e-02
7.439515739679336548e-02
7.399367541074752808e-02
7.274288684129714966e-02
7.361052930355072021e-02
7.249575853347778320e-02
7.268317043781280518e-02
7.275146245956420898e-02
7.228015363216400146e-02
7.428309321403503418e-02
7.275733351707458496e-02
7.318058609962463379e-02
7.100019603967666626e-02
7.150104641914367676e-02
7.192992419004440308e-02
7.148228585720062256e-02
7.111196219921112061e-02
7.151126861572265625e-02
6.999333947896957397e-02
7.077278941869735718e-02
7.110776007175445557e-02
7.093675434589385986e-02
6.964749097824096680e-02
7.098791748285293579e-02
7.148373126983642578e-02
6.975112855434417725e-02
6.866224855184555054e-02
6.937354803085327148e-02
6.993576139211654663e-02
7.019600272178649902e-02
6.931118667125701904e-02
6.975132226943969727e-02
6.893649697303771973e-02
6.906070560216903687e-02
6.814704090356826782e-02
6.736640632152557373e-02
6.789650022983551025e-02
6.865580379962921143e-02
6.897427141666412354e-02
6.791952252388000488e-02
6.757879257202148438e-02
6.770709156990051270e-02
6.649394333362579346e-02
6.883491575717926025e-02
6.765141338109970093e-02
6.623566150665283203e-02
6.596462428569793701e-02
6.707407534122467041e-02
6.668895483016967773e-02
6.525584310293197632e-02
6.666930019855499268e-02
6.685601174831390381e-02
6.476181000471115112e-02
6.589604169130325317e-02
6.572674214839935303e-02
6.543482840061187744e-02
6.491407752037048340e-02
6.495235860347747803e-02
6.516090780496597290e-02
6.485082209110260010e-02
6.430432200431823730e-02
6.313903629779815674e-02
6.421490758657455444e-02
6.444651633501052856e-02
6.374920904636383057e-02
6.369369477033615112e-02
6.448584049940109253e-02
6.281156837940216064e-02
6.263612210750579834e-02
6.340863555669784546e-02
6.279981881380081177e-02
6.156584620475769043e-02
6.544354557991027832e-02
6.312556564807891846e-02
6.300226598978042603e-02
6.185500323772430420e-02
6.218702346086502075e-02
6.251765787601470947e-02
6.245043873786926270e-02
6.103888899087905884e-02
6.245179846882820129e-02
6.262855976819992065e-02
6.146073713898658752e-02
6.025356054306030273e-02
6.151937320828437805e-02
6.032977253198623657e-02
6.110995262861251831e-02
6.160954385995864868e-02
6.119675189256668091e-02
6.145386025309562683e-02
5.969724431633949280e-02
6.104354932904243469e-02
6.089994311332702637e-02
6.055243313312530518e-02
6.088496744632720947e-02
5.984428897500038147e-02
5.970447510480880737e-02
6.006533652544021606e-02
6.119281798601150513e-02
5.984558165073394775e-02
5.961949378252029419e-02
6.023398786783218384e-02
5.942471325397491455e-02
5.954049527645111084e-02
5.964350700378417969e-02
5.998869612812995911e-02
5.879989266395568848e-02
5.970492213964462280e-02
5.851142853498458862e-02
5.848226696252822876e-02
5.875752866268157959e-02
5.814496427774429321e-02
5.826070159673690796e-02
5.826551467180252075e-02
5.815444886684417725e-02
5.799410864710807800e-02
5.709499120712280273e-02
5.797628685832023621e-02
5.748320370912551880e-02
5.772919207811355591e-02
5.740165710449218750e-02
5.625951290130615234e-02
5.655117332935333252e-02
5.722474306821823120e-02
5.679509043693542480e-02
5.745809525251388550e-02
5.723624676465988159e-02
5.602042749524116516e-02
5.584468692541122437e-02
5.676926672458648682e-02
5.706880241632461548e-02
5.698056146502494812e-02
5.661976337432861328e-02
5.617476999759674072e-02
5.579231306910514832e-02
5.684061348438262939e-02
5.579039454460144043e-02
5.559702962636947632e-02
5.611905828118324280e-02
5.514228343963623047e-02
5.629520863294601440e-02
5.580859631299972534e-02
5.550268292427062988e-02
5.506822839379310608e-02
5.544635653495788574e-02
5.734613537788391113e-02
5.460245162248611450e-02
5.488296970725059509e-02
5.575328320264816284e-02
5.508709326386451721e-02
5.516560375690460205e-02
5.480094999074935913e-02
5.472073704004287720e-02
5.393554270267486572e-02
5.504122003912925720e-02
5.424285307526588440e-02
5.404913052916526794e-02
5.437525361776351929e-02
5.361221358180046082e-02
5.371718853712081909e-02
5.427185073494911194e-02
5.404534190893173218e-02
5.422538518905639648e-02
5.373854935169219971e-02
5.326293781399726868e-02
5.341470614075660706e-02
5.322458967566490173e-02
5.314781144261360168e-02
5.307149142026901245e-02
5.312599241733551025e-02
5.249004065990447998e-02
5.343202501535415649e-02
5.302704870700836182e-02
5.274682492017745972e-02
5.205452442169189453e-02
5.302448198199272156e-02
5.278471112251281738e-02
5.229820311069488525e-02
5.248069390654563904e-02
5.120559409260749817e-02
5.196033418178558350e-02
5.312412232160568237e-02
5.256745964288711548e-02
5.164255946874618530e-02
5.130875855684280396e-02
5.186190456151962280e-02
5.213478207588195801e-02
5.211320146918296814e-02
5.158395320177078247e-02
5.216914787888526917e-02
5.165813863277435303e-02
5.133677646517753601e-02
5.199924856424331665e-02
5.219434201717376709e-02
5.208581686019897461e-02
5.185156315565109253e-02
5.190085619688034058e-02
5.127573013305664062e-02
5.139778554439544678e-02
5.101677775382995605e-02
5.110798403620719910e-02
5.133929476141929626e-02
5.093201622366905212e-02
5.146681517362594604e-02
5.032949894666671753e-02
5.035485699772834778e-02
5.109305679798126221e-02
5.106429010629653931e-02
5.046349018812179565e-02
5.064021795988082886e-02
5.078179761767387390e-02
5.088714510202407837e-02
5.052110552787780762e-02
5.128839612007141113e-02
5.132704600691795349e-02
5.018072575330734253e-02
5.031249299645423889e-02
5.070491880178451538e-02
4.966327920556068420e-02
4.988478124141693115e-02
5.097498744726181030e-02
4.997575283050537109e-02
4.966920614242553711e-02
4.971912503242492676e-02
4.935361072421073914e-02
4.969047009944915771e-02
5.026974156498908997e-02
4.940572008490562439e-02
4.899699613451957703e-02
5.012264102697372437e-02
4.889024794101715088e-02
4.974714294075965881e-02
4.898338019847869873e-02
4.892993718385696411e-02
4.935228079557418823e-02
4.967408627271652222e-02
4.926300421357154846e-02
4.932507872581481934e-02
5.095401033759117126e-02
4.926977306604385376e-02
4.907040297985076904e-02
4.859829321503639221e-02
4.948608577251434326e-02
4.846938699483871460e-02
4.783250391483306885e-02
4.879271611571311951e-02
4.882265254855155945e-02
4.816848784685134888e-02
4.863791167736053467e-02
4.804985970258712769e-02
4.844725877046585083e-02
4.844710975885391235e-02
4.790692403912544250e-02
4.821870103478431702e-02
4.835719615221023560e-02
4.730998724699020386e-02
4.788709804415702820e-02
4.840025305747985840e-02
4.732508957386016846e-02
4.798346012830734253e-02
4.890544712543487549e-02
4.764170199632644653e-02
4.743372648954391479e-02
4.770778119564056396e-02
4.709336534142494202e-02
4.789773374795913696e-02
4.764879494905471802e-02
2.624091207981109619e-01
2.588104605674743652e-01
2.612001597881317139e-01
2.614859640598297119e-01
2.591588199138641357e-01
2.583084106445312500e-01
2.561966478824615479e-01
2.577485442161560059e-01
2.530924677848815918e-01
2.559210062026977539e-01
2.542916238307952881e-01
2.519373297691345215e-01
2.528590559959411621e-01
2.523174881935119629e-01
2.517968118190765381e-01
2.489898800849914551e-01
2.508248388767242432e-01
2.505226731300354004e-01
2.497130036354064941e-01
2.474615424871444702e-01
2.481006383895874023e-01
2.496716976165771484e-01
2.470159828662872314e-01
2.478095889091491699e-01
2.473971545696258545e-01
2.461263984441757202e-01
2.467023581266403198e-01
2.451401650905609131e-01
2.446805685758590698e-01
2.459534406661987305e-01
2.440115958452224731e-01
2.460086643695831299e-01
2.455691099166870117e-01
2.457821965217590332e-01
2.439639121294021606e-01
2.431848496198654175e-01
2.419510185718536377e-01
2.436419576406478882e-01
2.432920485734939575e-01
2.439328581094741821e-01
2.410558015108108521e-01
2.423383742570877075e-01
2.430743128061294556e-01
2.403711229562759399e-01
2.381759732961654663e-01
2.439209967851638794e-01
2.428686469793319702e-01
2.399675250053405762e-01
2.431931346654891968e-01
2.393415272235870361e-01
2.400734275579452515e-01
2.390805035829544067e-01
2.400671243667602539e-01
2.385806143283843994e-01
2.395082563161849976e-01
2.396748811006546021e-01
2.380477786064147949e-01
2.386573404073715210e-01
2.396777272224426270e-01
2.399496883153915405e-01
2.376028001308441162e-01
2.395282536745071411e-01
2.363087832927703857e-01
2.379814535379409790e-01
2.359103113412857056e-01
2.399622350931167603e-01
2.391662448644638062e-01
2.370378375053405762e-01
2.346199899911880493e-01
2.388233244419097900e-01
2.380042523145675659e-01
2.350062876939773560e-01
2.360496670007705688e-01
2.363477945327758789e-01
2.374710887670516968e-01
2.354737669229507446e-01
2.360488474369049072e-01
2.351986169815063477e-01
2.371889799833297729e-01
2.336642146110534668e-01
2.363273203372955322e-01
2.382829189300537109e-01
2.349178344011306763e-01
2.340676486492156982e-01
2.349733263254165649e-01
2.372623682022094727e-01
2.334961593151092529e-01
2.334911674261093140e-01
2.341659367084503174e-01
2.346460223197937012e-01
2.338854670524597168e-01
2.344116121530532837e-01
2.335293143987655640e-01
2.353983670473098755e-01
2.338045239448547363e-01
2.327174544334411621e-01
2.336986064910888672e-01
2.330073565244674683e-01
2.316715568304061890e-01
2.334709763526916504e-01
2.318813353776931763e-01
2.326092422008514404e-01
2.327411025762557983e-01
2.327639907598495483e-01
2.326796054840087891e-01
2.322146892547607422e-01
2.319117486476898193e-01
2.338633686304092407e-01
2.330617308616638184e-01
2.303170263767242432e-01
2.324050217866897583e-01
2.333117574453353882e-01
2.318259775638580322e-01
2.343416959047317505e-01
2.315382510423660278e-01
2.339090108871459961e-01
2.324707508087158203e-01
2.295197695493698120e-01
2.338858842849731445e-01
2.322197556495666504e-01
2.316975295543670654e-01
2.291137874126434326e-01
2.305123656988143921e-01
2.308544814586639404e-01
2.315766364336013794e-01
2.292955070734024048e-01
2.303158938884735107e-01
2.300163209438323975e-01
2.312826663255691528e-01
2.272932231426239014e-01
2.303584665060043335e-01
2.293413579463958740e-01
2.295435518026351929e-01
2.318603992462158203e-01
2.310097515583038330e-01
2.273406535387039185e-01
2.295181453227996826e-01
2.294596582651138306e-01
2.317377477884292603e-01
2.298604846000671387e-01
2.288221865892410278e-01
2.299772799015045166e-01
2.297388762235641479e-01
2.290090173482894897e-01
2.277760505676269531e-01
2.297068834304809570e-01
2.289623320102691650e-01
2.263472080230712891e-01
2.288798838853836060e-01
2.306671738624572754e-01
2.283433973789215088e-01
2.280882149934768677e-01
2.282147109508514404e-01
2.264348119497299194e-01
2.282025218009948730e-01
2.295431643724441528e-01
2.313679307699203491e-01
2.278073281049728394e-01
2.254616916179656982e-01
2.280759215354919434e-01
2.280627638101577759e-01
2.262798547744750977e-01
2.283719927072525024e-01
2.281586080789566040e-01
2.266716361045837402e-01
2.286453098058700562e-01
2.253988087177276611e-01
2.261777520179748535e-01
2.258017212152481079e-01
2.256779074668884277e-01
2.272493690252304077e-01
2.267710715532302856e-01
2.287015914916992188e-01
2.270838171243667603e-01
2.262619584798812866e-01
2.273346334695816040e-01
2.251195609569549561e-01
2.254834473133087158e-01
2.284414321184158325e-01
2.267971485853195190e-01
2.247380167245864868e-01
2.250569015741348267e-01
2.248666733503341675e-01
2.237213999032974243e-01
2.239662110805511475e-01
2.261388599872589111e-01
2.237935960292816162e-01
2.232405245304107666e-01
2.237263768911361694e-01
2.252070605754852295e-01
2.239940911531448364e-01
2.239754498004913330e-01
2.231752574443817139e-01
2.259529232978820801e-01
2.216035723686218262e-01
2.215176224708557129e-01
2.246538400650024414e-01
2.241780906915664673e-01
2.249423116445541382e-01
2.230488359928131104e-01
2.246000766754150391e-01
2.225958704948425293e-01
2.244522273540496826e-01
2.234115749597549438e-01
2.249670177698135376e-01
2.249292731285095215e-01
2.253744304180145264e-01
2.239136248826980591e-01
2.262401133775711060e-01
2.256126701831817627e-01
2.234050035476684570e-01
2.220920473337173462e-01
2.242005765438079834e-01
2.249451279640197754e-01
2.238906919956207275e-01
2.212730795145034790e-01
2.190191596746444702e-01
2.243976145982742310e-01
2.238008379936218262e-01
2.220011353492736816e-01
2.216797024011611938e-01
2.208584845066070557e-01
2.231736481189727783e-01
2.219203263521194458e-01
2.245161384344100952e-01
2.224531769752502441e-01
2.220950424671173096e-01
2.227359712123870850e-01
2.203511446714401245e-01
2.212838083505630493e-01
2.212611287832260132e-01
2.227967530488967896e-01
2.195371538400650024e-01
2.229445874691009521e-01
2.244265973567962646e-01
2.207604497671127319e-01
2.204083353281021118e-01
2.203202694654464722e-01
2.218160927295684814e-01
2.225374281406402588e-01
2.208079099655151367e-01
2.194607704877853394e-01
2.202201634645462036e-01
2.195132076740264893e-01
2.203991562128067017e-01
2.201660275459289551e-01
2.226450741291046143e-01
2.198503166437149048e-01
2.196193933486938477e-01
2.205129265785217285e-01
2.193967998027801514e-01
2.181367725133895874e-01
2.205848097801208496e-01
2.233003526926040649e-01
2.198541760444641113e-01
2.208221256732940674e-01
2.189911752939224243e-01
2.174378931522369385e-01
2.185502052307128906e-01
2.186775058507919312e-01
2.220523953437805176e-01
2.192601859569549561e-01
2.198546379804611206e-01
2.181964367628097534e-01
2.195917665958404541e-01
2.183209359645843506e-01
2.187200933694839478e-01
2.196257263422012329e-01
2.172899246215820312e-01
2.175628542900085449e-01
2.178506851196289062e-01
2.200940996408462524e-01
2.188739329576492310e-01
2.184552550315856934e-01
2.179755121469497681e-01
2.207614034414291382e-01
2.181937396526336670e-01
2.185360789299011230e-01
2.183206230401992798e-01
2.194452136754989624e-01
2.157768905162811279e-01
2.179590165615081787e-01
2.155478894710540771e-01
2.160197347402572632e-01
2.193766981363296509e-01
2.164075076580047607e-01
2.172582000494003296e-01
2.191188782453536987e-01
2.160430103540420532e-01
2.196547985076904297e-01
2.189908027648925781e-01
2.170781493186950684e-01
2.189402878284454346e-01
2.156690955162048340e-01
2.159628272056579590e-01
2.148229926824569702e-01
2.148918360471725464e-01
2.175325453281402588e-01
2.189286649227142334e-01
2.163875550031661987e-01
2.174331843852996826e-01
2.161109149456024170e-01
2.128872722387313843e-01
2.133513689041137695e-01
2.176379561424255371e-01
2.162751406431198120e-01
2.174771875143051147e-01
2.177907824516296387e-01
2.154444009065628052e-01
2.111786603927612305e-01
2.138980329036712646e-01
2.139643430709838867e-01
2.140344679355621338e-01
2.143563628196716309e-01
2.169078588485717773e-01
2.158249318599700928e-01
2.168964296579360962e-01
2.143527120351791382e-01
2.167029082775115967e-01
2.169162184000015259e-01
2.149790227413177490e-01
2.151292264461517334e-01
2.164391726255416870e-01
2.139803916215896606e-01
2.146166414022445679e-01
2.132909893989562988e-01
2.119255512952804565e-01
2.160570323467254639e-01
2.174975574016571045e-01
2.138658016920089722e-01
2.127641439437866211e-01
2.144103497266769409e-01
2.161939442157745361e-01
2.140427827835083008e-01
2.129899114370346069e-01
2.140212953090667725e-01
2.138415277004241943e-01
2.143820524215698242e-01
2.160134762525558472e-01
2.141739130020141602e-01
2.147400826215744019e-01
2.148533016443252563e-01
2.147739380598068237e-01
2.148527204990386963e-01
2.141739875078201294e-01
2.136791497468948364e-01
2.132979929447174072e-01
2.136043012142181396e-01
2.143104076385498047e-01
2.121241688728332520e-01
2.161116749048233032e-01
2.138801962137222290e-01
2.143835127353668213e-01
2.105824947357177734e-01
2.149905115365982056e-01
2.159860879182815552e-01
2.123933285474777222e-01
2.147064954042434692e-01
2.151100784540176392e-01
2.150964289903640747e-01
2.141080200672149658e-01
2.120431363582611084e-01
2.126467525959014893e-01
2.133254855871200562e-01
2.152223140001296997e-01
2.114713937044143677e-01
2.148372977972030640e-01
2.143351882696151733e-01
2.100783288478851318e-01
2.131762206554412842e-01
2.119157612323760986e-01
2.117301076650619507e-01
2.142269462347030640e-01
2.139250636100769043e-01
2.129441201686859131e-01
2.110015600919723511e-01
2.126723527908325195e-01
2.132259458303451538e-01
2.116810381412506104e-01
2.113085538148880005e-01
2.133881002664566040e-01
2.126636803150177002e-01
2.141546607017517090e-01
2.112850248813629150e-01
2.123440653085708618e-01
2.152084261178970337e-01
2.109387665987014771e-01
2.127095609903335571e-01
2.108267545700073242e-01
2.082976996898651123e-01
2.117616683244705200e-01
2.116068452596664429e-01
2.094814032316207886e-01
2.095168083906173706e-01
2.109936773777008057e-01
2.116741687059402466e-01
2.110165506601333618e-01
2.096945643424987793e-01
2.124404311180114746e-01
2.091354727745056152e-01
2.104683518409729004e-01
2.124733179807662964e-01
2.114898860454559326e-01
2.130475193262100220e-01
2.087054848670959473e-01
2.119129449129104614e-01
2.119324803352355957e-01
2.103353291749954224e-01
2.103512734174728394e-01
2.123976647853851318e-01
2.083376646041870117e-01
2.105873972177505493e-01
2.104304581880569458e-01
2.103574573993682861e-01
2.111797779798507690e-01
2.122035175561904907e-01
2.123243957757949829e-01
2.086655944585800171e-01
2.101422697305679321e-01
2.089711576700210571e-01
2.105954140424728394e-01
2.117675691843032837e-01
2.096309512853622437e-01
2.085049748420715332e-01
2.108716070652008057e-01
2.099502086639404297e-01
2.108124345541000366e-01
2.088310867547988892e-01
2.125852108001708984e-01
2.078563719987869263e-01
2.098362892866134644e-01
2.102234810590744019e-01
2.082784920930862427e-01
2.081302553415298462e-01
2.100245356559753418e-01
2.082784473896026611e-01
2.096531987190246582e-01
2.094369530677795410e-01
2.088047415018081665e-01
2.119225263595581055e-01
2.109218984842300415e-01
2.104938030242919922e-01
2.096848636865615845e-01
2.090196162462234497e-01
2.089596837759017944e-01
2.093595564365386963e-01
2.098889648914337158e-01
2.108715027570724487e-01
2.082431018352508545e-01
2.082108259201049805e-01
2.060412764549255371e-01
2.072946131229400635e-01
2.067351043224334717e-01
2.083923071622848511e-01
2.081073224544525146e-01
2.093498408794403076e-01
2.096727639436721802e-01
2.117632478475570679e-01
2.067147493362426758e-01
2.072571218013763428e-01
2.086322903633117676e-01
2.092803865671157837e-01
2.066675275564193726e-01
2.072915136814117432e-01
2.084442526102066040e-01
2.063119858503341675e-01
2.061547040939331055e-01
2.092494219541549683e-01
2.093030810356140137e-01
2.095441818237304688e-01
2.075643986463546753e-01
2.079356163740158081e-01
2.079683244228363037e-01
2.079697251319885254e-01
2.054032832384109497e-01
2.059110999107360840e-01
2.067565321922302246e-01
2.076955288648605347e-01
2.093541771173477173e-01
2.088943421840667725e-01
2.071927338838577271e-01
2.062712311744689941e-01
2.074214071035385132e-01
2.061619758605957031e-01
2.057191431522369385e-01
2.044206410646438599e-01
2.061756253242492676e-01
2.060716152191162109e-01
2.075427323579788208e-01
2.079225033521652222e-01
2.078564316034317017e-01
2.063484340906143188e-01
2.051232457160949707e-01
2.061278223991394043e-01
2.076757848262786865e-01
2.069170176982879639e-01
2.049127221107482910e-01
2.077408134937286377e-01
2.055210471153259277e-01
2.062971740961074829e-01
2.055370062589645386e-01
2.068522423505783081e-01
2.044424116611480713e-01
2.060358822345733643e-01
2.055811434984207153e-01
2.107380777597427368e-01
2.076391577720642090e-01
2.068071663379669189e-01
2.057528793811798096e-01
2.052637338638305664e-01
2.077787220478057861e-01
2.061306536197662354e-01
2.070433795452117920e-01
2.078586518764495850e-01
2.060060352087020874e-01
2.063935250043869019e-01
2.058120369911193848e-01
2.047992050647735596e-01
2.058056443929672241e-01
2.048866450786590576e-01
2.053340375423431396e-01
2.058604806661605835e-01
2.057948112487792969e-01
2.076089531183242798e-01
2.035763710737228394e-01
2.055347114801406860e-01
2.054327428340911865e-01
2.034855782985687256e-01
2.074578255414962769e-01
2.082224637269973755e-01
2.058206349611282349e-01
2.054774612188339233e-01
2.052253633737564087e-01
2.043478637933731079e-01
2.047352194786071777e-01
2.041077762842178345e-01
2.065612673759460449e-01
2.070695459842681885e-01
2.043032199144363403e-01
2.068162411451339722e-01
2.067343741655349731e-01
2.067833244800567627e-01
2.071415483951568604e-01
2.060977965593338013e-01
2.052913904190063477e-01
2.067753970623016357e-01
2.056269049644470215e-01
2.049981057643890381e-01
2.047052532434463501e-01
2.058845609426498413e-01
2.037948817014694214e-01
2.044641971588134766e-01
2.041723877191543579e-01
2.036128044128417969e-01
2.029696255922317505e-01
2.046331167221069336e-01
2.048016935586929321e-01
2.025361359119415283e-01
2.041008621454238892e-01
2.035599797964096069e-01
2.062114179134368896e-01
2.047902196645736694e-01
2.029636949300765991e-01
2.021699994802474976e-01
2.032086253166198730e-01
2.050788104534149170e-01
2.055476009845733643e-01
2.048719823360443115e-01
2.043594866991043091e-01
2.017244696617126465e-01
2.036759257316589355e-01
2.028983086347579956e-01
2.050489634275436401e-01
2.040227651596069336e-01
2.048054486513137817e-01
2.036208212375640869e-01
2.038569599390029907e-01
2.019965648651123047e-01
2.030142992734909058e-01
2.037928700447082520e-01
2.020979225635528564e-01
2.050292491912841797e-01
2.028510272502899170e-01
2.030615210533142090e-01
2.038982659578323364e-01
2.035929858684539795e-01
2.033445388078689575e-01
2.020302414894104004e-01
2.032505571842193604e-01
2.047039419412612915e-01
2.045619189739227295e-01
2.046376168727874756e-01
2.019531130790710449e-01
2.043022513389587402e-01
2.047485411167144775e-01
2.039295434951782227e-01
2.028323411941528320e-01
2.027850747108459473e-01
2.020920068025588989e-01
2.065016329288482666e-01
2.042672187089920044e-01
2.008654028177261353e-01
2.022701203823089600e-01
2.036167085170745850e-01
2.053661495447158813e-01
2.049413025379180908e-01
2.011014074087142944e-01
2.046347558498382568e-01
2.034740000963211060e-01
2.046535462141036987e-01
2.026533037424087524e-01
2.011724859476089478e-01
2.008967399597167969e-01
2.026124596595764160e-01
2.009154856204986572e-01
2.034893780946731567e-01
2.008744925260543823e-01
2.031234502792358398e-01
2.028067409992218018e-01
2.015777677297592163e-01
2.040320634841918945e-01
2.009275257587432861e-01
2.036209106445312500e-01
1.992373466491699219e-01
2.044745683670043945e-01
2.013924270868301392e-01
1.996311843395233154e-01
1.999294608831405640e-01
2.034004032611846924e-01
2.032392621040344238e-01
2.053818851709365845e-01
2.024684399366378784e-01
2.036066502332687378e-01
2.019079923629760742e-01
2.032002061605453491e-01
1.987925320863723755e-01
2.012759298086166382e-01
2.044345736503601074e-01
2.020392268896102905e-01
2.010291367769241333e-01
2.029849439859390259e-01
2.016704231500625610e-01
2.025917321443557739e-01
2.018596231937408447e-01
2.048279047012329102e-01
2.001400142908096313e-01
2.022318542003631592e-01
2.023173421621322632e-01
2.014694511890411377e-01
1.992560625076293945e-01
2.023829370737075806e-01
2.007340192794799805e-01
2.017221301794052124e-01
2.016567140817642212e-01
2.016191929578781128e-01
2.016858011484146118e-01
2.004822790622711182e-01
2.003605514764785767e-01
2.024068832397460938e-01
2.006820291280746460e-01
2.011738568544387817e-01
2.005907595157623291e-01
2.022542655467987061e-01
2.001689523458480835e-01
2.010436505079269409e-01
2.011918127536773682e-01
2.006734460592269897e-01
2.024302184581756592e-01
2.015651166439056396e-01
2.004153877496719360e-01
2.016151398420333862e-01
1.998486071825027466e-01
1.998041570186614990e-01
2.015233337879180908e-01
2.000275850296020508e-01
1.985428631305694580e-01
2.045208513736724854e-01
1.998294144868850708e-01
2.007409781217575073e-01
1.997053027153015137e-01
2.025762200355529785e-01
2.006483972072601318e-01
2.010522633790969849e-01
2.010501027107238770e-01
2.016852647066116333e-01
1.994506269693374634e-01
2.014155685901641846e-01
1.988665461540222168e-01
2.014577984809875488e-01
2.000729590654373169e-01
2.009713351726531982e-01
2.026417404413223267e-01
1.975357234477996826e-01
2.001777738332748413e-01
2.010710984468460083e-01
2.003217041492462158e-01
1.988040357828140259e-01
2.005044668912887573e-01
2.021794617176055908e-01
2.028370350599288940e-01
1.994665265083312988e-01
2.020526230335235596e-01
1.981066614389419556e-01
1.979887187480926514e-01
1.987124830484390259e-01
2.014543712139129639e-01
2.001669108867645264e-01
1.998400390148162842e-01
1.999533027410507202e-01
1.986002773046493530e-01
2.010427713394165039e-01
1.986995041370391846e-01
1.990495622158050537e-01
2.006977349519729614e-01
1.994199454784393311e-01
1.983906030654907227e-01
1.989676058292388916e-01
1.995807886123657227e-01
1.986480057239532471e-01
1.990857720375061035e-01
1.965597867965698242e-01
1.995734572410583496e-01
1.981930136680603027e-01
1.999430060386657715e-01
1.987474113702774048e-01
1.988819837570190430e-01
1.983090043067932129e-01
1.967811733484268188e-01
1.987218707799911499e-01
1.996014863252639771e-01
1.999595761299133301e-01
2.016883194446563721e-01
1.982784718275070190e-01
1.979291439056396484e-01
1.998495012521743774e-01
1.989936679601669312e-01
2.010060995817184448e-01
1.983040571212768555e-01
1.991939097642898560e-01
1.987487822771072388e-01
1.988674402236938477e-01
1.985855698585510254e-01
1.994758099317550659e-01
1.985460668802261353e-01
1.972104460000991821e-01
1.992397457361221313e-01
1.983184069395065308e-01
1.967365741729736328e-01
2.005242556333541870e-01
1.986785084009170532e-01
1.986520588397979736e-01
1.991648524999618530e-01
1.956385374069213867e-01
1.956228315830230713e-01
2.005808949470520020e-01
1.987142711877822876e-01
1.983202844858169556e-01
1.960894763469696045e-01
1.992527246475219727e-01
2.002089619636535645e-01
2.000096291303634644e-01
2.003397494554519653e-01
1.950727403163909912e-01
1.959834098815917969e-01
1.990351974964141846e-01
1.965201646089553833e-01
2.005358338356018066e-01
1.977494955062866211e-01
1.989921331405639648e-01
1.991146355867385864e-01
1.993404030799865723e-01
1.993591189384460449e-01
1.965907216072082520e-01
1.979008466005325317e-01
1.967036724090576172e-01
1.959499865770339966e-01
1.981732249259948730e-01
1.981180012226104736e-01
1.999639719724655151e-01
1.988286226987838745e-01
1.974783092737197876e-01
1.966816186904907227e-01
1.990383416414260864e-01
1.968235671520233154e-01
1.982187032699584961e-01
1.984009742736816406e-01
1.982645243406295776e-01
1.991844773292541504e-01
1.984844356775283813e-01
1.983654946088790894e-01
1.959870755672454834e-01
1.958752572536468506e-01
1.980582475662231445e-01
1.990979760885238647e-01
1.962427645921707153e-01
2.014133632183074951e-01
1.960296481847763062e-01
1.986135244369506836e-01
1.989560425281524658e-01
1.969534307718276978e-01
1.983939111232757568e-01
1.961522400379180908e-01
1.966379284858703613e-01
1.967100650072097778e-01
1.979512274265289307e-01
1.980462223291397095e-01
1.984981000423431396e-01
1.982768774032592773e-01
1.985827833414077759e-01
1.984871923923492432e-01
1.967787295579910278e-01
1.963472515344619751e-01
1.969356387853622437e-01
1.965437680482864380e-01
1.979455053806304932e-01
1.961051523685455322e-01
1.969171166419982910e-01
1.975692957639694214e-01
1.997027844190597534e-01
1.967358291149139404e-01
1.967888474464416504e-01
1.978508979082107544e-01
1.970216631889343262e-01
1.972801983356475830e-01
1.985471546649932861e-01
1.972859948873519897e-01
1.976549923419952393e-01
1.973675936460494995e-01
1.950738281011581421e-01
1.978085339069366455e-01
1.961133331060409546e-01
1.969522088766098022e-01
1.971100717782974243e-01
1.967690289020538330e-01
1.957717388868331909e-01
1.965252757072448730e-01
1.955602616071701050e-01
1.939863711595535278e-01
1.957328915596008301e-01
1.974001228809356689e-01
1.971225589513778687e-01
1.967253684997558594e-01
1.952468156814575195e-01
1.953126788139343262e-01
1.959450542926788330e-01
1.944288760423660278e-01
1.943127661943435669e-01
1.951664686203002930e-01
1.910737156867980957e-01
1.948900967836380005e-01
1.927826702594757080e-01
1.964710205793380737e-01
1.975399851799011230e-01
1.947416812181472778e-01
1.985553950071334839e-01
1.948986053466796875e-01
1.954440921545028687e-01
1.961155682802200317e-01
1.957757622003555298e-01
1.963280886411666870e-01
1.953012943267822266e-01
1.938010752201080322e-01
1.935845315456390381e-01
1.983509659767150879e-01
1.938336938619613647e-01
1.960402131080627441e-01
1.949042379856109619e-01
1.954796463251113892e-01
1.965769976377487183e-01
1.952111274003982544e-01
1.944167017936706543e-01
1.958938091993331909e-01
1.959434300661087036e-01
1.945181488990783691e-01
1.946338564157485962e-01
1.950547546148300171e-01
1.951447427272796631e-01
1.960562467575073242e-01
1.943579912185668945e-01
1.950029134750366211e-01
1.938171982765197754e-01
1.929811537265777588e-01
1.956777870655059814e-01
1.967179775238037109e-01
1.953109055757522583e-01
1.925580501556396484e-01
1.935101598501205444e-01
1.955005675554275513e-01
1.955179274082183838e-01
1.958605945110321045e-01
1.956619173288345337e-01
1.949789375066757202e-01
1.953106969594955444e-01
1.940375268459320068e-01
1.970138996839523315e-01
1.929281502962112427e-01
1.973711699247360229e-01
1.937872320413589478e-01
1.934505552053451538e-01
1.940170973539352417e-01
