1.714921046495437640e+00
1.378961452245712316e+00
1.228078011870384234e+00
1.147697679400444093e+00
1.046429505944252103e+00
1.020684329271316582e+00
9.718564760684966775e-01
8.505722421407699851e-01
8.481224185228347645e-01
8.235260170698165405e-01
7.897663134336471158e-01
8.111596697568893566e-01
7.804351705312728704e-01
7.791763335466385110e-01
6.777437055110930864e-01
6.527827996015548306e-01
6.657536479830742371e-01
6.698232114315032515e-01
6.642024788260459944e-01
6.760897374153137518e-01
6.736564528942108332e-01
5.345349290966987521e-01
5.452240830659866866e-01
5.389157879352569624e-01
5.583938252925872980e-01
5.704591324925423201e-01
5.714127811789512235e-01
5.629779794812201921e-01
4.519578924775123352e-01
4.509962436556815835e-01
4.479471966624259949e-01
4.563501045107841714e-01
4.668554738163948059e-01
4.646277374029159635e-01
4.781465351581573597e-01
3.703563734889030457e-01
3.799118709564208718e-01
3.844657707214355624e-01
3.831193625926971325e-01
3.984066879749297851e-01
3.909571415185928434e-01
4.089381283521651977e-01
3.352503222227096735e-01
3.354138597846031411e-01
3.382042425870895319e-01
3.387286224961280623e-01
3.523667210340499789e-01
3.512382856011390664e-01
3.560059577226638572e-01
3.076277835667133309e-01
3.061603078246116771e-01
3.060097312927246294e-01
3.135704591870308033e-01
3.084004175662994340e-01
3.155941355228424339e-01
3.206127917766570801e-01
1.103984619863331296e-01
1.536234776489436571e-01
1.918175426870584455e-01
2.093658413738012369e-01
1.906452590599655994e-01
1.878642044216394524e-01
1.857552494853735026e-01
1.120330756530165672e-01
8.906727906316519450e-02
1.081233853381127069e-01
1.181489562615752192e-01
1.231423281226307204e-01
1.208453855477273492e-01
1.351575708948075660e-01
9.125256248749792631e-02
7.488144961185753956e-02
8.767244551330805047e-02
1.089008326642215280e-01
9.407313568517565450e-02
1.009154759906232407e-01
1.164904609136283437e-01
7.158654024358838963e-02
7.254176113987341468e-02
7.664893897250295296e-02
8.326412817463278715e-02
8.928251408040523140e-02
1.027122215088456803e-01
9.201621431857347211e-02
7.251838158816098501e-02
6.291068060556426200e-02
8.261867596302181760e-02
7.928755048196763078e-02
8.292248216923325810e-02
7.504163635894656181e-02
8.029494277201593144e-02
8.086474217474461101e-02
7.795572327915578636e-02
7.810594997601583156e-02
8.500121233519167263e-02
8.139822477474809026e-02
7.794131310656667033e-02
9.723379402421414297e-02
6.344304808182642252e-02
6.130324849858879988e-02
7.183515837416053207e-02
5.773100174963474024e-02
8.634487093891948795e-02
7.634694210253656355e-02
7.911496297456324656e-02
