2.160044208765029783e+00
1.992286517620086572e+00
1.901374919414520193e+00
1.876403751373290962e+00
1.837580693960189748e+00
1.794714602231979317e+00
1.780622646808624365e+00
1.746239767074585059e+00
1.729535325765609644e+00
1.721498827934265119e+00
1.716588522195816147e+00
1.715798785686492911e+00
1.718158124685287502e+00
1.691258655786514353e+00
1.675594992637634340e+00
1.680886151790618843e+00
1.684113553762435878e+00
1.668630419969558742e+00
1.684694005250930715e+00
1.639869412183761588e+00
1.653428113460540860e+00
1.631259582042694056e+00
1.632076199054718124e+00
1.611931118965148846e+00
1.647956761121749825e+00
1.627034380435943506e+00
1.624034863710403398e+00
1.628333745002746635e+00
1.609961843490600675e+00
1.608025596141815283e+00
1.580618748664855966e+00
1.606781290769577097e+00
1.618744300603866648e+00
1.608046666383743384e+00
1.577893340587615878e+00
1.567552363872528165e+00
1.568673719167709368e+00
1.580555441379547066e+00
1.583441056013107362e+00
1.574242974519729721e+00
1.562785600423812760e+00
1.593277543783187866e+00
1.560466728210449183e+00
1.558315955400466857e+00
1.546925020217895463e+00
1.554060561656951833e+00
1.569115179777145430e+00
1.561140291690826354e+00
1.554370026588439924e+00
1.559305192232131931e+00
1.537955399751663288e+00
1.536796114444732630e+00
1.538256449699401784e+00
1.552465904951095599e+00
1.534793376922607422e+00
1.534590044021606481e+00
1.520853108167648404e+00
1.493532888889312682e+00
1.526066068410873333e+00
1.522327879667282113e+00
1.535176308155059788e+00
1.526164928674697885e+00
1.537967236042022678e+00
1.507330069541931161e+00
1.508442862033843923e+00
1.529705125093460127e+00
1.517637078762054337e+00
1.517769207954406729e+00
1.517960968017578072e+00
1.495135617256164506e+00
1.494309778213501083e+00
1.496980915069580087e+00
1.525287394523620499e+00
1.503125232458114580e+00
1.504943846464157131e+00
1.506749231815338153e+00
1.515677840709686253e+00
1.456288181543350158e+00
1.490936951637268137e+00
1.484833364486694229e+00
1.495022134780883860e+00
1.504597451686859211e+00
1.497963995933532688e+00
1.502903164625167820e+00
1.491511573791503897e+00
1.488808313608169565e+00
1.472646467685699401e+00
1.490541393756866562e+00
1.470567890405654943e+00
1.505170623064041147e+00
1.497146953344345111e+00
1.473330371379852233e+00
1.468457161188125637e+00
1.484872952699661353e+00
1.465690635442733702e+00
1.480417881011962811e+00
1.482376924753189051e+00
1.487596671581268293e+00
1.457047349214553922e+00
1.475806162357330420e+00
1.480669053792953438e+00
1.487052136659622104e+00
1.461872366666793877e+00
1.462090758085250908e+00
1.480192284584045392e+00
