7.383086085319519043e-01
7.284662723541259766e-01
7.210426330566406250e-01
7.134633660316467285e-01
7.061616778373718262e-01
6.994727849960327148e-01
6.918855905532836914e-01
6.828922033309936523e-01
6.736417412757873535e-01
6.639624238014221191e-01
6.507438421249389648e-01
6.386876106262207031e-01
6.219353675842285156e-01
6.057440042495727539e-01
5.861548781394958496e-01
5.649283528327941895e-01
5.440534949302673340e-01
5.181508064270019531e-01
4.935388267040252686e-01
4.664043486118316650e-01
4.419988393783569336e-01
4.110883474349975586e-01
3.825574517250061035e-01
3.534407019615173340e-01
3.394158184528350830e-01
3.260094821453094482e-01
3.242128789424896240e-01
3.197171688079833984e-01
3.236315250396728516e-01
3.468852341175079346e-01
3.298530876636505127e-01
3.173220455646514893e-01
3.233661949634552002e-01
3.059214651584625244e-01
3.019685745239257812e-01
2.863140404224395752e-01
2.797607183456420898e-01
2.818266749382019043e-01
2.897882163524627686e-01
2.848510146141052246e-01
2.779793739318847656e-01
2.736435532569885254e-01
2.691470086574554443e-01
2.701127827167510986e-01
2.719729244709014893e-01
2.666529417037963867e-01
2.615839838981628418e-01
2.557405531406402588e-01
2.549892961978912354e-01
2.518518567085266113e-01
2.481230944395065308e-01
2.478666007518768311e-01
2.437992691993713379e-01
2.441236227750778198e-01
2.401174157857894897e-01
2.359091341495513916e-01
2.355620115995407104e-01
2.404658496379852295e-01
2.284065037965774536e-01
2.306584417819976807e-01
2.226569056510925293e-01
2.223772406578063965e-01
2.164607942104339600e-01
2.208648622035980225e-01
2.168526351451873779e-01
2.231304645538330078e-01
2.155835181474685669e-01
2.107574641704559326e-01
2.135942280292510986e-01
2.135178297758102417e-01
2.130095660686492920e-01
2.029660791158676147e-01
1.998172700405120850e-01
2.003790438175201416e-01
2.003236562013626099e-01
1.988142430782318115e-01
1.962330788373947144e-01
1.955955624580383301e-01
1.924589872360229492e-01
1.914312243461608887e-01
1.901587992906570435e-01
1.911149322986602783e-01
1.862209439277648926e-01
1.874039471149444580e-01
1.863525211811065674e-01
1.835877150297164917e-01
1.826549768447875977e-01
1.815761625766754150e-01
1.794202327728271484e-01
1.758811920881271362e-01
1.845447123050689697e-01
1.747089922428131104e-01
1.745927184820175171e-01
1.730058640241622925e-01
1.708606332540512085e-01
1.702089905738830566e-01
1.725671291351318359e-01
1.673008501529693604e-01
1.679065972566604614e-01
1.665691435337066650e-01
1.671841740608215332e-01
1.667347699403762817e-01
1.659698188304901123e-01
1.660993248224258423e-01
1.645843386650085449e-01
1.651020348072052002e-01
1.611113846302032471e-01
1.612132489681243896e-01
1.593726724386215210e-01
1.560439467430114746e-01
1.572128832340240479e-01
1.578806936740875244e-01
1.545046865940093994e-01
1.571809798479080200e-01
1.529067307710647583e-01
1.557035148143768311e-01
1.537508815526962280e-01
1.528110504150390625e-01
1.528733670711517334e-01
1.516222506761550903e-01
1.513565331697463989e-01
1.498105973005294800e-01
1.483729481697082520e-01
1.482198536396026611e-01
1.473070532083511353e-01
1.501181423664093018e-01
1.460339426994323730e-01
1.470139622688293457e-01
1.478008627891540527e-01
1.413106620311737061e-01
1.444079577922821045e-01
1.463381499052047729e-01
1.426971256732940674e-01
1.426147520542144775e-01
1.391404271125793457e-01
1.433090567588806152e-01
1.401109099388122559e-01
1.392919123172760010e-01
1.364627182483673096e-01
1.367666274309158325e-01
1.383820772171020508e-01
1.361947357654571533e-01
1.373286396265029907e-01
1.378764659166336060e-01
1.344293355941772461e-01
1.343534588813781738e-01
1.374384313821792603e-01
1.326137632131576538e-01
1.344192326068878174e-01
1.334043741226196289e-01
1.333247572183609009e-01
1.301857978105545044e-01
1.311849951744079590e-01
1.289064288139343262e-01
1.303588449954986572e-01
1.321505755186080933e-01
1.285222619771957397e-01
1.293579787015914917e-01
1.293962001800537109e-01
1.305081546306610107e-01
1.285124421119689941e-01
1.257396042346954346e-01
1.269525140523910522e-01
1.267442703247070312e-01
1.274977028369903564e-01
1.229727268218994141e-01
1.234179288148880005e-01
1.241899728775024414e-01
1.227524876594543457e-01
1.232956051826477051e-01
1.217301636934280396e-01
1.218385398387908936e-01
1.231772825121879578e-01
1.194661930203437805e-01
1.193461865186691284e-01
1.194259971380233765e-01
1.215102672576904297e-01
1.176995187997817993e-01
1.192973703145980835e-01
1.205329000949859619e-01
1.183103248476982117e-01
1.185476109385490417e-01
1.164564043283462524e-01
1.141148209571838379e-01
1.170908361673355103e-01
1.177592575550079346e-01
1.151824146509170532e-01
1.153273135423660278e-01
1.133423447608947754e-01
1.144987046718597412e-01
1.165499538183212280e-01
1.132968738675117493e-01
1.141343712806701660e-01
1.107347607612609863e-01
1.113156527280807495e-01
1.116361171007156372e-01
1.126872599124908447e-01
1.122856289148330688e-01
1.110937148332595825e-01
1.127348020672798157e-01
1.083574071526527405e-01
1.108425706624984741e-01
1.095144152641296387e-01
1.104429066181182861e-01
1.106977164745330811e-01
1.089055314660072327e-01
1.089021265506744385e-01
1.076633483171463013e-01
1.080736741423606873e-01
1.080620884895324707e-01
1.076901257038116455e-01
1.057112067937850952e-01
1.074755862355232239e-01
1.054700836539268494e-01
1.064093559980392456e-01
1.058895736932754517e-01
1.038489788770675659e-01
1.047604158520698547e-01
1.035362407565116882e-01
1.029911637306213379e-01
1.029485389590263367e-01
1.028487235307693481e-01
1.043669506907463074e-01
1.012359857559204102e-01
1.035707592964172363e-01
1.027037948369979858e-01
1.025373935699462891e-01
1.002518385648727417e-01
1.033047735691070557e-01
9.830150008201599121e-02
1.010196655988693237e-01
9.919705986976623535e-02
1.005913466215133667e-01
1.013404577970504761e-01
1.004347652196884155e-01
9.957310557365417480e-02
9.774464368820190430e-02
9.838731586933135986e-02
9.939330816268920898e-02
9.809981286525726318e-02
9.749619662761688232e-02
9.713990241289138794e-02
9.566605836153030396e-02
9.695370495319366455e-02
9.726250171661376953e-02
9.675935655832290649e-02
9.684517979621887207e-02
9.514941275119781494e-02
9.315219521522521973e-02
9.439444541931152344e-02
9.328795969486236572e-02
9.342199563980102539e-02
9.376411139965057373e-02
9.244313836097717285e-02
9.220276772975921631e-02
9.300789237022399902e-02
9.129081666469573975e-02
9.395775943994522095e-02
9.192734956741333008e-02
9.220325946807861328e-02
9.207028150558471680e-02
9.156829863786697388e-02
9.224138408899307251e-02
9.137363731861114502e-02
9.198361635208129883e-02
8.864906430244445801e-02
8.897066116333007812e-02
9.018789231777191162e-02
8.996546268463134766e-02
8.792656660079956055e-02
9.002812206745147705e-02
8.870785683393478394e-02
8.849220722913742065e-02
8.952139317989349365e-02
8.743767440319061279e-02
8.625282347202301025e-02
8.671518415212631226e-02
8.838622272014617920e-02
8.622150868177413940e-02
8.654442429542541504e-02
8.638893067836761475e-02
8.686996996402740479e-02
8.606465160846710205e-02
8.517451584339141846e-02
8.520089089870452881e-02
8.587497472763061523e-02
8.487574756145477295e-02
8.514114469289779663e-02
8.445574343204498291e-02
8.333864808082580566e-02
8.370954543352127075e-02
8.308582007884979248e-02
8.366330713033676147e-02
8.377257734537124634e-02
8.374778926372528076e-02
8.300019800662994385e-02
8.314766734838485718e-02
8.302851766347885132e-02
8.137679845094680786e-02
8.055065572261810303e-02
8.136949688196182251e-02
8.095274865627288818e-02
8.083168417215347290e-02
8.073566108942031860e-02
8.142263442277908325e-02
8.020379394292831421e-02
7.997475564479827881e-02
7.991169393062591553e-02
7.968642562627792358e-02
7.911751419305801392e-02
7.965092360973358154e-02
7.936854660511016846e-02
7.968352735042572021e-02
8.041436970233917236e-02
7.868123054504394531e-02
7.847144454717636108e-02
7.727861404418945312e-02
7.803374528884887695e-02
7.805539667606353760e-02
7.730431109666824341e-02
7.710264623165130615e-02
7.569578289985656738e-02
7.653874903917312622e-02
7.726183533668518066e-02
7.755534350872039795e-02
7.725936919450759888e-02
7.570832967758178711e-02
7.722219824790954590e-02
7.598274946212768555e-02
7.630575448274612427e-02
7.457478344440460205e-02
7.484734058380126953e-02
7.582140713930130005e-02
7.437045872211456299e-02
7.353435456752777100e-02
7.406399399042129517e-02
7.449615001678466797e-02
7.280796766281127930e-02
7.409290969371795654e-02
7.369640469551086426e-02
7.376529276371002197e-02
7.196331024169921875e-02
7.267929613590240479e-02
7.389403879642486572e-02
7.160670310258865356e-02
7.289783656597137451e-02
7.214277237653732300e-02
7.278306782245635986e-02
7.242133468389511108e-02
7.095758616924285889e-02
7.268609106540679932e-02
7.111105322837829590e-02
7.253427803516387939e-02
7.109931111335754395e-02
7.059688866138458252e-02
7.073550671339035034e-02
7.026410102844238281e-02
6.927779316902160645e-02
6.921257078647613525e-02
6.945790350437164307e-02
6.977456063032150269e-02
7.032483816146850586e-02
6.901048123836517334e-02
7.050986588001251221e-02
6.917713582515716553e-02
6.941016018390655518e-02
7.017547637224197388e-02
7.022908329963684082e-02
6.872281432151794434e-02
6.770567595958709717e-02
6.937870383262634277e-02
6.820894777774810791e-02
6.812356412410736084e-02
6.808706372976303101e-02
6.814505904912948608e-02
6.781245768070220947e-02
6.697521358728408813e-02
6.667351722717285156e-02
6.870412081480026245e-02
6.648007035255432129e-02
6.608439981937408447e-02
6.663040816783905029e-02
6.659328937530517578e-02
6.742255389690399170e-02
6.655767560005187988e-02
6.716720759868621826e-02
6.727117300033569336e-02
6.615064293146133423e-02
6.497982144355773926e-02
6.469202786684036255e-02
6.635729968547821045e-02
6.550323963165283203e-02
6.426062434911727905e-02
6.453607231378555298e-02
6.451002508401870728e-02
6.538400799036026001e-02
6.804003566503524780e-02
6.425195932388305664e-02
6.399211287498474121e-02
6.340867280960083008e-02
6.434400379657745361e-02
6.369949877262115479e-02
6.385371834039688110e-02
6.296843290328979492e-02
6.423188745975494385e-02
6.341838836669921875e-02
6.369570642709732056e-02
6.330025196075439453e-02
6.198256462812423706e-02
6.290459632873535156e-02
6.264827400445938110e-02
6.239425018429756165e-02
6.205320358276367188e-02
6.324683874845504761e-02
6.227111071348190308e-02
6.188753992319107056e-02
6.216766685247421265e-02
6.112003326416015625e-02
6.167985498905181885e-02
6.148094683885574341e-02
6.247337162494659424e-02
6.191852688789367676e-02
6.120578199625015259e-02
6.275862455368041992e-02
6.069980561733245850e-02
6.029928848147392273e-02
6.008559465408325195e-02
6.218045204877853394e-02
6.152076646685600281e-02
6.082852184772491455e-02
6.106697767972946167e-02
6.069551408290863037e-02
6.063909828662872314e-02
6.047895550727844238e-02
6.061402708292007446e-02
5.921848863363265991e-02
6.015517562627792358e-02
6.041888892650604248e-02
6.062135100364685059e-02
5.988297238945960999e-02
5.972198396921157837e-02
5.913394317030906677e-02
5.944675952196121216e-02
5.887077748775482178e-02
5.938230454921722412e-02
5.934979766607284546e-02
5.852349847555160522e-02
5.900513380765914917e-02
5.883922427892684937e-02
5.832077190279960632e-02
5.781396478414535522e-02
5.805828049778938293e-02
5.831598863005638123e-02
5.819889530539512634e-02
5.744834989309310913e-02
5.740215629339218140e-02
5.781008303165435791e-02
5.781112611293792725e-02
5.880773812532424927e-02
5.866026878356933594e-02
5.780925601720809937e-02
5.657416209578514099e-02
5.676720663905143738e-02
5.751645565032958984e-02
5.799683183431625366e-02
5.683781579136848450e-02
5.727480724453926086e-02
5.682432651519775391e-02
5.744033306837081909e-02
5.685149133205413818e-02
5.664196610450744629e-02
5.616996809840202332e-02
5.724170804023742676e-02
5.586248263716697693e-02
5.697311088442802429e-02
5.614672601222991943e-02
5.658568069338798523e-02
5.627697706222534180e-02
5.629254877567291260e-02
5.612284317612648010e-02
5.565063655376434326e-02
5.563893541693687439e-02
5.547579377889633179e-02
5.553769320249557495e-02
5.559161305427551270e-02
5.545166507363319397e-02
5.539856851100921631e-02
5.503122135996818542e-02
5.602416768670082092e-02
5.525805801153182983e-02
5.589487403631210327e-02
5.552318692207336426e-02
5.522575229406356812e-02
5.586885660886764526e-02
5.512347817420959473e-02
5.552223324775695801e-02
5.545809119939804077e-02
5.488352850079536438e-02
5.592205747961997986e-02
5.532536283135414124e-02
5.486105382442474365e-02
5.502980202436447144e-02
5.496527999639511108e-02
5.399379879236221313e-02
5.485350266098976135e-02
5.405778810381889343e-02
5.476316064596176147e-02
5.403902381658554077e-02
5.480840802192687988e-02
5.343970283865928650e-02
5.544918403029441833e-02
5.372533947229385376e-02
5.439157038927078247e-02
5.425686389207839966e-02
5.313340201973915100e-02
5.270299687981605530e-02
5.369301512837409973e-02
5.393993854522705078e-02
5.315819010138511658e-02
5.261613428592681885e-02
5.303395166993141174e-02
5.356816202402114868e-02
5.380866676568984985e-02
5.281182378530502319e-02
5.342864990234375000e-02
5.357371270656585693e-02
5.241756141185760498e-02
5.280014127492904663e-02
5.269582569599151611e-02
5.181016772985458374e-02
5.378555506467819214e-02
5.190604925155639648e-02
5.260153859853744507e-02
5.129881203174591064e-02
5.227538198232650757e-02
5.308918282389640808e-02
5.217165499925613403e-02
5.260526388883590698e-02
5.205410718917846680e-02
5.194364488124847412e-02
5.183074250817298889e-02
5.184864625334739685e-02
5.197657644748687744e-02
5.176464468240737915e-02
5.168812721967697144e-02
5.182243138551712036e-02
5.187422782182693481e-02
5.167333409190177917e-02
5.092632025480270386e-02
5.151201784610748291e-02
5.069221928715705872e-02
5.203344672918319702e-02
5.190018564462661743e-02
5.135734379291534424e-02
5.222363770008087158e-02
5.129932612180709839e-02
5.078984424471855164e-02
5.163832008838653564e-02
5.080771446228027344e-02
5.127674341201782227e-02
5.176036432385444641e-02
5.136093869805335999e-02
5.199004709720611572e-02
5.079497024416923523e-02
4.987671226263046265e-02
5.111557990312576294e-02
5.126736313104629517e-02
5.047051981091499329e-02
4.971696436405181885e-02
4.999478533864021301e-02
4.992211610078811646e-02
4.993552714586257935e-02
5.039916187524795532e-02
5.069802701473236084e-02
5.043140798807144165e-02
5.414826422929763794e-02
5.094533413648605347e-02
5.039685219526290894e-02
4.982093721628189087e-02
5.044594034552574158e-02
4.934163019061088562e-02
4.931934177875518799e-02
4.982518404722213745e-02
4.984455928206443787e-02
4.927759617567062378e-02
4.975038766860961914e-02
4.943172633647918701e-02
4.975974559783935547e-02
4.936780035495758057e-02
4.970196262001991272e-02
4.950656369328498840e-02
4.998987168073654175e-02
4.952893778681755066e-02
4.969333857297897339e-02
4.956579208374023438e-02
4.999828711152076721e-02
4.817071929574012756e-02
4.905062168836593628e-02
4.923898726701736450e-02
4.861344397068023682e-02
4.894639924168586731e-02
4.954583197832107544e-02
4.874848201870918274e-02
4.935319721698760986e-02
4.871647432446479797e-02
4.900674521923065186e-02
4.872321337461471558e-02
4.825726896524429321e-02
4.880214855074882507e-02
4.854490235447883606e-02
4.813393950462341309e-02
4.816003888845443726e-02
4.843126982450485229e-02
4.778103530406951904e-02
4.870307445526123047e-02
4.819101095199584961e-02
4.742512106895446777e-02
4.724992811679840088e-02
4.894749447703361511e-02
4.797990620136260986e-02
4.886836558580398560e-02
4.781831055879592896e-02
4.758982732892036438e-02
4.751645028591156006e-02
4.816267639398574829e-02
4.742308706045150757e-02
4.807511717081069946e-02
4.791898280382156372e-02
4.761660471558570862e-02
4.808300733566284180e-02
4.786021262407302856e-02
4.759918153285980225e-02
4.741918295621871948e-02
4.717113077640533447e-02
4.760110005736351013e-02
4.767776280641555786e-02
4.635492712259292603e-02
4.707944020628929138e-02
4.763429611921310425e-02
4.636054858565330505e-02
4.727990925312042236e-02
4.702455550432205200e-02
4.785727709531784058e-02
4.754126071929931641e-02
4.647692292928695679e-02
4.723647236824035645e-02
4.669071733951568604e-02
4.655170068144798279e-02
4.658837616443634033e-02
4.697468876838684082e-02
4.638980329036712646e-02
4.687547683715820312e-02
4.680797085165977478e-02
4.628637433052062988e-02
4.756035655736923218e-02
4.609198123216629028e-02
4.626851528882980347e-02
4.660917818546295166e-02
4.624616354703903198e-02
4.582294821739196777e-02
4.711491987109184265e-02
4.597061127424240112e-02
4.585694521665573120e-02
4.577879607677459717e-02
4.599475115537643433e-02
4.614818096160888672e-02
4.565351456403732300e-02
4.610360786318778992e-02
4.598616436123847961e-02
4.606951028108596802e-02
4.593467712402343750e-02
4.665040969848632812e-02
4.535045474767684937e-02
4.563730210065841675e-02
4.623924195766448975e-02
4.557333514094352722e-02
4.585531353950500488e-02
4.636922478675842285e-02
4.513653367757797241e-02
4.567481577396392822e-02
4.491589963436126709e-02
4.602354019880294800e-02
4.591616615653038025e-02
4.554515331983566284e-02
4.613534733653068542e-02
4.527337476611137390e-02
4.548443108797073364e-02
4.605481773614883423e-02
4.549064487218856812e-02
4.451076686382293701e-02
4.520992934703826904e-02
4.476746171712875366e-02
4.568324610590934753e-02
4.467425495386123657e-02
4.546304047107696533e-02
4.566853493452072144e-02
4.462467133998870850e-02
4.542591422796249390e-02
4.502931237220764160e-02
4.542767629027366638e-02
4.479706287384033203e-02
4.445668682456016541e-02
4.471734166145324707e-02
4.425689950585365295e-02
4.561932384967803955e-02
4.572037234902381897e-02
4.435978829860687256e-02
4.460427910089492798e-02
4.456218704581260681e-02
4.445769637823104858e-02
4.467517882585525513e-02
4.411522299051284790e-02
4.423253983259201050e-02
4.518280178308486938e-02
4.386176913976669312e-02
4.396576434373855591e-02
4.380816966295242310e-02
4.427254945039749146e-02
4.395208507776260376e-02
4.434444010257720947e-02
4.436565190553665161e-02
4.413739591836929321e-02
4.419738054275512695e-02
4.404202103614807129e-02
4.402963072061538696e-02
4.386420547962188721e-02
4.442588612437248230e-02
4.471064358949661255e-02
4.417312517762184143e-02
4.344648495316505432e-02
4.396212100982666016e-02
4.393064975738525391e-02
4.446392506361007690e-02
4.359886050224304199e-02
4.350590705871582031e-02
4.344280809164047241e-02
4.317427426576614380e-02
4.383663088083267212e-02
4.375352710485458374e-02
4.320891946554183960e-02
4.399463906884193420e-02
4.349905997514724731e-02
4.360143095254898071e-02
4.319255053997039795e-02
4.368872940540313721e-02
4.323194175958633423e-02
4.380523040890693665e-02
4.331387579441070557e-02
4.299990087747573853e-02
4.428815841674804688e-02
4.402408748865127563e-02
4.308336973190307617e-02
4.502656310796737671e-02
4.273985326290130615e-02
4.319238662719726562e-02
4.260254651308059692e-02
4.266636818647384644e-02
4.301140084862709045e-02
4.303872585296630859e-02
4.322046041488647461e-02
4.291404038667678833e-02
4.333463311195373535e-02
4.322534427046775818e-02
4.389573261141777039e-02
4.253613948822021484e-02
4.274096339941024780e-02
4.252885282039642334e-02
4.306107386946678162e-02
4.322468489408493042e-02
4.240917414426803589e-02
4.265001416206359863e-02
4.275182262063026428e-02
4.227618128061294556e-02
4.266126826405525208e-02
4.283498972654342651e-02
4.251556098461151123e-02
4.239222407341003418e-02
4.290001094341278076e-02
4.250188171863555908e-02
4.290488362312316895e-02
4.237900674343109131e-02
4.233919084072113037e-02
4.248213022947311401e-02
4.255145788192749023e-02
4.262690991163253784e-02
4.274898022413253784e-02
4.201894998550415039e-02
4.203529283404350281e-02
4.220256954431533813e-02
4.248051717877388000e-02
4.237869381904602051e-02
4.174102097749710083e-02
4.244201630353927612e-02
4.325913265347480774e-02
4.164468497037887573e-02
4.143073409795761108e-02
4.222386702895164490e-02
4.194128885865211487e-02
4.243578761816024780e-02
4.173614829778671265e-02
4.193536192178726196e-02
4.173167794942855835e-02
4.196786507964134216e-02
4.220491647720336914e-02
4.227762669324874878e-02
4.201575368642807007e-02
4.153015837073326111e-02
4.246043413877487183e-02
4.178406298160552979e-02
4.192338511347770691e-02
4.211792349815368652e-02
4.217536747455596924e-02
4.213026538491249084e-02
4.186451062560081482e-02
4.182370379567146301e-02
4.119007661938667297e-02
4.155100882053375244e-02
4.137293249368667603e-02
4.166305437684059143e-02
4.183283075690269470e-02
4.137688130140304565e-02
4.166724905371665955e-02
4.170756787061691284e-02
4.092197865247726440e-02
4.109914600849151611e-02
4.112443327903747559e-02
4.172921180725097656e-02
4.122862592339515686e-02
4.131343215703964233e-02
4.161005467176437378e-02
4.144154489040374756e-02
4.174398630857467651e-02
4.134129732847213745e-02
4.097173362970352173e-02
4.097027331590652466e-02
4.103208333253860474e-02
4.143151268362998962e-02
4.086831957101821899e-02
4.162041842937469482e-02
4.081952571868896484e-02
4.100052639842033386e-02
4.131870716810226440e-02
4.038115590810775757e-02
4.132175818085670471e-02
4.063129052519798279e-02
4.115942865610122681e-02
4.144262522459030151e-02
4.070096090435981750e-02
4.074181616306304932e-02
4.106019437313079834e-02
4.098100587725639343e-02
4.101028293371200562e-02
4.036336764693260193e-02
4.089978709816932678e-02
4.049808904528617859e-02
4.071066156029701233e-02
4.100758954882621765e-02
4.046814143657684326e-02
4.064774885773658752e-02
4.071867838501930237e-02
4.082501307129859924e-02
4.049457609653472900e-02
4.060943424701690674e-02
4.020405933260917664e-02
4.029419645667076111e-02
3.995493426918983459e-02
4.022086039185523987e-02
4.043881967663764954e-02
4.096276685595512390e-02
3.993452340364456177e-02
4.081670194864273071e-02
4.015577211976051331e-02
4.098397865891456604e-02
3.982736170291900635e-02
3.989078849554061890e-02
4.017199575901031494e-02
4.065002128481864929e-02
4.011265560984611511e-02
3.976935893297195435e-02
4.034384340047836304e-02
4.008492082357406616e-02
4.036047309637069702e-02
4.021539539098739624e-02
3.998705372214317322e-02
3.948860615491867065e-02
3.996708989143371582e-02
4.037265107035636902e-02
4.012202471494674683e-02
4.028041660785675049e-02
3.944814950227737427e-02
3.995707258582115173e-02
4.012965783476829529e-02
3.972123190760612488e-02
4.006121307611465454e-02
3.950230777263641357e-02
4.099255427718162537e-02
3.954856842756271362e-02
3.968093544244766235e-02
3.937948495149612427e-02
3.956622630357742310e-02
3.938794881105422974e-02
3.932483866810798645e-02
3.936662152409553528e-02
3.963503241539001465e-02
3.996357321739196777e-02
3.927449882030487061e-02
3.922010213136672974e-02
3.933691978454589844e-02
3.985912352800369263e-02
3.967668861150741577e-02
3.964239358901977539e-02
3.954272717237472534e-02
3.929761052131652832e-02
3.976583480834960938e-02
3.946570679545402527e-02
3.948676958680152893e-02
3.924347460269927979e-02
3.955886140465736389e-02
3.934894502162933350e-02
3.937862068414688110e-02
3.894625604152679443e-02
3.966051712632179260e-02
3.905806317925453186e-02
3.908616304397583008e-02
3.968381881713867188e-02
3.886928409337997437e-02
3.922204673290252686e-02
3.894089162349700928e-02
3.910589963197708130e-02
3.882169350981712341e-02
3.932322934269905090e-02
3.826345130801200867e-02
3.912013024091720581e-02
3.932285308837890625e-02
3.937168791890144348e-02
3.899678587913513184e-02
3.842999413609504700e-02
3.895857930183410645e-02
3.895865753293037415e-02
3.885071724653244019e-02
3.894203528761863708e-02
3.876230865716934204e-02
3.889541327953338623e-02
3.898018598556518555e-02
3.897051140666007996e-02
3.923849016427993774e-02
3.849226981401443481e-02
3.847841173410415649e-02
3.851006180047988892e-02
3.910419344902038574e-02
3.885758295655250549e-02
3.869504481554031372e-02
3.895992785692214966e-02
3.832440823316574097e-02
3.867215290665626526e-02
3.826844319701194763e-02
3.858142718672752380e-02
3.858767822384834290e-02
3.902663290500640869e-02
3.872989490628242493e-02
3.889107331633567810e-02
3.859218955039978027e-02
3.872782364487648010e-02
3.842461109161376953e-02
3.880414366722106934e-02
3.796654939651489258e-02
3.880051523447036743e-02
3.811507672071456909e-02
3.858955577015876770e-02
3.821950405836105347e-02
3.818052634596824646e-02
3.851485252380371094e-02
3.804792836308479309e-02
3.833861649036407471e-02
3.796494007110595703e-02
3.797761350870132446e-02
3.815388679504394531e-02
3.818972036242485046e-02
3.856792673468589783e-02
3.782296925783157349e-02
3.794258832931518555e-02
3.804663568735122681e-02
3.828819096088409424e-02
3.834513574838638306e-02
3.770706057548522949e-02
3.815695270895957947e-02
3.902590647339820862e-02
3.810926526784896851e-02
3.753659501671791077e-02
3.879633918404579163e-02
3.800194710493087769e-02
3.827328979969024658e-02
3.805813193321228027e-02
3.877368569374084473e-02
3.795377165079116821e-02
3.780800476670265198e-02
3.833746910095214844e-02
3.774424269795417786e-02
3.753398358821868896e-02
3.799206763505935669e-02
3.811584785580635071e-02
3.787870705127716064e-02
3.850622102618217468e-02
3.758313506841659546e-02
3.777397051453590393e-02
3.796239569783210754e-02
3.800405189394950867e-02
3.809794783592224121e-02
3.770234435796737671e-02
3.798972815275192261e-02
3.795664757490158081e-02
3.795315325260162354e-02
3.703657165169715881e-02
3.803187608718872070e-02
3.835751861333847046e-02
3.774355724453926086e-02
3.762222826480865479e-02
3.819458559155464172e-02
3.779829293489456177e-02
3.793310001492500305e-02
3.785743936896324158e-02
3.754219785332679749e-02
3.766386210918426514e-02
3.841472044587135315e-02
3.719099238514900208e-02
3.799525648355484009e-02
3.769847750663757324e-02
3.720457106828689575e-02
3.734849393367767334e-02
3.725245967507362366e-02
3.774719685316085815e-02
3.769659250974655151e-02
3.725086525082588196e-02
3.771820291876792908e-02
3.784787654876708984e-02
3.740014135837554932e-02
3.833218663930892944e-02
3.758083656430244446e-02
3.749268501996994019e-02
3.772893175482749939e-02
3.699064999818801880e-02
3.740068897604942322e-02
3.728105500340461731e-02
3.720583021640777588e-02
3.739164769649505615e-02
3.745017200708389282e-02
3.716798126697540283e-02
3.724496066570281982e-02
3.727685660123825073e-02
3.735590726137161255e-02
3.704135864973068237e-02
3.760867565870285034e-02
3.743404150009155273e-02
3.696717321872711182e-02
3.724868968129158020e-02
3.727937862277030945e-02
3.691964596509933472e-02
3.713903576135635376e-02
3.755950927734375000e-02
3.700750321149826050e-02
3.686760365962982178e-02
3.754612058401107788e-02
3.733321651816368103e-02
3.692070394754409790e-02
3.684814274311065674e-02
3.751112520694732666e-02
3.774965554475784302e-02
3.681545704603195190e-02
3.693344816565513611e-02
3.687718510627746582e-02
3.722513467073440552e-02
3.711484372615814209e-02
3.703410550951957703e-02
3.714090958237648010e-02
3.701015561819076538e-02
3.660746663808822632e-02
3.686167299747467041e-02
3.708731383085250854e-02
3.720347955822944641e-02
3.720273822546005249e-02
3.710516542196273804e-02
3.700743243098258972e-02
3.699482977390289307e-02
3.676887601613998413e-02
3.647312894463539124e-02
3.692555427551269531e-02
3.700945898890495300e-02
3.686236962676048279e-02
3.711064159870147705e-02
3.659680485725402832e-02
3.676137328147888184e-02
3.709852695465087891e-02
3.685108199715614319e-02
3.650396689772605896e-02
3.670199215412139893e-02
3.668498247861862183e-02
3.723249584436416626e-02
3.639409318566322327e-02
3.655378520488739014e-02
3.657572343945503235e-02
3.680575266480445862e-02
3.699029982089996338e-02
3.674020245671272278e-02
3.687137365341186523e-02
3.657146543264389038e-02
3.655318170785903931e-02
3.654198348522186279e-02
3.681009262800216675e-02
3.682249784469604492e-02
3.692250698804855347e-02
3.654102981090545654e-02
3.644763678312301636e-02
3.670697659254074097e-02
3.604608401656150818e-02
3.619100153446197510e-02
3.644277155399322510e-02
3.635408729314804077e-02
3.660133108496665955e-02
3.639385104179382324e-02
3.653410822153091431e-02
3.663840144872665405e-02
3.622273728251457214e-02
3.613995015621185303e-02
3.603015094995498657e-02
3.622138500213623047e-02
3.628313541412353516e-02
3.607663512229919434e-02
3.627636656165122986e-02
3.627263009548187256e-02
3.606352955102920532e-02
3.654121980071067810e-02
3.607632592320442200e-02
3.635840862989425659e-02
3.630254790186882019e-02
3.641369938850402832e-02
3.643009811639785767e-02
3.649614751338958740e-02
3.617011755704879761e-02
3.610491007566452026e-02
3.670947998762130737e-02
3.597513213753700256e-02
3.601618111133575439e-02
3.621960803866386414e-02
3.601483255624771118e-02
3.662350028753280640e-02
3.595139831304550171e-02
3.599870949983596802e-02
3.624634072184562683e-02
3.633603453636169434e-02
3.628842160105705261e-02
3.599281236529350281e-02
3.634256497025489807e-02
3.638253360986709595e-02
3.637168556451797485e-02
3.567170351743698120e-02
3.632318973541259766e-02
3.639563918113708496e-02
3.595726937055587769e-02
3.620686382055282593e-02
3.584925085306167603e-02
3.583076223731040955e-02
3.561711311340332031e-02
3.574767336249351501e-02
3.596104308962821960e-02
3.566849604249000549e-02
3.575868159532546997e-02
3.592321276664733887e-02
3.588041290640830994e-02
3.599514439702033997e-02
3.600399941205978394e-02
3.585653379559516907e-02
3.576151654124259949e-02
3.549366071820259094e-02
3.587692230939865112e-02
3.567527979612350464e-02
3.547182679176330566e-02
3.608789294958114624e-02
3.624383360147476196e-02
3.567867726087570190e-02
3.572074323892593384e-02
3.577481210231781006e-02
3.569464012980461121e-02
3.544045612215995789e-02
3.596414625644683838e-02
3.605599328875541687e-02
3.547429293394088745e-02
3.555949777364730835e-02
3.558219969272613525e-02
3.515449538826942444e-02
3.575263917446136475e-02
3.595605865120887756e-02
3.556026518344879150e-02
3.544243052601814270e-02
3.521710261702537537e-02
3.581154346466064453e-02
3.579587489366531372e-02
3.566602244973182678e-02
3.582092374563217163e-02
3.564829006791114807e-02
3.546838462352752686e-02
2.455564439296722412e-01
2.430619001388549805e-01
2.421044111251831055e-01
2.404501289129257202e-01
2.384747266769409180e-01
2.392375320196151733e-01
2.382722049951553345e-01
2.383985668420791626e-01
2.341978400945663452e-01
2.361181676387786865e-01
2.355999350547790527e-01
2.355370968580245972e-01
2.339877635240554810e-01
2.339699119329452515e-01
2.330577671527862549e-01
2.317253500223159790e-01
2.315347641706466675e-01
2.309983968734741211e-01
2.313038110733032227e-01
2.321945428848266602e-01
2.306575924158096313e-01
2.309763729572296143e-01
2.317069470882415771e-01
2.310745120048522949e-01
2.301328480243682861e-01
2.298918664455413818e-01
2.286684513092041016e-01
2.304238080978393555e-01
2.290653586387634277e-01
2.270701229572296143e-01
2.290370911359786987e-01
2.275653481483459473e-01
2.261102646589279175e-01
2.271419167518615723e-01
2.271968573331832886e-01
2.288162559270858765e-01
2.261144965887069702e-01
2.273135185241699219e-01
2.252916991710662842e-01
2.249458283185958862e-01
2.267708033323287964e-01
2.272787094116210938e-01
2.260496467351913452e-01
2.237317115068435669e-01
2.238731533288955688e-01
2.244665026664733887e-01
2.243669331073760986e-01
2.256737053394317627e-01
2.229537665843963623e-01
2.263908982276916504e-01
2.233343720436096191e-01
2.244224399328231812e-01
2.236095219850540161e-01
2.235758006572723389e-01
2.248494029045104980e-01
2.215891778469085693e-01
2.234816402196884155e-01
2.227506041526794434e-01
2.226098030805587769e-01
2.237812280654907227e-01
2.206203788518905640e-01
2.230231463909149170e-01
2.214730083942413330e-01
2.217603027820587158e-01
2.218677550554275513e-01
2.228966653347015381e-01
2.208202779293060303e-01
2.189228087663650513e-01
2.205601930618286133e-01
2.223468571901321411e-01
2.209489941596984863e-01
2.236461490392684937e-01
2.215102165937423706e-01
2.213223576545715332e-01
2.193908244371414185e-01
2.220552116632461548e-01
2.211506217718124390e-01
2.220289856195449829e-01
2.209185510873794556e-01
2.197494059801101685e-01
2.202191054821014404e-01
2.199769616127014160e-01
2.202954590320587158e-01
2.180232554674148560e-01
2.208886742591857910e-01
2.211082130670547485e-01
2.213457822799682617e-01
2.179198116064071655e-01
2.183293998241424561e-01
2.188222110271453857e-01
2.225200384855270386e-01
2.158711254596710205e-01
2.202665805816650391e-01
2.202096432447433472e-01
2.180184274911880493e-01
2.171176820993423462e-01
2.184698134660720825e-01
2.187854647636413574e-01
2.194168716669082642e-01
2.185067087411880493e-01
2.198174595832824707e-01
2.185084074735641479e-01
2.167345285415649414e-01
2.185594290494918823e-01
2.186823934316635132e-01
2.189948409795761108e-01
2.182387709617614746e-01
2.167438566684722900e-01
2.195903360843658447e-01
2.167431712150573730e-01
2.195530086755752563e-01
2.203800529241561890e-01
2.202033996582031250e-01
2.158533334732055664e-01
2.180954366922378540e-01
2.170535027980804443e-01
2.170248478651046753e-01
2.168897390365600586e-01
2.190947085618972778e-01
2.170412838459014893e-01
2.179804593324661255e-01
2.187709212303161621e-01
2.156966775655746460e-01
2.173394560813903809e-01
2.189092934131622314e-01
2.138212621212005615e-01
2.187757492065429688e-01
2.174520045518875122e-01
2.182177752256393433e-01
2.183103412389755249e-01
2.165523469448089600e-01
2.162488549947738647e-01
2.160630375146865845e-01
2.173854261636734009e-01
2.172169089317321777e-01
2.164099663496017456e-01
2.166265547275543213e-01
2.154332995414733887e-01
2.164539694786071777e-01
2.155027091503143311e-01
2.166473269462585449e-01
2.177494317293167114e-01
2.155492901802062988e-01
2.163434028625488281e-01
2.157642543315887451e-01
2.155036926269531250e-01
2.153854072093963623e-01
2.170331180095672607e-01
2.151191234588623047e-01
2.141285687685012817e-01
2.152398526668548584e-01
2.135488837957382202e-01
2.153225094079971313e-01
2.151673436164855957e-01
2.141424417495727539e-01
2.149923145771026611e-01
2.155595123767852783e-01
2.163811326026916504e-01
2.158396542072296143e-01
2.141490578651428223e-01
2.135364115238189697e-01
2.172434180974960327e-01
2.148792296648025513e-01
2.147983014583587646e-01
2.146623879671096802e-01
2.147765159606933594e-01
2.160661369562149048e-01
2.133816331624984741e-01
2.141570448875427246e-01
2.138813436031341553e-01
2.152029424905776978e-01
2.143414765596389771e-01
2.146533727645874023e-01
2.131326347589492798e-01
2.139509022235870361e-01
2.131672501564025879e-01
2.131339609622955322e-01
2.121128588914871216e-01
2.147951275110244751e-01
2.138002663850784302e-01
2.148588895797729492e-01
2.130474746227264404e-01
2.130684405565261841e-01
2.140191346406936646e-01
2.167749255895614624e-01
2.130270898342132568e-01
2.111615240573883057e-01
2.122868597507476807e-01
2.148470580577850342e-01
2.122599780559539795e-01
2.136173993349075317e-01
2.127209454774856567e-01
2.148426622152328491e-01
2.143839746713638306e-01
2.126897126436233521e-01
2.118656039237976074e-01
2.130791246891021729e-01
2.120295315980911255e-01
2.129338979721069336e-01
2.117867916822433472e-01
2.135923057794570923e-01
2.141047418117523193e-01
2.102207541465759277e-01
2.123145759105682373e-01
2.129862904548645020e-01
2.158251255750656128e-01
2.142112255096435547e-01
2.114992290735244751e-01
2.107132077217102051e-01
2.124290913343429565e-01
2.107809484004974365e-01
2.103891223669052124e-01
2.125966846942901611e-01
2.132522761821746826e-01
2.122516036033630371e-01
2.111737728118896484e-01
2.102217525243759155e-01
2.136799842119216919e-01
2.132383882999420166e-01
2.118829041719436646e-01
2.108071446418762207e-01
2.136391103267669678e-01
2.115029245615005493e-01
2.133070975542068481e-01
2.122914642095565796e-01
2.132982015609741211e-01
2.113504707813262939e-01
2.102154791355133057e-01
2.115656286478042603e-01
2.130385041236877441e-01
2.108628153800964355e-01
2.113024443387985229e-01
2.114648967981338501e-01
2.106388956308364868e-01
2.108660787343978882e-01
2.122424542903900146e-01
2.109764963388442993e-01
2.108037173748016357e-01
2.106411606073379517e-01
2.105202078819274902e-01
2.081057429313659668e-01
2.123157978057861328e-01
2.117992639541625977e-01
2.091168016195297241e-01
2.104994654655456543e-01
2.113615870475769043e-01
2.086354345083236694e-01
2.099316418170928955e-01
2.109044939279556274e-01
2.129625082015991211e-01
2.104660719633102417e-01
2.107284516096115112e-01
2.109688669443130493e-01
2.111370414495468140e-01
2.104156911373138428e-01
2.096253186464309692e-01
2.105168849229812622e-01
2.096655070781707764e-01
2.107397764921188354e-01
2.081698477268218994e-01
2.113190740346908569e-01
2.102967947721481323e-01
2.107274532318115234e-01
2.104147970676422119e-01
2.084428071975708008e-01
2.113958299160003662e-01
2.096698135137557983e-01
2.112292051315307617e-01
2.093268185853958130e-01
2.099066525697708130e-01
2.083607465028762817e-01
2.073505073785781860e-01
2.091425806283950806e-01
2.089471071958541870e-01
2.078794538974761963e-01
2.094955891370773315e-01
2.088800817728042603e-01
2.105414420366287231e-01
2.092799693346023560e-01
2.093364447355270386e-01
2.085859030485153198e-01
2.080233693122863770e-01
2.084406018257141113e-01
2.089293152093887329e-01
2.076364606618881226e-01
2.084246724843978882e-01
2.082432657480239868e-01
2.089417576789855957e-01
2.077548205852508545e-01
2.105301320552825928e-01
2.099781036376953125e-01
2.056357860565185547e-01
2.073227614164352417e-01
2.085451036691665649e-01
2.100339829921722412e-01
2.087480276823043823e-01
2.090288847684860229e-01
2.077392488718032837e-01
2.079854607582092285e-01
2.080974429845809937e-01
