7.062557339668273926e-01
6.989367604255676270e-01
6.909426450729370117e-01
6.818096637725830078e-01
6.715254783630371094e-01
6.605084538459777832e-01
6.477950811386108398e-01
6.340062618255615234e-01
6.168159246444702148e-01
5.985252857208251953e-01
5.782513022422790527e-01
5.589147210121154785e-01
5.350762605667114258e-01
5.081466436386108398e-01
4.872359633445739746e-01
4.634517431259155273e-01
4.330299794673919678e-01
4.072875380516052246e-01
3.822330236434936523e-01
3.586240410804748535e-01
3.403915166854858398e-01
3.301727473735809326e-01
3.253404200077056885e-01
3.330402076244354248e-01
3.103158473968505859e-01
3.085857033729553223e-01
3.321302831172943115e-01
2.904028892517089844e-01
2.838912606239318848e-01
2.727051079273223877e-01
2.731682956218719482e-01
2.509669661521911621e-01
2.563913762569427490e-01
2.463629245758056641e-01
2.454940378665924072e-01
2.424292862415313721e-01
2.427284866571426392e-01
2.445134669542312622e-01
2.427333593368530273e-01
2.379831820726394653e-01
2.344545871019363403e-01
2.283697277307510376e-01
2.305093109607696533e-01
2.232109010219573975e-01
2.281897366046905518e-01
2.215608656406402588e-01
2.154098898172378540e-01
2.212664783000946045e-01
2.136956155300140381e-01
2.102693617343902588e-01
2.115774899721145630e-01
2.068204581737518311e-01
2.007073163986206055e-01
2.114806324243545532e-01
2.001984566450119019e-01
2.002791464328765869e-01
1.956547647714614868e-01
1.967150270938873291e-01
1.970170140266418457e-01
1.937082856893539429e-01
1.924245655536651611e-01
1.866472661495208740e-01
1.890993714332580566e-01
1.873759478330612183e-01
1.906420886516571045e-01
1.833408474922180176e-01
1.821395158767700195e-01
1.833533942699432373e-01
1.813273131847381592e-01
1.766945719718933105e-01
1.768116354942321777e-01
1.751252114772796631e-01
1.752054095268249512e-01
1.781412512063980103e-01
1.716295927762985229e-01
1.721046119928359985e-01
1.698725670576095581e-01
1.668282896280288696e-01
1.750033050775527954e-01
1.674690544605255127e-01
1.680817753076553345e-01
1.685136109590530396e-01
1.615382879972457886e-01
1.647615432739257812e-01
1.617527008056640625e-01
1.619082391262054443e-01
1.620684117078781128e-01
1.599194407463073730e-01
1.603733003139495850e-01
1.602853387594223022e-01
1.581628620624542236e-01
1.571300476789474487e-01
1.561450809240341187e-01
1.560848951339721680e-01
1.566671431064605713e-01
1.590355038642883301e-01
1.545445173978805542e-01
1.529980599880218506e-01
1.509769409894943237e-01
1.524601131677627563e-01
1.505874991416931152e-01
1.502145528793334961e-01
1.500148922204971313e-01
1.524650603532791138e-01
1.468262374401092529e-01
1.466961205005645752e-01
1.493275165557861328e-01
1.457931995391845703e-01
1.447592675685882568e-01
1.425059437751770020e-01
1.459286957979202271e-01
1.436359435319900513e-01
1.411380469799041748e-01
1.400237232446670532e-01
1.402794122695922852e-01
1.407746076583862305e-01
1.384795606136322021e-01
1.401909589767456055e-01
1.400792002677917480e-01
1.368661522865295410e-01
1.369622796773910522e-01
1.374076008796691895e-01
1.346031576395034790e-01
1.338788568973541260e-01
1.355162262916564941e-01
1.329952180385589600e-01
1.317860186100006104e-01
1.341669857501983643e-01
1.324529647827148438e-01
1.296181678771972656e-01
1.307616829872131348e-01
1.311953663825988770e-01
1.288490295410156250e-01
1.275926977396011353e-01
1.300808489322662354e-01
1.280982196331024170e-01
1.285640597343444824e-01
1.276213824748992920e-01
1.286262124776840210e-01
1.264515966176986694e-01
1.288481503725051880e-01
1.261433809995651245e-01
1.255262643098831177e-01
1.257936507463455200e-01
1.237071007490158081e-01
1.214583963155746460e-01
1.204326301813125610e-01
1.220079362392425537e-01
1.225062981247901917e-01
1.198336631059646606e-01
1.209021061658859253e-01
1.220321208238601685e-01
1.219655573368072510e-01
1.201880425214767456e-01
1.217636764049530029e-01
1.178345978260040283e-01
1.189343035221099854e-01
1.200576275587081909e-01
1.191547736525535583e-01
1.148725971579551697e-01
1.168570518493652344e-01
1.164685040712356567e-01
1.157824546098709106e-01
1.164258643984794617e-01
1.143242567777633667e-01
1.146725118160247803e-01
1.147360056638717651e-01
1.140713691711425781e-01
1.126720011234283447e-01
1.134225279092788696e-01
1.123672425746917725e-01
1.129958331584930420e-01
1.144782826304435730e-01
1.110050678253173828e-01
1.133780181407928467e-01
1.118633747100830078e-01
1.081033498048782349e-01
1.093084812164306641e-01
1.096783131361007690e-01
1.080601513385772705e-01
1.081972569227218628e-01
1.057703495025634766e-01
1.096967607736587524e-01
1.086615398526191711e-01
1.076377704739570618e-01
1.074947416782379150e-01
1.069484204053878784e-01
1.053410992026329041e-01
1.067198514938354492e-01
1.051329374313354492e-01
1.053673475980758667e-01
1.050266548991203308e-01
1.053733527660369873e-01
1.026597917079925537e-01
1.024403870105743408e-01
1.026093810796737671e-01
1.037678271532058716e-01
1.041525378823280334e-01
1.019413471221923828e-01
1.030059754848480225e-01
1.007607504725456238e-01
1.020891964435577393e-01
1.009972542524337769e-01
1.006735414266586304e-01
1.009569466114044189e-01
1.003472506999969482e-01
9.853434562683105469e-02
1.017432957887649536e-01
9.930236637592315674e-02
9.915950149297714233e-02
9.739309549331665039e-02
9.968917071819305420e-02
9.722051024436950684e-02
9.844225645065307617e-02
9.689287841320037842e-02
9.817842394113540649e-02
9.687297791242599487e-02
9.796029329299926758e-02
9.677829593420028687e-02
9.739936888217926025e-02
9.540343284606933594e-02
9.588872641324996948e-02
9.543921053409576416e-02
9.532368928194046021e-02
9.605042636394500732e-02
9.652490913867950439e-02
9.299126267433166504e-02
9.360998123884201050e-02
9.485539793968200684e-02
9.447504580020904541e-02
9.484637528657913208e-02
9.454617649316787720e-02
9.418120980262756348e-02
9.279742091894149780e-02
9.252306818962097168e-02
9.175179153680801392e-02
9.307993203401565552e-02
9.114642441272735596e-02
9.189087152481079102e-02
9.070095419883728027e-02
9.035496413707733154e-02
9.012171626091003418e-02
9.103457629680633545e-02
9.056258201599121094e-02
8.886696398258209229e-02
8.888500928878784180e-02
8.904881775379180908e-02
8.923972398042678833e-02
8.727878332138061523e-02
8.940026164054870605e-02
8.889506012201309204e-02
8.827863633632659912e-02
8.871218562126159668e-02
8.963142335414886475e-02
8.855597674846649170e-02
8.764204382896423340e-02
8.619190007448196411e-02
8.647865056991577148e-02
8.785250782966613770e-02
8.699689805507659912e-02
8.619178831577301025e-02
8.619616925716400146e-02
8.761751651763916016e-02
8.558965474367141724e-02
8.620935678482055664e-02
8.642997592687606812e-02
8.488953858613967896e-02
8.517654985189437866e-02
8.420816063880920410e-02
8.524079620838165283e-02
8.472216874361038208e-02
8.458506315946578979e-02
8.615054190158843994e-02
8.303238451480865479e-02
8.258401602506637573e-02
8.388739079236984253e-02
8.482721447944641113e-02
8.232088387012481689e-02
8.354172110557556152e-02
8.253041654825210571e-02
8.164884150028228760e-02
8.155801892280578613e-02
8.204931765794754028e-02
8.115486055612564087e-02
8.215099573135375977e-02
8.160175383090972900e-02
8.192806690931320190e-02
8.094014972448348999e-02
7.944774627685546875e-02
7.997466623783111572e-02
8.017931878566741943e-02
8.077931404113769531e-02
7.955034077167510986e-02
7.973333448171615601e-02
7.919098436832427979e-02
7.966787368059158325e-02
7.974788546562194824e-02
7.851617783308029175e-02
7.666486501693725586e-02
7.859972119331359863e-02
7.778102904558181763e-02
7.786197215318679810e-02
7.623474299907684326e-02
7.788049429655075073e-02
7.789051532745361328e-02
7.810047268867492676e-02
7.721966505050659180e-02
7.632213085889816284e-02
7.617165148258209229e-02
7.562011480331420898e-02
7.628831267356872559e-02
7.677115499973297119e-02
7.580229640007019043e-02
7.711065560579299927e-02
7.524092495441436768e-02
7.535148411989212036e-02
7.510555535554885864e-02
7.564892619848251343e-02
7.476086914539337158e-02
7.446000725030899048e-02
7.493734359741210938e-02
7.408523559570312500e-02
7.460829615592956543e-02
7.434009015560150146e-02
7.419922947883605957e-02
7.292296737432479858e-02
7.316371053457260132e-02
7.395676523447036743e-02
7.277595996856689453e-02
7.397232204675674438e-02
7.383661717176437378e-02
7.204880565404891968e-02
7.387204468250274658e-02
7.217930257320404053e-02
7.201780378818511963e-02
7.125946879386901855e-02
7.074718177318572998e-02
7.182516902685165405e-02
7.216648757457733154e-02
7.103882730007171631e-02
7.134169340133666992e-02
7.171463221311569214e-02
7.075758278369903564e-02
7.041688263416290283e-02
7.067401707172393799e-02
7.054626941680908203e-02
6.994958221912384033e-02
6.906890869140625000e-02
6.985028088092803955e-02
6.871698796749114990e-02
6.960265338420867920e-02
7.013503462076187134e-02
6.924038380384445190e-02
6.866787374019622803e-02
6.803975254297256470e-02
6.765489280223846436e-02
6.812468171119689941e-02
6.856989115476608276e-02
6.825499236583709717e-02
6.847620755434036255e-02
6.744905561208724976e-02
6.662150472402572632e-02
6.835935264825820923e-02
6.814847886562347412e-02
6.761798262596130371e-02
6.649807095527648926e-02
6.570240855216979980e-02
6.680615991353988647e-02
6.604030728340148926e-02
6.671816110610961914e-02
6.522157788276672363e-02
6.760907918214797974e-02
6.586259603500366211e-02
6.554932147264480591e-02
6.489566713571548462e-02
6.550534069538116455e-02
6.585521250963211060e-02
6.532786786556243896e-02
6.413614004850387573e-02
6.488390266895294189e-02
6.506088376045227051e-02
6.512370705604553223e-02
6.434500962495803833e-02
6.447010487318038940e-02
6.412182003259658813e-02
6.392195820808410645e-02
6.291905790567398071e-02
6.491757929325103760e-02
6.250435858964920044e-02
6.344918906688690186e-02
6.305586546659469604e-02
6.274712085723876953e-02
6.358907371759414673e-02
6.403277069330215454e-02
6.295029819011688232e-02
6.207018345594406128e-02
6.239666789770126343e-02
6.279794126749038696e-02
6.164574995636940002e-02
6.305234134197235107e-02
6.206357479095458984e-02
6.204544007778167725e-02
6.106209009885787964e-02
6.078302115201950073e-02
6.196830794215202332e-02
6.185484677553176880e-02
6.187867373228073120e-02
6.219106912612915039e-02
6.045372784137725830e-02
6.107426434755325317e-02
5.979222059249877930e-02
5.988660454750061035e-02
6.001853197813034058e-02
6.066349893808364868e-02
6.041756272315979004e-02
6.054094806313514709e-02
6.020090728998184204e-02
5.955250561237335205e-02
6.001106649637222290e-02
6.099279597401618958e-02
6.178828328847885132e-02
6.036943942308425903e-02
5.980586260557174683e-02
5.908590555191040039e-02
5.962237343192100525e-02
6.081854179501533508e-02
5.908615142107009888e-02
5.957134440541267395e-02
5.874730274081230164e-02
5.931382253766059875e-02
5.692052841186523438e-02
5.851450562477111816e-02
5.882026255130767822e-02
5.826214700937271118e-02
5.849826335906982422e-02
5.843998491764068604e-02
5.872450396418571472e-02
5.770848691463470459e-02
5.767421051859855652e-02
5.819658935070037842e-02
5.817126110196113586e-02
5.689945071935653687e-02
5.792788416147232056e-02
5.751982703804969788e-02
5.712510645389556885e-02
5.653489381074905396e-02
5.645729228854179382e-02
5.676452443003654480e-02
5.707452446222305298e-02
5.650229007005691528e-02
5.638686940073966980e-02
5.642192810773849487e-02
5.664533376693725586e-02
5.712438374757766724e-02
5.704154074192047119e-02
5.508714914321899414e-02
5.618201196193695068e-02
5.568114668130874634e-02
5.537118017673492432e-02
5.607882887125015259e-02
5.543646961450576782e-02
5.493671074509620667e-02
5.614091455936431885e-02
5.511208623647689819e-02
5.540198832750320435e-02
5.541978031396865845e-02
5.600671842694282532e-02
5.466821417212486267e-02
5.493966862559318542e-02
5.511710047721862793e-02
5.543202906847000122e-02
5.418431758880615234e-02
5.478355288505554199e-02
5.396585166454315186e-02
5.434570461511611938e-02
5.524057149887084961e-02
5.475486069917678833e-02
5.467129498720169067e-02
5.505157262086868286e-02
5.416902154684066772e-02
5.422066152095794678e-02
5.345890671014785767e-02
5.404700338840484619e-02
5.326657742261886597e-02
5.358234047889709473e-02
5.330105125904083252e-02
5.310337990522384644e-02
5.317769199609756470e-02
5.285931751132011414e-02
5.342230200767517090e-02
5.316757783293724060e-02
5.289660394191741943e-02
5.421788990497589111e-02
5.242659896612167358e-02
5.234891921281814575e-02
5.311115831136703491e-02
5.237200111150741577e-02
5.216456204652786255e-02
5.267795920372009277e-02
5.299023538827896118e-02
5.327781289815902710e-02
5.199088156223297119e-02
5.227416008710861206e-02
5.223677307367324829e-02
5.284149572253227234e-02
5.236015841364860535e-02
5.231031775474548340e-02
5.298483371734619141e-02
5.189017206430435181e-02
5.262547358870506287e-02
5.227234214544296265e-02
5.135736986994743347e-02
5.260318517684936523e-02
5.137905478477478027e-02
5.192543938755989075e-02
5.164171010255813599e-02
5.141052603721618652e-02
5.064782500267028809e-02
5.189200863242149353e-02
5.218938365578651428e-02
5.084862560033798218e-02
5.170623213052749634e-02
5.107838660478591919e-02
5.164492875337600708e-02
5.182269215583801270e-02
5.074706673622131348e-02
5.074298754334449768e-02
5.007564276456832886e-02
5.067524313926696777e-02
5.085603520274162292e-02
5.110011622309684753e-02
5.092880874872207642e-02
4.944390803575515747e-02
5.070101469755172729e-02
5.041807889938354492e-02
5.134207010269165039e-02
5.036220699548721313e-02
5.028443410992622375e-02
4.990911483764648438e-02
5.013541877269744873e-02
5.028733983635902405e-02
5.039352551102638245e-02
5.034134909510612488e-02
4.962232708930969238e-02
5.064113438129425049e-02
4.989568889141082764e-02
4.979451745748519897e-02
4.938279837369918823e-02
5.045809969305992126e-02
4.961529001593589783e-02
4.938134923577308655e-02
5.033352226018905640e-02
4.866006970405578613e-02
4.940026998519897461e-02
5.040134489536285400e-02
4.862423241138458252e-02
4.949916899204254150e-02
4.876042157411575317e-02
4.904339462518692017e-02
4.894410818815231323e-02
4.869283735752105713e-02
4.841377586126327515e-02
4.892705753445625305e-02
4.884854704141616821e-02
4.914622753858566284e-02
4.865186661481857300e-02
4.875951260328292847e-02
4.846902564167976379e-02
4.893056675791740417e-02
4.879174381494522095e-02
4.781429842114448547e-02
4.804663732647895813e-02
4.894712567329406738e-02
4.775300621986389160e-02
4.816539585590362549e-02
4.830661788582801819e-02
4.957304149866104126e-02
4.763431474566459656e-02
4.768394678831100464e-02
4.861158132553100586e-02
4.744733124971389771e-02
4.785859212279319763e-02
4.879331588745117188e-02
4.862066730856895447e-02
4.747571796178817749e-02
4.764809459447860718e-02
4.741901159286499023e-02
4.714006930589675903e-02
4.665236920118331909e-02
4.716075956821441650e-02
4.734135046601295471e-02
4.811752587556838989e-02
4.769832640886306763e-02
4.764445871114730835e-02
4.734660685062408447e-02
4.759223014116287231e-02
4.721478000283241272e-02
4.723676294088363647e-02
4.645924642682075500e-02
4.732787981629371643e-02
4.711627215147018433e-02
4.690346866846084595e-02
4.764690995216369629e-02
4.664002358913421631e-02
4.668587073683738708e-02
4.673489928245544434e-02
4.707167297601699829e-02
4.726176708936691284e-02
4.708300158381462097e-02
4.679032415151596069e-02
4.730119183659553528e-02
4.654558375477790833e-02
4.668940603733062744e-02
4.617076367139816284e-02
4.704700410366058350e-02
4.692715406417846680e-02
4.639546945691108704e-02
4.675899818539619446e-02
4.664837941527366638e-02
4.562931507825851440e-02
4.696397110819816589e-02
4.621870815753936768e-02
4.629772901535034180e-02
4.638836160302162170e-02
4.673030972480773926e-02
4.652639850974082947e-02
4.629373550415039062e-02
4.612965509295463562e-02
4.641601443290710449e-02
4.577115923166275024e-02
4.644720628857612610e-02
4.538337141275405884e-02
4.580510407686233521e-02
4.546551406383514404e-02
4.631786793470382690e-02
4.563432186841964722e-02
4.589114338159561157e-02
4.596323892474174500e-02
4.597366601228713989e-02
4.554651677608489990e-02
4.571340978145599365e-02
4.488712549209594727e-02
4.592106491327285767e-02
4.528888314962387085e-02
4.519381374120712280e-02
4.592558741569519043e-02
4.516079276800155640e-02
4.567368328571319580e-02
4.493562132120132446e-02
4.519942775368690491e-02
4.541906714439392090e-02
4.556829482316970825e-02
4.563993215560913086e-02
4.514090716838836670e-02
4.535357654094696045e-02
4.510980099439620972e-02
4.505384713411331177e-02
4.533685371279716492e-02
4.511464387178421021e-02
4.459989443421363831e-02
4.460420086979866028e-02
4.513370990753173828e-02
4.434850066900253296e-02
4.502154514193534851e-02
4.510542750358581543e-02
4.496869444847106934e-02
4.490712285041809082e-02
4.486392438411712646e-02
4.501262307167053223e-02
4.430147632956504822e-02
4.526051133871078491e-02
4.528865590691566467e-02
4.417788982391357422e-02
4.445636272430419922e-02
4.433014988899230957e-02
4.499204084277153015e-02
4.444041848182678223e-02
4.452181980013847351e-02
4.514858126640319824e-02
4.415135085582733154e-02
4.433453828096389771e-02
4.487896338105201721e-02
4.421547800302505493e-02
4.408125579357147217e-02
4.430996626615524292e-02
4.401727020740509033e-02
4.438745975494384766e-02
4.383893311023712158e-02
4.398050159215927124e-02
4.412999749183654785e-02
4.407642036676406860e-02
4.415097087621688843e-02
4.463312774896621704e-02
4.452305659651756287e-02
4.425249993801116943e-02
4.408418014645576477e-02
4.456299170851707458e-02
4.344082623720169067e-02
4.370766878128051758e-02
4.354915022850036621e-02
4.326336830854415894e-02
4.353836923837661743e-02
4.384084045886993408e-02
4.379920661449432373e-02
4.313011094927787781e-02
4.350149631500244141e-02
4.366870597004890442e-02
4.350604861974716187e-02
4.385025426745414734e-02
4.350714012980461121e-02
4.358594119548797607e-02
4.343108832836151123e-02
4.338698461651802063e-02
4.271308332681655884e-02
4.317888617515563965e-02
4.318207502365112305e-02
4.348511248826980591e-02
4.331345856189727783e-02
4.312694072723388672e-02
4.340972006320953369e-02
4.304702579975128174e-02
4.286791011691093445e-02
4.336276650428771973e-02
4.321818053722381592e-02
4.280166700482368469e-02
4.323719441890716553e-02
4.277832061052322388e-02
4.278723150491714478e-02
4.315425455570220947e-02
4.334437102079391479e-02
4.368592426180839539e-02
4.326288029551506042e-02
4.290519654750823975e-02
4.239302873611450195e-02
4.253828153014183044e-02
4.232197999954223633e-02
4.280240088701248169e-02
4.280094802379608154e-02
4.292344674468040466e-02
4.310077801346778870e-02
4.184429347515106201e-02
4.221012815833091736e-02
4.259476065635681152e-02
4.304793477058410645e-02
4.211821034550666809e-02
4.304567724466323853e-02
4.210376739501953125e-02
4.246440529823303223e-02
4.245121404528617859e-02
4.202296957373619080e-02
4.247874766588211060e-02
4.233860597014427185e-02
4.237002879381179810e-02
4.227596893906593323e-02
4.238747805356979370e-02
4.229159653186798096e-02
4.163143783807754517e-02
4.262362420558929443e-02
4.297517985105514526e-02
4.197391122579574585e-02
4.185646027326583862e-02
4.195228964090347290e-02
4.264870285987854004e-02
4.213846474885940552e-02
4.258048161864280701e-02
4.257163032889366150e-02
4.199889674782752991e-02
4.209831357002258301e-02
4.232351109385490417e-02
4.196115583181381226e-02
4.168588295578956604e-02
4.203981161117553711e-02
4.178567975759506226e-02
4.185818135738372803e-02
4.195956885814666748e-02
4.197787493467330933e-02
4.193377494812011719e-02
4.231061041355133057e-02
4.165118187665939331e-02
4.193447902798652649e-02
4.155878722667694092e-02
4.205048829317092896e-02
4.207798466086387634e-02
4.180847853422164917e-02
4.153510183095932007e-02
4.126910865306854248e-02
4.182606562972068787e-02
4.158461838960647583e-02
4.145716503262519836e-02
4.149874299764633179e-02
4.170016199350357056e-02
4.181817919015884399e-02
4.183762520551681519e-02
4.147701710462570190e-02
4.159772023558616638e-02
4.118416830897331238e-02
4.164100810885429382e-02
4.121132940053939819e-02
4.136281833052635193e-02
4.170929268002510071e-02
4.127985239028930664e-02
4.126028716564178467e-02
4.119507223367691040e-02
4.149180650711059570e-02
4.133655130863189697e-02
4.109256714582443237e-02
4.084242880344390869e-02
4.132357984781265259e-02
4.099499806761741638e-02
4.128117114305496216e-02
4.068348556756973267e-02
4.094357788562774658e-02
4.111169278621673584e-02
4.106110334396362305e-02
4.098573327064514160e-02
4.088149964809417725e-02
4.101043939590454102e-02
4.114503785967826843e-02
4.138427227735519409e-02
4.100236296653747559e-02
4.143499210476875305e-02
4.115502908825874329e-02
4.146290570497512817e-02
4.051295295357704163e-02
4.091476649045944214e-02
4.088551551103591919e-02
4.080577194690704346e-02
4.048656672239303589e-02
4.044885560870170593e-02
4.096479341387748718e-02
4.134933650493621826e-02
4.117339104413986206e-02
4.042497277259826660e-02
4.075713083148002625e-02
4.060012102127075195e-02
4.069694876670837402e-02
4.001191258430480957e-02
3.993342816829681396e-02
4.033502936363220215e-02
4.031471163034439087e-02
4.042372107505798340e-02
4.027430340647697449e-02
4.059658944606781006e-02
4.069843888282775879e-02
4.085849598050117493e-02
4.039920866489410400e-02
4.051776602864265442e-02
4.075538739562034607e-02
4.024591669440269470e-02
4.101857542991638184e-02
4.072960466146469116e-02
4.056760296225547791e-02
4.029473662376403809e-02
4.020138829946517944e-02
3.991396352648735046e-02
4.042720794677734375e-02
4.039999842643737793e-02
4.004264250397682190e-02
3.971803188323974609e-02
4.004725068807601929e-02
3.995211049914360046e-02
4.050932824611663818e-02
4.048537090420722961e-02
4.006453603506088257e-02
4.070072248578071594e-02
4.014894366264343262e-02
3.981534019112586975e-02
4.004072770476341248e-02
4.023396223783493042e-02
4.000529274344444275e-02
4.022873193025588989e-02
3.934887424111366272e-02
3.977314382791519165e-02
4.003309085965156555e-02
3.974848985671997070e-02
3.996775299310684204e-02
4.037360846996307373e-02
3.978757187724113464e-02
4.003103077411651611e-02
3.946938365697860718e-02
3.955233842134475708e-02
3.979357331991195679e-02
3.934019058942794800e-02
3.974478319287300110e-02
3.976293280720710754e-02
3.984174504876136780e-02
4.004874452948570251e-02
3.996345773339271545e-02
3.961496055126190186e-02
3.949864953756332397e-02
3.988983854651451111e-02
3.934846445918083191e-02
3.968432173132896423e-02
3.995274007320404053e-02
3.909682855010032654e-02
3.953996673226356506e-02
3.935205936431884766e-02
3.932729363441467285e-02
3.954068571329116821e-02
3.917697444558143616e-02
3.948269411921501160e-02
3.923043981194496155e-02
3.858797997236251831e-02
3.920977935194969177e-02
3.871159255504608154e-02
3.931823745369911194e-02
3.963759168982505798e-02
3.959647193551063538e-02
3.881185501813888550e-02
3.911666572093963623e-02
3.948889672756195068e-02
3.935639560222625732e-02
3.912563621997833252e-02
3.919482603669166565e-02
3.894196450710296631e-02
3.901908919215202332e-02
3.922903910279273987e-02
3.916256874799728394e-02
3.880171477794647217e-02
3.935303539037704468e-02
3.890670463442802429e-02
3.912607580423355103e-02
3.903082758188247681e-02
3.912156075239181519e-02
3.894464299082756042e-02
3.834605962038040161e-02
3.917618095874786377e-02
3.923662006855010986e-02
3.874139487743377686e-02
3.919446095824241638e-02
3.903494030237197876e-02
3.844685852527618408e-02
3.900959715247154236e-02
3.885207697749137878e-02
3.903947398066520691e-02
3.926333785057067871e-02
3.937951847910881042e-02
3.875732794404029846e-02
3.880291059613227844e-02
3.865336254239082336e-02
3.934109210968017578e-02
3.921294957399368286e-02
3.898573666810989380e-02
3.902286663651466370e-02
3.884002193808555603e-02
3.831302002072334290e-02
3.873267024755477905e-02
3.899779170751571655e-02
3.838386759161949158e-02
3.906191140413284302e-02
3.904486447572708130e-02
3.869078308343887329e-02
3.874078392982482910e-02
3.823158517479896545e-02
3.846816346049308777e-02
3.848478570580482483e-02
3.822983801364898682e-02
3.846797347068786621e-02
3.863786160945892334e-02
3.843712806701660156e-02
3.821230679750442505e-02
3.824971616268157959e-02
3.857890143990516663e-02
3.817924857139587402e-02
3.834939002990722656e-02
3.821615129709243774e-02
3.832859173417091370e-02
3.856492787599563599e-02
3.821632266044616699e-02
3.833504021167755127e-02
3.800588101148605347e-02
3.804045170545578003e-02
3.851114213466644287e-02
3.844362497329711914e-02
3.834677487611770630e-02
3.849814459681510925e-02
3.822875767946243286e-02
3.815841674804687500e-02
3.818110004067420959e-02
3.811257332563400269e-02
3.757732734084129333e-02
3.820221126079559326e-02
3.828904032707214355e-02
3.853197768330574036e-02
3.779952973127365112e-02
3.788912668824195862e-02
3.826811164617538452e-02
3.780120238661766052e-02
3.778570145368576050e-02
3.797826170921325684e-02
3.758352249860763550e-02
3.789578750729560852e-02
3.796502947807312012e-02
3.807932138442993164e-02
3.786877915263175964e-02
3.797777369618415833e-02
3.792961314320564270e-02
3.825465589761734009e-02
3.766281902790069580e-02
3.766475617885589600e-02
3.808522224426269531e-02
3.808701783418655396e-02
3.790857642889022827e-02
3.787916153669357300e-02
3.806199878454208374e-02
3.758557140827178955e-02
3.836289048194885254e-02
3.794769197702407837e-02
3.782391548156738281e-02
3.863527625799179077e-02
3.756095096468925476e-02
3.804800286889076233e-02
3.761417046189308167e-02
3.737174347043037415e-02
3.798185288906097412e-02
3.774224966764450073e-02
3.781904652714729309e-02
3.744658455252647400e-02
3.777128458023071289e-02
3.829531371593475342e-02
3.791902959346771240e-02
3.742552921175956726e-02
3.759550675749778748e-02
3.792721778154373169e-02
3.768633678555488586e-02
3.747211396694183350e-02
3.780072182416915894e-02
3.771794214844703674e-02
3.765728697180747986e-02
3.720898181200027466e-02
3.789455071091651917e-02
3.766600042581558228e-02
3.748589754104614258e-02
3.734862059354782104e-02
3.805168718099594116e-02
3.700051456689834595e-02
3.697099164128303528e-02
3.772767260670661926e-02
3.696122765541076660e-02
3.733078390359878540e-02
3.711414709687232971e-02
3.715063631534576416e-02
3.761702775955200195e-02
3.727409988641738892e-02
3.782384097576141357e-02
3.772437572479248047e-02
3.684397786855697632e-02
3.720750287175178528e-02
3.710749000310897827e-02
3.713121265172958374e-02
3.768638521432876587e-02
3.687811270356178284e-02
3.695203363895416260e-02
3.706730529665946960e-02
3.708004951477050781e-02
3.704980760812759399e-02
3.716668114066123962e-02
3.746788203716278076e-02
3.772271424531936646e-02
3.759567439556121826e-02
3.723221644759178162e-02
3.758632764220237732e-02
3.683374449610710144e-02
3.673933446407318115e-02
3.732214123010635376e-02
3.656931221485137939e-02
3.720116615295410156e-02
3.672038391232490540e-02
3.680538386106491089e-02
3.696232661604881287e-02
3.651919588446617126e-02
3.687929734587669373e-02
3.724836185574531555e-02
3.724411875009536743e-02
3.682607412338256836e-02
3.722884133458137512e-02
3.690410777926445007e-02
3.686533123254776001e-02
3.643262013792991638e-02
3.691330552101135254e-02
3.674367442727088928e-02
3.691414743661880493e-02
3.694341704249382019e-02
3.683469071984291077e-02
3.665577992796897888e-02
3.733444213867187500e-02
3.685188293457031250e-02
3.678839653730392456e-02
3.680573776364326477e-02
3.701863065361976624e-02
3.657117858529090881e-02
3.739013522863388062e-02
3.657648712396621704e-02
3.697437793016433716e-02
3.667882829904556274e-02
3.696660697460174561e-02
3.678752109408378601e-02
3.660554811358451843e-02
3.674577549099922180e-02
3.689925372600555420e-02
3.598940372467041016e-02
3.677254542708396912e-02
3.693237155675888062e-02
3.682712465524673462e-02
3.625940904021263123e-02
3.702825680375099182e-02
3.660290315747261047e-02
3.683641180396080017e-02
3.641793131828308105e-02
3.657856583595275879e-02
3.661848232150077820e-02
3.659220039844512939e-02
3.684556856751441956e-02
3.689860552549362183e-02
3.629083186388015747e-02
3.636215999722480774e-02
3.676285222172737122e-02
3.643354773521423340e-02
3.619844466447830200e-02
3.633039444684982300e-02
3.630514815449714661e-02
3.645052015781402588e-02
3.676925972104072571e-02
3.661643713712692261e-02
3.693276271224021912e-02
3.615128248929977417e-02
3.649434074759483337e-02
3.649900853633880615e-02
3.647190332412719727e-02
3.669223934412002563e-02
3.655479103326797485e-02
3.626734018325805664e-02
3.612452372908592224e-02
3.662721067667007446e-02
3.673309460282325745e-02
3.639763966202735901e-02
3.613704442977905273e-02
3.636855259537696838e-02
3.600689396262168884e-02
3.628525510430335999e-02
3.584855422377586365e-02
3.559610247611999512e-02
3.545178472995758057e-02
3.651032224297523499e-02
3.610551357269287109e-02
3.636204451322555542e-02
3.640127182006835938e-02
3.639245033264160156e-02
3.615311905741691589e-02
3.641945123672485352e-02
3.604121878743171692e-02
3.584336489439010620e-02
3.615020960569381714e-02
3.649805486202239990e-02
3.621210530400276184e-02
3.631111979484558105e-02
3.616089746356010437e-02
3.603970631957054138e-02
3.630280122160911560e-02
3.587617352604866028e-02
3.596862778067588806e-02
3.584833070635795593e-02
3.600704669952392578e-02
3.595786914229393005e-02
3.635241836309432983e-02
3.571145981550216675e-02
3.572294116020202637e-02
3.577285259962081909e-02
3.582918271422386169e-02
3.569543361663818359e-02
3.596748039126396179e-02
3.586650267243385315e-02
3.629167750477790833e-02
3.591335937380790710e-02
3.615995496511459351e-02
3.622332215309143066e-02
3.597904741764068604e-02
3.619876503944396973e-02
3.634459152817726135e-02
3.584443777799606323e-02
3.555660322308540344e-02
3.577014803886413574e-02
3.577011078596115112e-02
3.598098829388618469e-02
3.560284525156021118e-02
3.550098836421966553e-02
3.601412102580070496e-02
3.603162616491317749e-02
3.641535341739654541e-02
3.599276021122932434e-02
3.616158291697502136e-02
3.573392704129219055e-02
3.581661731004714966e-02
3.570384904742240906e-02
3.551488369703292847e-02
3.532440960407257080e-02
3.545723482966423035e-02
3.590307012200355530e-02
3.556631878018379211e-02
3.587907552719116211e-02
3.553356602787971497e-02
3.544950485229492188e-02
3.548962250351905823e-02
3.530879691243171692e-02
3.580423444509506226e-02
3.567326068878173828e-02
3.552173078060150146e-02
3.577458858489990234e-02
3.527778387069702148e-02
3.573488444089889526e-02
3.564029186964035034e-02
3.538805991411209106e-02
3.574892878532409668e-02
3.594254329800605774e-02
3.573120012879371643e-02
3.588699549436569214e-02
3.553447127342224121e-02
3.568530827760696411e-02
3.551425412297248840e-02
3.533738851547241211e-02
3.576560690999031067e-02
3.585516661405563354e-02
3.580033779144287109e-02
3.547139838337898254e-02
3.513141348958015442e-02
3.544179350137710571e-02
3.526550531387329102e-02
3.580421209335327148e-02
3.555269539356231689e-02
3.534502536058425903e-02
3.567745536565780640e-02
3.526028618216514587e-02
3.539108112454414368e-02
3.524094447493553162e-02
3.517989814281463623e-02
3.515644371509552002e-02
3.545220941305160522e-02
3.529526665806770325e-02
3.507781773805618286e-02
3.544956445693969727e-02
3.530000522732734680e-02
3.517038747668266296e-02
3.503766655921936035e-02
3.486362472176551819e-02
3.509563580155372620e-02
3.550409898161888123e-02
3.548059239983558655e-02
3.554208576679229736e-02
3.497749567031860352e-02
3.517986088991165161e-02
3.523476421833038330e-02
3.511008620262145996e-02
3.529145568609237671e-02
3.492920845746994019e-02
3.516449034214019775e-02
3.510861471295356750e-02
3.543889522552490234e-02
3.509343788027763367e-02
3.514025360345840454e-02
3.495020791888237000e-02
3.472231701016426086e-02
3.468991816043853760e-02
3.543033450841903687e-02
3.505636379122734070e-02
3.520116955041885376e-02
3.523898869752883911e-02
3.524246811866760254e-02
3.500692173838615417e-02
3.499643504619598389e-02
3.504117578268051147e-02
3.497125208377838135e-02
3.506448119878768921e-02
3.525661677122116089e-02
3.535026311874389648e-02
3.509951010346412659e-02
3.500971943140029907e-02
3.509777039289474487e-02
3.502517193555831909e-02
3.487195074558258057e-02
3.477931767702102661e-02
3.493960946798324585e-02
3.504855558276176453e-02
3.486771509051322937e-02
3.514245897531509399e-02
3.482064977288246155e-02
3.477610275149345398e-02
3.473135083913803101e-02
3.506821766495704651e-02
3.526180982589721680e-02
3.456711769104003906e-02
3.508245199918746948e-02
3.470645844936370850e-02
3.496768325567245483e-02
3.469899669289588928e-02
3.511333838105201721e-02
3.463710099458694458e-02
3.451380878686904907e-02
3.453659266233444214e-02
3.454600274562835693e-02
3.472368791699409485e-02
3.469776362180709839e-02
3.463597968220710754e-02
3.497130796313285828e-02
3.523290902376174927e-02
3.460463136434555054e-02
3.509489446878433228e-02
3.469107300043106079e-02
3.490922227501869202e-02
3.494110703468322754e-02
3.443552553653717041e-02
3.452478721737861633e-02
3.453267738223075867e-02
3.465044125914573669e-02
3.437501937150955200e-02
3.465754911303520203e-02
3.463032469153404236e-02
3.447176516056060791e-02
3.434643521904945374e-02
3.462592884898185730e-02
3.484746068716049194e-02
3.420176357030868530e-02
3.430590778589248657e-02
3.469386696815490723e-02
3.586655110120773315e-02
3.452031314373016357e-02
3.460491448640823364e-02
3.447688370943069458e-02
3.470387682318687439e-02
3.446003049612045288e-02
3.484854102134704590e-02
3.458600118756294250e-02
3.447148576378822327e-02
3.464314714074134827e-02
3.455209732055664062e-02
3.471040353178977966e-02
3.475133702158927917e-02
3.423770517110824585e-02
3.472035378217697144e-02
3.476782143115997314e-02
3.442870080471038818e-02
3.483895957469940186e-02
3.443471714854240417e-02
3.431404381990432739e-02
3.426729515194892883e-02
3.416926041245460510e-02
3.446247428655624390e-02
3.470625355839729309e-02
3.436183184385299683e-02
3.435486555099487305e-02
3.401660174131393433e-02
3.448456153273582458e-02
3.404115140438079834e-02
3.451905399560928345e-02
3.438071161508560181e-02
3.433786705136299133e-02
3.426020964980125427e-02
3.507457301020622253e-02
3.435681760311126709e-02
3.481701388955116272e-02
3.434982150793075562e-02
3.402277827262878418e-02
3.401126340031623840e-02
3.392390161752700806e-02
3.434293344616889954e-02
3.431878611445426941e-02
3.412904217839241028e-02
3.424472361803054810e-02
3.449644893407821655e-02
3.432756662368774414e-02
3.403159230947494507e-02
3.434719145298004150e-02
3.417387232184410095e-02
3.410203754901885986e-02
3.421586006879806519e-02
3.421065211296081543e-02
3.472936525940895081e-02
3.426398709416389465e-02
3.428852930665016174e-02
3.455851227045059204e-02
3.408553451299667358e-02
3.421756252646446228e-02
3.414137288928031921e-02
3.391562774777412415e-02
3.407257795333862305e-02
3.390514850616455078e-02
3.411560505628585815e-02
3.421157225966453552e-02
3.413217887282371521e-02
3.444013744592666626e-02
3.431139141321182251e-02
3.410689160227775574e-02
3.420842066407203674e-02
3.396540880203247070e-02
3.404846787452697754e-02
3.416079655289649963e-02
3.391262143850326538e-02
3.422266989946365356e-02
3.425755724310874939e-02
3.400622308254241943e-02
3.424269333481788635e-02
2.432046383619308472e-01
2.399173229932785034e-01
2.399133145809173584e-01
2.385575324296951294e-01
2.374068200588226318e-01
2.360150218009948730e-01
2.327662259340286255e-01
2.328545302152633667e-01
2.338788658380508423e-01
2.321974933147430420e-01
2.322905361652374268e-01
2.283357679843902588e-01
2.294774502515792847e-01
2.301220595836639404e-01
2.274843901395797729e-01
2.285490185022354126e-01
2.291346192359924316e-01
2.259639948606491089e-01
2.281958758831024170e-01
2.268538326025009155e-01
2.287418395280838013e-01
2.250629216432571411e-01
2.248271703720092773e-01
2.256847023963928223e-01
2.249947190284729004e-01
2.236447632312774658e-01
2.224230170249938965e-01
2.249798178672790527e-01
2.231114357709884644e-01
2.233165800571441650e-01
2.241697013378143311e-01
2.216304838657379150e-01
2.246847152709960938e-01
2.218729108572006226e-01
2.226990610361099243e-01
2.210050821304321289e-01
2.207964062690734863e-01
2.213236540555953979e-01
2.219855636358261108e-01
2.230318039655685425e-01
2.192116081714630127e-01
2.197839915752410889e-01
2.235678881406784058e-01
2.194520980119705200e-01
2.220314741134643555e-01
2.208393067121505737e-01
2.204931080341339111e-01
2.199252247810363770e-01
2.213022559881210327e-01
2.184840291738510132e-01
2.196694612503051758e-01
2.211964279413223267e-01
2.191158086061477661e-01
2.196950167417526245e-01
2.194186300039291382e-01
2.180813103914260864e-01
2.171425968408584595e-01
2.153025418519973755e-01
2.189276665449142456e-01
2.192312777042388916e-01
2.195330113172531128e-01
2.180080562829971313e-01
2.184527069330215454e-01
2.185412049293518066e-01
2.169851511716842651e-01
2.157606929540634155e-01
2.160302102565765381e-01
2.174911350011825562e-01
2.168151438236236572e-01
2.185321897268295288e-01
2.160607874393463135e-01
2.157602459192276001e-01
2.181924581527709961e-01
2.157931327819824219e-01
2.170912474393844604e-01
2.126258164644241333e-01
2.175078839063644409e-01
2.163439542055130005e-01
2.145254462957382202e-01
2.161758989095687866e-01
2.157921046018600464e-01
2.157592326402664185e-01
2.158002406358718872e-01
2.145075201988220215e-01
2.162930667400360107e-01
2.161125689744949341e-01
2.158236503601074219e-01
2.153093814849853516e-01
2.154089361429214478e-01
2.136984467506408691e-01
2.141854315996170044e-01
2.145949006080627441e-01
2.140182107686996460e-01
2.127114534378051758e-01
2.137190699577331543e-01
2.150985002517700195e-01
2.133395224809646606e-01
2.147779464721679688e-01
2.129767984151840210e-01
2.138325721025466919e-01
