9.656321406364440918e-01
9.557672739028930664e-01
9.469953179359436035e-01
9.356854557991027832e-01
9.248280525207519531e-01
9.117015004158020020e-01
8.961623907089233398e-01
8.773838877677917480e-01
8.591495156288146973e-01
8.377558588981628418e-01
8.150848150253295898e-01
7.908550500869750977e-01
7.629249095916748047e-01
7.360581755638122559e-01
7.099291682243347168e-01
6.901261210441589355e-01
6.518783569335937500e-01
6.266726255416870117e-01
6.116793155670166016e-01
5.833119153976440430e-01
5.696028470993041992e-01
5.567057728767395020e-01
5.603458285331726074e-01
5.559046864509582520e-01
5.448021292686462402e-01
5.402472615242004395e-01
5.485144853591918945e-01
5.523643493652343750e-01
5.378483533859252930e-01
5.316209197044372559e-01
5.094189643859863281e-01
5.148665308952331543e-01
5.124789476394653320e-01
5.105170607566833496e-01
5.103582143783569336e-01
5.006711483001708984e-01
5.050593018531799316e-01
5.033905506134033203e-01
4.961254000663757324e-01
4.975204169750213623e-01
4.873169958591461182e-01
4.845810234546661377e-01
4.788677096366882324e-01
4.796171188354492188e-01
4.724434316158294678e-01
4.730811119079589844e-01
4.666233658790588379e-01
4.657577276229858398e-01
4.702325165271759033e-01
4.670769572257995605e-01
4.663054347038269043e-01
4.576551318168640137e-01
4.566934108734130859e-01
4.592150151729583740e-01
4.499266147613525391e-01
4.512716233730316162e-01
4.493419229984283447e-01
4.472290277481079102e-01
4.469825625419616699e-01
4.483850002288818359e-01
4.392612874507904053e-01
4.418097436428070068e-01
4.329071938991546631e-01
4.327335357666015625e-01
4.348943531513214111e-01
4.301588833332061768e-01
4.314239621162414551e-01
4.380250871181488037e-01
4.216942489147186279e-01
4.312129616737365723e-01
4.265481233596801758e-01
4.226947128772735596e-01
4.220856428146362305e-01
4.162922203540802002e-01
4.166091382503509521e-01
4.152955710887908936e-01
4.106295406818389893e-01
4.155456423759460449e-01
4.094461500644683838e-01
4.100613594055175781e-01
4.075942933559417725e-01
4.095151126384735107e-01
4.038256108760833740e-01
4.003437459468841553e-01
3.965251147747039795e-01
3.955732882022857666e-01
4.012683629989624023e-01
3.998675644397735596e-01
3.974264562129974365e-01
3.942666053771972656e-01
3.949119746685028076e-01
3.894501030445098877e-01
3.866313099861145020e-01
3.851706385612487793e-01
3.855106234550476074e-01
3.876184821128845215e-01
3.873665928840637207e-01
3.834717273712158203e-01
3.806539177894592285e-01
3.780545890331268311e-01
3.818236291408538818e-01
3.787163496017456055e-01
3.778748214244842529e-01
3.726308345794677734e-01
3.735683262348175049e-01
3.776693642139434814e-01
3.735946416854858398e-01
3.684294819831848145e-01
3.687713146209716797e-01
3.661986589431762695e-01
3.717077374458312988e-01
3.680224716663360596e-01
3.644834160804748535e-01
3.623509407043457031e-01
3.672050833702087402e-01
3.648912906646728516e-01
3.658990263938903809e-01
3.643711507320404053e-01
3.605734109878540039e-01
3.648771345615386963e-01
3.627697527408599854e-01
3.654401302337646484e-01
3.561872541904449463e-01
3.544827103614807129e-01
3.627933561801910400e-01
3.566571474075317383e-01
3.579479455947875977e-01
3.566876947879791260e-01
3.556692898273468018e-01
3.501320779323577881e-01
3.488814234733581543e-01
3.537073135375976562e-01
3.527315258979797363e-01
3.466038107872009277e-01
3.504137694835662842e-01
3.463806211948394775e-01
3.489063680171966553e-01
3.483399748802185059e-01
3.443126976490020752e-01
3.460411727428436279e-01
3.433360755443572998e-01
3.476760983467102051e-01
3.415928781032562256e-01
3.412781655788421631e-01
3.377496898174285889e-01
3.438137173652648926e-01
3.364334404468536377e-01
3.357424139976501465e-01
3.381329774856567383e-01
3.356277942657470703e-01
3.388032317161560059e-01
3.372941017150878906e-01
3.363493680953979492e-01
3.381297886371612549e-01
3.367365300655364990e-01
3.299136459827423096e-01
3.316342234611511230e-01
3.334818780422210693e-01
3.315712809562683105e-01
3.335663080215454102e-01
3.309179544448852539e-01
3.293740153312683105e-01
3.280913531780242920e-01
3.304037153720855713e-01
3.278523683547973633e-01
3.316757082939147949e-01
3.273520171642303467e-01
3.275602459907531738e-01
3.281380832195281982e-01
3.244548738002777100e-01
3.270261585712432861e-01
3.285779953002929688e-01
3.232671320438385010e-01
3.213975131511688232e-01
3.254406154155731201e-01
3.209391534328460693e-01
3.241795301437377930e-01
3.238343298435211182e-01
3.210319280624389648e-01
3.222475051879882812e-01
3.166206181049346924e-01
3.203167915344238281e-01
3.181181848049163818e-01
3.220155835151672363e-01
3.146468400955200195e-01
3.173861205577850342e-01
3.141451776027679443e-01
3.129014372825622559e-01
3.126467168331146240e-01
3.139796257019042969e-01
3.117704093456268311e-01
3.151277005672454834e-01
3.139498829841613770e-01
3.123494088649749756e-01
3.144038319587707520e-01
3.127036392688751221e-01
3.113380074501037598e-01
3.110544681549072266e-01
3.097518682479858398e-01
3.094895184040069580e-01
3.093697428703308105e-01
3.096120655536651611e-01
3.097245991230010986e-01
3.083957433700561523e-01
3.105370402336120605e-01
3.083929419517517090e-01
3.038761019706726074e-01
3.065669834613800049e-01
3.068282306194305420e-01
3.044813275337219238e-01
3.041231930255889893e-01
3.079144954681396484e-01
3.057989776134490967e-01
3.060510158538818359e-01
3.008616268634796143e-01
3.027506470680236816e-01
3.014518320560455322e-01
3.019129335880279541e-01
3.015995025634765625e-01
3.029241561889648438e-01
3.024620711803436279e-01
2.991822957992553711e-01
2.999392151832580566e-01
3.016760051250457764e-01
2.984245419502258301e-01
3.006509244441986084e-01
2.983599603176116943e-01
2.983461916446685791e-01
2.968502342700958252e-01
2.975882887840270996e-01
2.967174053192138672e-01
2.934517860412597656e-01
2.946364581584930420e-01
2.948152720928192139e-01
2.969484329223632812e-01
2.965703010559082031e-01
2.991344630718231201e-01
2.948874235153198242e-01
2.932833433151245117e-01
2.950050532817840576e-01
2.926305234432220459e-01
2.903607487678527832e-01
2.942885458469390869e-01
2.920346558094024658e-01
2.906115949153900146e-01
2.903994023799896240e-01
2.912788689136505127e-01
2.900221049785614014e-01
2.909789979457855225e-01
2.899437546730041504e-01
2.933364212512969971e-01
2.902503311634063721e-01
2.902707457542419434e-01
2.852028012275695801e-01
2.914670705795288086e-01
2.870886623859405518e-01
2.867635488510131836e-01
2.897712290287017822e-01
2.875925302505493164e-01
2.818977832794189453e-01
2.874993979930877686e-01
2.883062660694122314e-01
2.865105569362640381e-01
2.844679355621337891e-01
2.814064323902130127e-01
2.851737737655639648e-01
2.827245295047760010e-01
2.825340926647186279e-01
2.816868424415588379e-01
2.784434854984283447e-01
2.825980186462402344e-01
2.833097875118255615e-01
2.813857197761535645e-01
2.816595733165740967e-01
2.795867919921875000e-01
2.796860933303833008e-01
2.802687883377075195e-01
2.774422466754913330e-01
2.781594395637512207e-01
2.809745967388153076e-01
2.797587513923645020e-01
2.767948210239410400e-01
2.800728082656860352e-01
2.752945423126220703e-01
2.739907503128051758e-01
2.774056792259216309e-01
2.759508788585662842e-01
2.764438688755035400e-01
2.759742438793182373e-01
2.757497131824493408e-01
2.732912600040435791e-01
2.776987254619598389e-01
2.760354280471801758e-01
2.723077237606048584e-01
2.741549015045166016e-01
2.723899483680725098e-01
2.764901816844940186e-01
2.705115377902984619e-01
2.705117166042327881e-01
2.744356393814086914e-01
2.939839959144592285e-01
2.932813763618469238e-01
2.951583266258239746e-01
2.933704555034637451e-01
2.928334772586822510e-01
2.943789660930633545e-01
2.909758687019348145e-01
2.904105186462402344e-01
2.890716493129730225e-01
2.939985692501068115e-01
2.888603508472442627e-01
2.938855290412902832e-01
2.891006469726562500e-01
2.862774729728698730e-01
2.868622839450836182e-01
2.877526581287384033e-01
2.872874140739440918e-01
2.851231098175048828e-01
2.875376939773559570e-01
2.916563153266906738e-01
2.871296107769012451e-01
2.871692180633544922e-01
2.876792252063751221e-01
2.843184471130371094e-01
2.861498296260833740e-01
2.850167453289031982e-01
2.827674746513366699e-01
2.831928133964538574e-01
2.829231321811676025e-01
2.817477583885192871e-01
2.827180325984954834e-01
2.842380702495574951e-01
2.814622819423675537e-01
2.850082814693450928e-01
2.810810208320617676e-01
2.805516123771667480e-01
2.817806303501129150e-01
2.807161211967468262e-01
2.803177833557128906e-01
2.786261439323425293e-01
2.803169488906860352e-01
2.805071771144866943e-01
2.819791138172149658e-01
2.800233364105224609e-01
2.772383689880371094e-01
2.797319293022155762e-01
2.803221940994262695e-01
2.762822508811950684e-01
2.777889668941497803e-01
2.778573036193847656e-01
2.790988981723785400e-01
2.762055397033691406e-01
2.775690257549285889e-01
2.770195305347442627e-01
2.720405459403991699e-01
2.753092348575592041e-01
2.742169201374053955e-01
2.750477790832519531e-01
2.741613984107971191e-01
2.740598618984222412e-01
2.733866870403289795e-01
2.731127440929412842e-01
2.742623090744018555e-01
2.758211791515350342e-01
2.716797292232513428e-01
2.752892673015594482e-01
2.771660983562469482e-01
2.724889814853668213e-01
2.706122696399688721e-01
2.727649211883544922e-01
2.741972506046295166e-01
2.695866227149963379e-01
2.677249014377593994e-01
2.712018191814422607e-01
2.683886289596557617e-01
2.672295868396759033e-01
2.711481153964996338e-01
2.688649892807006836e-01
2.695105969905853271e-01
2.690904736518859863e-01
2.653710246086120605e-01
2.681949734687805176e-01
2.696047723293304443e-01
2.683777809143066406e-01
2.653836607933044434e-01
2.655300498008728027e-01
2.674794197082519531e-01
2.670727670192718506e-01
2.651244103908538818e-01
2.627063393592834473e-01
2.658887505531311035e-01
2.653385400772094727e-01
2.638462185859680176e-01
2.635215818881988525e-01
2.628117203712463379e-01
2.652556002140045166e-01
2.609777748584747314e-01
2.657529711723327637e-01
2.619209885597229004e-01
2.630383968353271484e-01
2.641143798828125000e-01
2.617642283439636230e-01
2.633506059646606445e-01
2.659198045730590820e-01
2.642083466053009033e-01
2.614344954490661621e-01
2.606240808963775635e-01
2.602212131023406982e-01
2.622042894363403320e-01
2.615012526512145996e-01
2.566459476947784424e-01
2.622413039207458496e-01
2.590944170951843262e-01
2.626324295997619629e-01
2.615492343902587891e-01
2.597692310810089111e-01
2.589792311191558838e-01
2.588580548763275146e-01
2.598203420639038086e-01
2.573527097702026367e-01
2.577128410339355469e-01
2.568838000297546387e-01
2.625509202480316162e-01
2.585312724113464355e-01
2.566974461078643799e-01
2.566545903682708740e-01
2.583923339843750000e-01
2.578651309013366699e-01
2.572539448738098145e-01
2.574948370456695557e-01
2.548184692859649658e-01
2.584466040134429932e-01
2.571994066238403320e-01
2.586117982864379883e-01
2.576951384544372559e-01
2.557206153869628906e-01
2.546287477016448975e-01
2.551372945308685303e-01
2.567519545555114746e-01
2.560681700706481934e-01
2.551284432411193848e-01
2.546634376049041748e-01
2.539339959621429443e-01
2.525416016578674316e-01
2.540092170238494873e-01
2.551811337471008301e-01
2.516532242298126221e-01
2.547992169857025146e-01
2.528092265129089355e-01
2.526213526725769043e-01
2.532870173454284668e-01
2.526832520961761475e-01
2.508131861686706543e-01
2.536621093750000000e-01
2.506883740425109863e-01
2.518494129180908203e-01
2.563904821872711182e-01
2.533006072044372559e-01
2.526697516441345215e-01
2.521068751811981201e-01
2.506836950778961182e-01
2.531033158302307129e-01
2.494845688343048096e-01
2.522945702075958252e-01
2.521085441112518311e-01
2.568832039833068848e-01
2.530414760112762451e-01
2.508612573146820068e-01
2.509924173355102539e-01
2.490339279174804688e-01
2.515259385108947754e-01
2.491683363914489746e-01
2.515391111373901367e-01
2.509454488754272461e-01
2.525886297225952148e-01
2.527102530002593994e-01
2.517858445644378662e-01
2.494210004806518555e-01
2.491598129272460938e-01
2.456520795822143555e-01
2.482368648052215576e-01
2.502320706844329834e-01
2.494220584630966187e-01
2.490237057209014893e-01
2.477710992097854614e-01
2.468323260545730591e-01
2.484024912118911743e-01
2.488211691379547119e-01
2.450801581144332886e-01
2.488803118467330933e-01
2.464843243360519409e-01
2.465982586145401001e-01
2.463782578706741333e-01
2.459015995264053345e-01
2.483394593000411987e-01
2.446782886981964111e-01
2.469692677259445190e-01
2.472143173217773438e-01
2.447633594274520874e-01
2.440537661314010620e-01
2.449376732110977173e-01
2.467386126518249512e-01
2.441181838512420654e-01
2.465466260910034180e-01
2.449162751436233521e-01
2.469717860221862793e-01
2.445982992649078369e-01
2.436627745628356934e-01
2.445845156908035278e-01
2.442118376493453979e-01
2.429990470409393311e-01
2.442492097616195679e-01
2.441290766000747681e-01
2.440114915370941162e-01
2.457047998905181885e-01
2.447699606418609619e-01
2.449256926774978638e-01
2.440858930349349976e-01
2.442325353622436523e-01
2.461818754673004150e-01
2.444348037242889404e-01
2.454401403665542603e-01
2.462491989135742188e-01
2.421454042196273804e-01
2.443487346172332764e-01
2.428833991289138794e-01
2.424390316009521484e-01
2.429146319627761841e-01
2.432495802640914917e-01
2.424036115407943726e-01
2.426456212997436523e-01
2.424493283033370972e-01
2.401683032512664795e-01
2.385080903768539429e-01
2.438027113676071167e-01
2.451610267162322998e-01
2.412870526313781738e-01
2.420734465122222900e-01
2.394979000091552734e-01
2.400650233030319214e-01
2.415001690387725830e-01
2.412981390953063965e-01
2.420680671930313110e-01
2.401440292596817017e-01
2.418295145034790039e-01
2.421791255474090576e-01
2.426905184984207153e-01
2.385489642620086670e-01
2.429724037647247314e-01
2.407243996858596802e-01
2.411330640316009521e-01
2.384975105524063110e-01
2.394282668828964233e-01
2.400771081447601318e-01
2.385624200105667114e-01
2.393355220556259155e-01
2.387466132640838623e-01
2.404115349054336548e-01
2.398594170808792114e-01
2.391681671142578125e-01
2.413399219512939453e-01
2.380198091268539429e-01
2.359255105257034302e-01
2.380171120166778564e-01
2.408827543258666992e-01
2.389860153198242188e-01
2.366850227117538452e-01
2.390231788158416748e-01
2.378041297197341919e-01
2.360090315341949463e-01
2.401043474674224854e-01
2.391737103462219238e-01
2.379243224859237671e-01
2.374081164598464966e-01
2.366776317358016968e-01
2.388414442539215088e-01
2.349155992269515991e-01
2.337497919797897339e-01
2.378394007682800293e-01
2.326145321130752563e-01
2.349659651517868042e-01
2.366631478071212769e-01
2.388309389352798462e-01
2.361103594303131104e-01
2.383182644844055176e-01
2.369404882192611694e-01
2.341784238815307617e-01
2.356230616569519043e-01
2.351581007242202759e-01
2.375495731830596924e-01
2.364613711833953857e-01
2.345457077026367188e-01
2.351208925247192383e-01
2.383072525262832642e-01
2.349240034818649292e-01
2.323685437440872192e-01
2.364429682493209839e-01
2.368781268596649170e-01
2.358057200908660889e-01
2.350543439388275146e-01
2.345512360334396362e-01
2.353274673223495483e-01
2.364337593317031860e-01
2.328320443630218506e-01
2.314349561929702759e-01
2.354270219802856445e-01
2.338093519210815430e-01
2.369963079690933228e-01
2.348837405443191528e-01
2.301670461893081665e-01
2.335824519395828247e-01
2.326380759477615356e-01
2.347126901149749756e-01
2.353031039237976074e-01
2.363070547580718994e-01
2.314549833536148071e-01
2.298645228147506714e-01
2.324311435222625732e-01
2.309435009956359863e-01
2.305119633674621582e-01
2.315791249275207520e-01
2.364452034235000610e-01
2.347273230552673340e-01
2.315909862518310547e-01
2.348819524049758911e-01
2.303795069456100464e-01
2.314863502979278564e-01
2.327215373516082764e-01
2.332293540239334106e-01
2.328591197729110718e-01
2.306416034698486328e-01
2.331485599279403687e-01
2.340888082981109619e-01
2.301927357912063599e-01
2.348369956016540527e-01
2.304054945707321167e-01
2.299102991819381714e-01
2.321084439754486084e-01
2.305405884981155396e-01
2.332134842872619629e-01
2.301787137985229492e-01
2.330217212438583374e-01
2.281225323677062988e-01
2.294029891490936279e-01
2.295019775629043579e-01
2.331065535545349121e-01
2.321738302707672119e-01
2.283031195402145386e-01
2.320341914892196655e-01
2.296217083930969238e-01
2.298873662948608398e-01
2.289250046014785767e-01
2.306986302137374878e-01
2.311636656522750854e-01
2.289311289787292480e-01
2.299126833677291870e-01
2.288700342178344727e-01
2.309195995330810547e-01
2.300465852022171021e-01
2.321183532476425171e-01
2.304708808660507202e-01
2.289693951606750488e-01
2.303007543087005615e-01
2.290133833885192871e-01
2.282837033271789551e-01
2.288859933614730835e-01
2.303823083639144897e-01
2.316517680883407593e-01
2.299498319625854492e-01
2.301365733146667480e-01
2.280531227588653564e-01
2.282301634550094604e-01
2.275713235139846802e-01
2.256616204977035522e-01
2.270933985710144043e-01
2.288509607315063477e-01
2.308429330587387085e-01
2.278477698564529419e-01
2.260532528162002563e-01
2.255196124315261841e-01
2.265521138906478882e-01
2.267912328243255615e-01
2.285439223051071167e-01
2.245812714099884033e-01
2.248466312885284424e-01
2.265200912952423096e-01
2.293050140142440796e-01
2.283734679222106934e-01
2.235902696847915649e-01
2.272415459156036377e-01
2.284123897552490234e-01
2.252113968133926392e-01
2.265259921550750732e-01
2.262411415576934814e-01
2.290677428245544434e-01
2.265681475400924683e-01
2.262275964021682739e-01
2.256357371807098389e-01
2.279222756624221802e-01
2.268998771905899048e-01
2.262877523899078369e-01
2.234698086977005005e-01
2.293095141649246216e-01
2.261279821395874023e-01
2.252803295850753784e-01
2.284077852964401245e-01
2.271053493022918701e-01
2.272688746452331543e-01
2.266248911619186401e-01
2.255785763263702393e-01
2.241423577070236206e-01
2.236540168523788452e-01
2.273217737674713135e-01
2.273398339748382568e-01
2.260478436946868896e-01
2.253195643424987793e-01
2.260871529579162598e-01
2.274219989776611328e-01
2.229559868574142456e-01
2.246955782175064087e-01
2.248034775257110596e-01
2.250576466321945190e-01
2.258795499801635742e-01
2.279260009527206421e-01
2.240284830331802368e-01
2.258110046386718750e-01
2.262514233589172363e-01
2.231780588626861572e-01
2.264635562896728516e-01
2.235897034406661987e-01
2.249570041894912720e-01
2.222364544868469238e-01
2.241359800100326538e-01
2.202699780464172363e-01
2.232027351856231689e-01
2.247541993856430054e-01
2.241722792387008667e-01
2.209540754556655884e-01
2.238281667232513428e-01
2.237961292266845703e-01
2.231952399015426636e-01
2.239496409893035889e-01
2.242249399423599243e-01
2.238519936800003052e-01
2.201161384582519531e-01
2.246239036321640015e-01
2.226257622241973877e-01
2.217644900083541870e-01
2.252510786056518555e-01
2.228226512670516968e-01
2.212231457233428955e-01
2.221220582723617554e-01
2.232105582952499390e-01
2.242059558629989624e-01
2.264806777238845825e-01
2.248716801404953003e-01
2.224040776491165161e-01
2.235642224550247192e-01
2.225267589092254639e-01
2.220122218132019043e-01
2.213848084211349487e-01
2.228775322437286377e-01
2.225583195686340332e-01
2.194158881902694702e-01
2.241930663585662842e-01
2.223903536796569824e-01
2.219145745038986206e-01
2.216823846101760864e-01
2.195581793785095215e-01
2.217306196689605713e-01
2.233037650585174561e-01
2.203351110219955444e-01
2.234462201595306396e-01
2.209049165248870850e-01
2.199260741472244263e-01
2.194579690694808960e-01
2.244938760995864868e-01
2.202003598213195801e-01
2.207410335540771484e-01
2.231657803058624268e-01
2.235630303621292114e-01
2.169507890939712524e-01
2.213293612003326416e-01
2.216439545154571533e-01
2.194755673408508301e-01
2.232558727264404297e-01
2.211016267538070679e-01
2.195314019918441772e-01
2.222599089145660400e-01
2.233889102935791016e-01
2.201780527830123901e-01
2.190574705600738525e-01
2.213833481073379517e-01
2.210237085819244385e-01
2.214450687170028687e-01
2.221096903085708618e-01
2.216684669256210327e-01
2.205698788166046143e-01
2.182469815015792847e-01
2.164930105209350586e-01
2.205493301153182983e-01
2.250709831714630127e-01
2.213668823242187500e-01
2.179186344146728516e-01
2.160536050796508789e-01
2.204332798719406128e-01
2.211965173482894897e-01
2.210362702608108521e-01
2.195502221584320068e-01
2.179132848978042603e-01
2.212697714567184448e-01
2.195909172296524048e-01
2.201047539710998535e-01
2.195190936326980591e-01
2.198151946067810059e-01
2.223328053951263428e-01
2.193183749914169312e-01
2.177259773015975952e-01
2.220883369445800781e-01
2.211293727159500122e-01
2.200694978237152100e-01
2.174400687217712402e-01
2.167397737503051758e-01
2.208414077758789062e-01
2.195915132761001587e-01
2.177910059690475464e-01
2.179155200719833374e-01
2.172531336545944214e-01
2.197731435298919678e-01
2.159746736288070679e-01
2.190203815698623657e-01
2.193907201290130615e-01
2.176253795623779297e-01
2.161412388086318970e-01
2.212870717048645020e-01
2.184923738241195679e-01
2.164425402879714966e-01
2.159195393323898315e-01
2.162457853555679321e-01
2.145298868417739868e-01
2.172903567552566528e-01
2.153626978397369385e-01
2.181148976087570190e-01
2.185005992650985718e-01
2.170071005821228027e-01
2.149889022111892700e-01
2.160564363002777100e-01
2.156896889209747314e-01
2.191587984561920166e-01
2.176635414361953735e-01
2.173657715320587158e-01
2.178328931331634521e-01
2.154353708028793335e-01
2.164130210876464844e-01
2.166996449232101440e-01
2.155717611312866211e-01
2.186241447925567627e-01
2.161929905414581299e-01
2.201840281486511230e-01
2.166188806295394897e-01
2.180839180946350098e-01
2.179190367460250854e-01
2.152068018913269043e-01
2.158382982015609741e-01
2.160383909940719604e-01
2.170662730932235718e-01
2.197661548852920532e-01
2.161178886890411377e-01
2.154929488897323608e-01
2.136877626180648804e-01
2.130406945943832397e-01
2.153157591819763184e-01
2.165338993072509766e-01
2.165324538946151733e-01
2.153059542179107666e-01
2.155624628067016602e-01
2.140982747077941895e-01
2.144634276628494263e-01
2.155826687812805176e-01
2.146363556385040283e-01
2.166247069835662842e-01
2.151993215084075928e-01
2.161488831043243408e-01
2.159455120563507080e-01
2.173496037721633911e-01
2.121473252773284912e-01
2.145538926124572754e-01
2.131881713867187500e-01
2.132949531078338623e-01
2.143716663122177124e-01
2.182478904724121094e-01
2.137332856655120850e-01
2.157848626375198364e-01
2.150481045246124268e-01
2.132808268070220947e-01
2.139720022678375244e-01
2.156818956136703491e-01
2.160886824131011963e-01
2.170122712850570679e-01
2.164418250322341919e-01
2.121798694133758545e-01
2.124064117670059204e-01
2.129497230052947998e-01
2.128354310989379883e-01
2.150674909353256226e-01
2.160093784332275391e-01
2.131032347679138184e-01
2.135755419731140137e-01
2.160094529390335083e-01
2.123165428638458252e-01
2.128517478704452515e-01
2.116786986589431763e-01
2.107654213905334473e-01
2.145788818597793579e-01
2.113408148288726807e-01
2.136743664741516113e-01
2.131986618041992188e-01
2.141138464212417603e-01
2.128504067659378052e-01
2.117594033479690552e-01
2.146480828523635864e-01
2.119195908308029175e-01
2.123165279626846313e-01
2.114378213882446289e-01
2.131746113300323486e-01
2.155638635158538818e-01
2.134495526552200317e-01
2.131944894790649414e-01
2.129227966070175171e-01
2.141933441162109375e-01
2.157514095306396484e-01
2.110308855772018433e-01
2.155251652002334595e-01
2.123868465423583984e-01
2.115474939346313477e-01
2.121841311454772949e-01
2.110341042280197144e-01
2.101808339357376099e-01
2.127336561679840088e-01
2.131812721490859985e-01
2.144056111574172974e-01
2.125820219516754150e-01
2.108906358480453491e-01
2.103274613618850708e-01
2.121779918670654297e-01
2.125995010137557983e-01
2.114212214946746826e-01
2.115026116371154785e-01
2.133131325244903564e-01
2.131192386150360107e-01
2.118070423603057861e-01
2.096585333347320557e-01
2.129146605730056763e-01
2.123054563999176025e-01
2.126865833997726440e-01
2.121891975402832031e-01
2.095048278570175171e-01
2.106795161962509155e-01
2.110866904258728027e-01
2.120307236909866333e-01
2.137369066476821899e-01
2.105659246444702148e-01
2.107975184917449951e-01
2.116429209709167480e-01
2.137246578931808472e-01
2.106433510780334473e-01
2.112409323453903198e-01
2.098255753517150879e-01
2.108186483383178711e-01
2.082751691341400146e-01
2.095676660537719727e-01
2.102583944797515869e-01
2.105080932378768921e-01
2.136339098215103149e-01
2.097050547599792480e-01
2.100961357355117798e-01
2.086671590805053711e-01
2.095620483160018921e-01
2.124407738447189331e-01
2.110051214694976807e-01
2.117995172739028931e-01
2.123069614171981812e-01
2.121266424655914307e-01
2.102840393781661987e-01
2.119821906089782715e-01
2.107967138290405273e-01
2.090469151735305786e-01
2.083266526460647583e-01
2.122391462326049805e-01
2.112621366977691650e-01
2.122237533330917358e-01
2.081868499517440796e-01
2.124053984880447388e-01
2.144506275653839111e-01
2.108373492956161499e-01
2.085586637258529663e-01
2.102445214986801147e-01
2.088623940944671631e-01
2.099546045064926147e-01
2.093909233808517456e-01
2.098644971847534180e-01
2.084224969148635864e-01
2.086410522460937500e-01
2.053253203630447388e-01
2.073302417993545532e-01
2.070354521274566650e-01
2.101698815822601318e-01
2.105219066143035889e-01
2.117463946342468262e-01
2.089259028434753418e-01
2.071294635534286499e-01
2.082145363092422485e-01
2.073448598384857178e-01
2.102994322776794434e-01
2.087860852479934692e-01
2.076380699872970581e-01
2.067250460386276245e-01
2.087865471839904785e-01
2.085372805595397949e-01
2.070749253034591675e-01
2.078071236610412598e-01
2.105164676904678345e-01
2.090461254119873047e-01
2.106176614761352539e-01
2.079783678054809570e-01
2.089200019836425781e-01
2.073279321193695068e-01
2.065454274415969849e-01
2.090745717287063599e-01
2.064192444086074829e-01
2.085954844951629639e-01
2.101410627365112305e-01
2.076829820871353149e-01
2.084724307060241699e-01
2.078062146902084351e-01
2.078495472669601440e-01
2.048943638801574707e-01
2.073640674352645874e-01
2.062057256698608398e-01
2.075344473123550415e-01
2.082089632749557495e-01
2.075462937355041504e-01
2.080035209655761719e-01
2.074781358242034912e-01
2.069306522607803345e-01
2.065521627664566040e-01
2.086779922246932983e-01
2.071478068828582764e-01
2.079116851091384888e-01
2.064143270254135132e-01
2.066918909549713135e-01
2.097151875495910645e-01
2.093189656734466553e-01
2.072849571704864502e-01
2.095043659210205078e-01
2.061586230993270874e-01
2.069291025400161743e-01
2.111566364765167236e-01
2.045503407716751099e-01
2.055769711732864380e-01
2.065929472446441650e-01
2.092073410749435425e-01
2.043377608060836792e-01
2.065401524305343628e-01
2.056641727685928345e-01
2.062814235687255859e-01
2.055179923772811890e-01
2.075009942054748535e-01
2.084006071090698242e-01
2.055603116750717163e-01
2.038576900959014893e-01
2.076990604400634766e-01
2.052532285451889038e-01
2.058095633983612061e-01
2.058006525039672852e-01
2.040573954582214355e-01
2.062371373176574707e-01
2.054758220911026001e-01
2.050206214189529419e-01
2.055702060461044312e-01
2.049717158079147339e-01
2.056841999292373657e-01
2.038802802562713623e-01
2.043947577476501465e-01
2.041813433170318604e-01
2.046593576669692993e-01
2.044894546270370483e-01
2.075651288032531738e-01
2.053447216749191284e-01
2.046737223863601685e-01
2.055203318595886230e-01
2.034558206796646118e-01
2.054664641618728638e-01
2.034740298986434937e-01
2.063859999179840088e-01
2.025347501039505005e-01
2.055359780788421631e-01
2.036342471837997437e-01
2.045810371637344360e-01
2.057625502347946167e-01
2.037991434335708618e-01
2.027779221534729004e-01
2.065765559673309326e-01
2.071425467729568481e-01
2.060109376907348633e-01
2.067353576421737671e-01
2.074914872646331787e-01
2.052698284387588501e-01
2.059472799301147461e-01
2.031482756137847900e-01
2.048735767602920532e-01
2.042217999696731567e-01
2.012995332479476929e-01
2.059044241905212402e-01
2.034685313701629639e-01
2.036953419446945190e-01
2.033885419368743896e-01
2.036476135253906250e-01
2.057477682828903198e-01
2.058645188808441162e-01
2.056093066930770874e-01
2.043837010860443115e-01
2.069761455059051514e-01
2.055603712797164917e-01
2.035551965236663818e-01
2.016940414905548096e-01
2.036773562431335449e-01
2.035321891307830811e-01
2.067879587411880493e-01
2.052246183156967163e-01
2.029552757740020752e-01
2.024259269237518311e-01
2.028971761465072632e-01
2.026626616716384888e-01
2.053367197513580322e-01
2.040936350822448730e-01
2.028857022523880005e-01
2.028661221265792847e-01
2.032524049282073975e-01
2.030704170465469360e-01
2.051151394844055176e-01
2.036305367946624756e-01
2.004731595516204834e-01
1.994335055351257324e-01
2.029927074909210205e-01
2.063801735639572144e-01
2.040369808673858643e-01
2.021813392639160156e-01
1.995104551315307617e-01
2.033798843622207642e-01
2.005094438791275024e-01
2.045610547065734863e-01
2.036747634410858154e-01
2.054680734872817993e-01
2.045781910419464111e-01
2.026765495538711548e-01
2.031871229410171509e-01
2.022958844900131226e-01
2.025912404060363770e-01
2.013466209173202515e-01
2.033030241727828979e-01
2.041385918855667114e-01
2.050335705280303955e-01
2.013155221939086914e-01
2.044647037982940674e-01
2.036254554986953735e-01
2.042619436979293823e-01
2.039515823125839233e-01
2.049901485443115234e-01
2.020136266946792603e-01
2.006475776433944702e-01
2.024906426668167114e-01
2.023199796676635742e-01
2.018180489540100098e-01
2.027488052845001221e-01
2.026857882738113403e-01
2.040042579174041748e-01
2.018039524555206299e-01
2.023539841175079346e-01
2.026082426309585571e-01
2.028056383132934570e-01
1.987346112728118896e-01
2.000441104173660278e-01
2.011529952287673950e-01
2.044785767793655396e-01
2.041367292404174805e-01
2.013821601867675781e-01
1.991374641656875610e-01
2.038024216890335083e-01
2.000274360179901123e-01
2.014661133289337158e-01
2.048967629671096802e-01
2.016301155090332031e-01
2.019019871950149536e-01
1.999383717775344849e-01
2.015243619680404663e-01
2.005179971456527710e-01
2.036727070808410645e-01
1.999073773622512817e-01
2.021380960941314697e-01
2.015988230705261230e-01
2.017722874879837036e-01
2.042649686336517334e-01
2.003981024026870728e-01
2.005392163991928101e-01
2.013322412967681885e-01
2.005166113376617432e-01
2.006073296070098877e-01
2.012357711791992188e-01
2.028402686119079590e-01
2.011606097221374512e-01
2.018237113952636719e-01
2.032177448272705078e-01
2.012424468994140625e-01
2.020163983106613159e-01
2.024115025997161865e-01
2.014623582363128662e-01
2.015954256057739258e-01
2.007570415735244751e-01
1.996617913246154785e-01
2.001095861196517944e-01
2.005473673343658447e-01
1.999629437923431396e-01
1.982506513595581055e-01
2.011547237634658813e-01
1.999948620796203613e-01
2.014658302068710327e-01
1.973275095224380493e-01
2.006414532661437988e-01
2.020354568958282471e-01
2.016804367303848267e-01
1.995633095502853394e-01
2.000651657581329346e-01
1.997622102499008179e-01
2.009514421224594116e-01
2.013841122388839722e-01
2.013369053602218628e-01
2.003194838762283325e-01
1.992815434932708740e-01
2.007595896720886230e-01
1.989660263061523438e-01
1.999508142471313477e-01
1.993047595024108887e-01
1.997881978750228882e-01
2.010404765605926514e-01
2.002284377813339233e-01
1.999670118093490601e-01
2.009663730859756470e-01
2.005227506160736084e-01
2.000590711832046509e-01
1.981229931116104126e-01
2.003974914550781250e-01
1.964107155799865723e-01
1.995406895875930786e-01
1.982584148645401001e-01
2.010471671819686890e-01
1.987855881452560425e-01
2.011834979057312012e-01
2.001080214977264404e-01
2.006736695766448975e-01
1.985897421836853027e-01
2.009016871452331543e-01
1.988062858581542969e-01
1.976354122161865234e-01
2.015392035245895386e-01
1.979312598705291748e-01
1.971115022897720337e-01
1.988869458436965942e-01
1.999865770339965820e-01
1.970969736576080322e-01
1.963841915130615234e-01
1.989467293024063110e-01
2.021210640668869019e-01
1.980787515640258789e-01
1.990220993757247925e-01
1.977166682481765747e-01
1.988750100135803223e-01
1.988219916820526123e-01
1.980442553758621216e-01
1.975467950105667114e-01
1.963825225830078125e-01
1.978518813848495483e-01
2.005305141210556030e-01
1.956852227449417114e-01
1.981922239065170288e-01
1.966613680124282837e-01
1.973043978214263916e-01
1.953011602163314819e-01
1.991460025310516357e-01
1.987019926309585571e-01
1.954903602600097656e-01
1.985506415367126465e-01
1.998840719461441040e-01
1.971236616373062134e-01
1.987032741308212280e-01
2.015661746263504028e-01
1.963899582624435425e-01
1.979709863662719727e-01
1.999147683382034302e-01
1.993452161550521851e-01
1.975563466548919678e-01
1.980431824922561646e-01
1.976660639047622681e-01
1.984141021966934204e-01
2.001175135374069214e-01
1.943019777536392212e-01
1.965684890747070312e-01
2.002543509006500244e-01
1.984370350837707520e-01
1.992698460817337036e-01
1.966024637222290039e-01
1.973407864570617676e-01
1.948861777782440186e-01
1.976800709962844849e-01
1.997752189636230469e-01
1.987439244985580444e-01
2.000350505113601685e-01
1.990728676319122314e-01
1.971261352300643921e-01
1.972457021474838257e-01
1.963857859373092651e-01
1.968144476413726807e-01
1.979311853647232056e-01
1.997370570898056030e-01
1.957769244909286499e-01
1.990888714790344238e-01
1.956483125686645508e-01
1.944822221994400024e-01
1.978539079427719116e-01
1.978228241205215454e-01
1.953952610492706299e-01
1.974413245916366577e-01
1.970909088850021362e-01
1.977513879537582397e-01
1.977128833532333374e-01
1.944592446088790894e-01
1.939265429973602295e-01
1.959215849637985229e-01
1.975801438093185425e-01
1.965271383523941040e-01
1.963314414024353027e-01
1.979933828115463257e-01
1.968163400888442993e-01
1.979261487722396851e-01
1.961122006177902222e-01
1.982418000698089600e-01
1.965073794126510620e-01
1.969916522502899170e-01
1.958603560924530029e-01
1.977295130491256714e-01
1.956436932086944580e-01
1.987282633781433105e-01
1.954773962497711182e-01
1.987683326005935669e-01
1.960897147655487061e-01
1.950745284557342529e-01
1.970863640308380127e-01
1.964086145162582397e-01
1.951940655708312988e-01
1.973237842321395874e-01
1.969576925039291382e-01
1.960397213697433472e-01
1.950070858001708984e-01
1.998627185821533203e-01
1.976902335882186890e-01
1.944160163402557373e-01
1.961739063262939453e-01
1.975004523992538452e-01
1.959812939167022705e-01
1.967552304267883301e-01
1.944392919540405273e-01
1.953337937593460083e-01
1.947854757308959961e-01
1.940380930900573730e-01
1.966851651668548584e-01
1.982362717390060425e-01
1.948775649070739746e-01
1.972628980875015259e-01
1.959574520587921143e-01
1.954980492591857910e-01
1.963502615690231323e-01
1.958558261394500732e-01
1.948845982551574707e-01
1.953492611646652222e-01
1.958221942186355591e-01
1.953953057527542114e-01
1.935918629169464111e-01
1.926729381084442139e-01
1.958097219467163086e-01
1.929674595594406128e-01
1.958034783601760864e-01
1.949546039104461670e-01
1.948987543582916260e-01
1.969081014394760132e-01
1.963379979133605957e-01
1.961685866117477417e-01
1.931965798139572144e-01
1.948060095310211182e-01
1.929223388433456421e-01
1.937737613916397095e-01
1.951797902584075928e-01
1.952140331268310547e-01
1.962121725082397461e-01
1.947090625762939453e-01
1.944201439619064331e-01
1.983840316534042358e-01
1.940004527568817139e-01
1.954387426376342773e-01
1.938222795724868774e-01
1.946596205234527588e-01
1.941658407449722290e-01
1.940640807151794434e-01
1.968462169170379639e-01
1.939665824174880981e-01
1.955040842294692993e-01
1.935336440801620483e-01
1.945571154356002808e-01
1.931405365467071533e-01
1.936186850070953369e-01
1.948177218437194824e-01
1.952046304941177368e-01
1.975823044776916504e-01
1.965459138154983521e-01
1.942729353904724121e-01
1.954253464937210083e-01
1.950132995843887329e-01
1.942135095596313477e-01
1.949559599161148071e-01
1.953883767127990723e-01
1.925217658281326294e-01
1.947836726903915405e-01
1.971076577901840210e-01
1.946597099304199219e-01
1.937832981348037720e-01
1.946980059146881104e-01
1.926631629467010498e-01
1.915462911128997803e-01
1.913149654865264893e-01
1.938329935073852539e-01
1.940402537584304810e-01
1.923994272947311401e-01
2.004513144493103027e-01
1.967663466930389404e-01
1.962291747331619263e-01
1.945034861564636230e-01
1.946376413106918335e-01
1.964451372623443604e-01
1.938063204288482666e-01
1.920851469039916992e-01
1.954814791679382324e-01
1.921679228544235229e-01
1.941381096839904785e-01
1.936407685279846191e-01
1.928927153348922729e-01
1.938627660274505615e-01
1.964440494775772095e-01
1.903135031461715698e-01
1.943956166505813599e-01
1.938284933567047119e-01
1.959296762943267822e-01
1.928391754627227783e-01
1.942809671163558960e-01
1.924877911806106567e-01
1.927306354045867920e-01
1.932280510663986206e-01
1.933650076389312744e-01
1.906231790781021118e-01
1.925452500581741333e-01
1.915856897830963135e-01
1.928881257772445679e-01
1.939409375190734863e-01
1.923983395099639893e-01
1.948918253183364868e-01
1.929971873760223389e-01
1.957765817642211914e-01
1.949332207441329956e-01
1.934247165918350220e-01
1.937640607357025146e-01
1.939320862293243408e-01
1.919031888246536255e-01
1.923694610595703125e-01
1.926767528057098389e-01
1.929864734411239624e-01
1.915394514799118042e-01
1.929564625024795532e-01
1.922337710857391357e-01
1.910664439201354980e-01
1.927189230918884277e-01
1.954986155033111572e-01
1.911848932504653931e-01
1.936741620302200317e-01
1.926489919424057007e-01
1.920781433582305908e-01
1.911509931087493896e-01
1.928192228078842163e-01
1.919991075992584229e-01
1.919295489788055420e-01
1.927558332681655884e-01
1.935341954231262207e-01
1.945291012525558472e-01
