1.264566289186477732e+00
9.756625652313232200e-01
8.735567671060562311e-01
8.114214336872100919e-01
7.694814109802246005e-01
7.428567588329315630e-01
7.378201055526732999e-01
6.716874122619629350e-01
6.651859724521637096e-01
6.593666815757751598e-01
6.490398961305617886e-01
6.619128626585006892e-01
6.367377448081970037e-01
6.508070552349090043e-01
5.916293033957481518e-01
5.903693705797194990e-01
6.088550418615341631e-01
5.813166475296021041e-01
5.909945198893546969e-01
5.844177618622780068e-01
5.995270568132400335e-01
5.349530753493308977e-01
5.374718403816223233e-01
5.386700049042701943e-01
5.475372183322906317e-01
5.428831720352172985e-01
5.414019986987114175e-01
5.528770995140075417e-01
4.903635343909263367e-01
5.068594163656234830e-01
4.979906815290451316e-01
5.009471994638442505e-01
5.079424870014190851e-01
5.093496915698051408e-01
5.076357072591781705e-01
4.622185960412025230e-01
4.603392243385314719e-01
4.656532165408134305e-01
4.738954034447669939e-01
4.696612289547920094e-01
4.663252794742584473e-01
4.809126499295234836e-01
4.412443295121192821e-01
4.430278196930885204e-01
4.468056154251098810e-01
4.426022195816040061e-01
4.505331677198409768e-01
4.444413384795188882e-01
4.562969347834587297e-01
4.206770998239517390e-01
4.270829644799232216e-01
4.308350914716720381e-01
4.293895804882049694e-01
4.319382938742637457e-01
4.367024734616279380e-01
4.349580818414688355e-01
4.145352208614349609e-01
4.195478177070617876e-01
4.138305550813675127e-01
4.210863542556762540e-01
4.183560061454772994e-01
4.182037150859832519e-01
4.250300705432891735e-01
4.047912368178367415e-01
4.082617312669754028e-01
4.066635856032371765e-01
4.132756608724594272e-01
4.149621853232383639e-01
4.173248937726020680e-01
4.221937730908393860e-01
4.066461268067360080e-01
4.000881934165954612e-01
4.062993794679641835e-01
4.077941125631332486e-01
4.047725394368171803e-01
4.061451202630996793e-01
4.116539585590362482e-01
4.040103474259376659e-01
4.001512971520423956e-01
4.037542504072189065e-01
3.968446183204650812e-01
4.031948536634445412e-01
4.037541723251342751e-01
4.059441211819648787e-01
3.975155234336852916e-01
3.946439495682716458e-01
3.978784990310668679e-01
3.931291988492012224e-01
4.017747235298156916e-01
3.963467860221862593e-01
4.013288146257400490e-01
3.983101633191108437e-01
3.932088539004325867e-01
3.924892905354500083e-01
3.915532147884369096e-01
4.021283555030822909e-01
3.981929078698158153e-01
3.987897920608520774e-01
2.777732409536838309e-01
2.659057886898517631e-01
2.084573058038949878e-01
2.029776401445269607e-01
1.578904942423105251e-01
1.454932678490877263e-01
1.551917288079857904e-01
