9.739932417869567871e-01
9.681833982467651367e-01
9.624800086021423340e-01
9.569066762924194336e-01
9.498216509819030762e-01
9.421100616455078125e-01
9.324418902397155762e-01
9.232710599899291992e-01
9.110427498817443848e-01
8.979070186614990234e-01
8.822645545005798340e-01
8.671202063560485840e-01
8.458859920501708984e-01
8.289281725883483887e-01
8.064082264900207520e-01
7.766996622085571289e-01
7.544282674789428711e-01
7.283902168273925781e-01
6.975129842758178711e-01
6.630348563194274902e-01
6.486057043075561523e-01
6.103549599647521973e-01
5.934649705886840820e-01
5.766044855117797852e-01
5.602771043777465820e-01
5.560763478279113770e-01
5.433152318000793457e-01
5.419782400131225586e-01
5.264309048652648926e-01
5.333422422409057617e-01
5.298129916191101074e-01
5.150472521781921387e-01
5.120233893394470215e-01
4.969464242458343506e-01
4.941904842853546143e-01
4.927149116992950439e-01
4.831906259059906006e-01
4.798820316791534424e-01
4.719641506671905518e-01
4.803693890571594238e-01
4.767523109912872314e-01
4.683316349983215332e-01
4.626118540763854980e-01
4.719186723232269287e-01
4.567377269268035889e-01
4.616225659847259521e-01
4.487751424312591553e-01
4.474626779556274414e-01
4.489697813987731934e-01
4.452425241470336914e-01
4.314880371093750000e-01
4.353636801242828369e-01
4.284479618072509766e-01
4.323631525039672852e-01
4.308518469333648682e-01
4.287746250629425049e-01
4.214921891689300537e-01
4.268975853919982910e-01
4.232921898365020752e-01
4.206807315349578857e-01
4.241718947887420654e-01
4.132548272609710693e-01
4.167662560939788818e-01
4.095843732357025146e-01
4.037274420261383057e-01
4.126736223697662354e-01
4.044889509677886963e-01
4.034822583198547363e-01
4.054113924503326416e-01
4.214064478874206543e-01
3.974980413913726807e-01
3.995617628097534180e-01
3.996258974075317383e-01
3.958151936531066895e-01
3.989502489566802979e-01
3.987236618995666504e-01
3.987622261047363281e-01
3.876348137855529785e-01
4.023303687572479248e-01
3.900829851627349854e-01
3.849032819271087646e-01
3.894123733043670654e-01
3.905133605003356934e-01
3.842794001102447510e-01
3.817920386791229248e-01
3.814699649810791016e-01
3.839679062366485596e-01
3.854410946369171143e-01
3.789527118206024170e-01
3.739930093288421631e-01
3.761049509048461914e-01
3.710991442203521729e-01
3.755018413066864014e-01
3.747164905071258545e-01
3.745487332344055176e-01
3.665628731250762939e-01
3.659328520298004150e-01
3.679228723049163818e-01
3.695074617862701416e-01
3.673794567584991455e-01
3.708770871162414551e-01
3.677070140838623047e-01
3.675309419631958008e-01
3.637565374374389648e-01
3.644712567329406738e-01
3.616353273391723633e-01
3.562811613082885742e-01
3.577395677566528320e-01
3.607378304004669189e-01
3.587750792503356934e-01
3.576821684837341309e-01
3.571463525295257568e-01
3.557483553886413574e-01
3.538480699062347412e-01
3.552212119102478027e-01
3.566662073135375977e-01
3.524108827114105225e-01
3.539394438266754150e-01
3.495282530784606934e-01
3.502914309501647949e-01
3.505288958549499512e-01
3.483464419841766357e-01
3.508227467536926270e-01
3.489938974380493164e-01
3.523937165737152100e-01
3.479027450084686279e-01
3.464176058769226074e-01
3.464269042015075684e-01
3.485655784606933594e-01
3.431333005428314209e-01
3.435820937156677246e-01
3.433586359024047852e-01
3.432865738868713379e-01
3.402984738349914551e-01
3.396075367927551270e-01
3.365543484687805176e-01
3.414720296859741211e-01
3.393322527408599854e-01
3.410754799842834473e-01
3.401398360729217529e-01
3.383719921112060547e-01
3.344317078590393066e-01
3.337218463420867920e-01
3.345556259155273438e-01
3.355895876884460449e-01
3.338608145713806152e-01
3.320770561695098877e-01
3.291628360748291016e-01
3.327058851718902588e-01
3.355814516544342041e-01
3.305550813674926758e-01
3.331070542335510254e-01
3.288370668888092041e-01
3.310911655426025391e-01
3.293456435203552246e-01
3.254301548004150391e-01
3.288230001926422119e-01
3.246599733829498291e-01
3.295815885066986084e-01
3.280202150344848633e-01
3.262839913368225098e-01
3.244785070419311523e-01
3.239662349224090576e-01
3.218478262424468994e-01
3.259836137294769287e-01
3.213661611080169678e-01
3.255986869335174561e-01
3.203148543834686279e-01
3.232723474502563477e-01
3.226380050182342529e-01
3.200312256813049316e-01
3.219216465950012207e-01
3.186311721801757812e-01
3.183701932430267334e-01
3.171341121196746826e-01
3.168435096740722656e-01
3.152297139167785645e-01
3.158573210239410400e-01
3.176948130130767822e-01
3.127482831478118896e-01
3.111164569854736328e-01
3.185374736785888672e-01
3.126666545867919922e-01
3.105995059013366699e-01
3.121986389160156250e-01
3.087246119976043701e-01
3.157691955566406250e-01
3.135929703712463379e-01
3.077799081802368164e-01
3.074717223644256592e-01
3.106155097484588623e-01
3.075633645057678223e-01
3.023190200328826904e-01
3.055624067783355713e-01
3.014544546604156494e-01
3.067030012607574463e-01
3.061923980712890625e-01
3.065764904022216797e-01
3.049808740615844727e-01
3.055002093315124512e-01
3.042951822280883789e-01
3.033080399036407471e-01
3.020671606063842773e-01
2.992190122604370117e-01
3.015170693397521973e-01
3.010011017322540283e-01
3.032233119010925293e-01
3.002135753631591797e-01
3.025697469711303711e-01
3.022526800632476807e-01
2.957229912281036377e-01
2.999377548694610596e-01
2.973911762237548828e-01
2.986405193805694580e-01
2.986884713172912598e-01
2.972109615802764893e-01
2.981549501419067383e-01
2.948241829872131348e-01
2.958383560180664062e-01
2.992539107799530029e-01
2.925817668437957764e-01
2.931018769741058350e-01
2.939278781414031982e-01
2.949142158031463623e-01
2.939237952232360840e-01
2.936621308326721191e-01
2.927393615245819092e-01
2.893288731575012207e-01
2.880838811397552490e-01
2.920493185520172119e-01
2.902197539806365967e-01
2.893439233303070068e-01
2.903189361095428467e-01
2.905411124229431152e-01
2.875880897045135498e-01
2.892847359180450439e-01
2.879409492015838623e-01
2.868895828723907471e-01
2.866953313350677490e-01
2.849589288234710693e-01
2.851291596889495850e-01
2.849781513214111328e-01
2.870418131351470947e-01
2.847587764263153076e-01
2.858212292194366455e-01
2.808035612106323242e-01
2.816925346851348877e-01
2.832978665828704834e-01
2.844829261302947998e-01
2.824669778347015381e-01
2.825759351253509521e-01
2.847018837928771973e-01
2.844375967979431152e-01
2.801854312419891357e-01
2.802678644657135010e-01
2.843980491161346436e-01
2.767836749553680420e-01
2.784523069858551025e-01
2.749442756175994873e-01
2.775961458683013916e-01
2.790585160255432129e-01
2.787709534168243408e-01
2.794363200664520264e-01
2.791533172130584717e-01
2.740125656127929688e-01
2.762677371501922607e-01
2.723799049854278564e-01
2.774510979652404785e-01
2.766281366348266602e-01
2.713506817817687988e-01
2.735579013824462891e-01
2.737919092178344727e-01
2.722875177860260010e-01
2.735992372035980225e-01
2.720503509044647217e-01
2.737246453762054443e-01
2.723395824432373047e-01
2.735882103443145752e-01
2.678444683551788330e-01
2.752009332180023193e-01
2.719887197017669678e-01
2.685707509517669678e-01
2.695988416671752930e-01
2.692269086837768555e-01
2.718710005283355713e-01
2.716235220432281494e-01
2.692553699016571045e-01
2.688419520854949951e-01
2.680144608020782471e-01
2.665250897407531738e-01
2.670306563377380371e-01
2.664683461189270020e-01
2.649360299110412598e-01
2.680839598178863525e-01
2.659491896629333496e-01
2.660345435142517090e-01
2.686355710029602051e-01
2.680303454399108887e-01
2.656047940254211426e-01
2.661198675632476807e-01
2.657556235790252686e-01
2.662273943424224854e-01
2.631220221519470215e-01
2.655979394912719727e-01
2.651900053024291992e-01
2.643404304981231689e-01
2.630965411663055420e-01
2.650336623191833496e-01
2.608087062835693359e-01
2.629099488258361816e-01
2.608710825443267822e-01
2.624496221542358398e-01
2.606877088546752930e-01
2.629255652427673340e-01
2.583271265029907227e-01
2.598878145217895508e-01
2.590119838714599609e-01
2.595423758029937744e-01
2.635276615619659424e-01
2.590334117412567139e-01
2.605316638946533203e-01
2.583669722080230713e-01
2.586175799369812012e-01
2.563509047031402588e-01
2.595197558403015137e-01
2.605794668197631836e-01
2.577205896377563477e-01
2.552536427974700928e-01
2.599141895771026611e-01
2.576693892478942871e-01
2.562963366508483887e-01
2.568743526935577393e-01
2.553094625473022461e-01
2.565165162086486816e-01
2.577254772186279297e-01
2.545178234577178955e-01
2.562552094459533691e-01
2.549356818199157715e-01
2.557894885540008545e-01
2.569544315338134766e-01
2.530643045902252197e-01
2.545202970504760742e-01
2.525090277194976807e-01
2.541230320930480957e-01
2.519868612289428711e-01
2.524231374263763428e-01
2.551070749759674072e-01
2.530317902565002441e-01
2.538324892520904541e-01
2.522393763065338135e-01
2.522357404232025146e-01
2.495304197072982788e-01
2.491397708654403687e-01
2.492994219064712524e-01
2.502642869949340820e-01
2.493995130062103271e-01
2.497982233762741089e-01
2.494416683912277222e-01
2.506710290908813477e-01
2.483527511358261108e-01
2.482238411903381348e-01
2.485778331756591797e-01
2.499414235353469849e-01
2.493697106838226318e-01
2.467932254076004028e-01
2.474318146705627441e-01
2.452778518199920654e-01
2.452427595853805542e-01
2.497840374708175659e-01
2.486971765756607056e-01
2.469159513711929321e-01
2.473867833614349365e-01
2.502988874912261963e-01
2.472083419561386108e-01
2.455358505249023438e-01
2.473032027482986450e-01
2.473268061876296997e-01
2.451664954423904419e-01
2.448905855417251587e-01
2.458056658506393433e-01
2.458177804946899414e-01
2.457408308982849121e-01
2.447132617235183716e-01
2.434668391942977905e-01
2.462064921855926514e-01
2.474391013383865356e-01
2.434621900320053101e-01
2.428846210241317749e-01
2.444531768560409546e-01
2.467113733291625977e-01
2.427870184183120728e-01
2.440197914838790894e-01
2.448756545782089233e-01
2.457438111305236816e-01
2.410457730293273926e-01
2.401569932699203491e-01
2.424809485673904419e-01
2.413747310638427734e-01
2.434831112623214722e-01
2.417342662811279297e-01
2.408951371908187866e-01
2.413307577371597290e-01
2.421268820762634277e-01
2.426852881908416748e-01
2.408489882946014404e-01
2.412910759449005127e-01
2.407696545124053955e-01
2.407417148351669312e-01
2.422133386135101318e-01
2.412594258785247803e-01
2.382063865661621094e-01
2.422928363084793091e-01
2.412177622318267822e-01
2.388941347599029541e-01
2.390842884778976440e-01
2.373421937227249146e-01
2.371860742568969727e-01
2.393134683370590210e-01
2.384745925664901733e-01
2.397233694791793823e-01
2.369524240493774414e-01
2.385253608226776123e-01
2.383678555488586426e-01
2.361940741539001465e-01
2.369782775640487671e-01
2.371724694967269897e-01
2.392770051956176758e-01
2.393486052751541138e-01
2.344563752412796021e-01
2.369803041219711304e-01
2.384891062974929810e-01
2.360994368791580200e-01
2.367249280214309692e-01
2.378337383270263672e-01
2.321672439575195312e-01
2.375465035438537598e-01
2.387662827968597412e-01
2.352541685104370117e-01
2.341789305210113525e-01
2.383390814065933228e-01
2.351578027009963989e-01
2.355737239122390747e-01
2.338745892047882080e-01
2.337310761213302612e-01
2.352885603904724121e-01
2.375884354114532471e-01
2.337070554494857788e-01
2.328381389379501343e-01
2.366484403610229492e-01
2.365571409463882446e-01
2.346436232328414917e-01
2.326399534940719604e-01
2.326188981533050537e-01
2.342206388711929321e-01
2.350536435842514038e-01
2.331908643245697021e-01
2.320834547281265259e-01
2.330154627561569214e-01
2.344136983156204224e-01
2.334383726119995117e-01
2.312639355659484863e-01
2.300181686878204346e-01
2.303084582090377808e-01
2.319256067276000977e-01
2.342936843633651733e-01
2.321305423974990845e-01
2.311417013406753540e-01
2.291902303695678711e-01
2.311591953039169312e-01
2.337950021028518677e-01
2.331663072109222412e-01
2.316598296165466309e-01
2.318546921014785767e-01
2.340761572122573853e-01
2.317842096090316772e-01
2.305423766374588013e-01
2.295298874378204346e-01
2.301909178495407104e-01
2.315460890531539917e-01
2.306213974952697754e-01
2.332616150379180908e-01
2.275283336639404297e-01
2.311252802610397339e-01
2.301271408796310425e-01
2.296432107686996460e-01
2.296527624130249023e-01
2.305959016084671021e-01
2.302912175655364990e-01
2.306342720985412598e-01
2.282536625862121582e-01
2.268917113542556763e-01
2.306977212429046631e-01
2.310052812099456787e-01
2.296947836875915527e-01
2.302076071500778198e-01
2.279807776212692261e-01
2.313185036182403564e-01
2.282913625240325928e-01
2.281022518873214722e-01
2.291800826787948608e-01
2.266240715980529785e-01
2.267933785915374756e-01
2.268423438072204590e-01
2.298450171947479248e-01
2.267912924289703369e-01
2.290581911802291870e-01
2.254913896322250366e-01
2.306227535009384155e-01
2.278292924165725708e-01
2.285787612199783325e-01
2.268759906291961670e-01
2.261899858713150024e-01
2.276687175035476685e-01
2.261588126420974731e-01
2.268171310424804688e-01
2.235941290855407715e-01
2.262006402015686035e-01
2.275096476078033447e-01
2.245231568813323975e-01
2.252017408609390259e-01
2.273126691579818726e-01
2.255209088325500488e-01
2.280280888080596924e-01
2.259732335805892944e-01
2.244732528924942017e-01
2.250965535640716553e-01
2.249079197645187378e-01
2.244171202182769775e-01
2.261657118797302246e-01
2.247868329286575317e-01
2.246965467929840088e-01
2.237085103988647461e-01
2.254093885421752930e-01
2.229314595460891724e-01
2.236029654741287231e-01
2.230973094701766968e-01
2.240147888660430908e-01
2.276345789432525635e-01
2.248053997755050659e-01
2.248839586973190308e-01
2.233275026082992554e-01
2.259521633386611938e-01
2.235407829284667969e-01
2.234572619199752808e-01
2.250837832689285278e-01
2.229105085134506226e-01
2.225779891014099121e-01
2.235748767852783203e-01
2.210165560245513916e-01
2.244778126478195190e-01
2.235639244318008423e-01
2.227855473756790161e-01
2.225929796695709229e-01
2.228237837553024292e-01
2.229975759983062744e-01
2.228915691375732422e-01
2.247032076120376587e-01
2.228878587484359741e-01
2.242217063903808594e-01
2.215005606412887573e-01
2.228220403194427490e-01
2.203954905271530151e-01
2.221043407917022705e-01
2.206032276153564453e-01
2.229546308517456055e-01
2.228481024503707886e-01
2.230710685253143311e-01
2.248432785272598267e-01
2.225909978151321411e-01
2.234905213117599487e-01
2.198318541049957275e-01
2.205494344234466553e-01
2.188706696033477783e-01
2.219420671463012695e-01
2.221239209175109863e-01
2.214856445789337158e-01
2.225462049245834351e-01
2.198934108018875122e-01
2.202277332544326782e-01
2.172040641307830811e-01
2.188187986612319946e-01
2.208161652088165283e-01
2.192088067531585693e-01
2.207684069871902466e-01
2.206557095050811768e-01
2.199098169803619385e-01
2.207515090703964233e-01
2.194397598505020142e-01
2.191566526889801025e-01
2.203133255243301392e-01
2.193401455879211426e-01
2.195381075143814087e-01
2.205877155065536499e-01
2.196321934461593628e-01
2.190890461206436157e-01
2.180162966251373291e-01
2.171265631914138794e-01
2.203875631093978882e-01
2.189943939447402954e-01
2.204447835683822632e-01
2.170538008213043213e-01
2.182521820068359375e-01
2.167762219905853271e-01
2.174837589263916016e-01
2.191370725631713867e-01
2.186509072780609131e-01
2.186434566974639893e-01
2.180289179086685181e-01
2.200415730476379395e-01
2.175111919641494751e-01
2.180837690830230713e-01
2.194902300834655762e-01
2.154033184051513672e-01
2.162667959928512573e-01
2.170048505067825317e-01
2.184999883174896240e-01
2.168275564908981323e-01
2.181151360273361206e-01
2.172596305608749390e-01
2.160420715808868408e-01
2.162450551986694336e-01
2.174250185489654541e-01
2.155763655900955200e-01
2.170397639274597168e-01
2.156029641628265381e-01
2.173128575086593628e-01
2.186210155487060547e-01
2.170225828886032104e-01
2.186058014631271362e-01
2.155202627182006836e-01
2.161075174808502197e-01
2.155418992042541504e-01
2.155515551567077637e-01
2.157533317804336548e-01
2.161178588867187500e-01
2.165617942810058594e-01
2.170638144016265869e-01
2.170922309160232544e-01
2.147925347089767456e-01
2.164910137653350830e-01
2.158693820238113403e-01
2.151937633752822876e-01
2.147000581026077271e-01
2.166581600904464722e-01
2.164543867111206055e-01
2.131070196628570557e-01
2.154535949230194092e-01
2.177920639514923096e-01
2.137322127819061279e-01
2.142728716135025024e-01
2.159986495971679688e-01
2.169901579618453979e-01
2.146192789077758789e-01
2.138392925262451172e-01
2.153029590845108032e-01
2.137189507484436035e-01
2.161252796649932861e-01
2.141776084899902344e-01
2.156456708908081055e-01
2.153413593769073486e-01
2.146028727293014526e-01
2.147112190723419189e-01
2.135548591613769531e-01
2.150951325893402100e-01
2.104682475328445435e-01
2.132634669542312622e-01
2.144505530595779419e-01
2.132175117731094360e-01
2.149153351783752441e-01
2.146718204021453857e-01
2.142020463943481445e-01
2.135547846555709839e-01
2.132076472043991089e-01
2.119148820638656616e-01
2.138164341449737549e-01
2.138282060623168945e-01
2.131542265415191650e-01
2.112206220626831055e-01
2.129851579666137695e-01
2.129906713962554932e-01
2.137149572372436523e-01
2.130469381809234619e-01
2.120758742094039917e-01
2.118704468011856079e-01
2.103912532329559326e-01
2.133287042379379272e-01
2.111628800630569458e-01
2.136400640010833740e-01
2.124722599983215332e-01
2.117130309343338013e-01
2.105251103639602661e-01
2.105795145034790039e-01
2.102365642786026001e-01
2.166619151830673218e-01
2.108569592237472534e-01
2.108104377985000610e-01
2.127348333597183228e-01
2.133894860744476318e-01
2.123007774353027344e-01
2.120605409145355225e-01
2.323404103517532349e-01
2.327842414379119873e-01
2.287100553512573242e-01
2.278996706008911133e-01
2.287623435258865356e-01
2.288242131471633911e-01
2.297521829605102539e-01
2.288228124380111694e-01
2.272706627845764160e-01
2.315813750028610229e-01
2.281434088945388794e-01
2.279228419065475464e-01
2.286795526742935181e-01
2.264388948678970337e-01
2.300294786691665649e-01
2.286006808280944824e-01
2.292544841766357422e-01
2.288110405206680298e-01
2.285892516374588013e-01
2.291725277900695801e-01
2.287018150091171265e-01
2.284529805183410645e-01
2.295203357934951782e-01
2.255290448665618896e-01
2.293002754449844360e-01
2.282391637563705444e-01
2.289464771747589111e-01
2.298733294010162354e-01
2.308170646429061890e-01
2.266434580087661743e-01
2.273959964513778687e-01
2.292946875095367432e-01
2.229592651128768921e-01
2.256278395652770996e-01
2.261069715023040771e-01
2.295528948307037354e-01
2.282388210296630859e-01
2.260491102933883667e-01
2.252943664789199829e-01
2.245446592569351196e-01
2.263737767934799194e-01
2.279184162616729736e-01
2.249836027622222900e-01
2.270475029945373535e-01
2.243386507034301758e-01
2.260987311601638794e-01
2.255006581544876099e-01
2.278587818145751953e-01
2.263574749231338501e-01
2.250592708587646484e-01
2.268365025520324707e-01
2.257603555917739868e-01
2.258958667516708374e-01
2.266038656234741211e-01
2.272765189409255981e-01
2.259408533573150635e-01
2.238077521324157715e-01
2.289018929004669189e-01
2.239470183849334717e-01
2.276629060506820679e-01
2.232369333505630493e-01
2.267625778913497925e-01
2.278542667627334595e-01
2.257345169782638550e-01
2.245445251464843750e-01
2.233547270298004150e-01
2.237364500761032104e-01
2.256438881158828735e-01
2.265243083238601685e-01
2.239047139883041382e-01
2.256299704313278198e-01
2.239791452884674072e-01
2.254356890916824341e-01
2.221954464912414551e-01
2.211971133947372437e-01
2.242411673069000244e-01
2.215327769517898560e-01
2.220855802297592163e-01
2.247578501701354980e-01
2.217640578746795654e-01
2.243804037570953369e-01
2.238107472658157349e-01
2.257220149040222168e-01
2.212086766958236694e-01
2.221221923828125000e-01
2.239228039979934692e-01
2.242466658353805542e-01
2.250000387430191040e-01
2.234483510255813599e-01
2.232583314180374146e-01
2.263725548982620239e-01
2.226355969905853271e-01
2.240362465381622314e-01
2.230482995510101318e-01
2.207302749156951904e-01
2.241946607828140259e-01
2.226356416940689087e-01
2.250676602125167847e-01
2.223801910877227783e-01
2.248843908309936523e-01
2.230585664510726929e-01
2.235901951789855957e-01
2.227643579244613647e-01
2.229841351509094238e-01
2.244648039340972900e-01
2.193197160959243774e-01
2.222947031259536743e-01
2.234914004802703857e-01
2.207930833101272583e-01
2.241132855415344238e-01
2.235550731420516968e-01
2.224497795104980469e-01
2.186502218246459961e-01
2.218120843172073364e-01
2.220994085073471069e-01
2.214728146791458130e-01
2.227037101984024048e-01
2.246179580688476562e-01
2.221627086400985718e-01
2.213467955589294434e-01
2.243050038814544678e-01
2.210539430379867554e-01
2.208212912082672119e-01
2.195041030645370483e-01
2.195348292589187622e-01
2.201651930809020996e-01
2.228241860866546631e-01
2.219512909650802612e-01
2.223612666130065918e-01
2.210619747638702393e-01
2.202487289905548096e-01
2.211793363094329834e-01
2.226982563734054565e-01
2.213784009218215942e-01
2.224774658679962158e-01
2.200057506561279297e-01
2.197777181863784790e-01
2.205127328634262085e-01
2.206734567880630493e-01
2.213952690362930298e-01
2.185792922973632812e-01
2.175588756799697876e-01
2.178208082914352417e-01
2.223501205444335938e-01
2.208287268877029419e-01
2.208504527807235718e-01
2.231990844011306763e-01
2.216888219118118286e-01
2.192902565002441406e-01
2.195005118846893311e-01
2.188020795583724976e-01
2.190043032169342041e-01
2.174175232648849487e-01
2.201018482446670532e-01
2.192176580429077148e-01
2.209228724241256714e-01
2.194199562072753906e-01
2.192314714193344116e-01
2.197205126285552979e-01
2.210232764482498169e-01
2.195684015750885010e-01
2.213121801614761353e-01
2.169632762670516968e-01
2.188216000795364380e-01
2.187724262475967407e-01
2.168916314840316772e-01
2.216325402259826660e-01
2.178816348314285278e-01
2.193861603736877441e-01
2.183875739574432373e-01
2.172042131423950195e-01
2.187160998582839966e-01
2.211159467697143555e-01
2.193411290645599365e-01
2.150899320840835571e-01
2.190351486206054688e-01
2.179053872823715210e-01
2.209976613521575928e-01
2.178332060575485229e-01
2.201467454433441162e-01
2.198873162269592285e-01
2.184217572212219238e-01
2.167042642831802368e-01
2.191306352615356445e-01
2.148830443620681763e-01
2.154967188835144043e-01
2.186447083950042725e-01
2.177950888872146606e-01
2.213968038558959961e-01
2.170326411724090576e-01
2.207661420106887817e-01
2.179764956235885620e-01
2.186906486749649048e-01
2.186319530010223389e-01
2.181951254606246948e-01
2.171654850244522095e-01
2.145391255617141724e-01
2.161048501729965210e-01
2.191754877567291260e-01
2.168134003877639771e-01
2.170368432998657227e-01
2.162925601005554199e-01
2.131246477365493774e-01
2.180327326059341431e-01
2.171706259250640869e-01
2.158577293157577515e-01
2.185339480638504028e-01
2.155536711215972900e-01
2.158304005861282349e-01
2.170762717723846436e-01
2.176456898450851440e-01
2.147025167942047119e-01
2.146241813898086548e-01
2.159678339958190918e-01
2.178174406290054321e-01
2.153651565313339233e-01
2.164576798677444458e-01
2.168630808591842651e-01
2.167160511016845703e-01
2.167973965406417847e-01
2.163883149623870850e-01
2.168386280536651611e-01
2.180258035659790039e-01
2.155191600322723389e-01
2.183276116847991943e-01
2.194138914346694946e-01
2.157645970582962036e-01
2.165389657020568848e-01
2.154448181390762329e-01
2.142336964607238770e-01
2.153860628604888916e-01
2.155349552631378174e-01
2.166844308376312256e-01
2.150360494852066040e-01
2.149528115987777710e-01
2.170724719762802124e-01
2.146590203046798706e-01
2.151615619659423828e-01
2.149410098791122437e-01
2.158692628145217896e-01
2.160951048135757446e-01
2.148173451423645020e-01
2.141706198453903198e-01
2.159742265939712524e-01
2.143562734127044678e-01
2.148135602474212646e-01
2.130576223134994507e-01
2.137718498706817627e-01
2.137798517942428589e-01
2.142115682363510132e-01
2.159497439861297607e-01
2.146292924880981445e-01
2.127702683210372925e-01
2.155866324901580811e-01
2.123184800148010254e-01
2.129348963499069214e-01
2.133994698524475098e-01
2.141858488321304321e-01
2.145667523145675659e-01
2.146378457546234131e-01
2.145096957683563232e-01
2.147940546274185181e-01
2.124975621700286865e-01
2.130623757839202881e-01
2.148690819740295410e-01
2.129581123590469360e-01
2.150499075651168823e-01
2.124558836221694946e-01
2.140382826328277588e-01
2.136270999908447266e-01
2.145725488662719727e-01
2.139713317155838013e-01
2.114854902029037476e-01
2.123620212078094482e-01
2.171842902898788452e-01
2.134999185800552368e-01
2.111161649227142334e-01
2.156040221452713013e-01
2.138520181179046631e-01
2.127049714326858521e-01
2.092179954051971436e-01
2.145575582981109619e-01
2.111292928457260132e-01
2.146019041538238525e-01
2.101702690124511719e-01
2.125106900930404663e-01
2.106561511754989624e-01
2.134257555007934570e-01
2.134183198213577271e-01
2.135026603937149048e-01
2.099316269159317017e-01
2.111946493387222290e-01
2.130649983882904053e-01
2.132905423641204834e-01
2.112045139074325562e-01
2.128568291664123535e-01
2.136094123125076294e-01
2.113009691238403320e-01
2.139478623867034912e-01
2.128310799598693848e-01
2.118962854146957397e-01
2.104911059141159058e-01
2.115408778190612793e-01
2.143278419971466064e-01
2.132855802774429321e-01
2.103455960750579834e-01
2.101780772209167480e-01
2.112506628036499023e-01
2.120291143655776978e-01
2.113828063011169434e-01
2.108537107706069946e-01
2.123529613018035889e-01
2.107286304235458374e-01
2.118284255266189575e-01
2.106392085552215576e-01
2.135844230651855469e-01
2.100164741277694702e-01
2.151615023612976074e-01
2.108148932456970215e-01
2.108796536922454834e-01
2.089901715517044067e-01
2.083141058683395386e-01
2.083636820316314697e-01
2.127260863780975342e-01
2.114916741847991943e-01
2.080117166042327881e-01
2.120323777198791504e-01
2.121232450008392334e-01
2.105454951524734497e-01
2.093164473772048950e-01
2.100451737642288208e-01
2.106894552707672119e-01
2.111781388521194458e-01
2.108717858791351318e-01
2.093986272811889648e-01
2.086570113897323608e-01
2.104579359292984009e-01
2.115112543106079102e-01
2.100580483675003052e-01
2.085055410861968994e-01
2.086154520511627197e-01
2.101873308420181274e-01
2.101563662290573120e-01
2.116925120353698730e-01
2.085005044937133789e-01
2.096781730651855469e-01
2.098999619483947754e-01
2.112952172756195068e-01
2.096824944019317627e-01
2.069085091352462769e-01
2.108691036701202393e-01
2.098270207643508911e-01
2.096190303564071655e-01
2.131087779998779297e-01
2.095369696617126465e-01
2.090480476617813110e-01
2.091674953699111938e-01
2.105295211076736450e-01
2.083376795053482056e-01
2.086398899555206299e-01
2.110941857099533081e-01
2.084091007709503174e-01
2.081675976514816284e-01
2.062296271324157715e-01
2.084940969944000244e-01
2.077451795339584351e-01
2.108249962329864502e-01
2.086919397115707397e-01
2.103530168533325195e-01
2.068523019552230835e-01
2.081927508115768433e-01
2.083206772804260254e-01
2.070571482181549072e-01
2.058749496936798096e-01
2.093907594680786133e-01
2.092987298965454102e-01
2.070978134870529175e-01
2.105841636657714844e-01
2.096691280603408813e-01
2.073838710784912109e-01
2.096204757690429688e-01
2.091128826141357422e-01
2.086411714553833008e-01
2.086586207151412964e-01
2.059791088104248047e-01
2.115086466073989868e-01
2.101721763610839844e-01
2.070434242486953735e-01
2.062066048383712769e-01
2.080930322408676147e-01
2.083555757999420166e-01
2.042898684740066528e-01
2.068114727735519409e-01
2.071697562932968140e-01
2.064886391162872314e-01
2.081106603145599365e-01
2.077505737543106079e-01
2.082754522562026978e-01
2.068662941455841064e-01
2.074608653783798218e-01
2.066915631294250488e-01
2.072000354528427124e-01
2.067561149597167969e-01
2.049506306648254395e-01
2.092204242944717407e-01
2.056235074996948242e-01
2.052257210016250610e-01
2.076762467622756958e-01
2.062309086322784424e-01
2.097054570913314819e-01
2.055815458297729492e-01
2.047502547502517700e-01
2.050156444311141968e-01
2.072378396987915039e-01
2.062240093946456909e-01
2.055304795503616333e-01
2.075293660163879395e-01
2.053221315145492554e-01
2.058728933334350586e-01
2.070821374654769897e-01
2.077559828758239746e-01
2.066138535737991333e-01
2.061039507389068604e-01
2.041770815849304199e-01
2.036894857883453369e-01
2.060921043157577515e-01
2.045626938343048096e-01
2.058504968881607056e-01
2.073765099048614502e-01
2.066759467124938965e-01
2.068732082843780518e-01
2.044635415077209473e-01
2.038158476352691650e-01
2.095947116613388062e-01
2.049425244331359863e-01
2.075517624616622925e-01
2.062039375305175781e-01
2.072077244520187378e-01
2.044400125741958618e-01
2.054181843996047974e-01
2.053048163652420044e-01
2.053396403789520264e-01
2.049658745527267456e-01
2.056989222764968872e-01
2.048115730285644531e-01
2.035796344280242920e-01
2.068467289209365845e-01
2.056231945753097534e-01
2.046356946229934692e-01
2.061013728380203247e-01
2.038847059011459351e-01
2.049082219600677490e-01
2.039624601602554321e-01
2.046046108007431030e-01
2.055102437734603882e-01
2.041003108024597168e-01
2.056490927934646606e-01
2.057018429040908813e-01
2.044433057308197021e-01
2.051354348659515381e-01
2.044016420841217041e-01
2.062388807535171509e-01
2.051071226596832275e-01
2.058071345090866089e-01
2.077184021472930908e-01
2.037032991647720337e-01
2.028929591178894043e-01
2.071293741464614868e-01
2.051348537206649780e-01
2.051073610782623291e-01
2.067337036132812500e-01
2.053664475679397583e-01
2.028816789388656616e-01
2.017696946859359741e-01
2.031213790178298950e-01
2.035615593194961548e-01
2.034101784229278564e-01
2.048964351415634155e-01
2.041953057050704956e-01
2.024425119161605835e-01
2.040454298257827759e-01
2.047232836484909058e-01
2.040149718523025513e-01
2.038214653730392456e-01
2.037531584501266479e-01
2.037196159362792969e-01
2.018358409404754639e-01
2.065796107053756714e-01
2.039982974529266357e-01
2.023075371980667114e-01
2.032552659511566162e-01
2.010810077190399170e-01
2.035420387983322144e-01
2.044752389192581177e-01
2.038982957601547241e-01
2.046692222356796265e-01
2.020560055971145630e-01
2.024762034416198730e-01
2.022118121385574341e-01
2.029057592153549194e-01
2.028063982725143433e-01
2.039424926042556763e-01
2.103583812713623047e-01
2.034529894590377808e-01
2.041742950677871704e-01
2.031958848237991333e-01
2.009391188621520996e-01
2.031488865613937378e-01
2.030105590820312500e-01
2.022476196289062500e-01
2.023501247167587280e-01
2.017077654600143433e-01
2.045701742172241211e-01
2.052187323570251465e-01
2.052694559097290039e-01
2.039811164140701294e-01
2.048036158084869385e-01
2.019349187612533569e-01
2.033704370260238647e-01
2.050171494483947754e-01
2.041990011930465698e-01
2.020904719829559326e-01
2.025737017393112183e-01
2.035911381244659424e-01
2.017934173345565796e-01
2.009308040142059326e-01
2.036286443471908569e-01
2.054720520973205566e-01
2.031656801700592041e-01
2.012846767902374268e-01
2.021113336086273193e-01
2.029660046100616455e-01
2.014806270599365234e-01
2.040956914424896240e-01
2.028950005769729614e-01
2.023966610431671143e-01
1.984565854072570801e-01
2.015287131071090698e-01
2.011657059192657471e-01
2.007552683353424072e-01
1.978372931480407715e-01
2.034246027469635010e-01
2.020030170679092407e-01
2.003906220197677612e-01
2.020190209150314331e-01
2.050388604402542114e-01
2.002523541450500488e-01
2.028623223304748535e-01
2.049583941698074341e-01
2.039772719144821167e-01
2.013232111930847168e-01
2.027833908796310425e-01
1.986903399229049683e-01
2.019730508327484131e-01
2.018292695283889771e-01
2.016224116086959839e-01
2.030012607574462891e-01
2.006261944770812988e-01
2.030629664659500122e-01
2.022977769374847412e-01
2.003342956304550171e-01
2.013203501701354980e-01
2.007847577333450317e-01
2.017300277948379517e-01
2.041181921958923340e-01
2.027514427900314331e-01
2.023360729217529297e-01
2.004564255475997925e-01
2.014919966459274292e-01
1.999175548553466797e-01
2.016776055097579956e-01
2.031129002571105957e-01
2.018776088953018188e-01
2.003298848867416382e-01
2.011625319719314575e-01
1.992350369691848755e-01
2.023966908454895020e-01
1.999697387218475342e-01
2.002998739480972290e-01
2.003566473722457886e-01
2.019260376691818237e-01
1.987696588039398193e-01
2.022671103477478027e-01
2.021769881248474121e-01
2.016241699457168579e-01
1.993324160575866699e-01
2.016684114933013916e-01
2.000130414962768555e-01
2.009074985980987549e-01
1.985822021961212158e-01
2.007841318845748901e-01
1.995458006858825684e-01
1.993539780378341675e-01
2.023521512746810913e-01
2.004637867212295532e-01
2.035410851240158081e-01
1.990803629159927368e-01
2.026319801807403564e-01
1.989722251892089844e-01
2.009061574935913086e-01
1.993436813354492188e-01
1.987610459327697754e-01
1.990295052528381348e-01
1.996231675148010254e-01
1.984354406595230103e-01
1.989933550357818604e-01
1.999229788780212402e-01
1.990129202604293823e-01
1.994632631540298462e-01
1.972102373838424683e-01
1.984952837228775024e-01
1.994263231754302979e-01
1.982107311487197876e-01
1.992515027523040771e-01
1.983444094657897949e-01
1.999325752258300781e-01
2.009184956550598145e-01
1.983758062124252319e-01
1.995658725500106812e-01
1.993066966533660889e-01
1.994723230600357056e-01
1.988917738199234009e-01
2.002168744802474976e-01
2.002944946289062500e-01
1.972883343696594238e-01
1.983028352260589600e-01
1.990292072296142578e-01
1.996076703071594238e-01
1.958925127983093262e-01
1.962115019559860229e-01
1.983463913202285767e-01
1.971552371978759766e-01
1.997992098331451416e-01
1.963528990745544434e-01
1.994136422872543335e-01
1.986861974000930786e-01
1.971498280763626099e-01
1.991295367479324341e-01
1.983678191900253296e-01
2.021798640489578247e-01
1.989549398422241211e-01
1.983389407396316528e-01
1.986748576164245605e-01
1.993075162172317505e-01
1.977362930774688721e-01
1.995414942502975464e-01
1.995830982923507690e-01
1.965650320053100586e-01
1.978071779012680054e-01
1.984086930751800537e-01
1.986175030469894409e-01
1.977556496858596802e-01
1.985408365726470947e-01
1.979299783706665039e-01
1.974121630191802979e-01
1.957565695047378540e-01
1.971420198678970337e-01
1.998887509107589722e-01
1.973486393690109253e-01
1.984707415103912354e-01
1.980955451726913452e-01
1.970732361078262329e-01
1.991133540868759155e-01
1.984716057777404785e-01
1.943918913602828979e-01
1.957725286483764648e-01
1.998094022274017334e-01
1.974177956581115723e-01
1.970017850399017334e-01
1.996662467718124390e-01
1.970179975032806396e-01
1.982403844594955444e-01
1.976699829101562500e-01
1.966605931520462036e-01
1.952220052480697632e-01
1.968145966529846191e-01
1.952086985111236572e-01
2.005809396505355835e-01
1.965982764959335327e-01
1.966171264648437500e-01
1.964586675167083740e-01
1.975313425064086914e-01
1.968327909708023071e-01
1.965670585632324219e-01
1.987180411815643311e-01
1.989180445671081543e-01
1.956700384616851807e-01
1.964719146490097046e-01
1.981290131807327271e-01
1.980942934751510620e-01
1.973841190338134766e-01
1.958777606487274170e-01
1.991296261548995972e-01
1.966687887907028198e-01
1.952896565198898315e-01
1.950554549694061279e-01
1.944279372692108154e-01
1.958268582820892334e-01
1.953542828559875488e-01
1.993417888879776001e-01
1.949140876531600952e-01
1.963632106781005859e-01
1.980787813663482666e-01
1.958629935979843140e-01
1.951264590024948120e-01
1.971555203199386597e-01
1.951319575309753418e-01
1.958549618721008301e-01
1.955927759408950806e-01
1.951808333396911621e-01
1.972984671592712402e-01
1.959349960088729858e-01
1.963710635900497437e-01
1.982191503047943115e-01
1.955230683088302612e-01
1.967212855815887451e-01
1.971699446439743042e-01
1.948323100805282593e-01
1.973953247070312500e-01
1.953743398189544678e-01
1.949839293956756592e-01
1.947643458843231201e-01
1.984598338603973389e-01
1.971348822116851807e-01
1.985527873039245605e-01
1.967662423849105835e-01
1.949972063302993774e-01
1.957982033491134644e-01
1.955909430980682373e-01
1.964198052883148193e-01
1.969771236181259155e-01
1.956216394901275635e-01
1.963826268911361694e-01
1.959254294633865356e-01
1.947659105062484741e-01
1.945822387933731079e-01
1.948196589946746826e-01
1.979163140058517456e-01
1.964656561613082886e-01
1.959188878536224365e-01
1.940106153488159180e-01
1.942839771509170532e-01
1.961030215024948120e-01
1.975946575403213501e-01
1.973907351493835449e-01
1.953117251396179199e-01
1.981946676969528198e-01
1.945646852254867554e-01
1.929288208484649658e-01
1.976223289966583252e-01
1.929845213890075684e-01
1.947216093540191650e-01
1.951457411050796509e-01
1.952228695154190063e-01
1.932350546121597290e-01
1.936444342136383057e-01
1.945519298315048218e-01
1.949762701988220215e-01
1.969930678606033325e-01
1.945781111717224121e-01
1.957724094390869141e-01
1.930538117885589600e-01
1.944178491830825806e-01
1.913277655839920044e-01
1.905501335859298706e-01
1.954715996980667114e-01
1.943548619747161865e-01
1.955582350492477417e-01
1.940802633762359619e-01
1.961232870817184448e-01
1.966353356838226318e-01
1.934196203947067261e-01
1.955640017986297607e-01
1.955415606498718262e-01
1.974589079618453979e-01
1.957682222127914429e-01
1.975273489952087402e-01
1.946112960577011108e-01
1.942820549011230469e-01
1.941416859626770020e-01
1.943642944097518921e-01
1.949927359819412231e-01
1.914290189743041992e-01
1.929906457662582397e-01
1.955536007881164551e-01
1.977597922086715698e-01
1.942675709724426270e-01
1.940834224224090576e-01
1.978305131196975708e-01
1.941000521183013916e-01
1.908904910087585449e-01
1.925580203533172607e-01
1.925620436668395996e-01
1.930683106184005737e-01
1.952905207872390747e-01
1.922457814216613770e-01
1.953763812780380249e-01
1.939066499471664429e-01
1.933578401803970337e-01
1.916099339723587036e-01
