1.417567299604415965e+00
1.085274589657783562e+00
9.671149653196334794e-01
8.482780689001083729e-01
7.787899345159530196e-01
7.231581479310988936e-01
6.908297175168991444e-01
5.785958454012870567e-01
5.832912501692771867e-01
5.808078730106354115e-01
5.716222059726715488e-01
5.532995110750198453e-01
5.703482517600059198e-01
5.444909155368804488e-01
4.709089571237564109e-01
4.611067447066307112e-01
4.493768656253814830e-01
4.582242530584335061e-01
4.539147785305976956e-01
4.497345465421676569e-01
4.502727723121642822e-01
3.749102741479873879e-01
3.862371343374252364e-01
3.816005626320839172e-01
3.873446771502495056e-01
3.744846245646476501e-01
3.881221014261245772e-01
4.039545398950576960e-01
3.218851520121097654e-01
3.167265085875988206e-01
3.342077811062336146e-01
3.373391243815422325e-01
3.398405960202217080e-01
3.443317887187004045e-01
3.450544393062591753e-01
2.945501239597797527e-01
2.966281259059905806e-01
2.931861019134521240e-01
3.025653505325317516e-01
2.960346160829067097e-01
3.102911084890365712e-01
3.108987069129943714e-01
2.758699543774127960e-01
2.820723466575145721e-01
2.783428731560707026e-01
2.833891804516315283e-01
2.868565057218074865e-01
2.880940544605254949e-01
2.999550525844096871e-01
2.859167705476284294e-01
3.217238122224807539e-01
3.098573323339223751e-01
3.153322237730026290e-01
2.720869403332472070e-01
2.672861590236425555e-01
2.804691762477159456e-01
1.273245263658464022e-01
1.192520839162170831e-01
1.089881834760308282e-01
1.394370432198047682e-01
1.347742404416203410e-01
1.541128108277916853e-01
1.352984758839011203e-01
9.264928644523023893e-02
8.054097708314657267e-02
8.615413729101419060e-02
8.725057347677647734e-02
9.403591702459379587e-02
1.222535207681357816e-01
1.197925776988267854e-01
8.083264638669789004e-02
6.525755817070603981e-02
8.185055706184357627e-02
8.096350251231342054e-02
7.677285699639468941e-02
9.833301628939807026e-02
9.991090418770909309e-02
6.568121267948300035e-02
8.009761073160916178e-02
8.295510240830480941e-02
8.740542082116008193e-02
7.531107982620596775e-02
8.506028174888342896e-02
9.666115631815046239e-02
6.412072931416332167e-02
5.591378013370558453e-02
6.347365058958530371e-02
8.272307629231363812e-02
8.232701143249869513e-02
8.847406970337033660e-02
8.280516367405653388e-02
5.824823756469413305e-02
6.499243065947667153e-02
6.923294305801391824e-02
7.142255689715966416e-02
6.974084707442670950e-02
7.507799704559146858e-02
9.678972868015989217e-02
5.670581078389659579e-02
6.816794989164919050e-02
6.104554728139191533e-02
7.058133646147325690e-02
7.617544759996235093e-02
7.634475040715188454e-02
6.666465054266154655e-02
