9.755830168724060059e-01
9.674584269523620605e-01
9.589443802833557129e-01
9.494044780731201172e-01
9.387475848197937012e-01
9.283121824264526367e-01
9.153870940208435059e-01
9.016920924186706543e-01
8.829741477966308594e-01
8.657262325286865234e-01
8.434072136878967285e-01
8.174756169319152832e-01
7.944874167442321777e-01
7.661196589469909668e-01
7.375702261924743652e-01
7.005326151847839355e-01
6.734861731529235840e-01
6.422737836837768555e-01
6.144198775291442871e-01
5.861590504646301270e-01
5.749506950378417969e-01
5.555078983306884766e-01
5.696051120758056641e-01
5.305112600326538086e-01
5.431392788887023926e-01
5.419015884399414062e-01
5.674603581428527832e-01
5.326935648918151855e-01
5.273886919021606445e-01
5.192451477050781250e-01
5.181099176406860352e-01
5.089631080627441406e-01
5.055254101753234863e-01
4.988124370574951172e-01
4.979248046875000000e-01
5.103194713592529297e-01
4.922653436660766602e-01
5.009530782699584961e-01
4.947196543216705322e-01
4.942651391029357910e-01
4.927440881729125977e-01
4.818962216377258301e-01
4.836658239364624023e-01
4.764173626899719238e-01
4.739038646221160889e-01
4.739781022071838379e-01
4.703847765922546387e-01
4.622143805027008057e-01
4.576707482337951660e-01
4.594896137714385986e-01
4.579051434993743896e-01
4.638750255107879639e-01
4.538452327251434326e-01
4.534616768360137939e-01
4.516942501068115234e-01
4.472280144691467285e-01
4.405826032161712646e-01
4.414324760437011719e-01
4.406202435493469238e-01
4.433784782886505127e-01
4.351030290126800537e-01
4.408203959465026855e-01
4.323256313800811768e-01
4.316120147705078125e-01
4.286935031414031982e-01
4.238868951797485352e-01
4.211978316307067871e-01
4.233451187610626221e-01
4.263173639774322510e-01
4.173748195171356201e-01
4.140124022960662842e-01
4.141483306884765625e-01
4.175966680049896240e-01
4.104034304618835449e-01
4.116690456867218018e-01
4.067045152187347412e-01
4.084457755088806152e-01
4.053309559822082520e-01
4.061128199100494385e-01
4.109007716178894043e-01
4.005899727344512939e-01
3.966156840324401855e-01
3.988447189331054688e-01
3.973493278026580811e-01
3.969988524913787842e-01
3.987851738929748535e-01
3.959203362464904785e-01
3.878335654735565186e-01
3.961137831211090088e-01
3.856285214424133301e-01
3.930203020572662354e-01
3.895197212696075439e-01
3.829115629196166992e-01
3.877985179424285889e-01
3.866265416145324707e-01
3.791251182556152344e-01
3.814086318016052246e-01
3.864979445934295654e-01
3.772338330745697021e-01
3.772144615650177002e-01
3.772389590740203857e-01
3.765346705913543701e-01
3.737081885337829590e-01
3.740908801555633545e-01
3.739011883735656738e-01
3.741215765476226807e-01
3.765300214290618896e-01
3.738248646259307861e-01
3.670713007450103760e-01
3.716079294681549072e-01
3.666779100894927979e-01
3.673420846462249756e-01
3.649711012840270996e-01
3.662965297698974609e-01
3.663542270660400391e-01
3.673406541347503662e-01
3.661925196647644043e-01
3.637020289897918701e-01
3.578320443630218506e-01
3.598402738571166992e-01
3.602114915847778320e-01
3.581973314285278320e-01
3.605783581733703613e-01
3.533034026622772217e-01
3.553248941898345947e-01
3.612031042575836182e-01
3.563849031925201416e-01
3.516117036342620850e-01
3.549057841300964355e-01
3.568545281887054443e-01
3.506180346012115479e-01
3.502425253391265869e-01
3.475006520748138428e-01
3.529306054115295410e-01
3.478204011917114258e-01
3.499774634838104248e-01
3.465678393840789795e-01
3.493758440017700195e-01
3.475524783134460449e-01
3.483408689498901367e-01
3.434419929981231689e-01
3.435600101947784424e-01
3.445244133472442627e-01
3.427208662033081055e-01
3.449366092681884766e-01
3.440168499946594238e-01
3.350723981857299805e-01
3.427790999412536621e-01
3.398871421813964844e-01
3.365361392498016357e-01
3.394710123538970947e-01
3.356890380382537842e-01
3.347055912017822266e-01
3.346137702465057373e-01
3.357090651988983154e-01
3.317441940307617188e-01
3.315221369266510010e-01
3.367273211479187012e-01
3.331925868988037109e-01
3.262749314308166504e-01
3.309812843799591064e-01
3.309968411922454834e-01
3.294628858566284180e-01
3.258889317512512207e-01
3.285915255546569824e-01
3.273876309394836426e-01
3.245062232017517090e-01
3.279969394207000732e-01
3.243540227413177490e-01
3.249672353267669678e-01
3.265149891376495361e-01
3.277936279773712158e-01
3.268218040466308594e-01
3.237154781818389893e-01
3.215950727462768555e-01
3.205448985099792480e-01
3.213511705398559570e-01
3.223081231117248535e-01
3.215359151363372803e-01
3.192660212516784668e-01
3.208687901496887207e-01
3.206529021263122559e-01
3.159443140029907227e-01
3.184230625629425049e-01
3.187630176544189453e-01
3.165601491928100586e-01
3.168356418609619141e-01
3.119158148765563965e-01
3.143073320388793945e-01
3.146758079528808594e-01
3.127849400043487549e-01
3.125292360782623291e-01
3.123233914375305176e-01
3.130246698856353760e-01
3.102014064788818359e-01
3.088304996490478516e-01
3.101305663585662842e-01
3.075942099094390869e-01
3.074500858783721924e-01
3.071573078632354736e-01
3.092414438724517822e-01
3.074364364147186279e-01
3.088186085224151611e-01
3.052633106708526611e-01
3.076724410057067871e-01
3.068667650222778320e-01
3.053992688655853271e-01
3.067119121551513672e-01
3.052237331867218018e-01
3.047490715980529785e-01
3.060247004032135010e-01
3.063743412494659424e-01
2.999846637248992920e-01
3.022859394550323486e-01
3.016602396965026855e-01
3.003000319004058838e-01
2.965159714221954346e-01
3.010598719120025635e-01
2.983339726924896240e-01
3.000251352787017822e-01
2.969308495521545410e-01
2.984749674797058105e-01
2.985820770263671875e-01
3.021120131015777588e-01
2.974596619606018066e-01
2.970985174179077148e-01
2.957410514354705811e-01
3.019877672195434570e-01
2.949641942977905273e-01
2.918068468570709229e-01
2.908666133880615234e-01
2.951176762580871582e-01
2.966112792491912842e-01
2.937057614326477051e-01
2.908959984779357910e-01
2.942787408828735352e-01
2.919687330722808838e-01
2.936143279075622559e-01
2.939575314521789551e-01
2.918470501899719238e-01
2.913326919078826904e-01
2.913156449794769287e-01
2.906379401683807373e-01
2.879095077514648438e-01
2.911150157451629639e-01
2.903842628002166748e-01
2.897496819496154785e-01
2.876527011394500732e-01
2.880730628967285156e-01
2.872219681739807129e-01
2.879195511341094971e-01
2.857621610164642334e-01
2.871620357036590576e-01
2.864404022693634033e-01
2.856920659542083740e-01
2.879253029823303223e-01
2.832716703414916992e-01
2.875655591487884521e-01
2.861308157444000244e-01
2.827411890029907227e-01
2.846217751502990723e-01
2.848220765590667725e-01
2.833760678768157959e-01
2.845118939876556396e-01
2.823111116886138916e-01
2.819930613040924072e-01
2.827572524547576904e-01
2.790740132331848145e-01
2.817144095897674561e-01
2.823345661163330078e-01
2.816167771816253662e-01
2.800135016441345215e-01
2.775265574455261230e-01
2.797561287879943848e-01
2.811114788055419922e-01
2.806591689586639404e-01
2.789558470249176025e-01
2.801275551319122314e-01
2.771850526332855225e-01
2.774405479431152344e-01
2.764070332050323486e-01
2.795764505863189697e-01
2.763480246067047119e-01
2.769556045532226562e-01
2.733869254589080811e-01
2.776421308517456055e-01
2.732563614845275879e-01
2.747196257114410400e-01
2.760348320007324219e-01
2.729929983615875244e-01
2.747412323951721191e-01
2.744330465793609619e-01
2.702338099479675293e-01
2.707465887069702148e-01
2.711335420608520508e-01
2.746773660182952881e-01
2.734391689300537109e-01
2.690215110778808594e-01
2.724131047725677490e-01
2.730033993721008301e-01
2.696577310562133789e-01
2.658974826335906982e-01
2.721961438655853271e-01
2.709873318672180176e-01
2.695036530494689941e-01
2.670932710170745850e-01
2.658671736717224121e-01
2.687104344367980957e-01
2.702325582504272461e-01
2.677125036716461182e-01
2.682922184467315674e-01
2.675156891345977783e-01
2.673029005527496338e-01
2.651573121547698975e-01
2.659322917461395264e-01
2.654075324535369873e-01
2.685629725456237793e-01
2.671844363212585449e-01
2.639289498329162598e-01
2.664897441864013672e-01
2.637262344360351562e-01
2.635125219821929932e-01
2.628912627696990967e-01
2.616693079471588135e-01
2.663396000862121582e-01
2.635242640972137451e-01
2.596001923084259033e-01
2.606782019138336182e-01
2.626396119594573975e-01
2.621769607067108154e-01
2.600160539150238037e-01
2.624312043190002441e-01
2.608824074268341064e-01
2.613107264041900635e-01
2.594870030879974365e-01
2.604624330997467041e-01
2.576936185359954834e-01
2.592207789421081543e-01
2.585923075675964355e-01
2.588698267936706543e-01
2.609343230724334717e-01
2.582555115222930908e-01
2.583600580692291260e-01
2.590572237968444824e-01
2.553924024105072021e-01
2.580375373363494873e-01
2.553197741508483887e-01
2.563343048095703125e-01
2.584292888641357422e-01
2.550928592681884766e-01
2.564554810523986816e-01
2.563259899616241455e-01
2.555754184722900391e-01
2.530814409255981445e-01
2.524974644184112549e-01
2.519802153110504150e-01
2.564674913883209229e-01
2.523466944694519043e-01
2.535367608070373535e-01
2.550063133239746094e-01
2.527116835117340088e-01
2.527788579463958740e-01
2.531542181968688965e-01
2.520191669464111328e-01
2.528895139694213867e-01
2.483885586261749268e-01
2.510967254638671875e-01
2.518585920333862305e-01
2.500529289245605469e-01
2.516759335994720459e-01
2.479161173105239868e-01
2.469838857650756836e-01
2.503029406070709229e-01
2.513707280158996582e-01
2.503002285957336426e-01
2.476977407932281494e-01
2.481042295694351196e-01
2.517397403717041016e-01
2.466750144958496094e-01
2.476987391710281372e-01
2.431207746267318726e-01
2.453204244375228882e-01
2.525397837162017822e-01
2.454241365194320679e-01
2.458082884550094604e-01
2.459134757518768311e-01
2.476167082786560059e-01
2.445278018712997437e-01
2.470738589763641357e-01
2.436122596263885498e-01
2.480279654264450073e-01
2.442330121994018555e-01
2.475617676973342896e-01
2.470524758100509644e-01
2.447509914636611938e-01
2.486220449209213257e-01
2.426817268133163452e-01
2.479275166988372803e-01
2.466280311346054077e-01
2.475099861621856689e-01
2.442259788513183594e-01
2.432246804237365723e-01
2.462346255779266357e-01
2.425355315208435059e-01
2.435825467109680176e-01
2.422211766242980957e-01
2.420131713151931763e-01
2.417800873517990112e-01
2.428303360939025879e-01
2.380755096673965454e-01
2.385879904031753540e-01
2.424333840608596802e-01
2.411656677722930908e-01
2.396869957447052002e-01
2.422474920749664307e-01
2.367792278528213501e-01
2.383936792612075806e-01
2.407749295234680176e-01
2.395803630352020264e-01
2.380433827638626099e-01
2.394783347845077515e-01
2.384550571441650391e-01
2.396370321512222290e-01
2.383145540952682495e-01
2.353680878877639771e-01
2.399260997772216797e-01
2.367997765541076660e-01
2.413982599973678589e-01
2.378189712762832642e-01
2.378054708242416382e-01
2.384464293718338013e-01
2.408605664968490601e-01
2.387890517711639404e-01
2.400105595588684082e-01
2.381938099861145020e-01
2.384443432092666626e-01
2.402867823839187622e-01
2.377366423606872559e-01
2.361911833286285400e-01
2.351709306240081787e-01
2.415618598461151123e-01
2.366912961006164551e-01
2.346522212028503418e-01
2.346907854080200195e-01
2.342012375593185425e-01
2.347305119037628174e-01
2.343426048755645752e-01
2.337139397859573364e-01
2.340077161788940430e-01
2.356180101633071899e-01
2.342743128538131714e-01
2.362792342901229858e-01
2.324921637773513794e-01
2.336939573287963867e-01
2.339245975017547607e-01
2.327851206064224243e-01
2.349884659051895142e-01
2.315877526998519897e-01
2.338374108076095581e-01
2.347506433725357056e-01
2.347955703735351562e-01
2.317913621664047241e-01
2.334750145673751831e-01
2.317107021808624268e-01
2.338758260011672974e-01
2.327110469341278076e-01
2.327009141445159912e-01
2.309484183788299561e-01
2.337912321090698242e-01
2.327730059623718262e-01
2.326673567295074463e-01
2.336620539426803589e-01
2.291673719882965088e-01
2.352970242500305176e-01
2.335444241762161255e-01
2.333557903766632080e-01
2.327177822589874268e-01
2.301280945539474487e-01
2.304338514804840088e-01
2.306913435459136963e-01
2.324118763208389282e-01
2.328546196222305298e-01
2.310237884521484375e-01
2.302695512771606445e-01
2.301037013530731201e-01
2.309344261884689331e-01
2.289847582578659058e-01
2.299442291259765625e-01
2.269437760114669800e-01
2.316652536392211914e-01
2.304095029830932617e-01
2.291045486927032471e-01
2.315494865179061890e-01
2.310227602720260620e-01
2.280737906694412231e-01
2.293569892644882202e-01
2.300746291875839233e-01
2.268208861351013184e-01
2.296059280633926392e-01
2.273440062999725342e-01
2.271375060081481934e-01
2.264090627431869507e-01
2.289731800556182861e-01
2.311796396970748901e-01
2.265961915254592896e-01
2.272260934114456177e-01
2.261661142110824585e-01
2.243029475212097168e-01
2.296651452779769897e-01
2.280280441045761108e-01
2.253268957138061523e-01
2.265614718198776245e-01
2.291356921195983887e-01
2.281267344951629639e-01
2.280990779399871826e-01
2.273368239402770996e-01
2.264606207609176636e-01
2.277034372091293335e-01
2.289590537548065186e-01
2.255270928144454956e-01
2.263081371784210205e-01
2.259837836027145386e-01
2.234154492616653442e-01
2.277740836143493652e-01
2.259422689676284790e-01
2.227799147367477417e-01
2.260758727788925171e-01
2.265924662351608276e-01
2.284953147172927856e-01
2.256205677986145020e-01
2.236030399799346924e-01
2.240315228700637817e-01
2.247610390186309814e-01
2.250760346651077271e-01
2.225725203752517700e-01
2.243434637784957886e-01
2.232251465320587158e-01
2.215407192707061768e-01
2.248194366693496704e-01
2.220619767904281616e-01
2.266859412193298340e-01
2.249100357294082642e-01
2.236610054969787598e-01
2.265270054340362549e-01
2.239347994327545166e-01
2.229133099317550659e-01
2.220348268747329712e-01
2.229717969894409180e-01
2.232308536767959595e-01
2.224917709827423096e-01
2.196835130453109741e-01
2.208609879016876221e-01
2.230610847473144531e-01
2.219669073820114136e-01
2.229114770889282227e-01
2.230814397335052490e-01
2.251242697238922119e-01
2.208342999219894409e-01
2.196044027805328369e-01
2.203768640756607056e-01
2.217410504817962646e-01
2.188064008951187134e-01
2.218782305717468262e-01
2.214933633804321289e-01
2.204602360725402832e-01
2.214441001415252686e-01
2.229012995958328247e-01
2.211295962333679199e-01
2.217742502689361572e-01
2.204011976718902588e-01
2.225055992603302002e-01
2.234642654657363892e-01
2.240346372127532959e-01
2.207282632589340210e-01
2.213342785835266113e-01
2.181054502725601196e-01
2.207920998334884644e-01
2.190375328063964844e-01
2.190452963113784790e-01
2.180675566196441650e-01
2.190562337636947632e-01
2.198643982410430908e-01
2.216571420431137085e-01
2.194119840860366821e-01
2.190285027027130127e-01
2.191003710031509399e-01
2.224841266870498657e-01
2.172016352415084839e-01
2.188992202281951904e-01
2.208275347948074341e-01
2.194369584321975708e-01
2.184846252202987671e-01
2.164370566606521606e-01
2.204856425523757935e-01
2.192772030830383301e-01
2.191552072763442993e-01
2.178741246461868286e-01
2.204293459653854370e-01
2.193616926670074463e-01
2.191241532564163208e-01
2.167984694242477417e-01
2.185514420270919800e-01
2.197749912738800049e-01
2.175233364105224609e-01
2.168313711881637573e-01
2.169222086668014526e-01
2.171227484941482544e-01
2.183739244937896729e-01
2.167694866657257080e-01
2.171555459499359131e-01
2.175164967775344849e-01
2.171765416860580444e-01
2.173745036125183105e-01
2.153442800045013428e-01
2.150251269340515137e-01
2.169474363327026367e-01
2.176859676837921143e-01
2.166488021612167358e-01
2.168527990579605103e-01
2.166241258382797241e-01
2.182465940713882446e-01
2.169542610645294189e-01
2.172061651945114136e-01
2.138881534337997437e-01
2.150459289550781250e-01
2.163430899381637573e-01
2.162667214870452881e-01
2.153788954019546509e-01
2.174898386001586914e-01
2.149606645107269287e-01
2.160840034484863281e-01
2.165582031011581421e-01
2.170331031084060669e-01
2.158880531787872314e-01
2.158587872982025146e-01
2.167548388242721558e-01
2.164129167795181274e-01
2.162009924650192261e-01
2.163526713848114014e-01
2.141288816928863525e-01
2.148302048444747925e-01
2.150980234146118164e-01
2.154871225357055664e-01
2.160993218421936035e-01
2.160255908966064453e-01
2.155098617076873779e-01
2.140027880668640137e-01
2.142978310585021973e-01
2.144926488399505615e-01
2.143964767456054688e-01
2.155314832925796509e-01
2.160989493131637573e-01
2.158787995576858521e-01
2.155583500862121582e-01
2.137418389320373535e-01
2.135790586471557617e-01
2.153459787368774414e-01
2.121182382106781006e-01
2.126137912273406982e-01
2.155680507421493530e-01
2.160117477178573608e-01
2.162561416625976562e-01
2.140795588493347168e-01
2.119503319263458252e-01
2.135146558284759521e-01
2.139118462800979614e-01
2.163728922605514526e-01
2.133445590734481812e-01
2.114872038364410400e-01
2.131183892488479614e-01
2.139011323451995850e-01
2.124103009700775146e-01
2.120118737220764160e-01
2.141633778810501099e-01
2.126236706972122192e-01
2.146117538213729858e-01
2.121194303035736084e-01
2.116788327693939209e-01
2.112686187028884888e-01
2.153889685869216919e-01
2.126998305320739746e-01
2.087680250406265259e-01
2.134253233671188354e-01
2.117487192153930664e-01
2.128880620002746582e-01
2.121505886316299438e-01
2.106802165508270264e-01
2.105115652084350586e-01
2.125229686498641968e-01
2.138554453849792480e-01
2.108595371246337891e-01
2.122791707515716553e-01
2.142886221408843994e-01
2.115672379732131958e-01
2.111053615808486938e-01
2.117046862840652466e-01
2.113211154937744141e-01
2.120821028947830200e-01
2.134237885475158691e-01
2.117316573858261108e-01
2.285892218351364136e-01
2.299185693264007568e-01
2.303804606199264526e-01
2.316194027662277222e-01
2.254694998264312744e-01
2.272334396839141846e-01
2.321583330631256104e-01
2.306658476591110229e-01
2.278877198696136475e-01
2.266496717929840088e-01
2.299514561891555786e-01
2.308746278285980225e-01
2.292881309986114502e-01
2.266336828470230103e-01
2.275640070438385010e-01
2.271873950958251953e-01
2.265126705169677734e-01
2.251416593790054321e-01
2.298298329114913940e-01
2.299564182758331299e-01
2.273513376712799072e-01
2.303926050662994385e-01
2.245487570762634277e-01
2.249294519424438477e-01
2.242602556943893433e-01
2.254408597946166992e-01
2.297583818435668945e-01
2.264812439680099487e-01
2.274902462959289551e-01
2.262325584888458252e-01
2.262333780527114868e-01
2.257132530212402344e-01
2.278274446725845337e-01
2.258080244064331055e-01
2.286463528871536255e-01
2.294577211141586304e-01
2.273936271667480469e-01
2.270170599222183228e-01
2.270222157239913940e-01
2.246715873479843140e-01
2.246062457561492920e-01
2.254465669393539429e-01
2.269894778728485107e-01
2.255709469318389893e-01
2.257489860057830811e-01
2.278251647949218750e-01
2.251469790935516357e-01
2.299074828624725342e-01
2.262018471956253052e-01
2.230009883642196655e-01
2.253793776035308838e-01
2.256638556718826294e-01
2.243304252624511719e-01
2.238518893718719482e-01
2.246127426624298096e-01
2.248078584671020508e-01
2.267767488956451416e-01
2.250501215457916260e-01
2.240487337112426758e-01
2.233929485082626343e-01
2.254534810781478882e-01
2.243883311748504639e-01
2.243088483810424805e-01
2.239062935113906860e-01
2.227780222892761230e-01
2.253358960151672363e-01
2.238235920667648315e-01
2.220202386379241943e-01
2.220417708158493042e-01
2.232297211885452271e-01
2.238152325153350830e-01
2.228959798812866211e-01
2.226618379354476929e-01
2.256972044706344604e-01
2.261001020669937134e-01
2.237233072519302368e-01
2.263756990432739258e-01
2.250668108463287354e-01
2.255838960409164429e-01
2.209527790546417236e-01
2.251525968313217163e-01
2.230901122093200684e-01
2.217969298362731934e-01
2.232932895421981812e-01
2.233601510524749756e-01
2.195610255002975464e-01
2.228742241859436035e-01
2.243466675281524658e-01
2.230343818664550781e-01
2.224031835794448853e-01
2.209472060203552246e-01
2.210378944873809814e-01
2.248106002807617188e-01
2.227354645729064941e-01
2.227512896060943604e-01
2.206106036901473999e-01
2.223317325115203857e-01
2.249112129211425781e-01
2.227072119712829590e-01
2.247498482465744019e-01
2.239471226930618286e-01
2.224107533693313599e-01
2.214369624853134155e-01
2.231670916080474854e-01
2.233637571334838867e-01
2.235346883535385132e-01
2.226150035858154297e-01
2.227930724620819092e-01
2.226145565509796143e-01
2.222016602754592896e-01
2.208339273929595947e-01
2.237259447574615479e-01
2.231219708919525146e-01
2.212184816598892212e-01
2.227852493524551392e-01
2.222241312265396118e-01
2.235525846481323242e-01
2.188258171081542969e-01
2.182442694902420044e-01
2.217107266187667847e-01
2.188658267259597778e-01
2.223572134971618652e-01
2.205095589160919189e-01
2.180989235639572144e-01
2.212754487991333008e-01
2.172331511974334717e-01
2.230348289012908936e-01
2.194437831640243530e-01
2.209711819887161255e-01
2.214078307151794434e-01
2.203440666198730469e-01
2.177438139915466309e-01
2.186645716428756714e-01
2.218397855758666992e-01
2.214146256446838379e-01
2.196408957242965698e-01
2.213392853736877441e-01
2.212677747011184692e-01
2.219940871000289917e-01
2.216068506240844727e-01
2.185293436050415039e-01
2.177917808294296265e-01
2.217949330806732178e-01
2.208124995231628418e-01
2.221424430608749390e-01
2.220631688833236694e-01
2.239347696304321289e-01
2.242381125688552856e-01
2.217334657907485962e-01
2.179493904113769531e-01
2.203383743762969971e-01
2.213416546583175659e-01
2.186803966760635376e-01
2.221192866563796997e-01
2.183818668127059937e-01
2.210474163293838501e-01
2.189166545867919922e-01
2.209477573633193970e-01
2.159026414155960083e-01
2.178625911474227905e-01
2.185386270284652710e-01
2.213691920042037964e-01
2.197956740856170654e-01
2.187676280736923218e-01
2.199083715677261353e-01
2.186700403690338135e-01
2.174383997917175293e-01
2.178901284933090210e-01
2.188082486391067505e-01
2.188270539045333862e-01
2.184703499078750610e-01
2.172912508249282837e-01
2.168059200048446655e-01
2.192828506231307983e-01
2.173279225826263428e-01
2.174463123083114624e-01
2.181522846221923828e-01
2.188538014888763428e-01
2.157515138387680054e-01
2.171369493007659912e-01
2.163987606763839722e-01
2.210465967655181885e-01
2.186241596937179565e-01
2.191691994667053223e-01
2.172390520572662354e-01
2.187394350767135620e-01
2.154948264360427856e-01
2.168542742729187012e-01
2.182582914829254150e-01
2.180706709623336792e-01
2.168742865324020386e-01
2.166231125593185425e-01
2.164836078882217407e-01
2.160941660404205322e-01
2.144521772861480713e-01
2.163582891225814819e-01
2.190200537443161011e-01
2.185429930686950684e-01
2.161245048046112061e-01
2.190465629100799561e-01
2.182458490133285522e-01
2.196567952632904053e-01
2.187455594539642334e-01
2.158677726984024048e-01
2.157625854015350342e-01
2.195134013891220093e-01
2.156144380569458008e-01
2.155002206563949585e-01
2.133915275335311890e-01
2.186347842216491699e-01
2.150343209505081177e-01
2.161086052656173706e-01
2.157461494207382202e-01
2.168948799371719360e-01
2.153127193450927734e-01
2.165282517671585083e-01
2.151304185390472412e-01
2.185013741254806519e-01
2.154811620712280273e-01
2.174780815839767456e-01
2.156340330839157104e-01
2.191882133483886719e-01
2.163522094488143921e-01
2.139931470155715942e-01
2.175489366054534912e-01
2.177975624799728394e-01
2.146155387163162231e-01
2.172961533069610596e-01
2.146584391593933105e-01
2.163059711456298828e-01
2.141732722520828247e-01
2.161779701709747314e-01
2.166560888290405273e-01
2.133547812700271606e-01
2.155478894710540771e-01
2.145140320062637329e-01
2.136628925800323486e-01
2.123345136642456055e-01
2.161871194839477539e-01
2.133092284202575684e-01
2.143782377243041992e-01
2.163465023040771484e-01
2.159167230129241943e-01
2.127299457788467407e-01
2.135804146528244019e-01
2.144072204828262329e-01
2.170673906803131104e-01
2.139584422111511230e-01
2.115795761346817017e-01
2.154215127229690552e-01
2.149191945791244507e-01
2.144753783941268921e-01
2.129518538713455200e-01
2.138552665710449219e-01
2.150483876466751099e-01
2.163156270980834961e-01
2.138054668903350830e-01
2.124902009963989258e-01
2.157098650932312012e-01
2.130659222602844238e-01
2.121995836496353149e-01
2.134482413530349731e-01
2.119997292757034302e-01
2.155587226152420044e-01
2.116799056529998779e-01
2.154034674167633057e-01
2.128494828939437866e-01
2.145820409059524536e-01
2.119341939687728882e-01
2.117550820112228394e-01
2.147890478372573853e-01
2.139254063367843628e-01
2.126374691724777222e-01
2.164852321147918701e-01
2.117418646812438965e-01
2.128731757402420044e-01
2.156433612108230591e-01
2.118359953165054321e-01
2.125342339277267456e-01
2.130272090435028076e-01
2.116748392581939697e-01
2.121072411537170410e-01
2.130713313817977905e-01
2.133063077926635742e-01
2.128357738256454468e-01
2.117049992084503174e-01
2.146719992160797119e-01
2.141417860984802246e-01
2.138299942016601562e-01
2.112013101577758789e-01
2.118569314479827881e-01
2.126788049936294556e-01
2.125067561864852905e-01
2.121948450803756714e-01
2.149853706359863281e-01
2.115459293127059937e-01
2.115384787321090698e-01
2.153045535087585449e-01
2.113372236490249634e-01
2.134672850370407104e-01
2.139525562524795532e-01
2.111183255910873413e-01
2.111804783344268799e-01
2.107409983873367310e-01
2.077529281377792358e-01
2.127076387405395508e-01
2.111785709857940674e-01
2.112767845392227173e-01
2.120156139135360718e-01
2.124833613634109497e-01
2.087858617305755615e-01
2.122437655925750732e-01
2.097765952348709106e-01
2.141030728816986084e-01
2.145432978868484497e-01
2.134612500667572021e-01
2.109189033508300781e-01
2.144260704517364502e-01
2.122723460197448730e-01
2.147272080183029175e-01
2.120718806982040405e-01
2.125085443258285522e-01
2.099276036024093628e-01
2.118375599384307861e-01
2.128798216581344604e-01
2.123946100473403931e-01
2.110518813133239746e-01
2.110527157783508301e-01
2.114369720220565796e-01
2.116761207580566406e-01
2.102707773447036743e-01
2.113482952117919922e-01
2.120795398950576782e-01
2.111330479383468628e-01
2.138200253248214722e-01
2.074104994535446167e-01
2.114646434783935547e-01
2.082039564847946167e-01
2.089420855045318604e-01
2.099228799343109131e-01
2.111128568649291992e-01
2.095550894737243652e-01
2.087870687246322632e-01
2.117002457380294800e-01
2.104855328798294067e-01
2.074047327041625977e-01
2.090227752923965454e-01
2.100635170936584473e-01
2.117963880300521851e-01
2.077084034681320190e-01
2.106451541185379028e-01
2.095965892076492310e-01
2.074911594390869141e-01
2.113283723592758179e-01
2.102438807487487793e-01
2.079176604747772217e-01
2.084345519542694092e-01
2.127978652715682983e-01
2.104250937700271606e-01
2.091758996248245239e-01
2.083736062049865723e-01
2.092161774635314941e-01
2.111284434795379639e-01
2.108718454837799072e-01
2.101393640041351318e-01
2.080538868904113770e-01
2.089827358722686768e-01
2.065300494432449341e-01
2.090169638395309448e-01
2.082751095294952393e-01
2.105635106563568115e-01
2.087879776954650879e-01
2.081162482500076294e-01
2.084150016307830811e-01
2.072826921939849854e-01
2.090762257575988770e-01
2.105080783367156982e-01
2.086307555437088013e-01
2.080382406711578369e-01
2.093883752822875977e-01
2.096675634384155273e-01
2.103704214096069336e-01
2.081708014011383057e-01
2.080713063478469849e-01
2.081717401742935181e-01
2.097281515598297119e-01
2.074599415063858032e-01
2.088112384080886841e-01
2.087361216545104980e-01
2.102019786834716797e-01
2.113096117973327637e-01
2.093198001384735107e-01
2.086051404476165771e-01
2.082130163908004761e-01
2.096710205078125000e-01
2.091796249151229858e-01
2.093789428472518921e-01
2.064282596111297607e-01
2.066963911056518555e-01
2.056407779455184937e-01
2.085348516702651978e-01
2.089003026485443115e-01
2.085001468658447266e-01
2.029032707214355469e-01
2.124037146568298340e-01
2.071409225463867188e-01
2.082267850637435913e-01
2.101507186889648438e-01
2.061696350574493408e-01
2.053191661834716797e-01
2.075464427471160889e-01
2.049278765916824341e-01
2.088809311389923096e-01
2.066725194454193115e-01
2.086713016033172607e-01
2.072575241327285767e-01
2.069120407104492188e-01
2.066396325826644897e-01
2.087605744600296021e-01
2.083323150873184204e-01
2.096683979034423828e-01
2.062054127454757690e-01
2.096299082040786743e-01
2.049098014831542969e-01
2.081114053726196289e-01
2.051672190427780151e-01
2.070998847484588623e-01
2.055833637714385986e-01
2.098266631364822388e-01
2.044229358434677124e-01
2.055460363626480103e-01
2.070288360118865967e-01
2.080221027135848999e-01
2.057429850101470947e-01
2.048592716455459595e-01
2.075928747653961182e-01
2.077221870422363281e-01
2.043019682168960571e-01
2.072445154190063477e-01
2.060697823762893677e-01
2.071859389543533325e-01
2.059493213891983032e-01
2.019833624362945557e-01
2.085367590188980103e-01
2.070364505052566528e-01
2.054549157619476318e-01
2.059842497110366821e-01
2.089767456054687500e-01
2.050044685602188110e-01
2.030652016401290894e-01
2.069928348064422607e-01
2.062313109636306763e-01
2.062189728021621704e-01
2.063513100147247314e-01
2.063037306070327759e-01
2.052639871835708618e-01
2.068795859813690186e-01
2.061280459165573120e-01
2.087217569351196289e-01
2.094322592020034790e-01
2.075237184762954712e-01
2.029262334108352661e-01
2.048694044351577759e-01
2.043595612049102783e-01
2.050597965717315674e-01
2.048563957214355469e-01
2.047703713178634644e-01
2.071663439273834229e-01
2.056603580713272095e-01
2.058776766061782837e-01
2.067689597606658936e-01
2.044301033020019531e-01
2.061034440994262695e-01
2.052074968814849854e-01
2.062644362449645996e-01
2.093434035778045654e-01
2.055880576372146606e-01
2.044643461704254150e-01
2.039291709661483765e-01
2.048437446355819702e-01
2.050367295742034912e-01
2.020449638366699219e-01
2.037397772073745728e-01
2.042992711067199707e-01
2.053110897541046143e-01
2.056312412023544312e-01
2.053834795951843262e-01
2.037738561630249023e-01
2.046488076448440552e-01
2.062999904155731201e-01
2.090045660734176636e-01
2.034638971090316772e-01
2.075824439525604248e-01
2.055514752864837646e-01
2.027032077312469482e-01
2.070233821868896484e-01
2.038592249155044556e-01
2.038389444351196289e-01
2.037805169820785522e-01
2.038485705852508545e-01
2.030116766691207886e-01
2.055684775114059448e-01
2.018499672412872314e-01
2.031768113374710083e-01
2.054747939109802246e-01
2.046070247888565063e-01
2.056201249361038208e-01
2.069071382284164429e-01
2.060191333293914795e-01
2.072877436876296997e-01
2.027094066143035889e-01
2.020068168640136719e-01
2.020711898803710938e-01
2.067185044288635254e-01
2.073109894990921021e-01
2.032537311315536499e-01
2.046794146299362183e-01
2.058986574411392212e-01
2.005125582218170166e-01
2.055161595344543457e-01
2.026556432247161865e-01
2.030202597379684448e-01
2.031655311584472656e-01
2.033713459968566895e-01
2.055981308221817017e-01
2.041534930467605591e-01
2.045626640319824219e-01
2.028248459100723267e-01
2.038985490798950195e-01
2.030878812074661255e-01
2.011703401803970337e-01
2.045570164918899536e-01
2.039608806371688843e-01
2.032554149627685547e-01
2.049283385276794434e-01
2.046858966350555420e-01
2.025807648897171021e-01
2.011820971965789795e-01
2.053249031305313110e-01
2.043256759643554688e-01
2.059132307767868042e-01
2.052302956581115723e-01
2.034597545862197876e-01
2.048041373491287231e-01
2.014429569244384766e-01
2.043559104204177856e-01
2.047376632690429688e-01
2.019996345043182373e-01
2.027915865182876587e-01
2.013250440359115601e-01
2.036175131797790527e-01
2.029602378606796265e-01
2.037915289402008057e-01
2.018573433160781860e-01
2.034822255373001099e-01
2.008873969316482544e-01
2.035624533891677856e-01
2.031605094671249390e-01
2.042914330959320068e-01
2.037785798311233521e-01
2.010735571384429932e-01
2.031326442956924438e-01
2.016693800687789917e-01
2.022104710340499878e-01
2.010188698768615723e-01
2.011465430259704590e-01
2.004999369382858276e-01
2.021408379077911377e-01
2.042672187089920044e-01
2.017685025930404663e-01
2.059137225151062012e-01
2.021181136369705200e-01
2.028616964817047119e-01
2.024712413549423218e-01
1.990323215723037720e-01
2.018612325191497803e-01
2.023436278104782104e-01
2.016770690679550171e-01
2.006003260612487793e-01
2.005086988210678101e-01
2.018111646175384521e-01
2.015318274497985840e-01
2.013665735721588135e-01
2.028616815805435181e-01
2.018034905195236206e-01
2.014853954315185547e-01
2.008828073740005493e-01
2.043159008026123047e-01
2.015634626150131226e-01
2.019266486167907715e-01
2.016568183898925781e-01
1.997422277927398682e-01
2.012186795473098755e-01
2.015043944120407104e-01
2.023161947727203369e-01
2.039566040039062500e-01
1.986680179834365845e-01
1.994851082563400269e-01
2.039924263954162598e-01
2.004908174276351929e-01
2.001641541719436646e-01
2.022479176521301270e-01
2.025729417800903320e-01
2.039657831192016602e-01
2.008095234632492065e-01
2.011727839708328247e-01
1.990688294172286987e-01
2.003074288368225098e-01
2.010120153427124023e-01
1.995274424552917480e-01
2.003461569547653198e-01
1.982520073652267456e-01
2.015907615423202515e-01
2.002444863319396973e-01
1.995168924331665039e-01
1.999349594116210938e-01
1.999981552362442017e-01
2.005436867475509644e-01
2.012946903705596924e-01
1.979122906923294067e-01
1.985801011323928833e-01
1.996029466390609741e-01
1.997736841440200806e-01
2.016478776931762695e-01
2.020622938871383667e-01
2.007441222667694092e-01
2.030982822179794312e-01
1.981722712516784668e-01
2.014074623584747314e-01
2.009133845567703247e-01
2.030526995658874512e-01
1.994841545820236206e-01
2.015148103237152100e-01
2.010375410318374634e-01
2.033188045024871826e-01
2.027052938938140869e-01
2.004437744617462158e-01
2.016292810440063477e-01
2.015334814786911011e-01
1.996533870697021484e-01
2.009183764457702637e-01
2.018420845270156860e-01
1.987635046243667603e-01
1.991077661514282227e-01
1.991937905550003052e-01
2.010474205017089844e-01
2.016856223344802856e-01
1.980163604021072388e-01
2.015851289033889771e-01
1.992917954921722412e-01
1.990695297718048096e-01
2.002908587455749512e-01
1.980813741683959961e-01
2.000171095132827759e-01
1.986570805311203003e-01
2.009233981370925903e-01
1.986725181341171265e-01
1.981487125158309937e-01
1.988968849182128906e-01
2.021565735340118408e-01
1.989236027002334595e-01
1.990987509489059448e-01
1.988346576690673828e-01
1.966005116701126099e-01
1.992598325014114380e-01
2.021829485893249512e-01
1.999782025814056396e-01
1.999781280755996704e-01
1.994361132383346558e-01
2.008009403944015503e-01
1.979483664035797119e-01
2.001136988401412964e-01
2.011492848396301270e-01
1.990946233272552490e-01
2.014008015394210815e-01
1.979229152202606201e-01
2.006667107343673706e-01
1.970705091953277588e-01
1.986332088708877563e-01
1.979455053806304932e-01
2.009084224700927734e-01
1.965181082487106323e-01
1.968945562839508057e-01
1.977624148130416870e-01
1.996255666017532349e-01
1.992237865924835205e-01
1.985046863555908203e-01
1.962644308805465698e-01
1.983612477779388428e-01
1.998949050903320312e-01
1.983249038457870483e-01
1.975142359733581543e-01
1.978420913219451904e-01
1.981311291456222534e-01
1.966673582792282104e-01
1.966746151447296143e-01
1.958376169204711914e-01
1.969465166330337524e-01
1.984488964080810547e-01
1.993056684732437134e-01
1.979883611202239990e-01
1.975110024213790894e-01
1.948197484016418457e-01
1.984126716852188110e-01
1.962385177612304688e-01
1.988977491855621338e-01
1.982345283031463623e-01
1.968549937009811401e-01
1.963145732879638672e-01
1.992749273777008057e-01
1.967921257019042969e-01
1.963950693607330322e-01
2.005906999111175537e-01
1.979238241910934448e-01
1.994054913520812988e-01
1.960633397102355957e-01
1.994232088327407837e-01
1.985268741846084595e-01
1.958682686090469360e-01
1.972560137510299683e-01
1.988422423601150513e-01
1.986616253852844238e-01
1.991245746612548828e-01
1.974129974842071533e-01
1.963254958391189575e-01
1.969904303550720215e-01
1.976315975189208984e-01
1.980974972248077393e-01
1.951376199722290039e-01
1.951950639486312866e-01
1.974541395902633667e-01
1.949763894081115723e-01
1.968197822570800781e-01
1.975338608026504517e-01
1.955066323280334473e-01
1.946357339620590210e-01
1.955147981643676758e-01
1.969465017318725586e-01
1.941261142492294312e-01
1.939395070075988770e-01
1.996393799781799316e-01
1.970287859439849854e-01
1.952892094850540161e-01
1.971293240785598755e-01
1.961377412080764771e-01
1.963409930467605591e-01
1.995803117752075195e-01
1.950141340494155884e-01
1.976997107267379761e-01
1.965099871158599854e-01
1.987823843955993652e-01
1.969410479068756104e-01
1.965253651142120361e-01
1.964669376611709595e-01
1.937739402055740356e-01
1.988231539726257324e-01
1.967961788177490234e-01
1.966192573308944702e-01
1.961633563041687012e-01
1.958861202001571655e-01
1.983921080827713013e-01
1.959159374237060547e-01
1.962634772062301636e-01
1.957204341888427734e-01
1.952027082443237305e-01
1.970441341400146484e-01
1.971910595893859863e-01
1.944353729486465454e-01
1.943762451410293579e-01
1.965916901826858521e-01
1.997810155153274536e-01
1.972123384475708008e-01
1.971302628517150879e-01
1.969493627548217773e-01
1.963066905736923218e-01
1.949371099472045898e-01
1.954943984746932983e-01
1.942263394594192505e-01
1.964224129915237427e-01
1.959692984819412231e-01
1.955087631940841675e-01
1.984919160604476929e-01
1.986439079046249390e-01
1.964752376079559326e-01
1.941213905811309814e-01
1.929375082254409790e-01
1.949218660593032837e-01
1.944956779479980469e-01
1.948448568582534790e-01
1.930270493030548096e-01
1.957709044218063354e-01
1.965660154819488525e-01
1.947105526924133301e-01
1.957126110792160034e-01
1.969666928052902222e-01
1.950894147157669067e-01
1.959642618894577026e-01
1.987555325031280518e-01
1.959899812936782837e-01
1.956757307052612305e-01
