6.912310355901718495e-01
3.544117668271064558e-01
3.139505296945571677e-01
2.559701517224312051e-01
2.386314219236373990e-01
2.236144599318504456e-01
2.187081402540206887e-01
2.095494420081377152e-01
2.037273240089416404e-01
1.788857652992009994e-01
1.741431832313537487e-01
1.863913872838020291e-01
1.792860912531614170e-01
1.791333591938018832e-01
1.748772745579481036e-01
1.781121571362018485e-01
1.725310571491718292e-01
1.687453103810548916e-01
1.572076506167650323e-01
1.569298373162746341e-01
1.605010994151234716e-01
1.514449064433574799e-01
1.511973074078559742e-01
1.532295973598957195e-01
1.590078730881214208e-01
1.498985987901687578e-01
1.571570313721895318e-01
1.487817282974719935e-01
1.378958897292613950e-01
1.369698201119899650e-01
1.349398900568485327e-01
1.400364564359188047e-01
1.455207885056734041e-01
1.397954833507537853e-01
1.450217951834201768e-01
1.428885535895824399e-01
1.313408935442566816e-01
1.348871732503175713e-01
1.306178730726242077e-01
1.243261559307575204e-01
1.243237472325563475e-01
1.335698246955871471e-01
1.368836734443902858e-01
1.302426777780056055e-01
1.325990153104066871e-01
1.217346478253602954e-01
1.149774171411991064e-01
1.258031156659126237e-01
1.215885850042104782e-01
1.263117866590618976e-01
1.238946278765797604e-01
1.259799686819315090e-01
1.250864025577902716e-01
1.201124560087919180e-01
1.107075863331556387e-01
1.171738214790821048e-01
1.115184984356164949e-01
1.213329244032502197e-01
1.152252820134162942e-01
1.187065659463405615e-01
1.163078839331865288e-01
1.167754804342985148e-01
1.137588604539632731e-01
1.120028460025787320e-01
1.104732500016689239e-01
1.093228377029299703e-01
1.136588853597640947e-01
1.128366248309612269e-01
1.084730995446443608e-01
1.070994854345917735e-01
1.073621266707777966e-01
1.146675397828221254e-01
1.065397784113883972e-01
9.817903961986303163e-02
1.070296850800514232e-01
1.080674962326884231e-01
9.784613817930221114e-02
1.023504099622368768e-01
1.086291026324033709e-01
1.067833484709262842e-01
1.065983642637729628e-01
1.000046974793076526e-01
1.005508171766996417e-01
9.762143101543188650e-02
1.019795525074005116e-01
1.005634503811597830e-01
1.010398775711655595e-01
1.018366135656833676e-01
1.011967892199754776e-01
1.019822557270526897e-01
9.684548456221818424e-02
9.327908590435982084e-02
1.012986581772565842e-01
9.586842384189367405e-02
9.541451275348662719e-02
9.912181049585341852e-02
9.900016125291585811e-02
1.007107639312744135e-01
1.017856711894273708e-01
1.071522613242268523e-01
1.150771347992122218e-01
1.136466977745294593e-01
9.990446839481592622e-02
1.060250866133719688e-01
9.533426811918616073e-02
9.794616587460040769e-02
9.069120014086365367e-02
8.382956005632877239e-02
4.785170678282156531e-02
5.412867245962843521e-02
5.223266584798693518e-02
5.123721194220706709e-02
4.926817729603499146e-02
6.311959105543792081e-02
6.054340421687811474e-02
5.946111712139099531e-02
6.669008436612784696e-02
3.516565857920795485e-02
3.847172154113650405e-02
3.880153972888365083e-02
3.809542441507801636e-02
3.990572127746418174e-02
4.250511619262397484e-02
4.127035526325926323e-02
3.878345039847772707e-02
5.319162345957011151e-02
3.208873958210460564e-02
2.881718082353472779e-02
2.959157162971678273e-02
3.666463597211986475e-02
3.685840970254503079e-02
3.204239137237891583e-02
3.243740548961795978e-02
4.242935810820199632e-02
3.292647557216696330e-02
