5.421585863828659591e-01
1.978552781790494930e-01
1.507630987465381489e-01
1.201364807784557343e-01
1.121252992749214167e-01
1.003726439177990010e-01
9.469313167035579848e-02
8.890104830265045666e-02
8.700333360582590547e-02
7.598822265863418302e-02
7.407534293830395078e-02
7.354703407734632103e-02
7.434226427227258460e-02
7.090324314311147180e-02
7.205352615565061014e-02
7.009097974747419135e-02
6.718480225652456728e-02
6.944502443075180331e-02
6.250969814136624059e-02
6.258707102388143262e-02
6.044872688129544064e-02
6.026282601058483013e-02
5.912826299667358482e-02
5.943395892158150756e-02
6.063191320747136903e-02
6.481040710583328701e-02
5.765889365226030405e-02
5.978047873824834935e-02
5.157444804906845259e-02
5.556813433766365218e-02
5.668258380144834685e-02
5.402739586308598352e-02
5.466005969792604724e-02
5.653336135670542634e-02
5.459590170532464815e-02
5.752942288294434631e-02
5.295879531651735000e-02
5.156456423923373028e-02
5.080267224460840308e-02
5.196063024923205237e-02
5.216376531869173355e-02
5.246149353682994648e-02
5.178588947281241583e-02
5.370764125138521167e-02
5.228951524943113022e-02
4.769919198006391386e-02
5.179041251540184021e-02
4.686192870140075406e-02
4.928464511409402088e-02
4.830059453845023804e-02
4.879887044429778720e-02
5.056824706494808530e-02
4.835605416446923932e-02
4.857887765392661372e-02
4.706669146195054110e-02
5.030517572537064608e-02
4.784740142524242235e-02
4.627346429973840797e-02
4.700279111042618418e-02
4.613412970677017999e-02
4.822121180593967604e-02
4.748620612546801401e-02
4.561895469203591097e-02
4.689037391915917147e-02
4.352408155798911937e-02
4.479055250063538468e-02
4.493078632280230605e-02
4.270930627360940146e-02
4.311234928667545541e-02
4.626666333526372604e-02
4.744992682710289650e-02
4.882553106173873059e-02
4.216875534504652134e-02
4.485856922343373077e-02
4.324493739753961646e-02
4.430890781804919243e-02
4.346144288778305137e-02
4.409923920407891190e-02
4.436699252575635605e-02
4.535309707745909663e-02
4.541091630235314508e-02
4.176084250211715976e-02
4.256151992827653802e-02
4.266092803329229327e-02
4.296934885904193230e-02
4.188432179391383958e-02
4.201985878869891194e-02
4.438865961506963109e-02
4.192188696935773146e-02
4.405277859419584607e-02
4.194496016949415124e-02
4.216206816956400566e-02
4.029311401769519047e-02
4.298525514081120297e-02
4.150525072589516390e-02
4.125805413350462636e-02
4.125511081889271514e-02
3.975219404324889516e-02
4.213472265750169837e-02
4.120204282924532641e-02
3.955980930477380475e-02
3.998961746692657193e-02
4.098384205251932172e-02
3.971519326791167481e-02
4.025692421942949489e-02
3.967692924663424742e-02
4.123046826571226398e-02
4.224511222913861219e-02
3.881857793778181048e-02
4.079779608175158195e-02
4.155602121725678749e-02
3.924606813117861859e-02
3.979527382180094580e-02
3.986456597223878018e-02
3.855636199936270797e-02
4.012734778225422044e-02
4.136833427473902980e-02
3.916371621191501451e-02
3.748001083731651584e-02
3.993671108037233353e-02
3.840977216139435796e-02
4.041635302826761950e-02
4.199937885627150203e-02
3.941937247291207175e-02
3.771928273141383903e-02
4.064611503854394237e-02
3.784058138728142034e-02
3.822455484420061306e-02
3.788601875305176031e-02
3.887198323383927318e-02
3.789494976401328735e-02
3.786156889051198876e-02
3.911589829251169853e-02
3.899586759507656097e-02
3.961747813969850734e-02
