6.102012154459953708e-01
3.356392619013786049e-01
2.736044147610664501e-01
2.360557797551155190e-01
2.233160071074962727e-01
2.034074755012988955e-01
2.028764584660530113e-01
1.884402537345886142e-01
1.834878908097744010e-01
1.846787782013416257e-01
1.821975344419479448e-01
1.824385523796081543e-01
1.835336673259735096e-01
1.815044292807579118e-01
1.675872337818145874e-01
1.660737402737140767e-01
1.729224374890327431e-01
1.663172219693660747e-01
1.691001310944557079e-01
1.681889158487319957e-01
1.664081387221813257e-01
1.603688837587833316e-01
1.613448786735534601e-01
1.596363160014152571e-01
1.581308531761169422e-01
1.590127822756767229e-01
1.642371043562889099e-01
1.619193945825100067e-01
1.566640642285347107e-01
1.539413174986839217e-01
1.538076011836528867e-01
1.586832670867442951e-01
1.570961311459541376e-01
1.567599685490131400e-01
1.563465534150600411e-01
1.517578263580799114e-01
1.543467225134372844e-01
1.526057906448841095e-01
1.556362078338861532e-01
1.534538586437702301e-01
1.513163203001022250e-01
1.563999634981155518e-01
1.511967374384403096e-01
1.505090313404798541e-01
1.496670165657997265e-01
1.501466411352157526e-01
1.494715502858161849e-01
1.537976934015750918e-01
1.497380542755127053e-01
1.493275247514248005e-01
1.476785802841186490e-01
1.470462749153375603e-01
1.485439745336770978e-01
1.492178173363208904e-01
1.491178654134273640e-01
1.493774963915348031e-01
1.452887595444917745e-01
1.441933266818523351e-01
1.485883411765098472e-01
1.461159017682075456e-01
1.479588994383811973e-01
1.493058111518621445e-01
1.469463120400905654e-01
1.443359012901782867e-01
1.432153862714767578e-01
1.427450101822614614e-01
1.473355773091316323e-01
1.463054331392049656e-01
1.471602705866098537e-01
1.455011140555143301e-01
1.101433570981025678e+00
9.690804189443588124e-01
8.808484697341918412e-01
8.365598678588866965e-01
8.211678415536880493e-01
7.918887484073638960e-01
7.316810005903243708e-01
5.163376221060752558e-01
4.926698783040046603e-01
5.084600396454334037e-01
5.266467615962028281e-01
5.161054643988609580e-01
5.165976262092590865e-01
5.260371088981627974e-01
3.181740185618400774e-01
3.134199060499668343e-01
3.200731122493744030e-01
3.160584695637226327e-01
3.399258989095688133e-01
3.361522853374481201e-01
3.359187963604927107e-01
1.862053180485963855e-01
1.980621197074651785e-01
1.958463956788182303e-01
1.877549252659082291e-01
2.162745586037635726e-01
2.217077060788869847e-01
2.302519756555557184e-01
1.205654816329479184e-01
1.187603382393717794e-01
1.388732974603772152e-01
1.377451965957879887e-01
1.555680122226476558e-01
1.490642301924526569e-01
1.661980138346552949e-01
