7.318520545959472656e-01
7.217457890510559082e-01
7.132881283760070801e-01
7.051386237144470215e-01
6.967170238494873047e-01
6.872342228889465332e-01
6.776683926582336426e-01
6.668334603309631348e-01
6.536517143249511719e-01
6.404268145561218262e-01
6.242171525955200195e-01
6.084922552108764648e-01
5.885700583457946777e-01
5.649500489234924316e-01
5.435133576393127441e-01
5.188433527946472168e-01
4.872190356254577637e-01
4.610024690628051758e-01
4.346055090427398682e-01
4.088076651096343994e-01
3.824383914470672607e-01
3.614733219146728516e-01
3.390900194644927979e-01
3.308775722980499268e-01
3.285914957523345947e-01
3.445846736431121826e-01
3.433955609798431396e-01
3.368294537067413330e-01
3.542748987674713135e-01
3.373524844646453857e-01
3.515654802322387695e-01
3.100309967994689941e-01
3.092911243438720703e-01
2.975645959377288818e-01
3.110336363315582275e-01
2.869100868701934814e-01
2.880989909172058105e-01
2.819963991641998291e-01
2.805309593677520752e-01
2.824296355247497559e-01
2.764183878898620605e-01
2.792116105556488037e-01
2.785838246345520020e-01
2.697981894016265869e-01
2.622840702533721924e-01
2.575008273124694824e-01
2.569290399551391602e-01
2.541770935058593750e-01
2.542535066604614258e-01
2.513799667358398438e-01
2.505617737770080566e-01
2.435559630393981934e-01
2.430131733417510986e-01
2.348156571388244629e-01
2.373334169387817383e-01
2.288800626993179321e-01
2.295967340469360352e-01
2.226238846778869629e-01
2.237078696489334106e-01
2.237697839736938477e-01
2.156832665205001831e-01
2.167606651782989502e-01
2.178812474012374878e-01
2.141460329294204712e-01
2.119755595922470093e-01
2.103184163570404053e-01
2.127098590135574341e-01
2.066993266344070435e-01
2.079068124294281006e-01
2.017611116170883179e-01
2.051057070493698120e-01
2.012391388416290283e-01
2.070632874965667725e-01
1.952697932720184326e-01
1.962125450372695923e-01
1.954294741153717041e-01
1.943432092666625977e-01
1.927585452795028687e-01
1.876734793186187744e-01
1.873338818550109863e-01
1.905971020460128784e-01
1.863791048526763916e-01
1.874418258666992188e-01
1.816511750221252441e-01
1.881819069385528564e-01
1.798397600650787354e-01
1.792849451303482056e-01
1.749438196420669556e-01
1.787968575954437256e-01
1.762626618146896362e-01
1.719827055931091309e-01
1.723930537700653076e-01
1.721118092536926270e-01
1.688382327556610107e-01
1.714579761028289795e-01
1.683386415243148804e-01
1.696933954954147339e-01
1.648721992969512939e-01
1.658322215080261230e-01
1.624226570129394531e-01
1.607108116149902344e-01
1.599456518888473511e-01
1.582545042037963867e-01
1.618635207414627075e-01
1.593136042356491089e-01
1.582492589950561523e-01
1.551424562931060791e-01
1.570928692817687988e-01
1.552234292030334473e-01
1.569554507732391357e-01
1.547909379005432129e-01
1.526070535182952881e-01
1.535379290580749512e-01
1.546371430158615112e-01
1.511115431785583496e-01
1.536265909671783447e-01
1.493577957153320312e-01
1.486377418041229248e-01
1.482516378164291382e-01
1.484676301479339600e-01
1.470329612493515015e-01
1.428625881671905518e-01
1.460149884223937988e-01
1.431279182434082031e-01
1.438140869140625000e-01
1.484039127826690674e-01
1.400408148765563965e-01
1.402894854545593262e-01
1.396650671958923340e-01
1.395810693502426147e-01
1.396259665489196777e-01
1.405832320451736450e-01
1.392417699098587036e-01
1.375090926885604858e-01
1.419614702463150024e-01
1.378153860569000244e-01
1.365174353122711182e-01
1.352683901786804199e-01
1.339481174945831299e-01
1.325708776712417603e-01
1.348514556884765625e-01
1.318203061819076538e-01
1.317357718944549561e-01
1.301762461662292480e-01
1.317916959524154663e-01
1.298476308584213257e-01
1.310616731643676758e-01
1.287426799535751343e-01
1.298004239797592163e-01
1.269558221101760864e-01
1.288877725601196289e-01
1.275356858968734741e-01
1.248988509178161621e-01
1.271894574165344238e-01
1.273753345012664795e-01
1.250984072685241699e-01
1.250316202640533447e-01
1.238672360777854919e-01
1.242904812097549438e-01
1.239742413163185120e-01
1.235677525401115417e-01
1.232494264841079712e-01
1.220500022172927856e-01
1.214650422334671021e-01
1.190439462661743164e-01
1.200766265392303467e-01
1.195867657661437988e-01
1.209945753216743469e-01
1.197231560945510864e-01
1.195082366466522217e-01
1.182311475276947021e-01
1.189019083976745605e-01
1.174354553222656250e-01
1.184474974870681763e-01
1.165987625718116760e-01
1.158690378069877625e-01
1.164600849151611328e-01
1.148441806435585022e-01
1.157738119363784790e-01
1.158982217311859131e-01
1.148613542318344116e-01
1.133402734994888306e-01
1.147734746336936951e-01
1.125062406063079834e-01
1.122035905718803406e-01
1.121239364147186279e-01
1.120287626981735229e-01
1.110019236803054810e-01
1.131809502840042114e-01
1.123293340206146240e-01
1.114288568496704102e-01
1.102988123893737793e-01
1.100089401006698608e-01
1.090232059359550476e-01
1.086056679487228394e-01
1.093716472387313843e-01
1.092020422220230103e-01
1.105844676494598389e-01
1.073157787322998047e-01
1.069104820489883423e-01
1.054707318544387817e-01
1.059923768043518066e-01
1.049344837665557861e-01
1.049294769763946533e-01
1.043169796466827393e-01
1.037158966064453125e-01
1.054983735084533691e-01
1.036560237407684326e-01
1.039100289344787598e-01
1.033060997724533081e-01
1.051859557628631592e-01
1.018867790699005127e-01
1.012108623981475830e-01
1.023880094289779663e-01
1.005512103438377380e-01
1.003196537494659424e-01
1.014923453330993652e-01
1.015838235616683960e-01
9.972664713859558105e-02
1.004820391535758972e-01
9.847727417945861816e-02
9.982086718082427979e-02
1.016917601227760315e-01
9.802954643964767456e-02
9.857673943042755127e-02
9.976768493652343750e-02
9.829278290271759033e-02
9.851253032684326172e-02
9.767369925975799561e-02
9.708909690380096436e-02
9.838023781776428223e-02
9.602867066860198975e-02
9.571361541748046875e-02
9.698073565959930420e-02
9.538316726684570312e-02
9.498803317546844482e-02
9.548643231391906738e-02
9.415084123611450195e-02
9.444808959960937500e-02
9.532552957534790039e-02
9.292379766702651978e-02
9.583656489849090576e-02
9.557727724313735962e-02
9.465764462947845459e-02
9.253001213073730469e-02
9.400770068168640137e-02
9.159727394580841064e-02
9.253283590078353882e-02
9.195069968700408936e-02
9.180726110935211182e-02
9.178051352500915527e-02
9.047359228134155273e-02
9.123370796442031860e-02
9.122274816036224365e-02
9.058997035026550293e-02
8.959911763668060303e-02
9.135849773883819580e-02
8.869092911481857300e-02
8.854743838310241699e-02
8.983953297138214111e-02
8.969572186470031738e-02
8.879253268241882324e-02
8.791152387857437134e-02
8.978100121021270752e-02
8.850660920143127441e-02
8.844763040542602539e-02
8.708629012107849121e-02
8.823280036449432373e-02
8.726506680250167847e-02
8.589182049036026001e-02
8.759014308452606201e-02
8.549510687589645386e-02
8.682866394519805908e-02
8.495855331420898438e-02
8.613568544387817383e-02
8.674137294292449951e-02
8.507605642080307007e-02
8.376289904117584229e-02
8.463433384895324707e-02
8.472695946693420410e-02
8.312235772609710693e-02
8.463039994239807129e-02
8.423038572072982788e-02
8.316817879676818848e-02
8.237551152706146240e-02
8.581271767616271973e-02
8.160007745027542114e-02
8.366722613573074341e-02
8.506760746240615845e-02
8.266334235668182373e-02
8.210042119026184082e-02
8.148958534002304077e-02
8.213486522436141968e-02
8.230038732290267944e-02
8.106852322816848755e-02
8.226384967565536499e-02
7.991223037242889404e-02
7.984904944896697998e-02
8.041631430387496948e-02
7.998726516962051392e-02
8.084204792976379395e-02
7.900787889957427979e-02
7.983850687742233276e-02
7.997919619083404541e-02
7.744680345058441162e-02
7.837444543838500977e-02
7.765503227710723877e-02
7.793499529361724854e-02
7.760873436927795410e-02
7.803024351596832275e-02
7.688097655773162842e-02
7.795943319797515869e-02
7.659795135259628296e-02
7.668082416057586670e-02
7.576512545347213745e-02
7.620613276958465576e-02
7.771269232034683228e-02
7.605988532304763794e-02
7.628626376390457153e-02
7.680751383304595947e-02
7.641436159610748291e-02
7.537938654422760010e-02
7.495092600584030151e-02
7.448921352624893188e-02
7.451093196868896484e-02
7.438753545284271240e-02
7.591250538825988770e-02
7.441549003124237061e-02
7.384099066257476807e-02
7.455736398696899414e-02
7.393619418144226074e-02
7.446514070034027100e-02
7.427442073822021484e-02
7.313404977321624756e-02
7.276845723390579224e-02
7.297313213348388672e-02
7.243537902832031250e-02
7.273115217685699463e-02
7.257183641195297241e-02
7.021220773458480835e-02
7.136967033147811890e-02
7.058069854974746704e-02
7.193212211132049561e-02
7.037316262722015381e-02
7.205241173505783081e-02
7.108025252819061279e-02
7.281580567359924316e-02
7.204358279705047607e-02
7.078778743743896484e-02
6.998424232006072998e-02
7.043975591659545898e-02
7.020136713981628418e-02
6.943048536777496338e-02
6.964278221130371094e-02
6.821262836456298828e-02
6.920809298753738403e-02
6.863054633140563965e-02
6.877060234546661377e-02
6.966675072908401489e-02
6.890709698200225830e-02
6.889977306127548218e-02
6.845137476921081543e-02
6.882700324058532715e-02
6.714840233325958252e-02
6.780344992876052856e-02
6.750772893428802490e-02
6.679496169090270996e-02
6.728823482990264893e-02
6.767965108156204224e-02
6.968384236097335815e-02
6.773253530263900757e-02
6.675806641578674316e-02
6.629024446010589600e-02
6.709167361259460449e-02
6.589283794164657593e-02
6.608407944440841675e-02
6.537944078445434570e-02
6.612734496593475342e-02
6.561227887868881226e-02
6.460839509963989258e-02
6.605087220668792725e-02
6.590580940246582031e-02
6.562892347574234009e-02
6.589557975530624390e-02
6.535471230745315552e-02
6.427635252475738525e-02
6.475560367107391357e-02
6.447065621614456177e-02
6.502829492092132568e-02
6.492795050144195557e-02
6.393818557262420654e-02
6.427858769893646240e-02
6.533037126064300537e-02
6.318096071481704712e-02
6.373868882656097412e-02
6.431393325328826904e-02
6.303112953901290894e-02
6.402604281902313232e-02
6.262134015560150146e-02
6.252565234899520874e-02
6.279306113719940186e-02
6.260250508785247803e-02
6.337620317935943604e-02
6.304711848497390747e-02
6.156532466411590576e-02
6.255406141281127930e-02
6.156853586435317993e-02
6.254989653825759888e-02
6.118103116750717163e-02
6.140334159135818481e-02
6.157571822404861450e-02
6.154488027095794678e-02
6.092809885740280151e-02
6.073755770921707153e-02
6.217797845602035522e-02
6.202948838472366333e-02
6.216661632061004639e-02
6.128419935703277588e-02
6.043865531682968140e-02
6.064771488308906555e-02
6.092181056737899780e-02
6.054761260747909546e-02
6.048241257667541504e-02
5.965669453144073486e-02
6.004378572106361389e-02
5.874074250459671021e-02
6.012254953384399414e-02
5.963280797004699707e-02
6.016834452748298645e-02
6.022442132234573364e-02
5.961547046899795532e-02
5.902300775051116943e-02
5.919701606035232544e-02
5.861806869506835938e-02
5.830915272235870361e-02
5.920189619064331055e-02
5.852562934160232544e-02
5.917363241314888000e-02
5.847777426242828369e-02
5.683419853448867798e-02
5.851875245571136475e-02
5.968993157148361206e-02
5.846215784549713135e-02
5.784355103969573975e-02
5.759281665086746216e-02
5.891755223274230957e-02
5.763196200132369995e-02
5.858082324266433716e-02
5.757891386747360229e-02
5.793879553675651550e-02
5.672998726367950439e-02
5.843644961714744568e-02
5.700355023145675659e-02
5.669727921485900879e-02
5.667041987180709839e-02
5.694573000073432922e-02
5.756283923983573914e-02
5.678985267877578735e-02
5.619753897190093994e-02
5.615357309579849243e-02
5.616857483983039856e-02
5.629392713308334351e-02
5.632574483752250671e-02
5.601079761981964111e-02
5.660980939865112305e-02
5.722893774509429932e-02
5.576930195093154907e-02
5.591143667697906494e-02
5.685651302337646484e-02
5.593791604042053223e-02
5.499631166458129883e-02
5.538743734359741211e-02
5.499595776200294495e-02
5.518078804016113281e-02
5.457846075296401978e-02
5.503847077488899231e-02
5.415008962154388428e-02
5.548568069934844971e-02
5.470971763134002686e-02
5.603265017271041870e-02
5.459187179803848267e-02
5.367588996887207031e-02
5.531548708677291870e-02
5.453768372535705566e-02
5.462406575679779053e-02
5.459441617131233215e-02
5.471940338611602783e-02
5.451718717813491821e-02
5.477648228406906128e-02
5.395258590579032898e-02
5.371256917715072632e-02
5.466375499963760376e-02
5.456282943487167358e-02
5.434582382440567017e-02
5.438147485256195068e-02
5.487807095050811768e-02
5.380292236804962158e-02
5.379616469144821167e-02
5.365245789289474487e-02
5.376843735575675964e-02
5.367758497595787048e-02
5.354356020689010620e-02
5.435128882527351379e-02
5.423882603645324707e-02
5.361726135015487671e-02
5.381031706929206848e-02
5.260111391544342041e-02
5.318515002727508545e-02
5.347760394215583801e-02
5.371000617742538452e-02
5.272457003593444824e-02
5.314746499061584473e-02
5.213392525911331177e-02
5.336479842662811279e-02
5.275417119264602661e-02
5.356875061988830566e-02
5.229732394218444824e-02
5.233525484800338745e-02
5.271901190280914307e-02
5.292043834924697876e-02
5.324319377541542053e-02
5.203373730182647705e-02
5.176428705453872681e-02
5.227777361869812012e-02
5.149616301059722900e-02
5.268121138215065002e-02
5.234497785568237305e-02
5.213699117302894592e-02
5.232204496860504150e-02
5.129420757293701172e-02
5.284558981657028198e-02
5.182306468486785889e-02
5.344068631529808044e-02
5.240210890769958496e-02
5.155897140502929688e-02
5.205493047833442688e-02
5.220500379800796509e-02
5.127465724945068359e-02
5.151239037513732910e-02
5.087721347808837891e-02
5.112656205892562866e-02
5.223707854747772217e-02
5.110898613929748535e-02
5.157226324081420898e-02
5.117721855640411377e-02
5.199123919010162354e-02
5.117139965295791626e-02
5.103354156017303467e-02
5.113053321838378906e-02
5.022185295820236206e-02
5.065665394067764282e-02
5.137073993682861328e-02
5.097267404198646545e-02
5.102710798382759094e-02
5.114195495843887329e-02
5.064084380865097046e-02
5.106289684772491455e-02
5.129534006118774414e-02
5.025776475667953491e-02
5.044385045766830444e-02
4.948804527521133423e-02
5.002467706799507141e-02
5.063943564891815186e-02
5.064225941896438599e-02
5.063522234559059143e-02
5.031636357307434082e-02
4.917339980602264404e-02
5.007641017436981201e-02
5.020723119378089905e-02
4.954634979367256165e-02
4.956056177616119385e-02
4.997687414288520813e-02
4.982752352952957153e-02
5.006202682852745056e-02
4.970719665288925171e-02
4.962865263223648071e-02
5.037747323513031006e-02
4.946550726890563965e-02
4.964425414800643921e-02
5.034656077623367310e-02
4.943478852510452271e-02
4.953027516603469849e-02
4.968363791704177856e-02
4.935324937105178833e-02
4.948250576853752136e-02
4.964985698461532593e-02
5.049713701009750366e-02
4.871043935418128967e-02
4.888993501663208008e-02
4.944987967610359192e-02
4.866877570748329163e-02
4.913714900612831116e-02
4.927546158432960510e-02
4.918648302555084229e-02
4.942560940980911255e-02
4.875186830759048462e-02
4.858453571796417236e-02
4.900402203202247620e-02
4.819633066654205322e-02
4.889752715826034546e-02
4.890254139900207520e-02
4.936991631984710693e-02
4.867736250162124634e-02
4.851491749286651611e-02
4.855765402317047119e-02
4.897977411746978760e-02
4.901117458939552307e-02
4.877775534987449646e-02
4.786828532814979553e-02
4.900939762592315674e-02
4.833159595727920532e-02
4.812124371528625488e-02
4.814178496599197388e-02
4.886554181575775146e-02
4.868751764297485352e-02
4.741217195987701416e-02
4.801272600889205933e-02
4.815734550356864929e-02
4.742542654275894165e-02
4.746546223759651184e-02
4.767721518874168396e-02
4.889074712991714478e-02
4.810872673988342285e-02
4.781345650553703308e-02
4.763859510421752930e-02
4.774161428213119507e-02
4.797952622175216675e-02
4.772438481450080872e-02
4.775534570217132568e-02
4.770027846097946167e-02
4.751510545611381531e-02
4.762092232704162598e-02
4.779990762472152710e-02
4.838291555643081665e-02
4.793793708086013794e-02
4.684727638959884644e-02
4.823945462703704834e-02
4.760046675801277161e-02
4.804072156548500061e-02
4.768267273902893066e-02
4.753188043832778931e-02
4.666874557733535767e-02
4.715531319379806519e-02
4.752658307552337646e-02
4.729820042848587036e-02
4.783736914396286011e-02
4.706022888422012329e-02
4.645846411585807800e-02
4.731243848800659180e-02
4.655144736170768738e-02
4.758019745349884033e-02
4.700764641165733337e-02
4.640239849686622620e-02
4.676580056548118591e-02
4.599162191152572632e-02
4.655513167381286621e-02
4.715877771377563477e-02
4.661753773689270020e-02
4.689385741949081421e-02
4.647172987461090088e-02
4.600457102060317993e-02
4.638463258743286133e-02
4.616220295429229736e-02
4.648937284946441650e-02
4.622001200914382935e-02
4.592139646410942078e-02
4.641953855752944946e-02
4.597050696611404419e-02
4.648803919553756714e-02
4.608566686511039734e-02
4.605697095394134521e-02
4.642008990049362183e-02
4.565304517745971680e-02
4.606128111481666565e-02
4.630602896213531494e-02
4.630578309297561646e-02
4.595048725605010986e-02
4.566893726587295532e-02
4.611153900623321533e-02
4.544021934270858765e-02
4.613485187292098999e-02
4.587107151746749878e-02
4.572535678744316101e-02
4.638180881738662720e-02
4.596363753080368042e-02
4.577551037073135376e-02
4.548515379428863525e-02
4.584563896059989929e-02
4.594613611698150635e-02
4.603026807308197021e-02
4.608393460512161255e-02
4.585831612348556519e-02
4.588106274604797363e-02
4.540402442216873169e-02
4.540903121232986450e-02
4.540933668613433838e-02
4.526987299323081970e-02
4.562489688396453857e-02
4.488270729780197144e-02
4.601786285638809204e-02
2.611296176910400391e-01
2.567223310470581055e-01
2.549102902412414551e-01
2.574780583381652832e-01
2.531536519527435303e-01
2.553566098213195801e-01
2.532999217510223389e-01
2.512137293815612793e-01
2.530095279216766357e-01
2.497761398553848267e-01
2.520399689674377441e-01
2.494206726551055908e-01
2.499561458826065063e-01
2.487560510635375977e-01
2.492714226245880127e-01
2.473745793104171753e-01
2.485282421112060547e-01
2.487224936485290527e-01
2.458600699901580811e-01
2.492767125368118286e-01
2.468048036098480225e-01
2.473041117191314697e-01
2.465327084064483643e-01
2.455147504806518555e-01
2.451425045728683472e-01
2.431932240724563599e-01
2.421757876873016357e-01
2.421549409627914429e-01
2.428217679262161255e-01
2.460958063602447510e-01
2.446144968271255493e-01
2.417043596506118774e-01
2.427240312099456787e-01
2.428642064332962036e-01
2.423603236675262451e-01
2.419131696224212646e-01
2.426911294460296631e-01
2.423254102468490601e-01
2.412979304790496826e-01
2.417973875999450684e-01
2.411774545907974243e-01
2.401470243930816650e-01
2.396715283393859863e-01
2.388601601123809814e-01
2.404436767101287842e-01
2.403464913368225098e-01
2.387513667345046997e-01
2.392119765281677246e-01
2.391126155853271484e-01
2.415935695171356201e-01
2.408191710710525513e-01
2.378527820110321045e-01
2.398475408554077148e-01
2.398329377174377441e-01
2.402426749467849731e-01
2.417621910572052002e-01
2.380706071853637695e-01
2.368994951248168945e-01
2.377633601427078247e-01
2.392637580633163452e-01
2.386602610349655151e-01
2.386145740747451782e-01
2.375388592481613159e-01
2.387355566024780273e-01
2.364574372768402100e-01
2.368512451648712158e-01
2.364727407693862915e-01
2.361323088407516479e-01
2.363050282001495361e-01
2.392102032899856567e-01
2.353431731462478638e-01
2.348623722791671753e-01
2.373718172311782837e-01
2.366869896650314331e-01
2.369133383035659790e-01
2.355327606201171875e-01
2.335873395204544067e-01
2.365486025810241699e-01
2.364549487829208374e-01
2.329241484403610229e-01
2.338437885046005249e-01
2.356169372797012329e-01
2.379049658775329590e-01
2.393719106912612915e-01
2.348193079233169556e-01
2.340206801891326904e-01
2.360150665044784546e-01
2.315957695245742798e-01
2.369344383478164673e-01
2.340059727430343628e-01
2.323875874280929565e-01
2.346672862768173218e-01
2.339961677789688110e-01
2.330739200115203857e-01
2.338314056396484375e-01
2.319403439760208130e-01
2.327293455600738525e-01
2.351120114326477051e-01
2.355688810348510742e-01
2.329414337873458862e-01
2.320569306612014771e-01
2.327852696180343628e-01
2.313913106918334961e-01
2.331759482622146606e-01
2.324930876493453979e-01
2.323785871267318726e-01
2.324659973382949829e-01
2.327348738908767700e-01
2.316134274005889893e-01
2.319920361042022705e-01
2.315860390663146973e-01
2.313341796398162842e-01
2.337794601917266846e-01
2.299824804067611694e-01
2.298444062471389771e-01
2.294834703207015991e-01
2.299130111932754517e-01
2.304893434047698975e-01
2.301432937383651733e-01
2.307115644216537476e-01
2.320375889539718628e-01
2.306245267391204834e-01
2.288268953561782837e-01
2.293400615453720093e-01
2.321557551622390747e-01
2.307692170143127441e-01
2.295037209987640381e-01
2.309229522943496704e-01
2.314828038215637207e-01
2.319913357496261597e-01
2.287354320287704468e-01
2.304545193910598755e-01
2.300677448511123657e-01
2.292057275772094727e-01
2.298639863729476929e-01
2.292174994945526123e-01
2.309959232807159424e-01
2.276875972747802734e-01
2.265894860029220581e-01
2.296678125858306885e-01
2.301973849534988403e-01
2.293943315744400024e-01
2.280206829309463501e-01
2.296489179134368896e-01
2.265973687171936035e-01
2.301359176635742188e-01
2.284658253192901611e-01
2.279751747846603394e-01
2.287728637456893921e-01
2.271728217601776123e-01
2.267772108316421509e-01
2.276516854763031006e-01
2.285043597221374512e-01
2.282983660697937012e-01
2.265349030494689941e-01
2.249906808137893677e-01
2.262428104877471924e-01
2.267829179763793945e-01
2.280953973531723022e-01
2.286931276321411133e-01
2.281112670898437500e-01
2.259954363107681274e-01
2.253026962280273438e-01
2.269439101219177246e-01
2.256349325180053711e-01
2.282261699438095093e-01
2.261921167373657227e-01
2.265301942825317383e-01
2.273826599121093750e-01
2.258504778146743774e-01
2.253849655389785767e-01
2.255846112966537476e-01
2.259244024753570557e-01
2.280082702636718750e-01
2.269624471664428711e-01
2.240882068872451782e-01
2.258177697658538818e-01
2.264099121093750000e-01
2.260004132986068726e-01
2.255523800849914551e-01
2.239978462457656860e-01
2.285304218530654907e-01
2.250638902187347412e-01
2.254997044801712036e-01
2.253181785345077515e-01
2.263680249452590942e-01
2.263161540031433105e-01
2.252794206142425537e-01
2.255424857139587402e-01
2.249894291162490845e-01
2.248572111129760742e-01
2.254115939140319824e-01
2.244660109281539917e-01
2.234451472759246826e-01
2.243399173021316528e-01
2.211236506700515747e-01
2.228279411792755127e-01
2.229097336530685425e-01
2.271116375923156738e-01
2.235847562551498413e-01
2.244581431150436401e-01
2.234705537557601929e-01
2.237014770507812500e-01
2.226610928773880005e-01
2.240337729454040527e-01
2.224346399307250977e-01
2.226108461618423462e-01
2.240386456251144409e-01
2.223969995975494385e-01
2.235158979892730713e-01
2.215954363346099854e-01
2.237859070301055908e-01
2.190255969762802124e-01
2.251615226268768311e-01
2.226428687572479248e-01
2.238803058862686157e-01
2.231044620275497437e-01
2.182050049304962158e-01
2.213259190320968628e-01
2.211948037147521973e-01
2.217954695224761963e-01
2.241417467594146729e-01
2.221836447715759277e-01
2.217707335948944092e-01
2.221064567565917969e-01
2.228986471891403198e-01
2.206877321004867554e-01
2.216533124446868896e-01
2.195273935794830322e-01
2.208866178989410400e-01
2.190093100070953369e-01
2.198276668787002563e-01
2.199705541133880615e-01
2.231904119253158569e-01
2.213619500398635864e-01
2.194647639989852905e-01
2.196986228227615356e-01
2.214712351560592651e-01
2.191533595323562622e-01
2.223688215017318726e-01
2.198993265628814697e-01
2.199273854494094849e-01
2.218754142522811890e-01
2.207151651382446289e-01
2.207914441823959351e-01
2.222707122564315796e-01
2.206834256649017334e-01
2.191689759492874146e-01
2.202786058187484741e-01
2.196360230445861816e-01
2.180198878049850464e-01
2.197220325469970703e-01
2.212191373109817505e-01
2.181798964738845825e-01
2.220489978790283203e-01
2.197523415088653564e-01
2.186245918273925781e-01
2.174758613109588623e-01
2.207272648811340332e-01
2.197141200304031372e-01
2.209776639938354492e-01
2.205737978219985962e-01
2.165832221508026123e-01
2.175724953413009644e-01
2.183405756950378418e-01
2.198370397090911865e-01
2.186866402626037598e-01
2.221560776233673096e-01
2.195592224597930908e-01
2.197769880294799805e-01
2.176089435815811157e-01
2.199320197105407715e-01
2.189130932092666626e-01
2.177947461605072021e-01
2.205786854028701782e-01
2.182569056749343872e-01
2.201045751571655273e-01
2.177013903856277466e-01
2.182476967573165894e-01
2.190464884042739868e-01
2.203202098608016968e-01
2.182793021202087402e-01
2.190177440643310547e-01
2.194001376628875732e-01
2.180816233158111572e-01
2.190624177455902100e-01
2.189223468303680420e-01
2.159996032714843750e-01
2.176781594753265381e-01
2.182113081216812134e-01
2.167766243219375610e-01
2.175590395927429199e-01
2.170473635196685791e-01
2.173213213682174683e-01
2.171421796083450317e-01
2.178416848182678223e-01
2.173206210136413574e-01
2.189445197582244873e-01
2.188560962677001953e-01
2.173780053853988647e-01
2.190148830413818359e-01
2.183701545000076294e-01
2.172529846429824829e-01
2.170469760894775391e-01
2.168593406677246094e-01
2.154501974582672119e-01
2.175224721431732178e-01
2.144620418548583984e-01
2.183346897363662720e-01
2.145432680845260620e-01
2.166237384080886841e-01
2.175801843404769897e-01
2.166917622089385986e-01
2.172248065471649170e-01
2.177324742078781128e-01
2.169923335313796997e-01
2.180152684450149536e-01
2.173648774623870850e-01
2.157856225967407227e-01
2.177154719829559326e-01
2.170274406671524048e-01
2.132760286331176758e-01
2.157861143350601196e-01
2.131355106830596924e-01
2.163018733263015747e-01
2.167585939168930054e-01
2.139035314321517944e-01
2.139557749032974243e-01
2.146523296833038330e-01
2.157291173934936523e-01
2.153131067752838135e-01
2.150145769119262695e-01
2.139241993427276611e-01
2.157867848873138428e-01
2.130744159221649170e-01
2.137744426727294922e-01
2.160275131464004517e-01
2.133704423904418945e-01
2.136862277984619141e-01
2.135168910026550293e-01
2.134646624326705933e-01
2.154346555471420288e-01
2.137356400489807129e-01
2.156599760055541992e-01
2.174013406038284302e-01
2.153793126344680786e-01
2.154419422149658203e-01
2.146243602037429810e-01
2.172352522611618042e-01
2.160165458917617798e-01
2.171170264482498169e-01
2.150286436080932617e-01
2.143044024705886841e-01
2.154913246631622314e-01
2.136605978012084961e-01
2.150918841361999512e-01
2.153202295303344727e-01
2.136682271957397461e-01
2.156764715909957886e-01
2.150457054376602173e-01
2.137446701526641846e-01
2.157494574785232544e-01
2.119436711072921753e-01
2.141701877117156982e-01
2.148824185132980347e-01
2.156526148319244385e-01
2.134298235177993774e-01
2.110725790262222290e-01
2.147756367921829224e-01
2.131272256374359131e-01
2.131278216838836670e-01
2.146153450012207031e-01
2.128236740827560425e-01
2.132804691791534424e-01
2.111312597990036011e-01
2.130847126245498657e-01
2.140826135873794556e-01
2.139063030481338501e-01
2.125457525253295898e-01
2.137670964002609253e-01
2.131264060735702515e-01
2.122316211462020874e-01
2.095304131507873535e-01
2.119276374578475952e-01
2.150977402925491333e-01
2.142946571111679077e-01
2.113309204578399658e-01
2.145813405513763428e-01
2.090603411197662354e-01
2.128010243177413940e-01
2.127287834882736206e-01
2.114241570234298706e-01
2.118590027093887329e-01
2.108086496591567993e-01
2.128746509552001953e-01
2.131258547306060791e-01
2.100656181573867798e-01
2.124179601669311523e-01
2.120614498853683472e-01
2.094514816999435425e-01
2.110012918710708618e-01
2.141081988811492920e-01
2.097550034523010254e-01
2.127483189105987549e-01
2.114992290735244751e-01
2.122601568698883057e-01
2.094811797142028809e-01
2.132882922887802124e-01
2.113232910633087158e-01
2.107979804277420044e-01
2.093805372714996338e-01
2.125884294509887695e-01
2.134287953376770020e-01
2.147122025489807129e-01
2.106319963932037354e-01
2.124699503183364868e-01
2.114701122045516968e-01
2.134098708629608154e-01
2.080540955066680908e-01
2.077996730804443359e-01
2.122882008552551270e-01
2.112384736537933350e-01
2.114107608795166016e-01
2.123445868492126465e-01
2.110439091920852661e-01
2.124938368797302246e-01
2.104668021202087402e-01
2.088667601346969604e-01
2.107414454221725464e-01
2.109367847442626953e-01
2.101973295211791992e-01
2.111182212829589844e-01
2.081302702426910400e-01
2.105313986539840698e-01
2.113931328058242798e-01
2.102197706699371338e-01
2.116913050413131714e-01
2.116945832967758179e-01
2.115614712238311768e-01
2.097708880901336670e-01
2.101396471261978149e-01
2.098156809806823730e-01
2.088964581489562988e-01
2.078399956226348877e-01
2.112768292427062988e-01
2.100915163755416870e-01
2.114950418472290039e-01
2.104198485612869263e-01
2.109041661024093628e-01
2.099838107824325562e-01
2.119130790233612061e-01
2.112374752759933472e-01
2.101115286350250244e-01
2.082713395357131958e-01
2.103313654661178589e-01
2.084147781133651733e-01
2.114806920289993286e-01
2.106343358755111694e-01
2.074528783559799194e-01
2.105904221534729004e-01
2.082977294921875000e-01
2.096068859100341797e-01
2.121583670377731323e-01
2.089515477418899536e-01
2.086462825536727905e-01
2.107385993003845215e-01
2.092752158641815186e-01
2.072341442108154297e-01
2.105794101953506470e-01
2.104186564683914185e-01
2.104225903749465942e-01
2.091314047574996948e-01
2.092574089765548706e-01
2.088627517223358154e-01
2.107953727245330811e-01
2.092489153146743774e-01
2.086654752492904663e-01
2.061217576265335083e-01
2.108002901077270508e-01
2.084745168685913086e-01
2.072738707065582275e-01
2.089883834123611450e-01
2.059039324522018433e-01
2.095896005630493164e-01
2.085635811090469360e-01
2.066335380077362061e-01
2.069543004035949707e-01
2.108690440654754639e-01
2.096320092678070068e-01
2.080417126417160034e-01
2.067501246929168701e-01
2.082869410514831543e-01
2.081496864557266235e-01
2.049773186445236206e-01
2.088490873575210571e-01
2.088159322738647461e-01
2.084730267524719238e-01
2.073327004909515381e-01
2.073231190443038940e-01
2.103092819452285767e-01
2.053605020046234131e-01
2.085249871015548706e-01
2.069038301706314087e-01
2.069656550884246826e-01
2.065175026655197144e-01
2.057884037494659424e-01
2.064974606037139893e-01
2.088036686182022095e-01
2.069575190544128418e-01
2.064634114503860474e-01
2.051725834608078003e-01
2.080112397670745850e-01
2.069494724273681641e-01
2.119863033294677734e-01
2.072677612304687500e-01
2.083234041929244995e-01
2.077304571866989136e-01
2.095388025045394897e-01
2.088627070188522339e-01
2.059678435325622559e-01
2.078786492347717285e-01
2.068749368190765381e-01
2.075322121381759644e-01
2.083138227462768555e-01
2.078410238027572632e-01
2.090123444795608521e-01
2.088274657726287842e-01
2.074481248855590820e-01
2.068565934896469116e-01
2.075487375259399414e-01
2.083000987768173218e-01
2.036970853805541992e-01
2.061166316270828247e-01
2.070633023977279663e-01
2.040062546730041504e-01
2.064888775348663330e-01
2.063360512256622314e-01
2.065916210412979126e-01
2.056633979082107544e-01
2.085597813129425049e-01
2.087422609329223633e-01
2.058356255292892456e-01
2.043181061744689941e-01
2.070735841989517212e-01
2.056362181901931763e-01
2.067589014768600464e-01
2.060558497905731201e-01
2.081811130046844482e-01
2.066954374313354492e-01
2.060119956731796265e-01
2.051360160112380981e-01
2.046444565057754517e-01
2.036003619432449341e-01
2.019621729850769043e-01
2.075690031051635742e-01
2.050279080867767334e-01
2.031005322933197021e-01
2.069368809461593628e-01
2.087379395961761475e-01
2.052806019783020020e-01
2.056056410074234009e-01
2.061639875173568726e-01
2.043768465518951416e-01
2.049792110919952393e-01
2.066949903964996338e-01
2.065710574388504028e-01
2.067422717809677124e-01
2.043914645910263062e-01
2.057331502437591553e-01
2.032035738229751587e-01
2.060853242874145508e-01
2.055020034313201904e-01
2.055188566446304321e-01
2.045349329710006714e-01
2.070613205432891846e-01
2.050141245126724243e-01
2.051190435886383057e-01
2.059937715530395508e-01
2.042356133460998535e-01
2.046147137880325317e-01
2.030964940786361694e-01
2.049414813518524170e-01
2.040947824716567993e-01
2.051664292812347412e-01
2.044336199760437012e-01
2.049764841794967651e-01
2.041675597429275513e-01
2.043122202157974243e-01
2.040013670921325684e-01
2.062634676694869995e-01
2.047202289104461670e-01
2.065668851137161255e-01
2.047513872385025024e-01
2.030583471059799194e-01
2.015126198530197144e-01
2.054789364337921143e-01
2.073526829481124878e-01
2.022342383861541748e-01
2.044509798288345337e-01
2.040580213069915771e-01
2.046492546796798706e-01
2.044055014848709106e-01
2.069351524114608765e-01
2.018308192491531372e-01
2.051447629928588867e-01
2.040740847587585449e-01
2.037024646997451782e-01
2.007070183753967285e-01
2.029524147510528564e-01
2.044849842786788940e-01
2.053327560424804688e-01
2.041071057319641113e-01
2.037917077541351318e-01
2.021961361169815063e-01
2.019516676664352417e-01
2.048188149929046631e-01
2.010455727577209473e-01
2.018476724624633789e-01
2.022085785865783691e-01
2.042348980903625488e-01
2.044166773557662964e-01
2.039077579975128174e-01
2.033676356077194214e-01
2.043662518262863159e-01
2.016991078853607178e-01
2.039847970008850098e-01
2.000142186880111694e-01
2.029354274272918701e-01
2.019396871328353882e-01
2.033504843711853027e-01
2.003583908081054688e-01
2.025475949048995972e-01
2.017534226179122925e-01
2.057148218154907227e-01
2.040175348520278931e-01
2.041045576333999634e-01
2.030430287122726440e-01
2.063189446926116943e-01
2.013833969831466675e-01
2.033312469720840454e-01
2.040940225124359131e-01
2.044973820447921753e-01
2.020603418350219727e-01
2.024338841438293457e-01
2.026462405920028687e-01
2.024481296539306641e-01
2.016282975673675537e-01
2.043685615062713623e-01
2.012567520141601562e-01
2.022334188222885132e-01
2.029062956571578979e-01
2.038808763027191162e-01
2.036813199520111084e-01
2.012379914522171021e-01
2.001484930515289307e-01
2.027899622917175293e-01
2.020906209945678711e-01
2.075907140970230103e-01
2.037260383367538452e-01
2.035157829523086548e-01
2.022757232189178467e-01
2.037890702486038208e-01
2.009818851947784424e-01
2.022605091333389282e-01
2.016518712043762207e-01
2.004419714212417603e-01
2.044691890478134155e-01
2.019972652196884155e-01
2.018356621265411377e-01
2.024644315242767334e-01
2.037833034992218018e-01
2.033363431692123413e-01
1.992914378643035889e-01
2.037140429019927979e-01
2.016833424568176270e-01
2.010495513677597046e-01
2.013746052980422974e-01
2.037618756294250488e-01
2.030638754367828369e-01
2.002918273210525513e-01
2.019413560628890991e-01
2.008814215660095215e-01
1.979868412017822266e-01
2.007034569978713989e-01
1.989735215902328491e-01
2.031506597995758057e-01
2.002395540475845337e-01
2.027943879365921021e-01
2.013240754604339600e-01
2.014862447977066040e-01
2.009654343128204346e-01
2.013915330171585083e-01
2.008171677589416504e-01
2.028104662895202637e-01
2.028061002492904663e-01
2.012167125940322876e-01
2.013006955385208130e-01
2.008163332939147949e-01
1.972010880708694458e-01
2.026412039995193481e-01
2.006625533103942871e-01
2.034059911966323853e-01
2.005843818187713623e-01
2.000406831502914429e-01
1.999235898256301880e-01
2.034011334180831909e-01
2.008608728647232056e-01
2.019826024770736694e-01
2.011351138353347778e-01
2.009144276380538940e-01
2.004393339157104492e-01
2.024959325790405273e-01
2.036976963281631470e-01
2.021882086992263794e-01
2.000260204076766968e-01
1.999795585870742798e-01
2.015355080366134644e-01
1.989540904760360718e-01
1.996856331825256348e-01
2.007041573524475098e-01
2.018756717443466187e-01
2.011388987302780151e-01
2.002708911895751953e-01
1.983488798141479492e-01
2.011016309261322021e-01
1.986289471387863159e-01
2.016355395317077637e-01
2.035134732723236084e-01
1.987286210060119629e-01
1.964038610458374023e-01
2.003251612186431885e-01
1.996476799249649048e-01
2.007069140672683716e-01
2.002322524785995483e-01
1.981596052646636963e-01
1.996933817863464355e-01
2.002006024122238159e-01
1.991031765937805176e-01
2.002213597297668457e-01
2.009986191987991333e-01
1.989782005548477173e-01
2.010116279125213623e-01
1.993648260831832886e-01
1.994291990995407104e-01
1.994252353906631470e-01
1.999459415674209595e-01
2.006895244121551514e-01
1.991322189569473267e-01
1.980246752500534058e-01
2.000000178813934326e-01
1.987924724817276001e-01
1.991002559661865234e-01
2.009798884391784668e-01
2.010082304477691650e-01
2.004396021366119385e-01
1.997112333774566650e-01
1.996006518602371216e-01
1.971576660871505737e-01
2.001310288906097412e-01
2.005340903997421265e-01
2.018074244260787964e-01
1.992214471101760864e-01
1.992627829313278198e-01
1.997941434383392334e-01
1.989236623048782349e-01
1.998840868473052979e-01
1.977414339780807495e-01
1.982348263263702393e-01
1.997795999050140381e-01
1.995090842247009277e-01
1.984652727842330933e-01
2.017946094274520874e-01
1.975024491548538208e-01
1.988925486803054810e-01
1.989767104387283325e-01
1.982993632555007935e-01
1.992700845003128052e-01
1.972862035036087036e-01
2.006937712430953979e-01
1.986094564199447632e-01
1.980808973312377930e-01
1.960562914609909058e-01
1.996037662029266357e-01
1.989074498414993286e-01
1.967038661241531372e-01
1.990747600793838501e-01
2.014347016811370850e-01
1.967260688543319702e-01
2.003630697727203369e-01
1.969839334487915039e-01
1.980233490467071533e-01
1.982231736183166504e-01
1.970923691987991333e-01
1.987590938806533813e-01
1.979395151138305664e-01
1.994793862104415894e-01
1.973321288824081421e-01
1.975028514862060547e-01
1.984503865242004395e-01
1.998122334480285645e-01
