9.054467082023620605e-01
8.973313570022583008e-01
8.905006647109985352e-01
8.836767077445983887e-01
8.758946657180786133e-01
8.669943809509277344e-01
8.571069836616516113e-01
8.461670875549316406e-01
8.315761685371398926e-01
8.164191842079162598e-01
8.001376986503601074e-01
7.845509052276611328e-01
7.587386369705200195e-01
7.335052490234375000e-01
7.066424489021301270e-01
6.834937334060668945e-01
6.540977358818054199e-01
6.230821013450622559e-01
5.956948399543762207e-01
5.647150874137878418e-01
5.419705510139465332e-01
5.207338929176330566e-01
5.009149909019470215e-01
5.083686709403991699e-01
4.998812377452850342e-01
5.357427597045898438e-01
5.355892181396484375e-01
4.873995780944824219e-01
5.101928710937500000e-01
4.893398284912109375e-01
4.877288937568664551e-01
4.613638222217559814e-01
4.546885490417480469e-01
4.568350613117218018e-01
4.445216357707977295e-01
4.484546482563018799e-01
4.435759186744689941e-01
4.526907801628112793e-01
4.423737525939941406e-01
4.404532909393310547e-01
4.428086280822753906e-01
4.354302883148193359e-01
4.434887170791625977e-01
4.303561449050903320e-01
4.252739250659942627e-01
4.298830032348632812e-01
4.190970361232757568e-01
4.222623705863952637e-01
4.187164604663848877e-01
4.160723090171813965e-01
4.142386317253112793e-01
4.216403961181640625e-01
4.086769819259643555e-01
4.076215624809265137e-01
4.011561572551727295e-01
4.158303439617156982e-01
4.118825197219848633e-01
4.008389413356781006e-01
3.971853852272033691e-01
3.987116515636444092e-01
3.931777477264404297e-01
3.932896852493286133e-01
4.015256762504577637e-01
3.928426504135131836e-01
3.884185850620269775e-01
3.866472542285919189e-01
3.843939900398254395e-01
3.863238990306854248e-01
3.819504976272583008e-01
3.849554955959320068e-01
3.734870254993438721e-01
3.798019886016845703e-01
3.880814611911773682e-01
3.830480277538299561e-01
3.743720948696136475e-01
3.733362853527069092e-01
3.656976521015167236e-01
3.692940175533294678e-01
3.724722862243652344e-01
3.732803761959075928e-01
3.668502271175384521e-01
3.621394932270050049e-01
3.672621250152587891e-01
3.665386736392974854e-01
3.652887344360351562e-01
3.624600768089294434e-01
3.615210652351379395e-01
3.606616556644439697e-01
3.596865832805633545e-01
3.589000105857849121e-01
3.622015714645385742e-01
3.590034246444702148e-01
3.592468500137329102e-01
3.545987904071807861e-01
3.585238158702850342e-01
3.568631112575531006e-01
3.507983684539794922e-01
3.503836393356323242e-01
3.518894910812377930e-01
3.499478995800018311e-01
3.506380617618560791e-01
3.488812148571014404e-01
3.469008505344390869e-01
3.496499657630920410e-01
3.495303392410278320e-01
3.425542116165161133e-01
3.434925675392150879e-01
3.425946831703186035e-01
3.436701297760009766e-01
3.405559360980987549e-01
3.412451744079589844e-01
3.437910377979278564e-01
3.393538296222686768e-01
3.397805094718933105e-01
3.414379656314849854e-01
3.402477502822875977e-01
3.354860544204711914e-01
3.390603661537170410e-01
3.378974795341491699e-01
3.314057886600494385e-01
3.353801071643829346e-01
3.319519460201263428e-01
3.330355882644653320e-01
3.310537338256835938e-01
3.287754058837890625e-01
3.329928517341613770e-01
3.316306173801422119e-01
3.280714750289916992e-01
3.320780396461486816e-01
3.294392526149749756e-01
3.305398821830749512e-01
3.271056413650512695e-01
3.250531554222106934e-01
3.262134492397308350e-01
3.239336311817169189e-01
3.286890685558319092e-01
3.234153389930725098e-01
3.239586353302001953e-01
3.224670886993408203e-01
3.204238712787628174e-01
3.216551244258880615e-01
3.210472166538238525e-01
3.195696771144866943e-01
3.189431428909301758e-01
3.141873180866241455e-01
3.163338601589202881e-01
3.149083852767944336e-01
3.149637579917907715e-01
3.156346678733825684e-01
3.146324753761291504e-01
3.169243037700653076e-01
3.165552914142608643e-01
3.161458075046539307e-01
3.135123848915100098e-01
3.127812445163726807e-01
3.102877438068389893e-01
3.106001019477844238e-01
3.122698664665222168e-01
3.080449104309082031e-01
3.070672154426574707e-01
3.077751696109771729e-01
3.056203424930572510e-01
3.084790408611297607e-01
3.066926896572113037e-01
3.070674240589141846e-01
3.102585971355438232e-01
3.054099678993225098e-01
3.021516203880310059e-01
3.040581047534942627e-01
3.039728999137878418e-01
2.994057238101959229e-01
3.076100051403045654e-01
3.020302653312683105e-01
3.018930554389953613e-01
3.042267262935638428e-01
2.999339103698730469e-01
2.989737093448638916e-01
3.013014495372772217e-01
3.010168075561523438e-01
2.996442615985870361e-01
3.003947436809539795e-01
2.992445230484008789e-01
2.980166971683502197e-01
2.954157888889312744e-01
2.995700538158416748e-01
2.997098267078399658e-01
2.972236871719360352e-01
2.942947447299957275e-01
2.954276800155639648e-01
2.917159199714660645e-01
2.956063151359558105e-01
2.926710247993469238e-01
2.923978269100189209e-01
2.937234044075012207e-01
2.909101843833923340e-01
2.912889719009399414e-01
2.928642928600311279e-01
2.893865108489990234e-01
2.939828932285308838e-01
2.890982031822204590e-01
2.889387011528015137e-01
2.876964211463928223e-01
2.892379164695739746e-01
2.909267842769622803e-01
2.866726517677307129e-01
2.868115305900573730e-01
2.853744924068450928e-01
2.886004745960235596e-01
2.821093499660491943e-01
2.790370583534240723e-01
2.821170389652252197e-01
2.814354300498962402e-01
2.833945155143737793e-01
2.820213437080383301e-01
2.802160680294036865e-01
2.816041111946105957e-01
2.807732820510864258e-01
2.794530987739562988e-01
2.787738442420959473e-01
2.815156877040863037e-01
2.761506438255310059e-01
2.779371142387390137e-01
2.808546721935272217e-01
2.771036326885223389e-01
2.807659506797790527e-01
2.751443684101104736e-01
2.740645110607147217e-01
2.749573588371276855e-01
2.765284180641174316e-01
2.769698202610015869e-01
2.794640064239501953e-01
2.722137868404388428e-01
2.750223278999328613e-01
2.744958996772766113e-01
2.755544483661651611e-01
2.747223675251007080e-01
2.729260027408599854e-01
2.773386538028717041e-01
2.701135575771331787e-01
2.754463255405426025e-01
2.709160447120666504e-01
2.724282741546630859e-01
2.716845870018005371e-01
2.705878913402557373e-01
2.719947695732116699e-01
2.747786939144134521e-01
2.686946392059326172e-01
2.693471908569335938e-01
2.661173939704895020e-01
2.684776484966278076e-01
2.701272666454315186e-01
2.700084149837493896e-01
2.666847407817840576e-01
2.625322341918945312e-01
2.681348919868469238e-01
2.669150829315185547e-01
2.647140026092529297e-01
2.691930532455444336e-01
2.654124200344085693e-01
2.656461596488952637e-01
2.633963525295257568e-01
2.649529576301574707e-01
2.656360268592834473e-01
2.631044983863830566e-01
2.621432542800903320e-01
2.657411098480224609e-01
2.625339925289154053e-01
2.629927396774291992e-01
2.597080767154693604e-01
2.590520977973937988e-01
2.591507434844970703e-01
2.616576254367828369e-01
2.623811662197113037e-01
2.636794745922088623e-01
2.607792317867279053e-01
2.593046426773071289e-01
2.601749300956726074e-01
2.609760165214538574e-01
2.586590349674224854e-01
2.602037787437438965e-01
2.586610317230224609e-01
2.589949667453765869e-01
2.587044239044189453e-01
2.585648596286773682e-01
2.575989067554473877e-01
2.562076151371002197e-01
2.572622001171112061e-01
2.560949623584747314e-01
2.549638152122497559e-01
2.536241412162780762e-01
2.551678419113159180e-01
2.540766894817352295e-01
2.560889124870300293e-01
2.558220624923706055e-01
2.563524246215820312e-01
2.540855109691619873e-01
2.517662942409515381e-01
2.520579695701599121e-01
2.553400993347167969e-01
2.510209977626800537e-01
2.534812688827514648e-01
2.539000809192657471e-01
2.520958483219146729e-01
2.513659894466400146e-01
2.502847313880920410e-01
2.514472603797912598e-01
2.493146955966949463e-01
2.490772455930709839e-01
2.515191435813903809e-01
2.514311373233795166e-01
2.502000033855438232e-01
2.493700832128524780e-01
2.466937005519866943e-01
2.506705224514007568e-01
2.509243488311767578e-01
2.502163052558898926e-01
2.484367936849594116e-01
2.508536279201507568e-01
2.464841157197952271e-01
2.473827004432678223e-01
2.479940950870513916e-01
2.499395459890365601e-01
2.448269128799438477e-01
2.472803592681884766e-01
2.460912466049194336e-01
2.476963847875595093e-01
2.464831769466400146e-01
2.465879619121551514e-01
2.443325817584991455e-01
2.459811419248580933e-01
2.428904324769973755e-01
2.473397701978683472e-01
2.446616291999816895e-01
2.425155490636825562e-01
2.442236244678497314e-01
2.437234818935394287e-01
2.429513484239578247e-01
2.445590645074844360e-01
2.430195808410644531e-01
2.402026206254959106e-01
2.425550222396850586e-01
2.436992079019546509e-01
2.415886521339416504e-01
2.421933859586715698e-01
2.429045140743255615e-01
2.402782887220382690e-01
2.429138571023941040e-01
2.410417497158050537e-01
2.454498857259750366e-01
2.425697445869445801e-01
2.408878654241561890e-01
2.409146130084991455e-01
2.424620538949966431e-01
2.390332520008087158e-01
2.399574071168899536e-01
2.421086281538009644e-01
2.415978759527206421e-01
2.383458316326141357e-01
2.408191263675689697e-01
2.355968952178955078e-01
2.385106235742568970e-01
2.381177395582199097e-01
2.410150021314620972e-01
2.379090338945388794e-01
2.335670292377471924e-01
2.357961833477020264e-01
2.372413873672485352e-01
2.386035621166229248e-01
2.379667609930038452e-01
2.365770190954208374e-01
2.364041805267333984e-01
2.385952472686767578e-01
2.366664260625839233e-01
2.356998324394226074e-01
2.347642332315444946e-01
2.403286248445510864e-01
2.352925688028335571e-01
2.372485697269439697e-01
2.361088693141937256e-01
2.349942773580551147e-01
2.360796928405761719e-01
2.343463599681854248e-01
2.341261804103851318e-01
2.366510778665542603e-01
2.347039282321929932e-01
2.341597676277160645e-01
2.338438779115676880e-01
2.350596189498901367e-01
2.371461391448974609e-01
2.325451523065567017e-01
2.342664152383804321e-01
2.306994199752807617e-01
2.334134727716445923e-01
2.316427230834960938e-01
2.343644648790359497e-01
2.319460064172744751e-01
2.337296456098556519e-01
2.313908934593200684e-01
2.316407412290573120e-01
2.348993271589279175e-01
2.326485067605972290e-01
2.334615290164947510e-01
2.315115183591842651e-01
2.330045104026794434e-01
2.311096638441085815e-01
2.294650375843048096e-01
2.289549112319946289e-01
2.343986928462982178e-01
2.306134551763534546e-01
2.316110432147979736e-01
2.303044945001602173e-01
2.314969748258590698e-01
2.299609780311584473e-01
2.314008772373199463e-01
2.288923114538192749e-01
2.258318066596984863e-01
2.277959287166595459e-01
2.307635545730590820e-01
2.317121475934982300e-01
2.315734773874282837e-01
2.278149127960205078e-01
2.287362068891525269e-01
2.251250445842742920e-01
2.269195467233657837e-01
2.269590049982070923e-01
2.281157523393630981e-01
2.278843820095062256e-01
2.275711297988891602e-01
2.260561436414718628e-01
2.254867106676101685e-01
2.267231494188308716e-01
2.291728407144546509e-01
2.271787226200103760e-01
2.259524762630462646e-01
2.249947041273117065e-01
2.235351502895355225e-01
2.266172617673873901e-01
2.263097167015075684e-01
2.263120263814926147e-01
2.234584987163543701e-01
2.273254096508026123e-01
2.257890999317169189e-01
2.263973206281661987e-01
2.265865206718444824e-01
2.242252230644226074e-01
2.276209145784378052e-01
2.251700758934020996e-01
2.269638031721115112e-01
2.236219644546508789e-01
2.240286916494369507e-01
2.241786718368530273e-01
2.245603799819946289e-01
2.232303619384765625e-01
2.257510423660278320e-01
2.244683057069778442e-01
2.237848788499832153e-01
2.261379808187484741e-01
2.244319468736648560e-01
2.239397764205932617e-01
2.239784896373748779e-01
2.214934825897216797e-01
2.242366522550582886e-01
2.217843085527420044e-01
2.221944034099578857e-01
2.232516258955001831e-01
2.223107814788818359e-01
2.236401140689849854e-01
2.231981307268142700e-01
2.207772582769393921e-01
2.219184935092926025e-01
2.237361967563629150e-01
2.216440290212631226e-01
2.222559750080108643e-01
2.205662131309509277e-01
2.211330085992813110e-01
2.231010049581527710e-01
2.203103154897689819e-01
2.226508110761642456e-01
2.210164517164230347e-01
2.225714623928070068e-01
2.203673273324966431e-01
2.218537628650665283e-01
2.202163487672805786e-01
2.204591482877731323e-01
2.230291515588760376e-01
2.192886173725128174e-01
2.212847024202346802e-01
2.212828695774078369e-01
2.201499491930007935e-01
2.211705595254898071e-01
2.201398611068725586e-01
2.168854475021362305e-01
2.189113199710845947e-01
2.200465947389602661e-01
2.205154746770858765e-01
2.174248099327087402e-01
2.177528291940689087e-01
2.179726958274841309e-01
2.171576470136642456e-01
2.181829661130905151e-01
2.431818097829818726e-01
2.423558384180068970e-01
2.427264750003814697e-01
2.403168827295303345e-01
2.394859194755554199e-01
2.425905019044876099e-01
2.412229180335998535e-01
2.391569167375564575e-01
2.413390725851058960e-01
2.429450154304504395e-01
2.401815950870513916e-01
2.403721809387207031e-01
2.387139052152633667e-01
2.405462563037872314e-01
2.394338399171829224e-01
2.445455789566040039e-01
2.412648051977157593e-01
2.433693408966064453e-01
2.398396283388137817e-01
2.376397103071212769e-01
2.406739294528961182e-01
2.383889704942703247e-01
2.429438680410385132e-01
2.402567267417907715e-01
2.413234561681747437e-01
2.398217171430587769e-01
2.388135790824890137e-01
2.409078031778335571e-01
2.351115047931671143e-01
2.375026643276214600e-01
2.358519285917282104e-01
2.402104437351226807e-01
2.384364157915115356e-01
2.380443215370178223e-01
2.399356663227081299e-01
2.403554469347000122e-01
2.350987493991851807e-01
2.363508045673370361e-01
2.357453256845474243e-01
2.377331554889678955e-01
2.348077446222305298e-01
2.396622300148010254e-01
2.366786003112792969e-01
2.387072294950485229e-01
2.378969639539718628e-01
2.355309128761291504e-01
2.360294014215469360e-01
2.349830120801925659e-01
2.358524352312088013e-01
2.395280003547668457e-01
2.357737720012664795e-01
2.356419861316680908e-01
2.382704615592956543e-01
2.364332377910614014e-01
2.393241971731185913e-01
2.361088842153549194e-01
2.389916628599166870e-01
2.369333356618881226e-01
2.351506203413009644e-01
2.379151135683059692e-01
2.362897098064422607e-01
2.373706698417663574e-01
2.344317436218261719e-01
2.370214760303497314e-01
2.370717078447341919e-01
2.344584167003631592e-01
2.351750284433364868e-01
2.357487976551055908e-01
2.350175529718399048e-01
2.351752966642379761e-01
2.358869612216949463e-01
2.338301241397857666e-01
2.383534014225006104e-01
2.336314320564270020e-01
2.349694073200225830e-01
2.356142103672027588e-01
2.331138402223587036e-01
2.321102470159530640e-01
2.357369512319564819e-01
2.339933514595031738e-01
2.342178523540496826e-01
2.339015156030654907e-01
2.329392582178115845e-01
2.365532964468002319e-01
2.297589033842086792e-01
2.345990389585494995e-01
2.334318161010742188e-01
2.346402704715728760e-01
2.357071638107299805e-01
2.338946163654327393e-01
2.289884686470031738e-01
2.321312427520751953e-01
2.312075495719909668e-01
2.336578667163848877e-01
2.333025187253952026e-01
2.337562590837478638e-01
2.305625826120376587e-01
2.341878414154052734e-01
2.342609167098999023e-01
2.310368120670318604e-01
2.313520163297653198e-01
2.342897951602935791e-01
2.326279282569885254e-01
2.322347760200500488e-01
2.304033786058425903e-01
2.288068383932113647e-01
2.315225452184677124e-01
2.332027107477188110e-01
2.341582924127578735e-01
2.332472950220108032e-01
2.306084632873535156e-01
2.316002696752548218e-01
2.303811311721801758e-01
2.334603518247604370e-01
2.284900993108749390e-01
2.327801138162612915e-01
2.317061275243759155e-01
2.314810901880264282e-01
2.308719307184219360e-01
2.296829521656036377e-01
2.280648499727249146e-01
2.286422252655029297e-01
2.311983853578567505e-01
2.276547700166702271e-01
2.323301285505294800e-01
2.301436811685562134e-01
2.319391071796417236e-01
2.323115170001983643e-01
2.288411706686019897e-01
2.282320111989974976e-01
2.321942746639251709e-01
2.283374667167663574e-01
2.302367985248565674e-01
2.303749620914459229e-01
2.265882194042205811e-01
2.289999723434448242e-01
2.285111546516418457e-01
2.291801571846008301e-01
2.292139828205108643e-01
2.268124967813491821e-01
2.291588485240936279e-01
2.252629250288009644e-01
2.308626621961593628e-01
2.292289286851882935e-01
2.299001514911651611e-01
2.279281765222549438e-01
2.263730168342590332e-01
2.265097647905349731e-01
2.296536266803741455e-01
2.278841286897659302e-01
2.255585789680480957e-01
2.287183701992034912e-01
2.255722433328628540e-01
2.261885553598403931e-01
2.278799861669540405e-01
2.261812984943389893e-01
2.276861220598220825e-01
2.281976193189620972e-01
2.282583564519882202e-01
2.266382575035095215e-01
2.271270751953125000e-01
2.282052636146545410e-01
2.237785160541534424e-01
2.243724763393402100e-01
2.229540497064590454e-01
2.285887300968170166e-01
2.283503413200378418e-01
2.268454283475875854e-01
2.258140444755554199e-01
2.284507006406784058e-01
2.237684130668640137e-01
2.266806513071060181e-01
2.279784530401229858e-01
2.245362997055053711e-01
2.250157892704010010e-01
2.256910204887390137e-01
2.267776131629943848e-01
2.268015444278717041e-01
2.257084250450134277e-01
2.211961448192596436e-01
2.280507981777191162e-01
2.245077937841415405e-01
2.256093472242355347e-01
2.227639108896255493e-01
2.259752005338668823e-01
2.239769250154495239e-01
2.270063906908035278e-01
2.262714952230453491e-01
2.266842424869537354e-01
2.225861698389053345e-01
2.234382927417755127e-01
2.248306721448898315e-01
2.258214056491851807e-01
2.239673137664794922e-01
2.240612506866455078e-01
2.227161228656768799e-01
2.214805483818054199e-01
2.244647890329360962e-01
2.226134240627288818e-01
2.221530973911285400e-01
2.258479446172714233e-01
2.232587039470672607e-01
2.242422401905059814e-01
2.213911861181259155e-01
2.234275341033935547e-01
2.250983417034149170e-01
2.240400910377502441e-01
2.222447097301483154e-01
2.221545279026031494e-01
2.234187722206115723e-01
2.262616157531738281e-01
2.224361449480056763e-01
2.214801609516143799e-01
2.198420614004135132e-01
2.245839089155197144e-01
2.230689376592636108e-01
2.225265353918075562e-01
2.232240885496139526e-01
2.203874886035919189e-01
2.224008738994598389e-01
2.228526920080184937e-01
2.216162830591201782e-01
2.221816927194595337e-01
2.237521409988403320e-01
2.217348068952560425e-01
2.225996702909469604e-01
2.209081947803497314e-01
2.202801704406738281e-01
2.213011682033538818e-01
2.203802317380905151e-01
2.199301272630691528e-01
2.222283482551574707e-01
2.215649038553237915e-01
2.207660824060440063e-01
2.191357016563415527e-01
2.184202671051025391e-01
2.180383354425430298e-01
2.200336009263992310e-01
2.181168347597122192e-01
2.206846326589584351e-01
2.191445976495742798e-01
2.220104187726974487e-01
2.203775346279144287e-01
2.173851877450942993e-01
2.201799452304840088e-01
2.189614325761795044e-01
2.197008579969406128e-01
2.179489880800247192e-01
2.215045392513275146e-01
2.202749848365783691e-01
2.197063863277435303e-01
2.211930006742477417e-01
2.194897234439849854e-01
2.188787013292312622e-01
2.212423831224441528e-01
2.205711007118225098e-01
2.194448113441467285e-01
2.201490402221679688e-01
2.188375145196914673e-01
2.211526632308959961e-01
2.187318652868270874e-01
2.183116078376770020e-01
2.233972996473312378e-01
2.185790836811065674e-01
2.200659215450286865e-01
2.185836881399154663e-01
2.169388979673385620e-01
2.195713371038436890e-01
2.182769179344177246e-01
2.196898311376571655e-01
2.150526195764541626e-01
2.195279300212860107e-01
2.194519340991973877e-01
2.194656282663345337e-01
2.210616767406463623e-01
2.179117053747177124e-01
2.185173928737640381e-01
2.202359288930892944e-01
2.175306528806686401e-01
2.182662785053253174e-01
2.167054414749145508e-01
2.170642912387847900e-01
2.170857936143875122e-01
2.153825014829635620e-01
2.182290703058242798e-01
2.168007194995880127e-01
2.188425213098526001e-01
2.171805351972579956e-01
2.154143303632736206e-01
2.173302322626113892e-01
2.199961692094802856e-01
2.193255573511123657e-01
2.183392792940139771e-01
2.174256592988967896e-01
2.161397337913513184e-01
2.143385559320449829e-01
2.145334631204605103e-01
2.169331163167953491e-01
2.150861173868179321e-01
2.167118936777114868e-01
2.164366394281387329e-01
2.161229699850082397e-01
2.174324840307235718e-01
2.155279666185379028e-01
2.154754996299743652e-01
2.160474658012390137e-01
2.136671692132949829e-01
2.154494225978851318e-01
2.167413234710693359e-01
2.149769365787506104e-01
2.169203311204910278e-01
2.144943326711654663e-01
2.156104147434234619e-01
2.145617455244064331e-01
2.145764827728271484e-01
2.153127193450927734e-01
2.172018587589263916e-01
2.148363739252090454e-01
2.176724225282669067e-01
2.149942219257354736e-01
2.158435881137847900e-01
2.159206122159957886e-01
2.165338546037673950e-01
2.140898257493972778e-01
2.153563201427459717e-01
2.128598242998123169e-01
2.140483707189559937e-01
2.165412902832031250e-01
2.156195193529129028e-01
2.154681235551834106e-01
2.148734927177429199e-01
2.156107425689697266e-01
2.153778970241546631e-01
2.125695198774337769e-01
2.157499939203262329e-01
2.137897163629531860e-01
2.161776125431060791e-01
2.133609205484390259e-01
2.120770215988159180e-01
2.138508260250091553e-01
2.167157083749771118e-01
2.143338471651077271e-01
2.150602638721466064e-01
2.156016826629638672e-01
2.116577923297882080e-01
2.151289731264114380e-01
2.143212705850601196e-01
2.112713605165481567e-01
2.136531770229339600e-01
2.133003622293472290e-01
2.138014435768127441e-01
2.112630456686019897e-01
2.152822315692901611e-01
2.137738019227981567e-01
2.132313102483749390e-01
2.145797163248062134e-01
2.134320139884948730e-01
2.134092450141906738e-01
2.128128409385681152e-01
2.109985351562500000e-01
2.127337753772735596e-01
2.145974785089492798e-01
2.106290906667709351e-01
2.137964814901351929e-01
2.117384225130081177e-01
2.103765457868576050e-01
2.143015265464782715e-01
2.133928686380386353e-01
2.125672847032546997e-01
2.126020342111587524e-01
2.136228680610656738e-01
2.136185765266418457e-01
2.137403339147567749e-01
2.125712186098098755e-01
2.128264904022216797e-01
2.122993469238281250e-01
2.142990827560424805e-01
2.120219022035598755e-01
2.124228626489639282e-01
2.138052284717559814e-01
2.144637256860733032e-01
2.134448736906051636e-01
2.131626009941101074e-01
2.135775685310363770e-01
2.127207666635513306e-01
2.113422602415084839e-01
2.093965411186218262e-01
2.123836278915405273e-01
2.137041240930557251e-01
2.124342918395996094e-01
2.120833992958068848e-01
2.138838022947311401e-01
2.128730267286300659e-01
2.121553868055343628e-01
2.115591168403625488e-01
2.103301286697387695e-01
2.100737243890762329e-01
2.120387852191925049e-01
2.131793051958084106e-01
2.109019160270690918e-01
2.120397984981536865e-01
2.141980081796646118e-01
2.109381705522537231e-01
2.098667472600936890e-01
2.083660066127777100e-01
2.103233933448791504e-01
2.124890536069869995e-01
2.102489769458770752e-01
2.090843915939331055e-01
2.116593718528747559e-01
2.097462117671966553e-01
2.124328911304473877e-01
2.087423652410507202e-01
2.101470232009887695e-01
2.127675414085388184e-01
2.109416425228118896e-01
2.097780704498291016e-01
2.111396193504333496e-01
2.130097895860671997e-01
2.104246914386749268e-01
2.105995565652847290e-01
2.109676599502563477e-01
2.091107666492462158e-01
2.093027383089065552e-01
2.098644226789474487e-01
2.097873240709304810e-01
2.112584710121154785e-01
2.089410424232482910e-01
2.092785835266113281e-01
2.078055590391159058e-01
2.106008827686309814e-01
2.082359790802001953e-01
2.098427116870880127e-01
2.112094014883041382e-01
2.102963924407958984e-01
2.100569903850555420e-01
2.103352099657058716e-01
2.124668657779693604e-01
2.076159715652465820e-01
2.094715684652328491e-01
2.077331244945526123e-01
2.083026170730590820e-01
2.102669626474380493e-01
2.092067748308181763e-01
2.101860046386718750e-01
2.124918848276138306e-01
2.092649787664413452e-01
2.082200497388839722e-01
2.097377479076385498e-01
2.090681493282318115e-01
2.079323679208755493e-01
2.105681300163269043e-01
2.094013839960098267e-01
2.080245316028594971e-01
2.082545310258865356e-01
2.088568061590194702e-01
2.061779201030731201e-01
2.055563777685165405e-01
2.093795090913772583e-01
2.090936601161956787e-01
2.065726220607757568e-01
2.095060646533966064e-01
2.069511413574218750e-01
2.075232863426208496e-01
2.085216194391250610e-01
2.062067687511444092e-01
2.081491053104400635e-01
2.093891054391860962e-01
2.074658423662185669e-01
2.090953439474105835e-01
2.072414904832839966e-01
2.093985825777053833e-01
2.081948369741439819e-01
2.088099867105484009e-01
2.088300585746765137e-01
2.074840515851974487e-01
2.052361667156219482e-01
2.075169086456298828e-01
2.093811631202697754e-01
2.098069638013839722e-01
2.074171602725982666e-01
2.096952348947525024e-01
2.067690938711166382e-01
2.041310966014862061e-01
2.073965072631835938e-01
2.070957422256469727e-01
2.076112627983093262e-01
2.071897238492965698e-01
2.056175619363784790e-01
2.087694704532623291e-01
2.070768624544143677e-01
2.066040188074111938e-01
2.081892043352127075e-01
2.042901366949081421e-01
2.053609490394592285e-01
2.062451988458633423e-01
2.067385166883468628e-01
2.073300480842590332e-01
2.089007496833801270e-01
2.059783935546875000e-01
2.045446485280990601e-01
2.069296687841415405e-01
2.068712711334228516e-01
2.054041326045989990e-01
2.043947726488113403e-01
2.047714442014694214e-01
2.076644003391265869e-01
2.074682563543319702e-01
2.069500535726547241e-01
2.058837413787841797e-01
2.064179778099060059e-01
2.063419073820114136e-01
2.058294415473937988e-01
2.042441815137863159e-01
2.061850875616073608e-01
2.050958722829818726e-01
2.051062434911727905e-01
2.040868252515792847e-01
2.069365978240966797e-01
2.067543119192123413e-01
2.035241872072219849e-01
2.036840766668319702e-01
2.039922624826431274e-01
2.061285823583602905e-01
2.033840119838714600e-01
2.042120099067687988e-01
2.058695554733276367e-01
2.046960294246673584e-01
2.059970498085021973e-01
2.054394334554672241e-01
2.036270946264266968e-01
2.043740451335906982e-01
2.044654637575149536e-01
2.042176276445388794e-01
2.060336768627166748e-01
2.054217755794525146e-01
2.036289572715759277e-01
2.030956298112869263e-01
2.057535052299499512e-01
2.051409184932708740e-01
2.045368254184722900e-01
2.028802037239074707e-01
2.032417207956314087e-01
2.040902674198150635e-01
2.057217061519622803e-01
2.054795920848846436e-01
2.019442170858383179e-01
2.067877054214477539e-01
2.065128386020660400e-01
2.060416787862777710e-01
2.048504799604415894e-01
2.039002776145935059e-01
2.060454934835433960e-01
2.058281004428863525e-01
2.044171094894409180e-01
2.058732211589813232e-01
2.034696191549301147e-01
2.043020278215408325e-01
2.030214667320251465e-01
2.047330886125564575e-01
2.038113772869110107e-01
2.033920586109161377e-01
2.048127502202987671e-01
2.060746699571609497e-01
2.047245651483535767e-01
2.034385353326797485e-01
2.015309929847717285e-01
2.041161656379699707e-01
2.018321752548217773e-01
2.044817060232162476e-01
2.027998417615890503e-01
2.018914967775344849e-01
2.019995301961898804e-01
2.005365788936614990e-01
2.046866565942764282e-01
2.029018253087997437e-01
2.022394537925720215e-01
2.021578401327133179e-01
2.016937136650085449e-01
2.010201662778854370e-01
2.034370601177215576e-01
2.005118429660797119e-01
2.022015750408172607e-01
2.047781050205230713e-01
2.006563693284988403e-01
2.048303037881851196e-01
2.023962438106536865e-01
2.046125829219818115e-01
2.035334557294845581e-01
2.047192603349685669e-01
2.016326636075973511e-01
2.018806338310241699e-01
2.021050900220870972e-01
2.018073499202728271e-01
2.016530334949493408e-01
2.033944875001907349e-01
1.984054893255233765e-01
2.015140503644943237e-01
2.033411115407943726e-01
2.007029205560684204e-01
2.045031338930130005e-01
2.052230089902877808e-01
1.988046318292617798e-01
2.049832493066787720e-01
2.025191485881805420e-01
2.014046311378479004e-01
2.012785822153091431e-01
1.999610513448715210e-01
2.050546705722808838e-01
2.020097821950912476e-01
2.039569765329360962e-01
1.995049417018890381e-01
2.032112479209899902e-01
2.017963081598281860e-01
1.959432810544967651e-01
2.016427069902420044e-01
2.023319602012634277e-01
2.019704133272171021e-01
2.015582025051116943e-01
2.023331969976425171e-01
1.991222947835922241e-01
2.002184987068176270e-01
1.986556202173233032e-01
1.978154182434082031e-01
2.005167603492736816e-01
2.010220587253570557e-01
2.033598721027374268e-01
2.004704475402832031e-01
2.002944648265838623e-01
2.006779909133911133e-01
2.017988264560699463e-01
1.982306241989135742e-01
1.995529979467391968e-01
1.985266506671905518e-01
1.994779407978057861e-01
1.991871893405914307e-01
2.023253738880157471e-01
2.009659558534622192e-01
1.985998600721359253e-01
1.987380534410476685e-01
2.017678171396255493e-01
1.995720267295837402e-01
1.987559348344802856e-01
2.026330828666687012e-01
1.992931216955184937e-01
1.991514712572097778e-01
1.993538886308670044e-01
2.002731710672378540e-01
2.016504406929016113e-01
2.018070966005325317e-01
1.997173428535461426e-01
1.990795582532882690e-01
1.983804851770401001e-01
2.003189027309417725e-01
2.017494291067123413e-01
1.968480199575424194e-01
2.024375796318054199e-01
1.996807157993316650e-01
1.988597363233566284e-01
1.987006813287734985e-01
2.006082683801651001e-01
1.996089369058609009e-01
1.991725265979766846e-01
1.989038884639739990e-01
1.991328597068786621e-01
2.007410526275634766e-01
1.973433345556259155e-01
1.960055232048034668e-01
1.995619088411331177e-01
1.982452720403671265e-01
1.970847547054290771e-01
1.991137117147445679e-01
1.982588768005371094e-01
2.000774443149566650e-01
2.011254131793975830e-01
2.013915926218032837e-01
1.970932483673095703e-01
1.981623321771621704e-01
1.994578093290328979e-01
1.999752968549728394e-01
1.981491148471832275e-01
1.998076587915420532e-01
1.950176805257797241e-01
1.973359137773513794e-01
2.007483541965484619e-01
1.974161416292190552e-01
1.998504549264907837e-01
1.994450539350509644e-01
1.988239586353302002e-01
1.999208629131317139e-01
1.970988214015960693e-01
1.987200230360031128e-01
1.985701918601989746e-01
1.969257593154907227e-01
2.003021836280822754e-01
1.986652016639709473e-01
1.971464753150939941e-01
1.991037130355834961e-01
1.984291821718215942e-01
1.981271803379058838e-01
1.975664943456649780e-01
1.981471776962280273e-01
2.016273885965347290e-01
1.967652142047882080e-01
1.953966617584228516e-01
1.970486342906951904e-01
1.971790492534637451e-01
2.014000415802001953e-01
1.995062679052352905e-01
1.970116943120956421e-01
1.992404609918594360e-01
1.999600380659103394e-01
1.979260146617889404e-01
1.987991929054260254e-01
1.994447857141494751e-01
1.964777410030364990e-01
1.971559971570968628e-01
1.971392631530761719e-01
1.949802339076995850e-01
2.010992914438247681e-01
1.970795691013336182e-01
1.977303326129913330e-01
2.011548131704330444e-01
2.010177820920944214e-01
1.973079442977905273e-01
1.995986253023147583e-01
1.962128281593322754e-01
1.968664675951004028e-01
1.984157413244247437e-01
1.961544305086135864e-01
1.962550580501556396e-01
1.959400475025177002e-01
1.962016224861145020e-01
1.976098120212554932e-01
1.971186101436614990e-01
1.972834914922714233e-01
1.957305222749710083e-01
1.964138895273208618e-01
1.969202607870101929e-01
1.971539109945297241e-01
1.970588564872741699e-01
1.958355009555816650e-01
1.974116414785385132e-01
1.974418163299560547e-01
1.978444159030914307e-01
1.980966925621032715e-01
1.966486275196075439e-01
1.994000822305679321e-01
1.966589540243148804e-01
1.980874389410018921e-01
1.996650397777557373e-01
1.962379366159439087e-01
1.972610950469970703e-01
1.956569999456405640e-01
1.965776234865188599e-01
1.982397288084030151e-01
1.969734877347946167e-01
1.984358131885528564e-01
1.952173113822937012e-01
1.953277885913848877e-01
1.967305690050125122e-01
1.948444396257400513e-01
1.964544802904129028e-01
1.970297843217849731e-01
1.919726878404617310e-01
1.960870474576950073e-01
1.971404552459716797e-01
1.954530477523803711e-01
1.963803172111511230e-01
1.986477226018905640e-01
1.955420970916748047e-01
1.963300853967666626e-01
1.954324543476104736e-01
1.940800547599792480e-01
1.953184902667999268e-01
1.951179355382919312e-01
1.978723108768463135e-01
1.970542818307876587e-01
1.973375082015991211e-01
1.976970434188842773e-01
1.956511735916137695e-01
1.952449232339859009e-01
1.989113390445709229e-01
1.954962015151977539e-01
1.919011175632476807e-01
1.933622956275939941e-01
1.953005790710449219e-01
1.953156143426895142e-01
1.962196975946426392e-01
1.957577764987945557e-01
1.929986029863357544e-01
1.937575042247772217e-01
1.929366439580917358e-01
1.962504833936691284e-01
1.933771818876266479e-01
1.968259960412979126e-01
1.973319798707962036e-01
1.937819570302963257e-01
1.955239921808242798e-01
1.954557448625564575e-01
1.959819048643112183e-01
1.940994560718536377e-01
1.939677000045776367e-01
1.963747888803482056e-01
1.953388154506683350e-01
1.945054233074188232e-01
1.970915049314498901e-01
1.950529515743255615e-01
1.979918777942657471e-01
1.934650391340255737e-01
1.942720711231231689e-01
1.926631480455398560e-01
1.950702369213104248e-01
1.971357762813568115e-01
1.953194141387939453e-01
1.929038614034652710e-01
1.950457543134689331e-01
1.954717189073562622e-01
1.961294710636138916e-01
1.929210722446441650e-01
1.927258521318435669e-01
1.956639438867568970e-01
1.954426169395446777e-01
1.953579783439636230e-01
1.932333111763000488e-01
1.947833597660064697e-01
1.949008107185363770e-01
1.928779184818267822e-01
1.939970999956130981e-01
1.934281289577484131e-01
1.927415877580642700e-01
1.967480033636093140e-01
1.923902034759521484e-01
1.949627250432968140e-01
1.909196227788925171e-01
1.932623684406280518e-01
1.927175670862197876e-01
1.941306889057159424e-01
1.948109716176986694e-01
1.930843293666839600e-01
1.962078958749771118e-01
1.938524991273880005e-01
1.943058669567108154e-01
1.935040354728698730e-01
1.925828307867050171e-01
1.949510127305984497e-01
1.935575306415557861e-01
1.931731402873992920e-01
1.946660131216049194e-01
1.952098757028579712e-01
1.947803944349288940e-01
1.941989064216613770e-01
1.946444511413574219e-01
1.928769797086715698e-01
1.919877082109451294e-01
1.924078911542892456e-01
1.935563534498214722e-01
1.940024644136428833e-01
1.923116594552993774e-01
1.936745196580886841e-01
1.931360065937042236e-01
1.885927766561508179e-01
1.912691295146942139e-01
1.935615241527557373e-01
1.932750940322875977e-01
1.910129934549331665e-01
1.942537128925323486e-01
1.943044066429138184e-01
1.936091631650924683e-01
1.947653591632843018e-01
1.943559646606445312e-01
1.930386126041412354e-01
1.938214004039764404e-01
1.928045600652694702e-01
1.946968734264373779e-01
1.944645941257476807e-01
1.919960826635360718e-01
1.903321743011474609e-01
1.911427676677703857e-01
1.953680366277694702e-01
1.909503787755966187e-01
1.941501945257186890e-01
1.935355961322784424e-01
1.947113573551177979e-01
1.915089040994644165e-01
1.931422799825668335e-01
1.917111724615097046e-01
1.914155036211013794e-01
1.927037537097930908e-01
1.913393437862396240e-01
1.949178576469421387e-01
1.921101510524749756e-01
1.921969801187515259e-01
1.895192712545394897e-01
1.919821053743362427e-01
1.927318572998046875e-01
1.936691552400588989e-01
1.888711303472518921e-01
1.922268867492675781e-01
1.899614334106445312e-01
1.923648864030838013e-01
1.937160640954971313e-01
1.930739581584930420e-01
1.907913386821746826e-01
1.904918849468231201e-01
1.910607069730758667e-01
1.901560723781585693e-01
1.937051266431808472e-01
1.926895529031753540e-01
1.914263814687728882e-01
1.912786215543746948e-01
1.931560486555099487e-01
1.899957954883575439e-01
1.909166276454925537e-01
1.932095736265182495e-01
1.906009167432785034e-01
1.920185238122940063e-01
1.913954913616180420e-01
1.936158984899520874e-01
1.925402432680130005e-01
1.911096125841140747e-01
1.916186958551406860e-01
1.914077848196029663e-01
1.941002458333969116e-01
1.915319859981536865e-01
1.929939091205596924e-01
1.928075253963470459e-01
1.900541931390762329e-01
1.903465688228607178e-01
1.901938319206237793e-01
1.946402788162231445e-01
1.922175437211990356e-01
1.879947930574417114e-01
1.902852952480316162e-01
1.933297663927078247e-01
1.937938630580902100e-01
1.919341683387756348e-01
1.930605918169021606e-01
1.929556429386138916e-01
1.903201043605804443e-01
1.916864663362503052e-01
1.925825923681259155e-01
1.917825490236282349e-01
1.905073374509811401e-01
1.896246820688247681e-01
1.918134689331054688e-01
1.893420815467834473e-01
1.912685334682464600e-01
1.902328580617904663e-01
1.896448880434036255e-01
1.920333057641983032e-01
1.905914694070816040e-01
1.928150206804275513e-01
1.927852779626846313e-01
1.907670497894287109e-01
1.885561943054199219e-01
1.882225126028060913e-01
1.892649978399276733e-01
1.917446702718734741e-01
1.918068677186965942e-01
1.920808255672454834e-01
1.917357891798019409e-01
1.885482817888259888e-01
1.912838816642761230e-01
1.916084289550781250e-01
1.923575252294540405e-01
1.880401819944381714e-01
1.903954297304153442e-01
1.897344142198562622e-01
1.919669806957244873e-01
1.904418319463729858e-01
1.920492947101593018e-01
1.893308758735656738e-01
1.897498965263366699e-01
1.907777041196823120e-01
1.881059110164642334e-01
1.906832754611968994e-01
1.924494355916976929e-01
1.891760826110839844e-01
1.887611597776412964e-01
1.888228952884674072e-01
1.910780668258666992e-01
1.912146806716918945e-01
1.895557343959808350e-01
1.919410228729248047e-01
1.915000826120376587e-01
1.905442178249359131e-01
1.878892034292221069e-01
1.913417279720306396e-01
1.917876303195953369e-01
1.899199038743972778e-01
1.919029206037521362e-01
1.918456405401229858e-01
1.921124458312988281e-01
1.919688731431961060e-01
1.882090419530868530e-01
1.877700090408325195e-01
1.910145431756973267e-01
1.902692317962646484e-01
1.889017969369888306e-01
