9.654622673988342285e-01
9.571318030357360840e-01
9.481403827667236328e-01
9.388612508773803711e-01
9.288220405578613281e-01
9.154577255249023438e-01
9.028148055076599121e-01
8.886505961418151855e-01
8.692902326583862305e-01
8.518191576004028320e-01
8.290597200393676758e-01
8.062697052955627441e-01
7.813106179237365723e-01
7.550821900367736816e-01
7.267366647720336914e-01
6.951875090599060059e-01
6.635077595710754395e-01
6.305061578750610352e-01
6.136997342109680176e-01
5.807037949562072754e-01
5.601252913475036621e-01
5.488955378532409668e-01
5.346658825874328613e-01
5.362451076507568359e-01
5.359523892402648926e-01
5.226498246192932129e-01
5.305268764495849609e-01
5.489933490753173828e-01
5.204703807830810547e-01
5.133306384086608887e-01
5.150942802429199219e-01
4.895540773868560791e-01
4.850949943065643311e-01
4.794518649578094482e-01
4.837301671504974365e-01
4.683966934680938721e-01
4.743632972240447998e-01
4.786605238914489746e-01
4.672377109527587891e-01
4.622386097908020020e-01
4.647372961044311523e-01
4.616774916648864746e-01
4.488030672073364258e-01
4.477814733982086182e-01
4.454698562622070312e-01
4.384458661079406738e-01
4.383906722068786621e-01
4.432255923748016357e-01
4.392022788524627686e-01
4.318362772464752197e-01
4.391824007034301758e-01
4.281146228313446045e-01
4.403645396232604980e-01
4.205790460109710693e-01
4.215238094329833984e-01
4.170844256877899170e-01
4.146750867366790771e-01
4.227330684661865234e-01
4.113100469112396240e-01
4.141339659690856934e-01
4.103890359401702881e-01
4.071845710277557373e-01
4.042754471302032471e-01
4.068050384521484375e-01
4.023293852806091309e-01
4.066500663757324219e-01
4.003701806068420410e-01
3.974515795707702637e-01
3.957240283489227295e-01
3.961323201656341553e-01
3.938888907432556152e-01
3.967843949794769287e-01
3.897070288658142090e-01
3.939713835716247559e-01
3.870905935764312744e-01
3.900804519653320312e-01
3.848030269145965576e-01
3.819728195667266846e-01
3.842975199222564697e-01
3.808071315288543701e-01
3.809458613395690918e-01
3.852611780166625977e-01
3.824343681335449219e-01
3.785653114318847656e-01
3.735410273075103760e-01
3.739797472953796387e-01
3.764477372169494629e-01
3.730534017086029053e-01
3.730347752571105957e-01
3.690983057022094727e-01
3.719960153102874756e-01
3.690543770790100098e-01
3.691535294055938721e-01
3.654002547264099121e-01
3.654255270957946777e-01
3.663526475429534912e-01
3.630823493003845215e-01
3.624910116195678711e-01
3.649698495864868164e-01
3.573309183120727539e-01
3.588641881942749023e-01
3.568323552608489990e-01
3.618040084838867188e-01
3.627940416336059570e-01
3.571179509162902832e-01
3.550358414649963379e-01
3.609385192394256592e-01
3.582207858562469482e-01
3.566231429576873779e-01
3.503826558589935303e-01
3.536490201950073242e-01
3.517808020114898682e-01
3.555826246738433838e-01
3.549643158912658691e-01
3.535799682140350342e-01
3.485408723354339600e-01
3.462499678134918213e-01
3.493486642837524414e-01
3.466266691684722900e-01
3.449530303478240967e-01
3.455334603786468506e-01
3.527549207210540771e-01
3.421079814434051514e-01
3.462197482585906982e-01
3.396642804145812988e-01
3.423293828964233398e-01
3.417377471923828125e-01
3.439185023307800293e-01
3.393616676330566406e-01
3.396823704242706299e-01
3.339632749557495117e-01
3.389749228954315186e-01
3.403379023075103760e-01
3.384988903999328613e-01
3.307742476463317871e-01
3.359093070030212402e-01
3.356432914733886719e-01
3.323897719383239746e-01
3.390590250492095947e-01
3.362671732902526855e-01
3.330651819705963135e-01
3.261189460754394531e-01
3.306115567684173584e-01
3.281585276126861572e-01
3.302973806858062744e-01
3.303521275520324707e-01
3.293769657611846924e-01
3.291232883930206299e-01
3.283205628395080566e-01
3.295457661151885986e-01
3.270082473754882812e-01
3.260594010353088379e-01
3.253141641616821289e-01
3.226639628410339355e-01
3.237885236740112305e-01
3.249413073062896729e-01
3.230192065238952637e-01
3.237064182758331299e-01
3.224364221096038818e-01
3.266904950141906738e-01
3.228490352630615234e-01
3.218728303909301758e-01
3.205661475658416748e-01
3.208493590354919434e-01
3.247659802436828613e-01
3.144966959953308105e-01
3.157121241092681885e-01
3.146037161350250244e-01
3.182164728641510010e-01
3.156895041465759277e-01
3.173872530460357666e-01
3.164230287075042725e-01
3.158489763736724854e-01
3.119026124477386475e-01
3.092081248760223389e-01
3.123038709163665771e-01
3.129792213439941406e-01
3.123857975006103516e-01
3.099695444107055664e-01
3.155771791934967041e-01
3.104939758777618408e-01
3.100530505180358887e-01
3.088890016078948975e-01
3.096448481082916260e-01
3.085901737213134766e-01
3.074586689472198486e-01
3.109184503555297852e-01
3.051694333553314209e-01
3.032500743865966797e-01
3.059684932231903076e-01
3.050392568111419678e-01
3.088348805904388428e-01
3.024075627326965332e-01
3.027281165122985840e-01
3.024470508098602295e-01
3.050074577331542969e-01
3.035439252853393555e-01
3.043605685234069824e-01
3.062443733215332031e-01
3.003247976303100586e-01
2.980244457721710205e-01
3.017608821392059326e-01
2.988336384296417236e-01
3.003984689712524414e-01
2.989280223846435547e-01
2.976498603820800781e-01
2.993578910827636719e-01
2.959227263927459717e-01
3.003719747066497803e-01
2.973426878452301025e-01
2.954021096229553223e-01
2.962455749511718750e-01
2.991283535957336426e-01
2.940100133419036865e-01
2.921416461467742920e-01
2.946180701255798340e-01
2.926830053329467773e-01
2.932235002517700195e-01
2.910748422145843506e-01
2.907917201519012451e-01
2.896701693534851074e-01
2.939376831054687500e-01
2.901863753795623779e-01
2.920327186584472656e-01
2.933123111724853516e-01
2.891206145286560059e-01
2.901321649551391602e-01
3.011014461517333984e-01
2.878834903240203857e-01
2.848278582096099854e-01
2.914304435253143311e-01
2.875228524208068848e-01
2.868104577064514160e-01
2.903529703617095947e-01
2.856349647045135498e-01
2.877243459224700928e-01
2.876203954219818115e-01
2.858793139457702637e-01
2.875856459140777588e-01
2.889148890972137451e-01
2.837181091308593750e-01
2.850793302059173584e-01
2.820391356945037842e-01
2.827770113945007324e-01
2.826993465423583984e-01
2.850294411182403564e-01
2.801468372344970703e-01
2.892601788043975830e-01
2.804575264453887939e-01
2.792708575725555420e-01
2.826688885688781738e-01
2.806598246097564697e-01
2.782965302467346191e-01
2.806960344314575195e-01
2.796908915042877197e-01
2.773643732070922852e-01
2.765818238258361816e-01
2.803386747837066650e-01
2.803098261356353760e-01
2.780874669551849365e-01
2.756401300430297852e-01
2.753635644912719727e-01
2.813567221164703369e-01
2.766211628913879395e-01
2.771287262439727783e-01
2.711096107959747314e-01
2.762983739376068115e-01
2.747935056686401367e-01
2.748716175556182861e-01
2.733850479125976562e-01
2.735623419284820557e-01
2.750611603260040283e-01
2.725293934345245361e-01
2.731277644634246826e-01
2.726396024227142334e-01
2.702651917934417725e-01
2.719989120960235596e-01
2.728988230228424072e-01
2.714859545230865479e-01
2.731550633907318115e-01
2.687184512615203857e-01
2.708255648612976074e-01
2.723581790924072266e-01
2.725712060928344727e-01
2.701025605201721191e-01
2.684358656406402588e-01
2.711277008056640625e-01
2.710312306880950928e-01
2.692520618438720703e-01
2.682822346687316895e-01
2.677202820777893066e-01
2.674826979637145996e-01
2.679544687271118164e-01
2.644087076187133789e-01
2.684088349342346191e-01
2.673161029815673828e-01
2.659907341003417969e-01
2.657280266284942627e-01
2.682153582572937012e-01
2.645979821681976318e-01
2.631455659866333008e-01
2.655031979084014893e-01
2.647726535797119141e-01
2.655568420886993408e-01
2.671652734279632568e-01
2.653861045837402344e-01
2.650684416294097900e-01
2.628334760665893555e-01
2.647005319595336914e-01
2.648738026618957520e-01
2.636305689811706543e-01
2.640594840049743652e-01
2.626435458660125732e-01
2.625418305397033691e-01
2.620405852794647217e-01
2.639081478118896484e-01
2.617137432098388672e-01
2.619450688362121582e-01
2.594492435455322266e-01
2.605944573879241943e-01
2.629429101943969727e-01
2.606208026409149170e-01
2.603758573532104492e-01
2.588382959365844727e-01
2.586784362792968750e-01
2.586452662944793701e-01
2.585086822509765625e-01
2.600705921649932861e-01
2.580932080745697021e-01
2.615601122379302979e-01
2.588991820812225342e-01
2.587046027183532715e-01
2.574914693832397461e-01
2.564859092235565186e-01
2.567294836044311523e-01
2.567653357982635498e-01
2.565257847309112549e-01
2.542385458946228027e-01
2.580821514129638672e-01
2.553209066390991211e-01
2.570499479770660400e-01
2.533081769943237305e-01
2.566664516925811768e-01
2.557099759578704834e-01
2.545088827610015869e-01
2.537775337696075439e-01
2.566073834896087646e-01
2.557411193847656250e-01
2.518809735774993896e-01
2.505520880222320557e-01
2.527762949466705322e-01
2.533786594867706299e-01
2.552727460861206055e-01
2.543613910675048828e-01
2.517149448394775391e-01
2.529227733612060547e-01
2.504405975341796875e-01
2.526666522026062012e-01
2.532472908496856689e-01
2.519751489162445068e-01
2.529680132865905762e-01
2.522003352642059326e-01
2.479735910892486572e-01
2.524543702602386475e-01
2.514052093029022217e-01
2.507648169994354248e-01
2.504668235778808594e-01
2.508274018764495850e-01
2.490116655826568604e-01
2.489682137966156006e-01
2.521906793117523193e-01
2.494536638259887695e-01
2.470992207527160645e-01
2.472824603319168091e-01
2.469950765371322632e-01
2.517048418521881104e-01
2.492612153291702271e-01
2.468274831771850586e-01
2.479906380176544189e-01
2.504888474941253662e-01
2.460627406835556030e-01
2.514125406742095947e-01
2.487303614616394043e-01
2.463295310735702515e-01
2.480282485485076904e-01
2.465840429067611694e-01
2.429161369800567627e-01
2.469461709260940552e-01
2.477782964706420898e-01
2.441918849945068359e-01
2.411769479513168335e-01
2.455441057682037354e-01
2.461811453104019165e-01
2.438771724700927734e-01
2.458220124244689941e-01
2.456724941730499268e-01
2.435262352228164673e-01
2.445220649242401123e-01
2.419480532407760620e-01
2.451182901859283447e-01
2.436731606721878052e-01
2.445922344923019409e-01
2.447169274091720581e-01
2.459429353475570679e-01
2.465404570102691650e-01
2.428848147392272949e-01
2.405426949262619019e-01
2.405322641134262085e-01
2.438718825578689575e-01
2.444768548011779785e-01
2.438094019889831543e-01
2.431807816028594971e-01
2.428549677133560181e-01
2.398823052644729614e-01
2.428163141012191772e-01
2.422977089881896973e-01
2.398662269115447998e-01
2.412135750055313110e-01
2.423387020826339722e-01
2.404487133026123047e-01
2.422804087400436401e-01
2.414835244417190552e-01
2.404020726680755615e-01
2.414088547229766846e-01
2.405094355344772339e-01
2.404654026031494141e-01
2.402702569961547852e-01
2.359938323497772217e-01
2.416904121637344360e-01
2.418597638607025146e-01
2.369989454746246338e-01
2.393044829368591309e-01
2.376582473516464233e-01
2.356627136468887329e-01
2.377801239490509033e-01
2.396949231624603271e-01
2.382475584745407104e-01
2.383913695812225342e-01
2.372824996709823608e-01
2.380201965570449829e-01
2.379228025674819946e-01
2.386612296104431152e-01
2.371508479118347168e-01
2.377009540796279907e-01
2.346208244562149048e-01
2.388844490051269531e-01
2.372490912675857544e-01
2.365911155939102173e-01
2.376273721456527710e-01
2.376389503479003906e-01
2.390450090169906616e-01
2.345534116029739380e-01
2.386388480663299561e-01
2.368554919958114624e-01
2.366230487823486328e-01
2.349678426980972290e-01
2.365761399269104004e-01
2.359782904386520386e-01
2.374812066555023193e-01
2.354230135679244995e-01
2.360474765300750732e-01
2.349713295698165894e-01
2.344756275415420532e-01
2.343156635761260986e-01
2.317179739475250244e-01
2.313199639320373535e-01
2.356050908565521240e-01
2.370736151933670044e-01
2.353320568799972534e-01
2.339487522840499878e-01
2.361268997192382812e-01
2.323248386383056641e-01
2.342425882816314697e-01
2.339512258768081665e-01
2.306645959615707397e-01
2.340482026338577271e-01
2.335614711046218872e-01
2.329348921775817871e-01
2.319992482662200928e-01
2.335137277841567993e-01
2.304098904132843018e-01
2.322222292423248291e-01
2.297205924987792969e-01
2.317344099283218384e-01
2.318929880857467651e-01
2.312945723533630371e-01
2.323132157325744629e-01
2.319337427616119385e-01
2.322148978710174561e-01
2.305555045604705811e-01
2.289074063301086426e-01
2.315588742494583130e-01
2.306289821863174438e-01
2.265156358480453491e-01
2.325794249773025513e-01
2.303781509399414062e-01
2.290802896022796631e-01
2.311316877603530884e-01
2.296077758073806763e-01
2.324184477329254150e-01
2.310573309659957886e-01
2.278037667274475098e-01
2.283945083618164062e-01
2.308098822832107544e-01
2.317661046981811523e-01
2.307032793760299683e-01
2.327413111925125122e-01
2.273122072219848633e-01
2.288142442703247070e-01
2.296647280454635620e-01
2.279616594314575195e-01
2.267818152904510498e-01
2.263617813587188721e-01
2.261246442794799805e-01
2.296195030212402344e-01
2.288363873958587646e-01
2.275883704423904419e-01
2.262277901172637939e-01
2.272057533264160156e-01
2.252749204635620117e-01
2.269635498523712158e-01
2.277398705482482910e-01
2.282521575689315796e-01
2.262529432773590088e-01
2.281512469053268433e-01
2.267269790172576904e-01
2.247371524572372437e-01
2.266463190317153931e-01
2.249064594507217407e-01
2.285920083522796631e-01
2.263823300600051880e-01
2.213220000267028809e-01
2.250591516494750977e-01
2.272014021873474121e-01
2.251633405685424805e-01
2.287213951349258423e-01
2.240934371948242188e-01
2.280810028314590454e-01
2.259892076253890991e-01
2.266468554735183716e-01
2.277157604694366455e-01
2.244340628385543823e-01
2.253449559211730957e-01
2.231932580471038818e-01
2.256889492273330688e-01
2.224086225032806396e-01
2.222222536802291870e-01
2.227569967508316040e-01
2.222430109977722168e-01
2.235365360975265503e-01
2.246944308280944824e-01
2.227011919021606445e-01
2.243083268404006958e-01
2.233396619558334351e-01
2.236680239439010620e-01
2.218172848224639893e-01
2.220669537782669067e-01
2.220515161752700806e-01
2.234068810939788818e-01
2.238597124814987183e-01
2.233115434646606445e-01
2.232532203197479248e-01
2.234655916690826416e-01
2.204930633306503296e-01
2.212226539850234985e-01
2.278016656637191772e-01
2.228857576847076416e-01
2.231278419494628906e-01
2.199222594499588013e-01
2.211535423994064331e-01
2.233503758907318115e-01
2.214227318763732910e-01
2.237785011529922485e-01
2.215517759323120117e-01
2.200411260128021240e-01
2.218562364578247070e-01
2.207379192113876343e-01
2.209997773170471191e-01
2.197997719049453735e-01
2.193290740251541138e-01
2.216442674398422241e-01
2.206317335367202759e-01
2.205954939126968384e-01
2.203267514705657959e-01
2.208973169326782227e-01
2.210015058517456055e-01
2.206250429153442383e-01
2.221979945898056030e-01
2.196822762489318848e-01
2.221889495849609375e-01
2.188418358564376831e-01
2.259394377470016479e-01
2.193497270345687866e-01
2.222001999616622925e-01
2.203052192926406860e-01
2.184021621942520142e-01
2.233300060033798218e-01
2.203122675418853760e-01
2.205288410186767578e-01
2.186689972877502441e-01
2.195745110511779785e-01
2.204136550426483154e-01
2.192446887493133545e-01
2.200223803520202637e-01
2.200365811586380005e-01
2.235777974128723145e-01
2.193833142518997192e-01
2.188028693199157715e-01
2.199883610010147095e-01
2.182413935661315918e-01
2.167382985353469849e-01
2.185930311679840088e-01
2.206249833106994629e-01
2.193616926670074463e-01
2.174308151006698608e-01
2.180964052677154541e-01
2.211271524429321289e-01
2.170692980289459229e-01
2.197176516056060791e-01
2.173743695020675659e-01
2.157932966947555542e-01
2.166911512613296509e-01
2.172925919294357300e-01
2.166468501091003418e-01
2.158381789922714233e-01
2.159404307603836060e-01
2.158182561397552490e-01
2.164257466793060303e-01
2.170858830213546753e-01
2.161790132522583008e-01
2.172696888446807861e-01
2.158365547657012939e-01
2.159130871295928955e-01
2.173282057046890259e-01
2.159646004438400269e-01
2.138732820749282837e-01
2.147895842790603638e-01
2.162449359893798828e-01
2.142082750797271729e-01
2.158801853656768799e-01
2.135678827762603760e-01
2.172697037458419800e-01
2.168544828891754150e-01
2.171929180622100830e-01
2.162598371505737305e-01
2.154302597045898438e-01
2.166012078523635864e-01
2.156320661306381226e-01
2.158838063478469849e-01
2.144175022840499878e-01
2.149953842163085938e-01
2.158983349800109863e-01
2.133862078189849854e-01
2.156195640563964844e-01
2.168292403221130371e-01
2.136136442422866821e-01
2.149435132741928101e-01
2.132936716079711914e-01
2.171945571899414062e-01
2.137312889099121094e-01
2.153170108795166016e-01
2.143570482730865479e-01
2.164574116468429565e-01
2.134947329759597778e-01
2.139891684055328369e-01
2.139622569084167480e-01
2.114232629537582397e-01
2.148595452308654785e-01
2.142772376537322998e-01
2.125686556100845337e-01
2.141115665435791016e-01
2.154522687196731567e-01
2.128305286169052124e-01
2.133854627609252930e-01
2.127581089735031128e-01
2.157666385173797607e-01
2.134516835212707520e-01
2.124633491039276123e-01
2.121171504259109497e-01
2.123727053403854370e-01
2.127351462841033936e-01
2.132154256105422974e-01
2.136098295450210571e-01
2.149884253740310669e-01
2.139391899108886719e-01
2.117854207754135132e-01
2.147000432014465332e-01
2.124201953411102295e-01
2.133041322231292725e-01
2.134235203266143799e-01
2.131064981222152710e-01
2.140289545059204102e-01
2.125298678874969482e-01
2.132874429225921631e-01
2.116949409246444702e-01
2.137239128351211548e-01
2.128467857837677002e-01
2.117099463939666748e-01
2.138027101755142212e-01
2.106779217720031738e-01
2.110883891582489014e-01
2.125316113233566284e-01
2.091867029666900635e-01
2.107601910829544067e-01
2.097998410463333130e-01
2.114042490720748901e-01
2.120222151279449463e-01
2.137635797262191772e-01
2.082650661468505859e-01
2.118685841560363770e-01
2.130857110023498535e-01
2.126819193363189697e-01
2.103566527366638184e-01
2.114417254924774170e-01
2.104629725217819214e-01
2.090183198451995850e-01
2.118920832872390747e-01
2.103552371263504028e-01
2.108206152915954590e-01
2.124236077070236206e-01
2.099549919366836548e-01
2.108083367347717285e-01
2.110221236944198608e-01
2.107823491096496582e-01
2.117008119821548462e-01
2.068890035152435303e-01
2.124198377132415771e-01
2.096427381038665771e-01
2.106448858976364136e-01
2.135000377893447876e-01
2.088936567306518555e-01
2.096329927444458008e-01
2.096509635448455811e-01
2.097489088773727417e-01
2.076015621423721313e-01
2.124529182910919189e-01
2.099531888961791992e-01
2.074402719736099243e-01
2.085469067096710205e-01
2.095708400011062622e-01
2.086072117090225220e-01
2.104642689228057861e-01
2.095100432634353638e-01
2.098450362682342529e-01
2.064501494169235229e-01
2.108834385871887207e-01
2.086543738842010498e-01
2.067483514547348022e-01
2.091382443904876709e-01
2.082405686378479004e-01
2.080395668745040894e-01
2.091880142688751221e-01
2.078536003828048706e-01
2.086199522018432617e-01
2.092010229825973511e-01
2.082904726266860962e-01
2.077635079622268677e-01
2.088464647531509399e-01
2.089248448610305786e-01
2.077058553695678711e-01
2.074515372514724731e-01
2.061776816844940186e-01
2.079519331455230713e-01
2.073919773101806641e-01
2.083184868097305298e-01
2.059553265571594238e-01
2.074480801820755005e-01
2.078534364700317383e-01
2.060269266366958618e-01
2.079557031393051147e-01
2.058883160352706909e-01
2.095954567193984985e-01
2.059641629457473755e-01
2.090188413858413696e-01
2.060673236846923828e-01
2.081061303615570068e-01
2.052916884422302246e-01
2.061110436916351318e-01
2.085542827844619751e-01
2.063182890415191650e-01
2.076626271009445190e-01
2.083220332860946655e-01
2.068813592195510864e-01
2.084966003894805908e-01
2.073922604322433472e-01
2.058707624673843384e-01
2.069618552923202515e-01
2.075941562652587891e-01
2.066641151905059814e-01
2.058618664741516113e-01
2.058191448450088501e-01
2.062447220087051392e-01
2.080369442701339722e-01
2.068684846162796021e-01
2.052865475416183472e-01
2.064544856548309326e-01
2.058843374252319336e-01
2.056703418493270874e-01
2.075145691633224487e-01
2.081480622291564941e-01
2.059887498617172241e-01
2.052710205316543579e-01
2.043366134166717529e-01
2.055595815181732178e-01
2.083870917558670044e-01
2.035309672355651855e-01
2.065506279468536377e-01
2.061462700366973877e-01
2.045585364103317261e-01
2.055209726095199585e-01
2.064382731914520264e-01
2.046049386262893677e-01
2.013253271579742432e-01
2.071231603622436523e-01
2.032480835914611816e-01
2.040388435125350952e-01
2.063275575637817383e-01
2.034267485141754150e-01
2.074411958456039429e-01
2.053795754909515381e-01
2.045230269432067871e-01
2.049722075462341309e-01
2.040262520313262939e-01
2.041150629520416260e-01
2.050228863954544067e-01
2.055934667587280273e-01
2.042089998722076416e-01
2.024365514516830444e-01
2.055507451295852661e-01
2.056004703044891357e-01
2.033072710037231445e-01
2.061380296945571899e-01
2.073290795087814331e-01
2.025917470455169678e-01
2.050907760858535767e-01
2.030770927667617798e-01
2.065095305442810059e-01
2.037410885095596313e-01
2.035363167524337769e-01
2.028640806674957275e-01
2.042241841554641724e-01
2.043452262878417969e-01
2.038757354021072388e-01
2.050375193357467651e-01
2.034118175506591797e-01
2.025656700134277344e-01
2.030077874660491943e-01
2.041301280260086060e-01
2.054255157709121704e-01
2.047682106494903564e-01
2.042315155267715454e-01
2.045429348945617676e-01
2.029932439327239990e-01
2.028815746307373047e-01
2.036325931549072266e-01
2.033040821552276611e-01
2.027028948068618774e-01
2.037847936153411865e-01
2.037998884916305542e-01
2.024740278720855713e-01
2.023054361343383789e-01
2.030713111162185669e-01
2.048962861299514771e-01
2.034753859043121338e-01
2.027662843465805054e-01
2.042712122201919556e-01
2.031405717134475708e-01
2.035233825445175171e-01
2.020744085311889648e-01
2.053157538175582886e-01
2.025828212499618530e-01
2.037409543991088867e-01
2.017643451690673828e-01
1.994726061820983887e-01
2.042416185140609741e-01
2.020704299211502075e-01
2.038893848657608032e-01
2.009390145540237427e-01
2.017443478107452393e-01
2.016418576240539551e-01
2.012994140386581421e-01
2.021313160657882690e-01
2.004333138465881348e-01
2.041468620300292969e-01
2.018120884895324707e-01
2.010319679975509644e-01
2.033790200948715210e-01
2.024524807929992676e-01
2.000355422496795654e-01
2.026345580816268921e-01
2.030397355556488037e-01
2.022519856691360474e-01
2.028416097164154053e-01
2.016351222991943359e-01
2.006929665803909302e-01
2.044313102960586548e-01
2.024631798267364502e-01
1.984858810901641846e-01
2.023591548204421997e-01
1.989664286375045776e-01
2.028299868106842041e-01
2.020068019628524780e-01
2.022526413202285767e-01
1.985218375921249390e-01
2.021529227495193481e-01
2.028149068355560303e-01
2.020789682865142822e-01
2.021007239818572998e-01
2.012235373258590698e-01
1.996484249830245972e-01
2.016709893941879272e-01
2.001927793025970459e-01
2.019078880548477173e-01
1.987484544515609741e-01
2.029691636562347412e-01
2.013664245605468750e-01
1.993656158447265625e-01
1.996951401233673096e-01
1.981501579284667969e-01
2.008674442768096924e-01
2.002277374267578125e-01
2.014674842357635498e-01
2.002608180046081543e-01
1.994603425264358521e-01
2.000640183687210083e-01
1.996422260999679565e-01
1.984096616506576538e-01
2.001263201236724854e-01
1.989835798740386963e-01
2.026372253894805908e-01
1.985069364309310913e-01
1.990703940391540527e-01
2.010445296764373779e-01
1.976610273122787476e-01
1.995770037174224854e-01
2.016905248165130615e-01
1.978833526372909546e-01
1.982236951589584351e-01
1.974979788064956665e-01
1.986111402511596680e-01
1.993181556463241577e-01
2.024940699338912964e-01
2.006689310073852539e-01
2.007235437631607056e-01
1.985234022140502930e-01
1.974836140871047974e-01
1.987837255001068115e-01
1.986624598503112793e-01
1.981766372919082642e-01
2.003188878297805786e-01
1.972883939743041992e-01
1.966561675071716309e-01
1.981537938117980957e-01
2.004993259906768799e-01
2.005078941583633423e-01
1.989161968231201172e-01
1.984712332487106323e-01
1.983858346939086914e-01
1.974462568759918213e-01
1.969107687473297119e-01
1.997204869985580444e-01
1.984180510044097900e-01
1.969669014215469360e-01
1.982165724039077759e-01
1.964973956346511841e-01
1.978761702775955200e-01
1.986215859651565552e-01
1.958705782890319824e-01
1.998215615749359131e-01
1.966136693954467773e-01
1.991472393274307251e-01
1.989781856536865234e-01
1.983409672975540161e-01
1.978232711553573608e-01
1.957036405801773071e-01
1.988564133644104004e-01
1.984892487525939941e-01
1.979755014181137085e-01
1.979938298463821411e-01
1.989290565252304077e-01
1.974489986896514893e-01
1.979390382766723633e-01
1.998348236083984375e-01
1.972397565841674805e-01
2.000492811203002930e-01
1.990316063165664673e-01
1.978650391101837158e-01
2.007969021797180176e-01
1.980795860290527344e-01
1.965252161026000977e-01
1.968576908111572266e-01
1.955266296863555908e-01
1.970505863428115845e-01
1.964486539363861084e-01
2.009305655956268311e-01
1.993886232376098633e-01
1.970574408769607544e-01
1.970982551574707031e-01
1.990435421466827393e-01
1.952574998140335083e-01
1.982204020023345947e-01
1.980739533901214600e-01
1.958574205636978149e-01
1.980765610933303833e-01
1.961342394351959229e-01
1.986717879772186279e-01
1.980213373899459839e-01
1.964709311723709106e-01
1.967190355062484741e-01
1.963484436273574829e-01
1.971594244241714478e-01
1.966037154197692871e-01
1.967621147632598877e-01
1.974961012601852417e-01
1.962773948907852173e-01
1.973333060741424561e-01
1.959230303764343262e-01
1.954581588506698608e-01
1.978507936000823975e-01
1.976300030946731567e-01
1.980877816677093506e-01
1.971433907747268677e-01
1.973641663789749146e-01
1.946554034948348999e-01
1.966372877359390259e-01
1.978958994150161743e-01
1.970980614423751831e-01
1.961169391870498657e-01
1.974271684885025024e-01
1.949207931756973267e-01
1.942353099584579468e-01
1.971998214721679688e-01
1.958743333816528320e-01
1.965350061655044556e-01
1.965421736240386963e-01
1.955356001853942871e-01
1.964344084262847900e-01
1.955101639032363892e-01
1.962077468633651733e-01
1.968725770711898804e-01
1.948399245738983154e-01
1.959475725889205933e-01
1.937046796083450317e-01
1.953645795583724976e-01
1.965571790933609009e-01
1.975591331720352173e-01
1.954466998577117920e-01
1.955253481864929199e-01
1.954574733972549438e-01
1.960532963275909424e-01
1.940545439720153809e-01
1.969885826110839844e-01
1.958651989698410034e-01
1.956055462360382080e-01
1.951727122068405151e-01
1.950416564941406250e-01
1.947020143270492554e-01
1.962646394968032837e-01
1.962733417749404907e-01
1.973743885755538940e-01
1.949642598628997803e-01
1.933643072843551636e-01
1.958578974008560181e-01
1.947346180677413940e-01
1.956943571567535400e-01
1.957707405090332031e-01
1.930632293224334717e-01
1.957656443119049072e-01
1.946441531181335449e-01
1.954627931118011475e-01
1.929550170898437500e-01
1.943115293979644775e-01
1.938181966543197632e-01
1.944677084684371948e-01
1.931373476982116699e-01
1.939332038164138794e-01
1.942507028579711914e-01
1.952247172594070435e-01
1.934434622526168823e-01
1.932849735021591187e-01
1.935203224420547485e-01
1.960401535034179688e-01
1.947601288557052612e-01
1.941938102245330811e-01
1.931878179311752319e-01
1.949018388986587524e-01
1.939997524023056030e-01
1.949615776538848877e-01
1.935802698135375977e-01
1.942095309495925903e-01
1.946666389703750610e-01
1.956764310598373413e-01
1.931646615266799927e-01
1.934262961149215698e-01
1.948298811912536621e-01
1.922544538974761963e-01
1.954300552606582642e-01
1.931519955396652222e-01
1.932787597179412842e-01
1.959432959556579590e-01
1.949662268161773682e-01
1.937384158372879028e-01
1.917477846145629883e-01
1.934427320957183838e-01
1.936893463134765625e-01
1.903754770755767822e-01
1.944387853145599365e-01
1.931693404912948608e-01
1.942172646522521973e-01
1.952855288982391357e-01
1.933093369007110596e-01
1.946015208959579468e-01
1.947548389434814453e-01
1.938298791646957397e-01
1.932443976402282715e-01
1.947370320558547974e-01
1.932533830404281616e-01
1.916370689868927002e-01
1.952510476112365723e-01
1.955911368131637573e-01
1.928395926952362061e-01
1.908938884735107422e-01
1.921982020139694214e-01
1.944352984428405762e-01
1.908001452684402466e-01
1.933745145797729492e-01
1.928460150957107544e-01
1.908105164766311646e-01
1.919005066156387329e-01
1.932069361209869385e-01
1.915910989046096802e-01
1.944213807582855225e-01
1.928658038377761841e-01
1.909752786159515381e-01
1.936802715063095093e-01
1.935541480779647827e-01
1.918325275182723999e-01
1.920456141233444214e-01
1.936164200305938721e-01
1.929087936878204346e-01
1.911846846342086792e-01
1.913953721523284912e-01
1.920402944087982178e-01
1.937844455242156982e-01
1.925488859415054321e-01
1.922586560249328613e-01
1.917029619216918945e-01
1.920703351497650146e-01
1.941627264022827148e-01
1.912419945001602173e-01
1.935763508081436157e-01
1.925487369298934937e-01
1.915742307901382446e-01
1.924562454223632812e-01
1.929003745317459106e-01
1.928119957447052002e-01
1.915260106325149536e-01
1.898591071367263794e-01
1.894114911556243896e-01
1.934139877557754517e-01
1.908198297023773193e-01
1.917039453983306885e-01
1.928458660840988159e-01
1.916050761938095093e-01
1.905630677938461304e-01
1.927035003900527954e-01
1.909274756908416748e-01
1.929404884576797485e-01
1.916474252939224243e-01
1.914268881082534790e-01
1.911370307207107544e-01
1.898498535156250000e-01
1.909456998109817505e-01
1.910782903432846069e-01
1.926624774932861328e-01
1.937827467918395996e-01
1.918026357889175415e-01
1.904096156358718872e-01
1.903826296329498291e-01
1.918949037790298462e-01
1.880095005035400391e-01
1.916080564260482788e-01
1.900717765092849731e-01
1.915722042322158813e-01
1.920967549085617065e-01
1.902761012315750122e-01
1.887910664081573486e-01
1.927005797624588013e-01
1.913819909095764160e-01
1.912867277860641479e-01
1.884521096944808960e-01
1.905075162649154663e-01
1.921776086091995239e-01
1.925855726003646851e-01
1.915515661239624023e-01
1.902105808258056641e-01
1.905735731124877930e-01
1.919750124216079712e-01
1.868149638175964355e-01
1.897942870855331421e-01
1.922070384025573730e-01
1.916822791099548340e-01
1.901155859231948853e-01
1.905205845832824707e-01
1.891456395387649536e-01
1.911071836948394775e-01
1.902616769075393677e-01
1.909882873296737671e-01
1.883129030466079712e-01
1.918002814054489136e-01
1.898438036441802979e-01
1.902010440826416016e-01
1.889595687389373779e-01
1.898941993713378906e-01
1.905017942190170288e-01
1.894153058528900146e-01
1.903446167707443237e-01
1.902525126934051514e-01
1.901909112930297852e-01
1.896802484989166260e-01
1.895619332790374756e-01
1.900462806224822998e-01
1.904198974370956421e-01
1.885464787483215332e-01
1.892510950565338135e-01
1.917015016078948975e-01
1.921354383230209351e-01
1.875498145818710327e-01
1.877383142709732056e-01
1.913076192140579224e-01
1.893931925296783447e-01
1.898897141218185425e-01
1.903071552515029907e-01
1.910612732172012329e-01
1.905662119388580322e-01
1.907406151294708252e-01
1.908648461103439331e-01
1.905052512884140015e-01
1.895983070135116577e-01
1.870913803577423096e-01
1.914943903684616089e-01
1.903628408908843994e-01
1.905382275581359863e-01
1.913510262966156006e-01
1.897981017827987671e-01
1.899705827236175537e-01
1.906799525022506714e-01
1.894128918647766113e-01
1.907890737056732178e-01
1.881017237901687622e-01
1.906087696552276611e-01
1.886736005544662476e-01
1.886749267578125000e-01
1.902252435684204102e-01
1.881107091903686523e-01
1.885737627744674683e-01
1.908230036497116089e-01
1.862723976373672485e-01
1.890138387680053711e-01
1.895914822816848755e-01
1.918040066957473755e-01
1.890797615051269531e-01
1.891853809356689453e-01
1.895970404148101807e-01
1.890887618064880371e-01
1.892301440238952637e-01
1.898600012063980103e-01
1.887995451688766479e-01
1.888103634119033813e-01
1.905785799026489258e-01
1.883305311203002930e-01
1.892171055078506470e-01
1.879363805055618286e-01
1.899671256542205811e-01
1.867821067571640015e-01
1.877257823944091797e-01
1.891877204179763794e-01
1.888157725334167480e-01
1.856594234704971313e-01
1.908749639987945557e-01
1.886774450540542603e-01
1.863671243190765381e-01
1.888455748558044434e-01
1.874287128448486328e-01
1.890557855367660522e-01
1.889965385198593140e-01
1.880336552858352661e-01
1.889493167400360107e-01
1.882972419261932373e-01
1.886145621538162231e-01
1.886295378208160400e-01
1.863776147365570068e-01
1.878224611282348633e-01
1.876505315303802490e-01
1.892802715301513672e-01
1.885922700166702271e-01
1.886724829673767090e-01
1.884423047304153442e-01
1.873829066753387451e-01
1.860172152519226074e-01
1.900855600833892822e-01
1.895469427108764648e-01
1.902468651533126831e-01
1.872359216213226318e-01
1.870215833187103271e-01
1.881910562515258789e-01
1.872319877147674561e-01
1.898084580898284912e-01
1.882860958576202393e-01
1.895250082015991211e-01
1.890617609024047852e-01
1.894468665122985840e-01
1.872126609086990356e-01
1.901840716600418091e-01
1.877977848052978516e-01
1.896641850471496582e-01
1.894657164812088013e-01
1.884177327156066895e-01
1.885740756988525391e-01
1.869597733020782471e-01
1.871950328350067139e-01
1.889054477214813232e-01
1.877989172935485840e-01
1.876220107078552246e-01
1.885630786418914795e-01
1.887257397174835205e-01
1.882459074258804321e-01
1.881681382656097412e-01
1.880256831645965576e-01
1.859349906444549561e-01
1.846920251846313477e-01
1.872844099998474121e-01
1.850503981113433838e-01
1.885879635810852051e-01
1.877823472023010254e-01
1.884903609752655029e-01
1.869496703147888184e-01
1.900522261857986450e-01
1.861982345581054688e-01
1.874834299087524414e-01
1.895846277475357056e-01
1.856458783149719238e-01
1.872951984405517578e-01
1.867976486682891846e-01
1.866474151611328125e-01
1.889507621526718140e-01
1.867538094520568848e-01
1.882192939519882202e-01
1.879726499319076538e-01
1.872354596853256226e-01
1.875863224267959595e-01
1.861518174409866333e-01
1.879938691854476929e-01
1.870424151420593262e-01
1.893683522939682007e-01
1.867470890283584595e-01
1.881821304559707642e-01
1.877284646034240723e-01
1.863875389099121094e-01
1.893588155508041382e-01
1.864096969366073608e-01
1.894823610782623291e-01
1.877251118421554565e-01
1.884021162986755371e-01
1.866590082645416260e-01
1.857293695211410522e-01
1.867872923612594604e-01
1.880029290914535522e-01
1.865053921937942505e-01
1.879526674747467041e-01
1.863164901733398438e-01
1.878812015056610107e-01
1.848000735044479370e-01
1.865300834178924561e-01
1.891492754220962524e-01
1.878597289323806763e-01
1.878917813301086426e-01
1.867690533399581909e-01
1.856989860534667969e-01
1.849574446678161621e-01
1.855855286121368408e-01
1.864734739065170288e-01
1.871000677347183228e-01
1.865664571523666382e-01
1.853064000606536865e-01
1.847572028636932373e-01
1.852596402168273926e-01
1.840473115444183350e-01
1.844559311866760254e-01
1.857667863368988037e-01
1.859808117151260376e-01
1.851263195276260376e-01
1.877238899469375610e-01
1.883918195962905884e-01
1.858696788549423218e-01
1.859411150217056274e-01
1.859781295061111450e-01
1.855156421661376953e-01
1.869323849678039551e-01
1.856368184089660645e-01
1.868284940719604492e-01
1.877056956291198730e-01
1.855510771274566650e-01
1.869606673717498779e-01
1.855976134538650513e-01
1.840592473745346069e-01
1.847178041934967041e-01
1.841413676738739014e-01
1.879891306161880493e-01
1.866942942142486572e-01
1.856929212808609009e-01
1.875321269035339355e-01
1.866133362054824829e-01
1.848698705434799194e-01
1.860097646713256836e-01
1.888160258531570435e-01
1.839815080165863037e-01
1.869120448827743530e-01
1.864134520292282104e-01
1.846580654382705688e-01
1.858481913805007935e-01
1.836851984262466431e-01
1.836943775415420532e-01
1.848355531692504883e-01
1.850425302982330322e-01
1.856050044298171997e-01
1.868316829204559326e-01
1.846598684787750244e-01
1.849705278873443604e-01
1.863380223512649536e-01
1.864798963069915771e-01
1.862673163414001465e-01
1.835238337516784668e-01
1.880845278501510620e-01
1.854227334260940552e-01
1.864078342914581299e-01
1.859661638736724854e-01
1.859823614358901978e-01
1.862951070070266724e-01
1.846061646938323975e-01
1.850172877311706543e-01
1.859657168388366699e-01
1.860064119100570679e-01
1.853392869234085083e-01
1.848099231719970703e-01
1.861791908740997314e-01
1.855787932872772217e-01
1.872122436761856079e-01
1.839531511068344116e-01
1.851586997509002686e-01
1.850412636995315552e-01
1.855085045099258423e-01
1.858173906803131104e-01
1.870104670524597168e-01
1.838757395744323730e-01
1.867738068103790283e-01
1.834838390350341797e-01
1.833147704601287842e-01
1.843374073505401611e-01
1.844396591186523438e-01
1.850081086158752441e-01
1.858148723840713501e-01
1.861633211374282837e-01
1.842651963233947754e-01
1.839309483766555786e-01
1.837863624095916748e-01
1.853029131889343262e-01
1.837617754936218262e-01
1.845640391111373901e-01
1.845812797546386719e-01
1.825150698423385620e-01
1.838681250810623169e-01
1.848686933517456055e-01
1.842160224914550781e-01
1.859353482723236084e-01
1.866098046302795410e-01
1.854347735643386841e-01
1.832124739885330200e-01
1.858282387256622314e-01
1.852495074272155762e-01
1.822586506605148315e-01
1.842360943555831909e-01
1.843139380216598511e-01
1.864448487758636475e-01
1.825421452522277832e-01
1.868608593940734863e-01
1.835490018129348755e-01
1.844422221183776855e-01
1.856782585382461548e-01
1.838508993387222290e-01
1.851790845394134521e-01
1.828606277704238892e-01
1.829957962036132812e-01
1.831258833408355713e-01
1.852175295352935791e-01
1.823564022779464722e-01
1.833678930997848511e-01
1.864913702011108398e-01
1.870638728141784668e-01
1.843249052762985229e-01
