1.504894986152648828e+00
1.122495200634002765e+00
9.709312891960144576e-01
8.669994682073592918e-01
8.073962628841400146e-01
7.574400866031646418e-01
6.935596886277198836e-01
6.079155534505844560e-01
6.116777861118316562e-01
5.946359175443649558e-01
5.940568193793296370e-01
5.789084005355834561e-01
5.865162736177444991e-01
5.589510485529899375e-01
4.905564117431640558e-01
4.737254592776298789e-01
4.678997853398322859e-01
4.762833377718925232e-01
4.868626031279563726e-01
4.739769297838211104e-01
4.813975599408149564e-01
5.325858348608016879e-01
5.455056458711624590e-01
5.598238429427147000e-01
5.646338686347007751e-01
5.376910993456840426e-01
5.509457707405089888e-01
5.353311136364936607e-01
3.386398507654667100e-01
3.425708112120628424e-01
3.444149290025234067e-01
3.617411310970783389e-01
3.769973789155482979e-01
3.741305245459079498e-01
3.609279519319534280e-01
1.983087849617004295e-01
2.044180328398942925e-01
2.016339033842086681e-01
2.190260975062847115e-01
2.407743891328573138e-01
2.638264250010252110e-01
2.509778476506471789e-01
1.426820888742804661e-01
1.310998139530420437e-01
1.439853839576244465e-01
1.723810325749218497e-01
1.769005852937698409e-01
1.960508272796869234e-01
1.888794723525643315e-01
1.080624587088823280e-01
1.046641752682626186e-01
1.167455743625760017e-01
1.379286606237292157e-01
1.378866402804851399e-01
1.563677404075861088e-01
1.484829730913043155e-01
9.767976168543100746e-02
1.007334216218441769e-01
1.087539949454367216e-01
1.140560507029294984e-01
1.280244977213442215e-01
1.200933367758989373e-01
1.229568466544151278e-01
8.042903477326035500e-02
9.066051155328751221e-02
9.050969713367522373e-02
8.917610597796737926e-02
1.160197391547262702e-01
1.139596084784716412e-01
1.192052773945033589e-01
8.911260541295633331e-02
7.769732450135052870e-02
1.017919719778001275e-01
9.829470052383840195e-02
8.947199820540845117e-02
9.666569582186639031e-02
1.044372018799185758e-01
6.491666150745004082e-02
6.829917293041944115e-02
7.775103956460953369e-02
8.080343940760940924e-02
8.716374567011371532e-02
1.185017328057438174e-01
9.061082876753062676e-02
7.457324135582893421e-02
6.712025157641619832e-02
8.743188022170216012e-02
8.329479230567812809e-02
8.549911083653569110e-02
7.784463199321180193e-02
9.622557297348975636e-02
6.239176745060831530e-02
8.814694690052420067e-02
7.002993168542161195e-02
7.631736597977578640e-02
7.745036136358976475e-02
8.567903475370258759e-02
8.935272102011367068e-02
6.011610250454395982e-02
6.126071493607014584e-02
7.155746206175535307e-02
7.543682708637788892e-02
7.398713144939392250e-02
7.595445207552983802e-02
8.340703097172080804e-02
