1.063897774219513037e+00
6.778339147567749023e-01
5.441378784179687900e-01
4.401694387197494507e-01
3.898602685332298035e-01
3.619727671146392711e-01
3.381475274264812425e-01
2.798147568106651439e-01
2.907275612652301944e-01
2.784503562748432137e-01
2.727122990787029244e-01
2.734635056555271282e-01
2.678147175908088817e-01
2.583238685131072909e-01
2.251256474852562084e-01
2.148237155377864804e-01
2.213164168596267745e-01
2.222710072994232289e-01
2.213720762729644853e-01
2.180221836268901869e-01
2.193268820643425043e-01
1.824336937069892806e-01
1.859240163862705131e-01
1.866765747964382050e-01
1.857600051164627064e-01
1.945963805913925038e-01
1.905745483934879192e-01
1.958068561553955034e-01
1.653087477385997706e-01
1.662911850959062632e-01
1.682736729085445304e-01
1.682710029929876394e-01
1.729350873827934232e-01
1.748526939749717735e-01
1.690916612744331471e-01
7.368565678596497026e-01
7.116888111829757779e-01
6.759429541230201899e-01
6.841414481401443259e-01
6.515394374728202820e-01
6.377204230427742093e-01
6.077116680145263627e-01
4.189471288025379270e-01
3.909709794819354878e-01
3.907255549728870236e-01
3.874329461157322019e-01
3.920947887003422005e-01
4.097551696002483257e-01
4.351356415450572945e-01
2.461929794400930516e-01
2.398362182080745753e-01
2.525638370960950896e-01
2.429274084419011936e-01
2.537645362317562103e-01
2.739557508379221185e-01
2.744026655703782902e-01
1.420887956582009837e-01
1.469962451793253300e-01
1.704941202700138159e-01
1.579531513899564699e-01
1.850289646536111832e-01
1.678072620928287573e-01
1.944203072786331310e-01
1.099671867862343777e-01
1.254983755201101170e-01
1.000179287046194104e-01
1.331019696220755444e-01
1.278213968593627237e-01
1.602818972244858808e-01
1.625485049188137021e-01
9.093008911237120129e-02
8.699235647916793435e-02
1.059789510071277585e-01
1.073337652161717448e-01
1.250446498580276844e-01
1.246501192636787908e-01
1.166797009017318532e-01
9.422746760770678298e-02
7.759694712702185082e-02
1.006397111248224924e-01
9.990887094289063741e-02
9.381800449918956120e-02
9.887578326277435270e-02
1.152274655643850537e-01
7.416981543414294387e-02
7.699299980886280259e-02
8.421047035604715958e-02
8.042098436504602210e-02
7.647812716197222027e-02
9.545106733217835482e-02
8.907274332828819807e-02
6.764871402177959070e-02
8.459178132936358285e-02
7.094000075012445172e-02
7.427193164359778554e-02
8.961017467081547339e-02
1.073802362382411946e-01
8.843026003800331936e-02
6.309124168008566069e-02
6.927904157433659171e-02
6.324048446957021563e-02
7.792878963053226360e-02
8.574061556719243804e-02
8.334307167679071149e-02
1.124516352266073244e-01
