1.775574506521224949e+00
1.389175981283187866e+00
1.239701531529426637e+00
1.149300429821014324e+00
1.070897339582443264e+00
9.931549346446990612e-01
9.425532543659209672e-01
8.094817054271697954e-01
8.014805668592452914e-01
7.944280123710631969e-01
7.693078196048737105e-01
7.512546572089194852e-01
7.479785561561584917e-01
7.486348652839660556e-01
5.816187271475792286e-01
5.844548404216766135e-01
5.940633150935172857e-01
6.228655230998992876e-01
5.933558264374733104e-01
5.940686836838722229e-01
5.926885938644409491e-01
4.464163637161254750e-01
4.463837704062461609e-01
4.641086110472679160e-01
4.589087361097335949e-01
4.785111528635024869e-01
4.856491205096244990e-01
4.967856112122535639e-01
3.377032156288624076e-01
3.452754549682140461e-01
3.482306797802448006e-01
3.572831936180591583e-01
3.668477275967598206e-01
3.744282922148704507e-01
3.622409708797931782e-01
2.747118507325649328e-01
2.803519010543823464e-01
2.799577310681343190e-01
2.910257659852504841e-01
2.936126197874546206e-01
2.953727607429027513e-01
2.977007804811001024e-01
2.319503521919250577e-01
2.289707766473293438e-01
2.357821348309517007e-01
2.372868409752845742e-01
2.566165897250175520e-01
2.544912041723728091e-01
2.604631879925727866e-01
2.202934917807579107e-01
2.141978883743286266e-01
2.225155049562454190e-01
2.119200405478477434e-01
2.178778165578842130e-01
2.184535560011863775e-01
2.303016445040702853e-01
2.013969820737838701e-01
1.940693064033985060e-01
1.942292518913745769e-01
1.951944321393966619e-01
2.022381217777728946e-01
2.073638977110385806e-01
2.190945537388324649e-01
1.904930930584669002e-01
1.909909380972385495e-01
1.913015596568584387e-01
1.894343823194503673e-01
1.950452543795108684e-01
1.967261980473995198e-01
2.029840719699859686e-01
1.892765149474144037e-01
1.843587163090705805e-01
1.857953517138958011e-01
1.938727070391178253e-01
1.906390726566314642e-01
1.922215422987937905e-01
1.965156890451908167e-01
1.816988271474838379e-01
1.768974450975656643e-01
1.796675686538219407e-01
1.838966912031173573e-01
1.801513731479644775e-01
1.806845650076866205e-01
1.936219699680805095e-01
7.990413000807165822e-02
1.636227150633931260e-01
1.504859744478017070e-01
1.388182700984179896e-01
1.454045847058296204e-01
1.466202097758650680e-01
1.737420197017490731e-01
8.581687448546290731e-02
8.713093407452106309e-02
9.235394294373691637e-02
7.685628398787230919e-02
8.763058109208941848e-02
8.621657549403607956e-02
9.779606757685542495e-02
6.855030390433966558e-02
6.450980409746989719e-02
6.526812099851668492e-02
7.410985993221402834e-02
8.587336822412908188e-02
9.815161079168319147e-02
8.868766024941578119e-02
