1.727210808992385882e+00
1.329518615603446863e+00
1.185743865370750383e+00
1.099846453070640662e+00
9.885105627775192527e-01
9.375098711252212169e-01
8.939600443840026722e-01
7.606444105505942854e-01
7.422247481346130327e-01
7.345368641614914429e-01
7.356735849380493519e-01
7.129465615749359664e-01
7.088460242748260143e-01
6.951558092236518327e-01
5.578557616472243907e-01
5.600688537955283985e-01
5.527006611227989197e-01
5.313798910379410323e-01
5.486809599399566917e-01
5.519274395704268921e-01
5.603996953368186595e-01
4.056090956926345914e-01
4.132572084665298573e-01
4.160748419165611334e-01
4.246438632905483179e-01
4.392051410675048562e-01
4.291571287810802549e-01
4.228692153096199058e-01
3.086219593882560952e-01
3.045044554769992806e-01
3.140925705432892068e-01
3.288713954389095306e-01
3.282347303628921353e-01
3.411684240400791324e-01
3.371655213832855380e-01
2.455746209621429421e-01
2.436970448493957497e-01
2.515534850955009616e-01
2.574719610810279891e-01
2.613941831886768541e-01
2.622267690300941201e-01
2.797353088855743519e-01
2.276363967359066043e-01
2.212141214311122983e-01
2.247639662027358931e-01
2.240983945131301835e-01
2.247692167758941761e-01
2.283984461426734891e-01
2.432602584362029974e-01
2.135132610797882136e-01
2.022399239242076985e-01
1.983173824846744537e-01
2.023944477736950021e-01
2.122047458589076951e-01
2.088690561056137096e-01
2.185980536043644062e-01
1.920731990039348525e-01
1.894795124232769024e-01
1.888759325444698267e-01
1.920321931689977779e-01
1.920955905318260104e-01
1.916085040569305287e-01
1.989287494122982114e-01
1.789904179424047503e-01
1.778734482824802510e-01
1.833407840132713351e-01
1.913136252760887224e-01
1.884131642431020603e-01
1.921702484786510512e-01
1.935597221553325697e-01
1.819388452172279458e-01
1.842910943925380740e-01
1.836941963434219338e-01
1.789865729212760936e-01
1.862189006805420044e-01
1.864440588653087649e-01
1.923916119337081843e-01
1.782712672650814123e-01
1.786776290833950176e-01
1.762187878042459355e-01
1.787620056420564651e-01
1.771959067881107297e-01
1.814365968853235145e-01
1.877079285681247656e-01
1.717157088220119532e-01
1.715256120264530282e-01
1.695120620727539051e-01
1.717398145794868380e-01
1.765027351677417866e-01
1.781842863559722767e-01
1.875481230020523138e-01
1.712864409387111764e-01
1.709978986531495992e-01
1.712660572677850712e-01
1.689657329767942362e-01
1.789839339256286688e-01
1.789918883144855366e-01
1.780225348472595226e-01
8.341980029828846566e-02
1.854965222254395529e-01
1.397950970195233900e-01
1.464040810801088832e-01
1.253003220260143213e-01
1.043743976950645413e-01
1.179997245408594547e-01
