7.051024022698402227e-01
3.437773767113685430e-01
2.910066300630569369e-01
2.642390666902065255e-01
2.411585582792759030e-01
2.133874817937612411e-01
2.096974850445985916e-01
2.094324064999818769e-01
1.953599460422992817e-01
1.877845338732004044e-01
1.854201005399227220e-01
1.788272359967231773e-01
1.839311722666025217e-01
1.711422116309404273e-01
1.705325058102607760e-01
1.709414090216159754e-01
1.611600209772586778e-01
1.632410821318626415e-01
1.518820792436599842e-01
1.539205313473940018e-01
1.516911385208368213e-01
1.529454427212476597e-01
1.557370614260435160e-01
1.560448248311877284e-01
1.481586200743913728e-01
1.548255541920662004e-01
1.534690084308385771e-01
1.370983995497226660e-01
1.398265834897756688e-01
1.416243737936019875e-01
1.444733244180679277e-01
1.410714008659124385e-01
1.370266408473253261e-01
1.424992568045854446e-01
1.394024324417114380e-01
1.336881897598505009e-01
1.260055597126484017e-01
1.290806898474693432e-01
1.290604969859123208e-01
1.339714083075523310e-01
1.292825293540954545e-01
1.329419755190610897e-01
1.280660165846347898e-01
1.260016160830855492e-01
1.354366539418697390e-01
1.137962146475911124e-01
1.227920484915375754e-01
1.177391783893108335e-01
1.222665973007679013e-01
1.247297578305006094e-01
1.265685458481311809e-01
1.208310703933239000e-01
1.194167537614703178e-01
1.165666396170854519e-01
1.127633370086550679e-01
1.103861466050148066e-01
1.164610015973448764e-01
1.146316374093294121e-01
1.112791959568858180e-01
1.183370659500360550e-01
1.167059697583317790e-01
1.127031063288450180e-01
1.138651636987924598e-01
1.033595922961831060e-01
1.088007569685578296e-01
1.060859075561165765e-01
1.086877133697271292e-01
1.150179187208414111e-01
1.131064218282699652e-01
1.093484096974134401e-01
1.108015222474932615e-01
1.126067284494638443e-01
1.034762798994779548e-01
1.046162750571966171e-01
1.044651267677545597e-01
1.063755882531404462e-01
9.815824814140797216e-02
1.066983577609062206e-01
1.048333000019192746e-01
1.086502839997410819e-01
1.007337359711527880e-01
9.917391713708639811e-02
9.998256590217352580e-02
9.956093039363622665e-02
1.020521062985062649e-01
1.008103191107511537e-01
1.012176638096570908e-01
1.012397176772356078e-01
1.037790286168456116e-01
9.940016876906156151e-02
9.263804771006106664e-02
9.296413850039243754e-02
9.720410898327827565e-02
1.013998245820403044e-01
9.570213243365287281e-02
1.014621048048138657e-01
1.025509893521666521e-01
1.029799486696720140e-01
9.955172810703516451e-02
9.263948991894721541e-02
9.594386581331491859e-02
9.647533908486366494e-02
9.994567565619945360e-02
9.099543090909718857e-02
9.669554810971021930e-02
9.718996711075306161e-02
9.443130806088446960e-02
9.626059371978044898e-02
8.980303049087524914e-02
9.161042660474777444e-02
9.392205674201249688e-02
9.352250315248966661e-02
9.599489990621805358e-02
9.344762127846478750e-02
9.192660685628652184e-02
9.662972982972860281e-02
9.387908510863780809e-02
9.036570653319359048e-02
9.385604605078697038e-02
9.292992569506168532e-02
9.038883365690708604e-02
9.079161468893288955e-02
9.480267032980918551e-02
8.927289273589850138e-02
9.590189810842275620e-02
9.652616668492555729e-02
1.012550010811537476e-01
1.048410387150943285e-01
9.868197590112685880e-02
8.385747801512480337e-02
8.684032122604548598e-02
8.370361860841513124e-02
7.363746753428131175e-02
7.460335624869912641e-02
7.604044991545379217e-02
