7.137997150421142578e-01
7.081785202026367188e-01
7.037309408187866211e-01
6.988267898559570312e-01
6.931856870651245117e-01
6.869595050811767578e-01
6.805894970893859863e-01
6.705334186553955078e-01
6.614181399345397949e-01
6.492189764976501465e-01
6.364159584045410156e-01
6.223520040512084961e-01
6.053093671798706055e-01
5.871542692184448242e-01
5.664125680923461914e-01
5.542261600494384766e-01
5.297214984893798828e-01
5.042781829833984375e-01
4.782869815826416016e-01
4.578470587730407715e-01
4.344574809074401855e-01
4.146836102008819580e-01
3.962770700454711914e-01
3.807689547538757324e-01
3.659254908561706543e-01
3.568415641784667969e-01
3.382325768470764160e-01
3.288252353668212891e-01
3.275760412216186523e-01
3.074433207511901855e-01
3.027026057243347168e-01
3.002335727214813232e-01
2.855449318885803223e-01
2.734673917293548584e-01
2.682423293590545654e-01
2.524709701538085938e-01
2.600669264793395996e-01
2.570374906063079834e-01
2.390187233686447144e-01
2.455424517393112183e-01
2.570303380489349365e-01
2.324460893869400024e-01
2.355359047651290894e-01
2.329458743333816528e-01
2.319688349962234497e-01
2.422070801258087158e-01
2.277633398771286011e-01
2.263385057449340820e-01
2.266783565282821655e-01
2.266442775726318359e-01
2.157037258148193359e-01
2.249897420406341553e-01
2.217207103967666626e-01
2.125529348850250244e-01
2.128423303365707397e-01
2.076759040355682373e-01
2.075759768486022949e-01
2.075425833463668823e-01
2.046002000570297241e-01
1.995717138051986694e-01
1.994060426950454712e-01
2.008552849292755127e-01
1.982280015945434570e-01
1.976734995841979980e-01
1.945950388908386230e-01
1.940386444330215454e-01
1.902416795492172241e-01
1.933461129665374756e-01
1.906842291355133057e-01
1.893615275621414185e-01
1.888471841812133789e-01
1.845228374004364014e-01
1.808189749717712402e-01
1.833899915218353271e-01
1.790003925561904907e-01
1.813881397247314453e-01
1.782557219266891479e-01
1.757556647062301636e-01
1.754027605056762695e-01
1.783693283796310425e-01
1.757565438747406006e-01
1.747340559959411621e-01
1.713820993900299072e-01
1.703785806894302368e-01
1.692360043525695801e-01
1.672196388244628906e-01
1.685702949762344360e-01
1.674891412258148193e-01
1.677095890045166016e-01
1.651955246925354004e-01
1.641494929790496826e-01
1.640152931213378906e-01
1.639714092016220093e-01
1.592413634061813354e-01
1.599129885435104370e-01
1.605838537216186523e-01
1.588045656681060791e-01
1.592507660388946533e-01
1.550597399473190308e-01
1.572508215904235840e-01
1.543363481760025024e-01
1.559157222509384155e-01
1.524596214294433594e-01
1.511798352003097534e-01
1.537480801343917847e-01
1.512563228607177734e-01
1.531627923250198364e-01
1.488566398620605469e-01
1.513403207063674927e-01
1.471565067768096924e-01
1.482456326484680176e-01
1.442642211914062500e-01
1.460431218147277832e-01
1.450412124395370483e-01
1.475626081228256226e-01
1.448174417018890381e-01
1.434834599494934082e-01
1.444830000400543213e-01
1.391982883214950562e-01
1.413847059011459351e-01
1.401172131299972534e-01
1.394439041614532471e-01
1.409848928451538086e-01
1.408968269824981689e-01
1.382617056369781494e-01
1.375790387392044067e-01
1.360552757978439331e-01
1.364504396915435791e-01
1.337224692106246948e-01
1.359420567750930786e-01
1.343014985322952271e-01
1.331440508365631104e-01
1.313269287347793579e-01
1.318704485893249512e-01
1.323347687721252441e-01
1.300628781318664551e-01
1.299078613519668579e-01
1.310310512781143188e-01
1.309109181165695190e-01
1.290034353733062744e-01
1.279280483722686768e-01
1.292244195938110352e-01
1.262061446905136108e-01
1.282151639461517334e-01
1.278292387723922729e-01
1.259331852197647095e-01
1.251769661903381348e-01
1.261057704687118530e-01
1.248255372047424316e-01
1.210044771432876587e-01
1.225290000438690186e-01
1.229209601879119873e-01
1.205754280090332031e-01
1.216487884521484375e-01
1.214071959257125854e-01
1.221968382596969604e-01
1.208263412117958069e-01
1.184384524822235107e-01
1.202640384435653687e-01
1.169632002711296082e-01
1.189278364181518555e-01
1.187573224306106567e-01
1.176597252488136292e-01
1.190584748983383179e-01
1.168055012822151184e-01
1.173947155475616455e-01
1.162699013948440552e-01
1.175451725721359253e-01
1.161456108093261719e-01
1.142054200172424316e-01
1.138763427734375000e-01
1.152007430791854858e-01
1.137395054101943970e-01
1.139468774199485779e-01
1.148408800363540649e-01
1.132558435201644897e-01
1.099675297737121582e-01
1.106505095958709717e-01
1.104967445135116577e-01
1.113861799240112305e-01
1.101199015974998474e-01
1.099379509687423706e-01
1.088196486234664917e-01
1.090825423598289490e-01
1.102097481489181519e-01
1.109603792428970337e-01
1.078799664974212646e-01
1.078600734472274780e-01
1.076403409242630005e-01
1.075103282928466797e-01
1.090037524700164795e-01
1.071935743093490601e-01
1.073645502328872681e-01
1.056264042854309082e-01
1.055833473801612854e-01
1.063054352998733521e-01
1.041462570428848267e-01
1.048515439033508301e-01
1.034950315952301025e-01
1.044341325759887695e-01
1.030594557523727417e-01
1.046800762414932251e-01
1.022815108299255371e-01
1.031283736228942871e-01
1.027629673480987549e-01
1.013077273964881897e-01
1.010135412216186523e-01
1.019820049405097961e-01
1.019310951232910156e-01
1.008328944444656372e-01
9.978877007961273193e-02
1.006785035133361816e-01
9.956820309162139893e-02
9.820879995822906494e-02
9.826194494962692261e-02
9.881739318370819092e-02
9.840707480907440186e-02
9.926421940326690674e-02
9.951967000961303711e-02
9.811648726463317871e-02
9.885481745004653931e-02
9.729032218456268311e-02
9.832385182380676270e-02
9.791984409093856812e-02
9.612290561199188232e-02
9.886151552200317383e-02
9.820826351642608643e-02
9.562484920024871826e-02
9.550616145133972168e-02
9.585280716419219971e-02
9.469595551490783691e-02
9.442141652107238770e-02
9.309564530849456787e-02
9.464067220687866211e-02
9.412224590778350830e-02
9.372165799140930176e-02
9.303452819585800171e-02
9.266066551208496094e-02
9.248377382755279541e-02
9.224849939346313477e-02
9.161932766437530518e-02
9.366104006767272949e-02
9.221170842647552490e-02
9.017010778188705444e-02
9.139433503150939941e-02
9.184554219245910645e-02
9.084331989288330078e-02
8.947914838790893555e-02
8.998255431652069092e-02
9.061800688505172729e-02
8.915030956268310547e-02
8.938665688037872314e-02
8.997875452041625977e-02
8.853112906217575073e-02
8.680535852909088135e-02
9.006232768297195435e-02
8.946482837200164795e-02
8.846722543239593506e-02
8.811603486537933350e-02
8.756003528833389282e-02
8.796831220388412476e-02
8.678455650806427002e-02
8.430927991867065430e-02
8.657886087894439697e-02
8.509328961372375488e-02
8.597050607204437256e-02
8.555241674184799194e-02
8.506074547767639160e-02
8.545885980129241943e-02
8.544778823852539062e-02
8.411082625389099121e-02
8.500522375106811523e-02
8.462555706501007080e-02
8.515482395887374878e-02
8.326247334480285645e-02
8.335340768098831177e-02
8.273786306381225586e-02
8.282665908336639404e-02
8.345610648393630981e-02
8.264938741922378540e-02
8.210053294897079468e-02
8.205835521221160889e-02
8.049885928630828857e-02
8.133225888013839722e-02
8.128207176923751831e-02
8.057295531034469604e-02
8.054697513580322266e-02
8.277179300785064697e-02
8.006753772497177124e-02
8.099368214607238770e-02
7.973416894674301147e-02
7.899099588394165039e-02
7.892113924026489258e-02
7.954950630664825439e-02
7.772719115018844604e-02
7.821999490261077881e-02
7.882949709892272949e-02
7.786481827497482300e-02
7.913747429847717285e-02
7.797209918498992920e-02
3.017261028289794922e-01
2.997210621833801270e-01
2.981073856353759766e-01
2.966480553150177002e-01
2.972801923751831055e-01
3.003860116004943848e-01
2.954955399036407471e-01
2.948532402515411377e-01
2.956916093826293945e-01
2.958884835243225098e-01
2.931672930717468262e-01
2.929233610630035400e-01
2.974458336830139160e-01
2.933773100376129150e-01
2.936873733997344971e-01
2.912390828132629395e-01
2.901293635368347168e-01
2.922903299331665039e-01
2.907240092754364014e-01
2.851754128932952881e-01
2.872270643711090088e-01
2.862543165683746338e-01
2.880047857761383057e-01
2.855184972286224365e-01
2.862872481346130371e-01
2.855366468429565430e-01
2.827528119087219238e-01
2.852567136287689209e-01
2.815384864807128906e-01
2.830862402915954590e-01
2.841874659061431885e-01
2.836464345455169678e-01
2.806278169155120850e-01
2.822537422180175781e-01
2.805777788162231445e-01
2.832622826099395752e-01
2.821752130985260010e-01
2.792713344097137451e-01
2.817965447902679443e-01
2.792378067970275879e-01
2.779817283153533936e-01
2.819537818431854248e-01
2.740470170974731445e-01
2.757372856140136719e-01
2.787434160709381104e-01
2.748618721961975098e-01
2.770574986934661865e-01
2.815002202987670898e-01
2.776491343975067139e-01
2.777947783470153809e-01
2.729803621768951416e-01
2.740556001663208008e-01
2.730648517608642578e-01
2.705744802951812744e-01
2.713949084281921387e-01
2.750167846679687500e-01
2.713369727134704590e-01
2.731938660144805908e-01
2.728643715381622314e-01
2.731879651546478271e-01
2.715825438499450684e-01
2.675760090351104736e-01
2.712300717830657959e-01
2.697940170764923096e-01
2.712508440017700195e-01
2.712371349334716797e-01
2.687464952468872070e-01
2.685091495513916016e-01
2.728073298931121826e-01
2.677637040615081787e-01
2.699163258075714111e-01
2.694204747676849365e-01
2.665009498596191406e-01
2.692198157310485840e-01
2.670721709728240967e-01
2.678850293159484863e-01
2.667284905910491943e-01
2.651522755622863770e-01
2.630658447742462158e-01
2.637213468551635742e-01
2.667080760002136230e-01
2.678102552890777588e-01
2.621855735778808594e-01
2.637161016464233398e-01
2.649980485439300537e-01
2.652683556079864502e-01
2.638661563396453857e-01
2.628617882728576660e-01
2.634711265563964844e-01
2.636210620403289795e-01
2.655537128448486328e-01
2.641139030456542969e-01
2.596511542797088623e-01
2.646687030792236328e-01
2.613174319267272949e-01
2.627376019954681396e-01
2.600229978561401367e-01
2.616879940032958984e-01
2.586146295070648193e-01
2.621732652187347412e-01
2.573013305664062500e-01
2.595993280410766602e-01
2.609861493110656738e-01
2.591577172279357910e-01
2.576428055763244629e-01
2.594622373580932617e-01
2.612004280090332031e-01
2.560780048370361328e-01
2.595382034778594971e-01
2.616652846336364746e-01
2.604317665100097656e-01
2.589298188686370850e-01
2.600883245468139648e-01
2.590548396110534668e-01
2.584167420864105225e-01
2.589249312877655029e-01
2.570371031761169434e-01
2.580604255199432373e-01
2.544106245040893555e-01
2.558078467845916748e-01
2.568346560001373291e-01
2.564972341060638428e-01
2.583454251289367676e-01
2.563355267047882080e-01
2.541432678699493408e-01
2.503858804702758789e-01
2.547924816608428955e-01
2.549111545085906982e-01
2.561041712760925293e-01
2.547000646591186523e-01
2.560728192329406738e-01
2.569018900394439697e-01
2.551825344562530518e-01
2.558398544788360596e-01
2.566675543785095215e-01
2.525997757911682129e-01
2.534148991107940674e-01
2.529087960720062256e-01
2.512784004211425781e-01
2.532362341880798340e-01
2.500289678573608398e-01
2.516727149486541748e-01
2.526869177818298340e-01
2.518716156482696533e-01
2.520651817321777344e-01
2.533143162727355957e-01
2.509074807167053223e-01
2.478886097669601440e-01
2.526004910469055176e-01
2.521872818470001221e-01
2.505528330802917480e-01
2.512360215187072754e-01
2.517700493335723877e-01
2.514374554157257080e-01
2.507456243038177490e-01
2.488819956779479980e-01
2.509439289569854736e-01
2.516818940639495850e-01
2.524211704730987549e-01
2.523803710937500000e-01
2.507279813289642334e-01
2.512443661689758301e-01
2.509523034095764160e-01
2.494689822196960449e-01
2.468709796667098999e-01
2.454719990491867065e-01
2.474386841058731079e-01
2.475289851427078247e-01
2.471446841955184937e-01
2.487650364637374878e-01
2.510845661163330078e-01
2.492287456989288330e-01
2.503885328769683838e-01
2.489418834447860718e-01
2.456414997577667236e-01
2.473341673612594604e-01
2.489994615316390991e-01
2.474613934755325317e-01
2.480387091636657715e-01
2.495041489601135254e-01
2.477591335773468018e-01
2.487788498401641846e-01
2.477718591690063477e-01
2.460602968931198120e-01
2.468892484903335571e-01
2.469586431980133057e-01
2.483018040657043457e-01
2.433044314384460449e-01
2.442418187856674194e-01
2.439508289098739624e-01
2.466388493776321411e-01
2.431776970624923706e-01
2.443261742591857910e-01
2.443473637104034424e-01
2.441123574972152710e-01
2.442550510168075562e-01
2.452126741409301758e-01
2.473521381616592407e-01
2.424931526184082031e-01
2.440174520015716553e-01
2.412749975919723511e-01
2.430270612239837646e-01
2.432088553905487061e-01
2.425263822078704834e-01
2.444843500852584839e-01
2.453476935625076294e-01
2.455566078424453735e-01
2.441101372241973877e-01
2.440645992755889893e-01
2.442409992218017578e-01
2.445397228002548218e-01
2.448912262916564941e-01
2.425428181886672974e-01
2.431494742631912231e-01
2.430786043405532837e-01
2.430543154478073120e-01
2.420826703310012817e-01
2.463803589344024658e-01
2.440328001976013184e-01
2.366519272327423096e-01
2.396837621927261353e-01
2.451055645942687988e-01
2.392439395189285278e-01
2.409987300634384155e-01
2.426184862852096558e-01
2.423221319913864136e-01
2.403141111135482788e-01
2.407169044017791748e-01
2.424134165048599243e-01
2.407783120870590210e-01
2.417447865009307861e-01
2.401986420154571533e-01
2.429231256246566772e-01
2.407692670822143555e-01
2.407624572515487671e-01
2.418477237224578857e-01
2.388755530118942261e-01
2.390194982290267944e-01
2.391048669815063477e-01
2.390501350164413452e-01
2.409586310386657715e-01
2.399237602949142456e-01
2.385452389717102051e-01
2.365454286336898804e-01
2.388890534639358521e-01
2.398898750543594360e-01
2.378950417041778564e-01
2.365625351667404175e-01
2.398709356784820557e-01
2.385949790477752686e-01
2.391438186168670654e-01
2.390841096639633179e-01
2.387284338474273682e-01
2.368606477975845337e-01
2.378899902105331421e-01
2.356629073619842529e-01
2.374016791582107544e-01
2.396752387285232544e-01
2.431708723306655884e-01
2.352951467037200928e-01
2.380986511707305908e-01
2.380758523941040039e-01
2.390062510967254639e-01
2.376168817281723022e-01
2.384541481733322144e-01
2.392184883356094360e-01
2.372394204139709473e-01
2.349584698677062988e-01
2.380189150571823120e-01
2.358987033367156982e-01
2.405603080987930298e-01
2.357365041971206665e-01
2.357778996229171753e-01
2.376567423343658447e-01
2.383209466934204102e-01
2.361694425344467163e-01
2.368980497121810913e-01
2.337467223405838013e-01
2.372690886259078979e-01
2.381899058818817139e-01
2.344763576984405518e-01
2.363687604665756226e-01
2.361036837100982666e-01
2.341481149196624756e-01
2.353878766298294067e-01
2.342968732118606567e-01
2.318472266197204590e-01
2.348807156085968018e-01
2.351011782884597778e-01
2.348240613937377930e-01
2.330327481031417847e-01
2.344679683446884155e-01
2.347714006900787354e-01
2.349335998296737671e-01
2.349444478750228882e-01
2.320368587970733643e-01
2.327189296483993530e-01
2.344975471496582031e-01
2.332416474819183350e-01
2.329636812210083008e-01
2.336827814579010010e-01
2.315725982189178467e-01
2.322866767644882202e-01
2.353479564189910889e-01
2.323103845119476318e-01
2.313093692064285278e-01
2.327752709388732910e-01
2.350687235593795776e-01
2.317388802766799927e-01
2.317673712968826294e-01
2.340424060821533203e-01
2.310670316219329834e-01
2.315792888402938843e-01
2.309581488370895386e-01
2.327402085065841675e-01
2.307205349206924438e-01
2.324996143579483032e-01
2.325375676155090332e-01
2.295567095279693604e-01
2.333193570375442505e-01
2.323057502508163452e-01
2.320185154676437378e-01
2.357175946235656738e-01
2.303737699985504150e-01
2.330048680305480957e-01
2.314937114715576172e-01
2.342189550399780273e-01
2.306691557168960571e-01
2.288360744714736938e-01
2.340664416551589966e-01
2.300914078950881958e-01
2.306685596704483032e-01
2.301284521818161011e-01
2.321884036064147949e-01
2.292214781045913696e-01
2.306740581989288330e-01
2.281296551227569580e-01
2.322837114334106445e-01
2.294451147317886353e-01
2.305234968662261963e-01
2.298192083835601807e-01
2.309538424015045166e-01
2.257147133350372314e-01
2.285759598016738892e-01
2.296140193939208984e-01
2.317577749490737915e-01
2.265696525573730469e-01
2.278568148612976074e-01
2.310383915901184082e-01
2.284937351942062378e-01
2.333307713270187378e-01
2.281838953495025635e-01
2.266779392957687378e-01
2.297980189323425293e-01
2.275802642107009888e-01
2.270629853010177612e-01
2.275916486978530884e-01
2.295068353414535522e-01
2.272082567214965820e-01
2.271123826503753662e-01
2.251405119895935059e-01
2.272652238607406616e-01
2.264469265937805176e-01
2.263625115156173706e-01
2.277467697858810425e-01
2.277352064847946167e-01
2.258945703506469727e-01
2.279313355684280396e-01
2.281385511159896851e-01
2.283025979995727539e-01
2.268554270267486572e-01
2.293947190046310425e-01
2.272781878709793091e-01
2.285099774599075317e-01
2.288750112056732178e-01
2.270239591598510742e-01
2.260056287050247192e-01
2.284741699695587158e-01
2.250828742980957031e-01
2.262678444385528564e-01
2.253860533237457275e-01
2.297961711883544922e-01
2.262662202119827271e-01
2.250471413135528564e-01
2.261396646499633789e-01
2.231269329786300659e-01
2.262420207262039185e-01
2.287535369396209717e-01
2.246355414390563965e-01
2.252049446105957031e-01
2.263553440570831299e-01
2.231384068727493286e-01
2.266242951154708862e-01
2.249947488307952881e-01
2.272258996963500977e-01
2.261775434017181396e-01
2.238194644451141357e-01
2.241528183221817017e-01
2.274611592292785645e-01
2.219541072845458984e-01
2.239155322313308716e-01
2.250573933124542236e-01
2.222645431756973267e-01
2.248949408531188965e-01
2.237009108066558838e-01
2.227768450975418091e-01
2.224895805120468140e-01
2.224767506122589111e-01
2.213334292173385620e-01
2.247682958841323853e-01
2.251193970441818237e-01
2.251486480236053467e-01
2.229095846414566040e-01
2.244292348623275757e-01
2.227665483951568604e-01
2.226604372262954712e-01
2.230837047100067139e-01
2.252066582441329956e-01
2.234828472137451172e-01
2.207628786563873291e-01
2.215400189161300659e-01
2.207583636045455933e-01
2.240706086158752441e-01
2.232572287321090698e-01
2.222628891468048096e-01
2.213800400495529175e-01
2.245048433542251587e-01
2.216922491788864136e-01
2.244915962219238281e-01
2.222611010074615479e-01
2.206382006406784058e-01
2.220503836870193481e-01
2.220419049263000488e-01
2.211565375328063965e-01
2.195049822330474854e-01
2.209600359201431274e-01
2.245734184980392456e-01
2.200878858566284180e-01
2.199763059616088867e-01
2.209303826093673706e-01
2.230414301156997681e-01
2.218781858682632446e-01
2.213371992111206055e-01
2.212575823068618774e-01
2.238301485776901245e-01
2.228152900934219360e-01
2.197635024785995483e-01
2.214176356792449951e-01
2.218311280012130737e-01
2.191967368125915527e-01
2.224676162004470825e-01
2.224477380514144897e-01
2.199195474386215210e-01
2.214863896369934082e-01
2.207358032464981079e-01
2.185399234294891357e-01
2.202763557434082031e-01
2.197460830211639404e-01
2.206522971391677856e-01
2.203193157911300659e-01
2.197610139846801758e-01
2.192997634410858154e-01
2.203111797571182251e-01
2.210098803043365479e-01
2.203946560621261597e-01
2.209872454404830933e-01
2.217220366001129150e-01
2.186719030141830444e-01
2.180385440587997437e-01
2.210997641086578369e-01
2.193913161754608154e-01
2.208852618932723999e-01
2.205807566642761230e-01
2.178704291582107544e-01
2.189973592758178711e-01
2.177179604768753052e-01
2.182058840990066528e-01
2.157193273305892944e-01
2.171411812305450439e-01
2.183172702789306641e-01
2.208371460437774658e-01
2.189953327178955078e-01
2.169402986764907837e-01
2.193059921264648438e-01
2.170775085687637329e-01
2.181165218353271484e-01
2.143661677837371826e-01
2.173327058553695679e-01
2.203578799962997437e-01
2.195783257484436035e-01
2.191755324602127075e-01
2.159323841333389282e-01
2.172888517379760742e-01
2.171022295951843262e-01
2.171692997217178345e-01
2.168300002813339233e-01
2.180414050817489624e-01
2.193054109811782837e-01
2.206946760416030884e-01
2.166148126125335693e-01
2.174212336540222168e-01
2.175777405500411987e-01
2.184389829635620117e-01
2.142840474843978882e-01
2.171194851398468018e-01
2.163919359445571899e-01
2.198147177696228027e-01
2.175626754760742188e-01
2.146656960248947144e-01
2.143715769052505493e-01
2.156022787094116211e-01
2.161912918090820312e-01
2.150662988424301147e-01
2.157724648714065552e-01
2.157834023237228394e-01
2.151021957397460938e-01
2.172026187181472778e-01
2.132154405117034912e-01
2.157848328351974487e-01
2.151233702898025513e-01
2.168677896261215210e-01
2.184827774763107300e-01
2.154918909072875977e-01
2.184605002403259277e-01
2.148047387599945068e-01
2.167728990316390991e-01
2.154046595096588135e-01
2.153161764144897461e-01
2.170388847589492798e-01
2.159303724765777588e-01
2.145117223262786865e-01
2.130270153284072876e-01
2.153347581624984741e-01
2.158379703760147095e-01
2.149695456027984619e-01
2.161451578140258789e-01
2.148876190185546875e-01
2.153129577636718750e-01
2.152229100465774536e-01
2.178229242563247681e-01
2.162815332412719727e-01
2.152627259492874146e-01
2.155790925025939941e-01
2.139190584421157837e-01
2.165447920560836792e-01
2.158177047967910767e-01
2.144288569688796997e-01
2.162738293409347534e-01
2.136827260255813599e-01
2.129929661750793457e-01
2.141254991292953491e-01
2.160961180925369263e-01
2.118035554885864258e-01
2.140425890684127808e-01
2.110870778560638428e-01
2.126202285289764404e-01
2.136157453060150146e-01
2.137665301561355591e-01
2.156451046466827393e-01
2.146644592285156250e-01
2.141668647527694702e-01
2.138207554817199707e-01
2.135450541973114014e-01
2.125250101089477539e-01
2.128772735595703125e-01
2.140311300754547119e-01
2.132458537817001343e-01
2.139453142881393433e-01
2.125698029994964600e-01
2.118455767631530762e-01
2.125006020069122314e-01
2.117762863636016846e-01
2.113746553659439087e-01
2.133767753839492798e-01
2.122035920619964600e-01
2.125673294067382812e-01
2.103029638528823853e-01
2.116993814706802368e-01
2.089499831199645996e-01
2.128296941518783569e-01
2.133534848690032959e-01
2.105992287397384644e-01
2.141898423433303833e-01
2.130241394042968750e-01
2.150772809982299805e-01
2.105923742055892944e-01
2.127695530652999878e-01
2.139267623424530029e-01
2.099539935588836670e-01
2.108738869428634644e-01
2.133568525314331055e-01
2.112369686365127563e-01
2.095206230878829956e-01
2.106192559003829956e-01
2.114665806293487549e-01
2.135013788938522339e-01
2.119028568267822266e-01
2.125145047903060913e-01
2.092421948909759521e-01
2.099758982658386230e-01
2.111822068691253662e-01
2.108719944953918457e-01
2.108828425407409668e-01
2.085203826427459717e-01
2.107756882905960083e-01
2.110745906829833984e-01
2.090704441070556641e-01
2.106999754905700684e-01
2.102317959070205688e-01
2.098335027694702148e-01
2.097130119800567627e-01
2.113428413867950439e-01
2.095904350280761719e-01
2.129490971565246582e-01
2.110660523176193237e-01
2.105421870946884155e-01
2.123046219348907471e-01
2.096367925405502319e-01
2.093649655580520630e-01
2.104367911815643311e-01
2.099017053842544556e-01
2.113336324691772461e-01
2.081166952848434448e-01
2.092243582010269165e-01
2.082984745502471924e-01
2.091730982065200806e-01
2.102195024490356445e-01
2.091690301895141602e-01
2.095529139041900635e-01
2.097543627023696899e-01
2.091723829507827759e-01
2.095397263765335083e-01
2.104895859956741333e-01
2.076705694198608398e-01
2.110253870487213135e-01
2.084972709417343140e-01
2.082745879888534546e-01
2.121098786592483521e-01
2.086442857980728149e-01
2.097376137971878052e-01
2.057505548000335693e-01
2.092406749725341797e-01
2.122820764780044556e-01
2.072518914937973022e-01
2.078317254781723022e-01
2.102361172437667847e-01
2.091033458709716797e-01
2.068682163953781128e-01
2.113385796546936035e-01
2.081917375326156616e-01
2.061555534601211548e-01
2.090753912925720215e-01
2.084745168685913086e-01
2.095667570829391479e-01
2.086902558803558350e-01
2.063534259796142578e-01
2.090063542127609253e-01
2.078464627265930176e-01
2.077583372592926025e-01
2.071462273597717285e-01
2.069552689790725708e-01
2.063619941473007202e-01
2.098525315523147583e-01
2.055684775114059448e-01
2.093328833580017090e-01
2.072836756706237793e-01
2.088893949985504150e-01
2.063798755407333374e-01
2.082374393939971924e-01
2.064361870288848877e-01
2.079540789127349854e-01
2.045357674360275269e-01
2.068380862474441528e-01
2.060559839010238647e-01
2.069239616394042969e-01
2.064492851495742798e-01
2.079020291566848755e-01
2.095069140195846558e-01
2.078566104173660278e-01
2.042987644672393799e-01
2.072453498840332031e-01
2.076066285371780396e-01
2.080068588256835938e-01
2.074374407529830933e-01
2.088012248277664185e-01
2.073526829481124878e-01
2.084413915872573853e-01
2.074380069971084595e-01
2.052301615476608276e-01
2.083045542240142822e-01
2.056778073310852051e-01
2.042739391326904297e-01
2.058743834495544434e-01
2.066707760095596313e-01
2.086839824914932251e-01
2.083722800016403198e-01
2.055413275957107544e-01
2.051331549882888794e-01
2.058597505092620850e-01
2.082130759954452515e-01
2.058302164077758789e-01
2.054579854011535645e-01
2.037693858146667480e-01
2.023658156394958496e-01
2.050103992223739624e-01
2.074183970689773560e-01
2.045531570911407471e-01
2.053061425685882568e-01
2.050574272871017456e-01
2.043173313140869141e-01
2.066239267587661743e-01
2.061326354742050171e-01
2.050631046295166016e-01
2.070323377847671509e-01
2.058699876070022583e-01
2.050407975912094116e-01
2.059791684150695801e-01
2.054027020931243896e-01
2.045955806970596313e-01
2.046030610799789429e-01
2.046276479959487915e-01
2.037805318832397461e-01
2.037420272827148438e-01
2.056888639926910400e-01
2.057183384895324707e-01
2.064293324947357178e-01
2.035249769687652588e-01
2.013615667819976807e-01
2.066491395235061646e-01
2.035542577505111694e-01
2.040553390979766846e-01
2.044508606195449829e-01
2.070917189121246338e-01
2.042174041271209717e-01
2.070238590240478516e-01
2.039265036582946777e-01
2.057521939277648926e-01
2.053858637809753418e-01
2.034678310155868530e-01
2.037269473075866699e-01
2.034116387367248535e-01
2.064797729253768921e-01
2.030368149280548096e-01
2.019252330064773560e-01
2.039430886507034302e-01
2.049285471439361572e-01
2.046361267566680908e-01
2.036143094301223755e-01
2.044492512941360474e-01
2.041656374931335449e-01
2.016896903514862061e-01
2.058221846818923950e-01
2.058909982442855835e-01
2.021893411874771118e-01
2.035418748855590820e-01
2.068446278572082520e-01
2.030079215764999390e-01
2.047201693058013916e-01
2.018805444240570068e-01
2.065280377864837646e-01
2.041084915399551392e-01
2.058213353157043457e-01
2.018715888261795044e-01
2.017350345849990845e-01
2.027692794799804688e-01
2.014726400375366211e-01
2.038106322288513184e-01
2.020881921052932739e-01
2.058705389499664307e-01
2.060974836349487305e-01
2.019647061824798584e-01
2.024527192115783691e-01
2.052890509366989136e-01
2.021872550249099731e-01
2.019097805023193359e-01
2.044738680124282837e-01
2.047870904207229614e-01
2.039936631917953491e-01
2.032964527606964111e-01
2.042327672243118286e-01
2.036156058311462402e-01
2.037604004144668579e-01
2.021748274564743042e-01
2.025910317897796631e-01
2.024738937616348267e-01
2.012860178947448730e-01
2.004384398460388184e-01
2.016108334064483643e-01
2.025202661752700806e-01
2.022098302841186523e-01
2.013853639364242554e-01
1.993132531642913818e-01
2.014006078243255615e-01
2.006730735301971436e-01
2.043573558330535889e-01
2.022854685783386230e-01
2.033878862857818604e-01
2.015734761953353882e-01
2.010617554187774658e-01
2.048252373933792114e-01
2.015543580055236816e-01
2.008741199970245361e-01
2.017855644226074219e-01
2.014295756816864014e-01
2.057629376649856567e-01
1.996973454952239990e-01
2.010096758604049683e-01
2.001630663871765137e-01
2.023259252309799194e-01
1.996994763612747192e-01
2.006659358739852905e-01
1.988830566406250000e-01
2.021013647317886353e-01
2.014802098274230957e-01
2.014530152082443237e-01
1.974984556436538696e-01
2.009442150592803955e-01
2.010195255279541016e-01
2.004516422748565674e-01
2.014599889516830444e-01
2.036893814802169800e-01
2.019591927528381348e-01
2.010337263345718384e-01
2.037383615970611572e-01
2.010549455881118774e-01
2.007985711097717285e-01
2.008282691240310669e-01
2.007793784141540527e-01
1.993025839328765869e-01
2.011837810277938843e-01
2.013398259878158569e-01
1.994503438472747803e-01
1.990755349397659302e-01
2.022676020860671997e-01
1.999534219503402710e-01
1.968701034784317017e-01
2.021473646163940430e-01
2.023030668497085571e-01
2.007179707288742065e-01
2.022456079721450806e-01
2.018001824617385864e-01
2.022437304258346558e-01
2.026825845241546631e-01
1.990223973989486694e-01
1.997811943292617798e-01
2.005231529474258423e-01
1.983134001493453979e-01
2.002708315849304199e-01
2.011141031980514526e-01
2.003505527973175049e-01
1.986696422100067139e-01
2.006668895483016968e-01
1.990290135145187378e-01
2.000180631875991821e-01
1.978093534708023071e-01
2.005007266998291016e-01
2.004775702953338623e-01
1.998505592346191406e-01
1.986993551254272461e-01
2.009218335151672363e-01
2.002352327108383179e-01
1.978085488080978394e-01
1.998605281114578247e-01
1.991482824087142944e-01
2.011445462703704834e-01
1.986872702836990356e-01
1.979988515377044678e-01
2.011441290378570557e-01
2.007303237915039062e-01
1.987455636262893677e-01
1.990201771259307861e-01
1.988811045885086060e-01
1.988661587238311768e-01
2.020181864500045776e-01
2.009996473789215088e-01
1.975309997797012329e-01
2.005547732114791870e-01
1.996692568063735962e-01
2.006452679634094238e-01
1.959248930215835571e-01
1.976674795150756836e-01
2.007010132074356079e-01
2.010974735021591187e-01
1.992099285125732422e-01
1.983318775892257690e-01
1.973246037960052490e-01
1.985384672880172729e-01
1.974437832832336426e-01
1.972131133079528809e-01
1.989764124155044556e-01
1.995148509740829468e-01
1.994995623826980591e-01
1.997571438550949097e-01
2.001409828662872314e-01
1.965361386537551880e-01
2.003281414508819580e-01
1.966191679239273071e-01
1.992283016443252563e-01
1.978497505187988281e-01
1.965898573398590088e-01
1.979699283838272095e-01
1.957199126482009888e-01
1.962281018495559692e-01
1.965833008289337158e-01
1.990689188241958618e-01
2.001326680183410645e-01
1.975882351398468018e-01
1.978998035192489624e-01
1.980955004692077637e-01
1.962754279375076294e-01
1.982012242078781128e-01
1.988154202699661255e-01
1.971851140260696411e-01
1.968754976987838745e-01
1.949541717767715454e-01
1.958766579627990723e-01
1.952239125967025757e-01
1.967108696699142456e-01
1.976984888315200806e-01
1.985601335763931274e-01
1.958902627229690552e-01
1.970775872468948364e-01
1.950710564851760864e-01
1.978736519813537598e-01
1.967379748821258545e-01
1.959311366081237793e-01
1.980229318141937256e-01
1.956750452518463135e-01
1.975873708724975586e-01
1.968951821327209473e-01
1.974985003471374512e-01
1.959373950958251953e-01
1.961263269186019897e-01
1.972437798976898193e-01
1.980004608631134033e-01
1.971672028303146362e-01
1.970399767160415649e-01
1.975140869617462158e-01
1.981598287820816040e-01
1.971236020326614380e-01
1.990208327770233154e-01
1.937496513128280640e-01
1.961706429719924927e-01
1.962314993143081665e-01
1.963718384504318237e-01
1.966076642274856567e-01
1.966686695814132690e-01
1.961804479360580444e-01
1.973625570535659790e-01
1.952064335346221924e-01
1.980705559253692627e-01
1.992298662662506104e-01
1.983154118061065674e-01
1.958408206701278687e-01
1.977771222591400146e-01
1.956395208835601807e-01
1.921554207801818848e-01
1.972719579935073853e-01
1.964742988348007202e-01
1.954868733882904053e-01
1.953781843185424805e-01
1.952996551990509033e-01
1.976973116397857666e-01
1.957656443119049072e-01
1.953977048397064209e-01
1.943939328193664551e-01
1.967359930276870728e-01
1.949792057275772095e-01
1.918902546167373657e-01
1.953187584877014160e-01
1.968706995248794556e-01
1.947772353887557983e-01
1.952599734067916870e-01
1.972550451755523682e-01
1.937066465616226196e-01
1.943584233522415161e-01
1.944977194070816040e-01
1.986502110958099365e-01
1.975590884685516357e-01
1.972287744283676147e-01
1.920655071735382080e-01
1.952977478504180908e-01
1.965100169181823730e-01
1.950881481170654297e-01
1.955599933862686157e-01
1.953029483556747437e-01
1.957951635122299194e-01
1.964665204286575317e-01
1.945107728242874146e-01
1.974235624074935913e-01
1.983087509870529175e-01
1.947180479764938354e-01
1.979792714118957520e-01
1.959239393472671509e-01
1.958043277263641357e-01
1.937058866024017334e-01
1.956818401813507080e-01
1.928775459527969360e-01
1.968971937894821167e-01
1.976431012153625488e-01
1.962419152259826660e-01
1.953968703746795654e-01
1.932919323444366455e-01
1.970189958810806274e-01
1.958240270614624023e-01
1.942066401243209839e-01
1.975933462381362915e-01
1.953157335519790649e-01
1.935975700616836548e-01
1.947709470987319946e-01
1.947045475244522095e-01
1.946091353893280029e-01
1.920316219329833984e-01
1.935002505779266357e-01
1.948492079973220825e-01
1.936203241348266602e-01
1.951515078544616699e-01
1.958823353052139282e-01
1.947437971830368042e-01
1.936685144901275635e-01
1.961928457021713257e-01
1.927970200777053833e-01
1.940070092678070068e-01
1.924162209033966064e-01
1.960362493991851807e-01
1.961165964603424072e-01
1.960706114768981934e-01
1.943728327751159668e-01
1.931007802486419678e-01
1.940117776393890381e-01
1.920132637023925781e-01
1.954534351825714111e-01
1.942436397075653076e-01
1.952295005321502686e-01
1.934071034193038940e-01
1.942493170499801636e-01
1.956356763839721680e-01
1.944049745798110962e-01
1.937887519598007202e-01
1.932427138090133667e-01
1.954427212476730347e-01
1.972073018550872803e-01
1.936182230710983276e-01
1.966142803430557251e-01
1.953782737255096436e-01
1.924330592155456543e-01
1.950599551200866699e-01
1.936012357473373413e-01
1.945639252662658691e-01
1.929799765348434448e-01
1.927928477525711060e-01
1.914888173341751099e-01
1.911989748477935791e-01
1.923326998949050903e-01
1.937136650085449219e-01
1.918963938951492310e-01
1.920275986194610596e-01
1.911462098360061646e-01
1.930454671382904053e-01
1.901117265224456787e-01
1.902161240577697754e-01
1.940539181232452393e-01
1.926914751529693604e-01
1.908030211925506592e-01
1.951019018888473511e-01
1.913625746965408325e-01
1.940860152244567871e-01
1.929991990327835083e-01
1.920462846755981445e-01
1.919672340154647827e-01
1.962484866380691528e-01
1.945731490850448608e-01
1.958268880844116211e-01
1.936184465885162354e-01
1.922856122255325317e-01
1.931592077016830444e-01
1.919132173061370850e-01
1.926801800727844238e-01
1.886621266603469849e-01
1.898032426834106445e-01
1.925013959407806396e-01
1.953724473714828491e-01
1.921108514070510864e-01
1.941682100296020508e-01
1.925446242094039917e-01
1.956032812595367432e-01
1.930926144123077393e-01
1.933012753725051880e-01
1.897905617952346802e-01
1.917672008275985718e-01
1.907396465539932251e-01
1.906866580247879028e-01
1.935394704341888428e-01
1.940189749002456665e-01
1.934674680233001709e-01
1.913309693336486816e-01
1.953220218420028687e-01
1.931308656930923462e-01
1.952895224094390869e-01
1.932864189147949219e-01
1.917346566915512085e-01
1.910295933485031128e-01
1.920754164457321167e-01
1.885301023721694946e-01
1.920419186353683472e-01
1.906875669956207275e-01
1.925983875989913940e-01
1.922239214181900024e-01
1.883309483528137207e-01
1.902524381875991821e-01
1.925558894872665405e-01
1.931805312633514404e-01
1.921681761741638184e-01
1.938181668519973755e-01
1.918304860591888428e-01
1.911757439374923706e-01
1.909927576780319214e-01
1.915045380592346191e-01
1.907754987478256226e-01
1.880022734403610229e-01
1.911753863096237183e-01
1.915492564439773560e-01
1.900923848152160645e-01
1.923192739486694336e-01
1.912794709205627441e-01
1.899200677871704102e-01
1.915684491395950317e-01
1.916038095951080322e-01
1.911773681640625000e-01
1.942386478185653687e-01
1.931032091379165649e-01
1.922314167022705078e-01
1.903952658176422119e-01
1.885820627212524414e-01
1.908264458179473877e-01
1.903592795133590698e-01
1.920679956674575806e-01
1.883629262447357178e-01
1.910724192857742310e-01
1.930126100778579712e-01
1.909715831279754639e-01
1.936562508344650269e-01
1.922857016324996948e-01
1.935021877288818359e-01
1.939404308795928955e-01
1.913208514451980591e-01
1.923633664846420288e-01
1.895468533039093018e-01
1.912784725427627563e-01
1.896204948425292969e-01
1.907216757535934448e-01
1.931739449501037598e-01
1.893474310636520386e-01
1.899411231279373169e-01
1.897027343511581421e-01
1.912226974964141846e-01
1.920852661132812500e-01
1.905272752046585083e-01
1.931413114070892334e-01
1.894387453794479370e-01
1.904176920652389526e-01
1.886949688196182251e-01
1.902074068784713745e-01
1.896755248308181763e-01
1.924840062856674194e-01
1.908392608165740967e-01
1.891564428806304932e-01
1.891397833824157715e-01
1.909404993057250977e-01
1.890363991260528564e-01
1.880778223276138306e-01
1.936865001916885376e-01
1.882909089326858521e-01
1.895006299018859863e-01
1.904969364404678345e-01
1.874528229236602783e-01
1.896589994430541992e-01
1.905977278947830200e-01
1.896526664495468140e-01
1.892096698284149170e-01
1.921422481536865234e-01
1.912394016981124878e-01
1.923841387033462524e-01
1.894966363906860352e-01
1.898114234209060669e-01
1.914888173341751099e-01
1.912579834461212158e-01
1.897501945495605469e-01
1.900618374347686768e-01
1.909225285053253174e-01
1.897363513708114624e-01
1.881700605154037476e-01
1.846193075180053711e-01
1.901075690984725952e-01
1.903274506330490112e-01
1.920870840549468994e-01
1.913511306047439575e-01
1.905877739191055298e-01
1.877346485853195190e-01
1.904520988464355469e-01
