1.672661830186843890e+00
1.276853789091110247e+00
1.148871508836746269e+00
1.030579022169113124e+00
9.182536637783050848e-01
8.653192877769469993e-01
8.387028139829635354e-01
6.790674519538879572e-01
6.819400617480277926e-01
6.489319777488709029e-01
6.196721124649048340e-01
6.122147396206856218e-01
6.063107314705848960e-01
5.985360050201415927e-01
4.569797089695930570e-01
4.709422220289707361e-01
4.566424944996833601e-01
4.575947785377502686e-01
4.620184783637523718e-01
4.644210496544837752e-01
4.844437992572784291e-01
3.061895281821489512e-01
2.918269334733485931e-01
3.313863724470138550e-01
3.220462021231651484e-01
3.353654842078686027e-01
3.381521074473857746e-01
3.375680924952030315e-01
2.208268452435731832e-01
2.229157987982034739e-01
2.291722073405980942e-01
2.246727223694324482e-01
2.445908858627080795e-01
2.437866544723510664e-01
2.443636776506900865e-01
1.628615003079176005e-01
1.561008854210376717e-01
1.683864358812570683e-01
1.762171266227960664e-01
1.847037206590175507e-01
1.852679035812616337e-01
1.953550790250301317e-01
1.416504025459289495e-01
1.445100422203540735e-01
1.374745489656925279e-01
1.409982825070619505e-01
1.442723084986209936e-01
1.536053093895316246e-01
1.608804436028003770e-01
1.220332765951752663e-01
1.125941140204668039e-01
1.213872046396136245e-01
1.211475286260247225e-01
1.375790042802691460e-01
1.371817834302783146e-01
1.364302714169025321e-01
1.233300789445638673e-01
1.147847014293074674e-01
1.107611475139856361e-01
1.115037422254681609e-01
1.098331875726580587e-01
1.159898876026272813e-01
1.188937356323003791e-01
1.609756168723106284e-01
2.044146534428000483e-01
2.064608659967780147e-01
2.099688887223601363e-01
2.072634889930486668e-01
2.312062257155776124e-01
2.191590162366628680e-01
1.172605544328689520e-01
9.999335439875721432e-02
1.074803622718900481e-01
1.143455835152417388e-01
1.371184599585831276e-01
1.380790865793824207e-01
1.146383009478449816e-01
9.097247090190649366e-02
8.240925815887749362e-02
8.913125117309390888e-02
9.511799070984125470e-02
9.336398006882518086e-02
9.971372828818857170e-02
1.170622823759913389e-01
7.315617875196039899e-02
7.754213966429233940e-02
6.777213052846491059e-02
7.324360484257340376e-02
8.064160986803471654e-02
8.901731791906059010e-02
1.004931448772549696e-01
6.717538464348762894e-02
5.741737508447841004e-02
8.358037781901657415e-02
7.891270912252366931e-02
7.448387655895202797e-02
7.973871957510710040e-02
9.184996514581143801e-02
6.669080247171223219e-02
6.547249574214220047e-02
6.702869552187622204e-02
7.353031358681619278e-02
8.328896933235227507e-02
6.886475973296909969e-02
9.229912626091391070e-02
