5.643276411294937400e-01
3.116659946739673837e-01
2.507602395117282668e-01
2.281390546262264118e-01
2.149554021656513159e-01
2.004638329148292486e-01
1.909910632669925556e-01
1.830135041475295932e-01
1.787926983833313110e-01
1.786756040155887681e-01
1.801277555525302998e-01
1.803679691255092588e-01
1.755651369690895136e-01
1.764712284505367268e-01
1.651517817378044262e-01
1.657077053189277560e-01
1.675959795713424794e-01
1.679036164283752575e-01
1.659081271290779036e-01
1.659815050661563873e-01
1.680465087294578663e-01
1.553785218298435189e-01
1.574394074082374473e-01
1.573043598234653562e-01
1.605563807487487837e-01
1.591075165569782179e-01
1.594869349896907706e-01
1.589972613751888253e-01
1.546148821711540167e-01
1.535477751493453946e-01
1.512475652247667335e-01
1.537115903198719158e-01
1.565796490013599274e-01
1.551369434595107899e-01
1.563393050432205222e-01
1.513141303509473734e-01
1.494142740964889415e-01
1.514300444722175565e-01
1.489245624095201503e-01
1.528365799784660306e-01
1.513441323488950718e-01
1.513867878913879306e-01
1.484567329287528881e-01
1.450306979566812482e-01
1.491558492928743429e-01
1.488440808653831438e-01
1.510652805119752917e-01
1.495421046018600431e-01
1.498531650006771077e-01
1.473219001293182284e-01
1.448668278753757477e-01
1.448183040320873138e-01
1.459852223843336183e-01
1.490619029104709725e-01
1.494090269505977675e-01
1.506481052935123577e-01
1.153633251190185449e+00
9.874607214331626581e-01
8.722229301929473877e-01
8.444296711683273449e-01
7.934078678488731828e-01
7.836719679832458985e-01
7.874448668956756103e-01
5.102411848306656061e-01
5.474401232600212275e-01
5.119708463549613731e-01
5.352133262157440230e-01
5.344507744908333358e-01
5.112624835968017090e-01
5.086262658238410728e-01
2.909606982767581895e-01
3.046820165216923004e-01
3.193841235339641704e-01
3.207055157423019387e-01
3.353071098029613561e-01
3.307857799530029563e-01
3.449437211453914576e-01
1.819462938234210070e-01
1.728595380485057897e-01
1.803789964690804548e-01
1.947142057865857978e-01
2.003666205704212055e-01
1.991626239940524068e-01
2.090541647002100989e-01
1.097946361824870126e-01
1.138135434128344087e-01
1.261072786897420861e-01
1.272756297886371568e-01
1.212076851911842862e-01
1.532713626325130363e-01
1.482939335331320829e-01
9.139908032491803058e-02
7.706215781159699019e-02
8.293056473135948514e-02
9.616092819720506446e-02
1.045640657655894784e-01
1.148814411833882360e-01
1.126244448125362368e-01
8.067215896211564485e-02
8.715321534313261176e-02
7.676561923697590439e-02
9.842526339925825041e-02
1.099492783937603274e-01
8.973218933679164011e-02
1.005275495443493095e-01
