1.827938936948776183e+00
1.408079675436019862e+00
1.298291696310043264e+00
1.179430874586105293e+00
1.067324102520942786e+00
9.900752592086792259e-01
9.501047897338866788e-01
8.029009532928467197e-01
8.189319905638694497e-01
7.686181873083114402e-01
7.620991331338882180e-01
7.652304840087890137e-01
7.365463724732399520e-01
7.264551195502281233e-01
5.773976767063140336e-01
5.850238054990768433e-01
5.791098192334175332e-01
5.900542628765106379e-01
6.059567311406135470e-01
5.644741475582122359e-01
5.799903553724289340e-01
4.341099207103252255e-01
4.192585401237011178e-01
4.621016472578048928e-01
4.531339272856712563e-01
4.623876999318599634e-01
4.538688687980175218e-01
4.410420688986778082e-01
3.188334688544273154e-01
3.274003908038139454e-01
3.155545236170291812e-01
3.379009373486042134e-01
3.424270628392696580e-01
3.330150856077671029e-01
3.703763057291507566e-01
2.396218831092119250e-01
2.439085963368415877e-01
2.368281386047601800e-01
2.419123160094022729e-01
2.556255383789539093e-01
2.638885648548602858e-01
2.699312394857406594e-01
1.863023999333381642e-01
1.992070607095956791e-01
1.903709810227155741e-01
1.908469446748495002e-01
2.089811862260103348e-01
2.128715355694293931e-01
2.080988729000091686e-01
1.581842085346579496e-01
1.577907709032297101e-01
1.625519061088561978e-01
1.693902859091758750e-01
1.729188439249992326e-01
1.744397610425948986e-01
1.980199500918388422e-01
1.428252103179693255e-01
1.367699993401765846e-01
1.478513525426387865e-01
1.540093260258436070e-01
1.599775032699108090e-01
1.679833946377038978e-01
1.682269170880317799e-01
1.382106593996286492e-01
1.325070373713970184e-01
1.321891881525516510e-01
1.374348729476332631e-01
1.386742751300334975e-01
1.520184136182069767e-01
1.460667730867862835e-01
1.222279892116785033e-01
1.279989502951502933e-01
1.265803514048457201e-01
1.269531577825546154e-01
1.301186121627688486e-01
1.415788595750927803e-01
1.574073168635368447e-01
1.219059704989194914e-01
1.276064201816916599e-01
1.157287288457155283e-01
1.209310253709554722e-01
1.428110816329717647e-01
1.398206613957881927e-01
1.356170022115111284e-01
1.176301306858658774e-01
1.149952842295169780e-01
1.228663853555917729e-01
1.181188297271728582e-01
1.210665571689605730e-01
1.196225200966000574e-01
1.316318761929869685e-01
9.617654593661427442e-02
1.118131683394312792e-01
1.341580835729837551e-01
1.296274494379758835e-01
1.347278488799929508e-01
1.416124824061989751e-01
1.436385803110897530e-01
8.609680791385471155e-02
9.152691427618264708e-02
8.846840839833021441e-02
9.135999917052686770e-02
1.003425086475908806e-01
1.218639086559414886e-01
1.150059260567650177e-01
