1.291256431341171185e+00
9.688103425502777588e-01
8.740931946039199874e-01
8.219503432512282881e-01
7.802440744638442505e-01
7.524530273675918979e-01
7.121378600597381148e-01
6.588850188255309659e-01
6.624655795097350586e-01
6.572864657640457020e-01
6.587649178504944025e-01
6.512102594971657110e-01
6.522124737501144853e-01
6.401585233211517512e-01
5.926737576723098977e-01
5.840443518757819641e-01
5.840804544091224848e-01
5.878004169464111639e-01
5.939168411493301880e-01
5.866131222248077703e-01
5.909571069478988248e-01
5.297786113619804560e-01
5.280623525381088479e-01
5.395650422573089466e-01
5.407774880528449790e-01
5.349837154150008933e-01
5.496953216195106240e-01
5.425936594605446084e-01
4.938677185773849287e-01
4.952588641643524414e-01
4.904563510417938033e-01
4.957586362957954185e-01
4.972197720408439436e-01
5.021007874608039989e-01
5.037629246711731179e-01
4.627967023849487438e-01
4.605845239758491472e-01
4.598607578873634139e-01
4.622849932312965149e-01
4.628120827674865878e-01
4.750755631923675448e-01
4.712507292628288491e-01
4.333845165371894570e-01
4.314797493815422103e-01
4.333702242374420366e-01
4.485409101843834123e-01
4.502845218777656311e-01
4.499940446019172757e-01
4.514945083856582442e-01
4.243835428357124462e-01
4.224527338147163191e-01
4.219514036178588778e-01
4.267335307598114080e-01
4.300646075606346375e-01
4.322006529569625832e-01
4.362159460783004983e-01
4.147573125362395974e-01
4.125941279530525030e-01
4.091906014084816245e-01
4.192633059620857194e-01
4.208170962333679377e-01
4.251004773378372348e-01
4.228401765227317588e-01
4.114207741618156611e-01
4.120377612113952370e-01
4.084023013710975647e-01
4.134755143523216048e-01
4.081919908523559681e-01
4.114054694771766552e-01
4.173862776160240373e-01
4.060108375549316140e-01
4.040372589230537548e-01
4.017199584841728011e-01
4.103749716281890891e-01
4.009824958443641840e-01
4.098613944649696084e-01
4.086426952481269637e-01
4.012795767188072071e-01
3.995559075474738875e-01
3.993232867121696561e-01
4.030977657437324613e-01
4.043023782968521163e-01
4.061290833353996543e-01
4.035266077518462891e-01
3.935140472650527910e-01
3.937341907620430237e-01
3.982391688227653326e-01
3.991149869561195218e-01
3.994670647382736473e-01
4.046146255731582486e-01
4.000896820425987044e-01
3.897434261441230507e-01
3.951940938830375560e-01
3.955830615758895719e-01
3.936977827548980846e-01
3.923963773250579989e-01
3.970740529894828952e-01
4.004105994105339184e-01
3.925735858082771146e-01
3.905612000823021068e-01
3.962895298004150413e-01
3.945781877636909685e-01
3.955560991168022289e-01
3.922026929259300188e-01
3.944099962711334340e-01
