1.739378359317779621e+00
1.423783308267593473e+00
1.254558227062225306e+00
1.135806208848953336e+00
1.020380979180335990e+00
9.813934123516082630e-01
9.305310565233230191e-01
7.694146925210952892e-01
7.526043951511383057e-01
7.442391490936279830e-01
7.536504101753235263e-01
7.623329025506973000e-01
7.194340863823890375e-01
7.023206704854965121e-01
5.731453064084053306e-01
5.665281838178635176e-01
5.848548689484596164e-01
5.730778592824935513e-01
5.679085317254066734e-01
5.527503976225852655e-01
5.685680377483367520e-01
4.175459507107734947e-01
4.084162554144859514e-01
4.330665563046932065e-01
4.405412045121193110e-01
4.491707319021224776e-01
4.610762834548950417e-01
4.434410500526428378e-01
3.157700739800929912e-01
3.245289698243141174e-01
3.246769423782825403e-01
3.221587234735489025e-01
3.358272717893123760e-01
3.505035649240016982e-01
3.631882438063621654e-01
2.469759111106395733e-01
2.502810412645339877e-01
2.679933431744575545e-01
2.731293360888957800e-01
2.707007394731044680e-01
2.754654327034950501e-01
2.749840924143790999e-01
2.188001650571823054e-01
2.174803447723388794e-01
2.267299509048461836e-01
2.245285399258136749e-01
2.339100384712219372e-01
2.394660687446594216e-01
2.368311962485313282e-01
1.989627525210380665e-01
2.040478973090648629e-01
2.118489135801792100e-01
2.030821925401687655e-01
2.175438579916953996e-01
2.168415533006191331e-01
2.214732643961906389e-01
2.006576965749263808e-01
1.906551256775856074e-01
1.874840036779642227e-01
1.988628593087196361e-01
2.006269367039203722e-01
2.069284112751483828e-01
2.038736711442470650e-01
1.951370602846145552e-01
1.810434459149837527e-01
1.839463727176189334e-01
1.919378016889095317e-01
1.935956139862537451e-01
1.903696538507938518e-01
1.965536409616470415e-01
1.888118943572044406e-01
1.867510852217674211e-01
1.814394471049308732e-01
1.851567593961954139e-01
1.902435986697673664e-01
1.937986092269420590e-01
1.927972875535488018e-01
1.772541058063507036e-01
1.778473071753978729e-01
1.743463025987148363e-01
1.824071569740772225e-01
1.874327448010444652e-01
1.883389700949192058e-01
1.896999098360538372e-01
1.761394602805376186e-01
1.711635121703147799e-01
1.743363719433546066e-01
1.715805569291114774e-01
1.788441415131092060e-01
1.810012585669756036e-01
1.832864145934581801e-01
1.696617989242076852e-01
1.698299233615398474e-01
1.669473645836114795e-01
1.727308469265699253e-01
1.739119540154933918e-01
1.804868024587631126e-01
1.792555749416351318e-01
1.679683783650398332e-01
1.673721542954444974e-01
1.662920457869768165e-01
1.699664502590894632e-01
1.714357978850603037e-01
1.744223707914352439e-01
1.728710974752903085e-01
