7.121248245239257812e-01
7.016698122024536133e-01
6.907349824905395508e-01
6.791986823081970215e-01
6.677633523941040039e-01
6.555527448654174805e-01
6.409559845924377441e-01
6.270987987518310547e-01
6.102917194366455078e-01
5.924533605575561523e-01
5.726891756057739258e-01
5.503616333007812500e-01
5.273864865303039551e-01
4.999047815799713135e-01
4.777435958385467529e-01
4.456760585308074951e-01
4.206422865390777588e-01
3.905472755432128906e-01
3.682184219360351562e-01
3.525432646274566650e-01
3.282377421855926514e-01
3.156827986240386963e-01
3.152960538864135742e-01
3.126188516616821289e-01
3.367334306240081787e-01
3.259176313877105713e-01
3.174290955066680908e-01
3.202266097068786621e-01
3.025242686271667480e-01
2.897321283817291260e-01
2.837837338447570801e-01
2.758864760398864746e-01
2.808012366294860840e-01
2.722744047641754150e-01
2.756220698356628418e-01
2.732191979885101318e-01
2.680972814559936523e-01
2.716347575187683105e-01
2.691499888896942139e-01
2.645972669124603271e-01
2.658798098564147949e-01
2.590918242931365967e-01
2.586590051651000977e-01
2.541951239109039307e-01
2.511804699897766113e-01
2.510690391063690186e-01
2.451887130737304688e-01
2.431478500366210938e-01
2.443317025899887085e-01
2.453792989253997803e-01
2.420966327190399170e-01
2.395668774843215942e-01
2.359000593423843384e-01
2.371760606765747070e-01
2.331519424915313721e-01
2.315940111875534058e-01
2.276881933212280273e-01
2.300451844930648804e-01
2.284829616546630859e-01
2.241857796907424927e-01
2.295363247394561768e-01
2.238573431968688965e-01
2.216091006994247437e-01
2.235112488269805908e-01
2.185113131999969482e-01
2.212943285703659058e-01
2.245745360851287842e-01
2.183133363723754883e-01
2.115854024887084961e-01
2.135892361402511597e-01
2.150498032569885254e-01
2.111318558454513550e-01
2.075354158878326416e-01
2.069696038961410522e-01
2.118521779775619507e-01
2.073571532964706421e-01
2.086019814014434814e-01
2.055800259113311768e-01
2.029739320278167725e-01
2.021458148956298828e-01
2.037053406238555908e-01
1.999007165431976318e-01
1.987460553646087646e-01
2.024961709976196289e-01
1.977372765541076660e-01
1.971569955348968506e-01
1.940062493085861206e-01
1.952179074287414551e-01
1.922522038221359253e-01
1.926766186952590942e-01
1.911616325378417969e-01
1.916390955448150635e-01
1.950093209743499756e-01
1.880515068769454956e-01
1.891599446535110474e-01
1.858333349227905273e-01
1.878069639205932617e-01
1.884873807430267334e-01
1.824305951595306396e-01
1.939260363578796387e-01
1.854365468025207520e-01
1.815136373043060303e-01
1.819545477628707886e-01
1.809960454702377319e-01
1.833254694938659668e-01
1.765890270471572876e-01
1.797027587890625000e-01
1.799527406692504883e-01
1.785236895084381104e-01
1.769037097692489624e-01
1.779738962650299072e-01
1.740003228187561035e-01
1.729203611612319946e-01
1.725984811782836914e-01
1.698048412799835205e-01
1.725176274776458740e-01
1.716665625572204590e-01
1.681224554777145386e-01
1.709442883729934692e-01
1.679086685180664062e-01
1.693367213010787964e-01
1.677519083023071289e-01
1.665950864553451538e-01
1.655576527118682861e-01
1.652698814868927002e-01
1.649285852909088135e-01
1.621915996074676514e-01
1.626827865839004517e-01
1.597401201725006104e-01
1.598731875419616699e-01
1.606873869895935059e-01
1.654921472072601318e-01
1.575497388839721680e-01
1.752247214317321777e-01
1.603760123252868652e-01
1.580232828855514526e-01
1.599418520927429199e-01
1.572653055191040039e-01
1.580704599618911743e-01
1.557150483131408691e-01
1.556947231292724609e-01
1.535787433385848999e-01
1.548287272453308105e-01
1.549670547246932983e-01
1.533080339431762695e-01
1.494710594415664673e-01
1.499577760696411133e-01
1.509835273027420044e-01
1.493082344532012939e-01
1.521372795104980469e-01
1.498430520296096802e-01
1.501778364181518555e-01
1.472345739603042603e-01
1.475003808736801147e-01
1.468423753976821899e-01
1.434250324964523315e-01
1.438616663217544556e-01
1.462203264236450195e-01
1.448825448751449585e-01
1.433621048927307129e-01
1.415901929140090942e-01
1.434772014617919922e-01
1.384296119213104248e-01
1.419392526149749756e-01
1.418829262256622314e-01
1.413177251815795898e-01
1.406092494726181030e-01
1.370394825935363770e-01
1.383451968431472778e-01
1.381487846374511719e-01
1.369369924068450928e-01
1.354509294033050537e-01
1.365374624729156494e-01
1.345324814319610596e-01
1.349783092737197876e-01
1.362899094820022583e-01
1.339513510465621948e-01
1.326732337474822998e-01
1.329023838043212891e-01
1.316049098968505859e-01
1.338137984275817871e-01
1.290732473134994507e-01
1.316392868757247925e-01
1.310593336820602417e-01
1.298846602439880371e-01
1.313579827547073364e-01
1.269862353801727295e-01
1.270462572574615479e-01
1.277922391891479492e-01
1.268014162778854370e-01
1.290085017681121826e-01
1.264233291149139404e-01
1.251358687877655029e-01
1.230701357126235962e-01
1.230968758463859558e-01
1.217361763119697571e-01
1.210416704416275024e-01
1.219929456710815430e-01
1.238803714513778687e-01
1.213894039392471313e-01
1.206325963139533997e-01
1.225701123476028442e-01
1.210767030715942383e-01
1.202187687158584595e-01
1.190458834171295166e-01
1.178286671638488770e-01
1.176660358905792236e-01
1.170165836811065674e-01
1.170849800109863281e-01
1.186851114034652710e-01
1.161864548921585083e-01
1.167881488800048828e-01
1.185919642448425293e-01
1.152787953615188599e-01
1.142213791608810425e-01
1.127629131078720093e-01
1.122363135218620300e-01
1.121732816100120544e-01
1.139782667160034180e-01
1.140293776988983154e-01
1.107128709554672241e-01
1.134276837110519409e-01
1.122986003756523132e-01
1.123473048210144043e-01
1.108241602778434753e-01
1.104268804192543030e-01
1.117655932903289795e-01
1.099753528833389282e-01
1.069086566567420959e-01
1.120113730430603027e-01
1.077288314700126648e-01
1.087953746318817139e-01
1.074841842055320740e-01
1.091338694095611572e-01
1.080574467778205872e-01
1.090968847274780273e-01
1.068091243505477905e-01
1.055707186460494995e-01
1.069868877530097961e-01
1.060209348797798157e-01
1.048264205455780029e-01
1.046056449413299561e-01
1.056130528450012207e-01
1.068046391010284424e-01
1.050426140427589417e-01
1.021177396178245544e-01
1.027278304100036621e-01
1.038846671581268311e-01
1.026491075754165649e-01
1.028561890125274658e-01
1.024405285716056824e-01
1.033935323357582092e-01
1.001899093389511108e-01
1.024441719055175781e-01
1.012813076376914978e-01
1.000310778617858887e-01
1.008988395333290100e-01
1.020279079675674438e-01
1.019771099090576172e-01
1.009228378534317017e-01
9.950478374958038330e-02
9.882539510726928711e-02
9.990786015987396240e-02
9.842361509799957275e-02
9.763984382152557373e-02
9.695635735988616943e-02
9.988200664520263672e-02
9.953989833593368530e-02
9.843127429485321045e-02
9.864121675491333008e-02
9.673875570297241211e-02
9.649994969367980957e-02
9.626755118370056152e-02
9.576915949583053589e-02
9.523826092481613159e-02
9.679685533046722412e-02
9.598501026630401611e-02
9.681167453527450562e-02
9.343654662370681763e-02
9.550564736127853394e-02
9.547819197177886963e-02
9.489241242408752441e-02
9.554621577262878418e-02
9.341539442539215088e-02
9.435040503740310669e-02
9.312611073255538940e-02
9.346985071897506714e-02
9.309320896863937378e-02
9.236298501491546631e-02
9.312418848276138306e-02
9.118425846099853516e-02
9.281072765588760376e-02
9.072934091091156006e-02
9.251617640256881714e-02
9.061105549335479736e-02
9.452305734157562256e-02
9.021627902984619141e-02
9.081162512302398682e-02
9.011678397655487061e-02
9.093846380710601807e-02
9.020797908306121826e-02
8.892015367746353149e-02
8.830647170543670654e-02
9.024810045957565308e-02
8.837586641311645508e-02
8.953677117824554443e-02
8.723646402359008789e-02
8.729150891304016113e-02
8.944369107484817505e-02
8.765420317649841309e-02
8.841085433959960938e-02
8.840318769216537476e-02
8.742398768663406372e-02
8.655805885791778564e-02
8.740269392728805542e-02
8.729666471481323242e-02
8.771009743213653564e-02
8.771575987339019775e-02
8.706314861774444580e-02
8.635391294956207275e-02
8.641252666711807251e-02
8.634578436613082886e-02
8.524505794048309326e-02
8.553825318813323975e-02
8.456335961818695068e-02
8.474823832511901855e-02
8.374796807765960693e-02
8.367669582366943359e-02
8.344041556119918823e-02
8.394183963537216187e-02
8.528498560190200806e-02
8.349179476499557495e-02
8.226080983877182007e-02
8.378495275974273682e-02
8.254238963127136230e-02
8.266137540340423584e-02
8.284588158130645752e-02
8.305632323026657104e-02
8.356339484453201294e-02
8.233682811260223389e-02
8.202369511127471924e-02
8.017809689044952393e-02
8.207656443119049072e-02
8.217519521713256836e-02
8.115582913160324097e-02
8.022362738847732544e-02
8.042977005243301392e-02
8.032121509313583374e-02
8.045215904712677002e-02
8.172769844532012939e-02
7.881253212690353394e-02
8.066989481449127197e-02
8.045688271522521973e-02
8.059437572956085205e-02
8.039536327123641968e-02
7.987365126609802246e-02
7.814276218414306641e-02
7.848878949880599976e-02
7.860212028026580811e-02
7.790285348892211914e-02
7.861274480819702148e-02
7.776703685522079468e-02
7.908555120229721069e-02
7.754846662282943726e-02
7.612864673137664795e-02
7.763027399778366089e-02
7.674321532249450684e-02
7.810330390930175781e-02
7.603797316551208496e-02
7.657466083765029907e-02
7.736705243587493896e-02
7.649076730012893677e-02
7.546921074390411377e-02
7.694347202777862549e-02
7.557159662246704102e-02
7.577414810657501221e-02
7.560919970273971558e-02
7.546688616275787354e-02
7.452472299337387085e-02
7.669468969106674194e-02
7.423403114080429077e-02
7.557339221239089966e-02
7.482281327247619629e-02
7.427798211574554443e-02
7.447367161512374878e-02
7.410448789596557617e-02
7.511905580759048462e-02
7.429304718971252441e-02
7.453313469886779785e-02
7.510519772768020630e-02
7.255733013153076172e-02
7.374505698680877686e-02
7.372061908245086670e-02
7.218093425035476685e-02
7.450899481773376465e-02
7.335746288299560547e-02
7.359126210212707520e-02
7.232984900474548340e-02
7.335612177848815918e-02
7.302841544151306152e-02
7.183038443326950073e-02
7.134003937244415283e-02
7.216110825538635254e-02
7.262197136878967285e-02
7.049851119518280029e-02
7.209051400423049927e-02
7.071099430322647095e-02
7.172804325819015503e-02
7.191649079322814941e-02
7.124809920787811279e-02
6.923231482505798340e-02
7.083435356616973877e-02
7.163182646036148071e-02
6.959904730319976807e-02
7.013153284788131714e-02
7.110941410064697266e-02
7.127575576305389404e-02
7.057522237300872803e-02
7.049494981765747070e-02
6.872958689928054810e-02
7.010369747877120972e-02
7.021762430667877197e-02
7.015100866556167603e-02
6.893570721149444580e-02
6.930316239595413208e-02
7.014573365449905396e-02
6.826466321945190430e-02
6.917339563369750977e-02
6.833464652299880981e-02
6.900564581155776978e-02
6.899447739124298096e-02
6.772794574499130249e-02
6.790535897016525269e-02
6.941257417201995850e-02
6.730139255523681641e-02
6.831979006528854370e-02
6.905317306518554688e-02
6.773102283477783203e-02
6.852249801158905029e-02
6.908151507377624512e-02
6.759971380233764648e-02
6.733347475528717041e-02
6.698799878358840942e-02
6.742551922798156738e-02
6.784245371818542480e-02
6.706464290618896484e-02
6.676325947046279907e-02
6.632594764232635498e-02
6.650826334953308105e-02
6.527356058359146118e-02
6.638835370540618896e-02
6.527887284755706787e-02
6.716102361679077148e-02
6.607955694198608398e-02
6.580306589603424072e-02
6.540810316801071167e-02
6.584618240594863892e-02
6.564508378505706787e-02
6.492502242326736450e-02
6.516375392675399780e-02
6.560052186250686646e-02
6.477597355842590332e-02
6.617394089698791504e-02
6.607998162508010864e-02
6.653977930545806885e-02
6.503845751285552979e-02
6.435637921094894409e-02
6.510473787784576416e-02
6.470007449388504028e-02
6.447856873273849487e-02
6.367303431034088135e-02
6.319735944271087646e-02
6.411226093769073486e-02
6.338845938444137573e-02
6.352831423282623291e-02
6.487527489662170410e-02
6.683158874511718750e-02
6.387713551521301270e-02
6.440545618534088135e-02
6.386023759841918945e-02
6.399863958358764648e-02
6.291724741458892822e-02
6.448598951101303101e-02
6.543014198541641235e-02
6.316363066434860229e-02
6.315055489540100098e-02
6.309162825345993042e-02
6.209415197372436523e-02
6.214742362499237061e-02
6.299716234207153320e-02
6.303840130567550659e-02
6.356944888830184937e-02
6.255644559860229492e-02
6.133501231670379639e-02
6.360220909118652344e-02
6.279324740171432495e-02
6.185745447874069214e-02
6.197156757116317749e-02
6.283316016197204590e-02
6.241902336478233337e-02
6.147796660661697388e-02
6.243607029318809509e-02
6.273417174816131592e-02
6.238701567053794861e-02
6.195390224456787109e-02
6.016887724399566650e-02
6.106021255254745483e-02
6.232001632452011108e-02
6.118366122245788574e-02
6.067778915166854858e-02
6.163669377565383911e-02
6.122729927301406860e-02
6.126453727483749390e-02
6.193397194147109985e-02
6.178792938590049744e-02
6.127328798174858093e-02
6.109532341361045837e-02
6.010217219591140747e-02
6.036699563264846802e-02
6.032659113407135010e-02
6.066653132438659668e-02
6.005304306745529175e-02
5.993499606847763062e-02
5.981741100549697876e-02
6.135150045156478882e-02
6.087604910135269165e-02
5.931989103555679321e-02
5.944794416427612305e-02
5.952093377709388733e-02
5.882772803306579590e-02
5.953007191419601440e-02
5.928634107112884521e-02
5.967150628566741943e-02
5.913176387548446655e-02
5.873432010412216187e-02
5.953802540898323059e-02
6.016090884804725647e-02
6.002938002347946167e-02
5.886706709861755371e-02
5.879502743482589722e-02
5.907881632447242737e-02
5.971098318696022034e-02
5.858982354402542114e-02
5.830039829015731812e-02
5.895865708589553833e-02
5.811717361211776733e-02
5.733292549848556519e-02
5.907569825649261475e-02
5.770783871412277222e-02
5.814863741397857666e-02
5.820114910602569580e-02
5.788881331682205200e-02
5.838631093502044678e-02
5.743373930454254150e-02
5.842895433306694031e-02
5.784172564744949341e-02
5.741469562053680420e-02
5.756395682692527771e-02
5.726249516010284424e-02
5.796252191066741943e-02
5.757162719964981079e-02
5.701045691967010498e-02
5.676765739917755127e-02
5.801592767238616943e-02
5.736185610294342041e-02
5.727315694093704224e-02
5.780946835875511169e-02
5.670245736837387085e-02
5.689985677599906921e-02
5.757140740752220154e-02
5.720451474189758301e-02
5.775497853755950928e-02
5.741396546363830566e-02
5.681902170181274414e-02
5.782053619623184204e-02
5.736436322331428528e-02
5.718480050563812256e-02
5.766338109970092773e-02
5.732955411076545715e-02
5.558512359857559204e-02
5.714607238769531250e-02
5.663621425628662109e-02
5.684293806552886963e-02
5.643314868211746216e-02
5.660495907068252563e-02
5.660595372319221497e-02
5.624876171350479126e-02
5.699378252029418945e-02
5.659256130456924438e-02
5.622634664177894592e-02
5.560698360204696655e-02
5.526814982295036316e-02
5.641270428895950317e-02
5.628671124577522278e-02
5.633924156427383423e-02
5.823956429958343506e-02
5.643112212419509888e-02
5.582974478602409363e-02
5.631626397371292114e-02
5.558482930064201355e-02
5.554251000285148621e-02
5.505666881799697876e-02
5.523636564612388611e-02
5.511900782585144043e-02
5.444051325321197510e-02
5.451079457998275757e-02
5.614906176924705505e-02
5.577706173062324524e-02
5.477891862392425537e-02
5.611520633101463318e-02
5.545815080404281616e-02
5.512209236621856689e-02
5.524873733520507812e-02
5.491089075803756714e-02
5.559765547513961792e-02
5.611858144402503967e-02
5.456214025616645813e-02
5.511591210961341858e-02
5.447122082114219666e-02
5.509685724973678589e-02
5.558274686336517334e-02
5.490722507238388062e-02
5.467380583286285400e-02
5.509049445390701294e-02
5.454604327678680420e-02
5.434866994619369507e-02
5.479638278484344482e-02
5.418109893798828125e-02
5.445753037929534912e-02
5.494179204106330872e-02
5.481366068124771118e-02
5.431589484214782715e-02
5.418376624584197998e-02
5.396094173192977905e-02
5.313579365611076355e-02
5.380361154675483704e-02
5.419241264462471008e-02
5.430177226662635803e-02
5.380249768495559692e-02
5.349363014101982117e-02
5.426355451345443726e-02
5.370181053876876831e-02
5.459867417812347412e-02
5.374439060688018799e-02
5.349324643611907959e-02
5.331619083881378174e-02
5.347630009055137634e-02
5.395101755857467651e-02
5.352470278739929199e-02
5.297560244798660278e-02
5.345968902111053467e-02
5.384515598416328430e-02
5.347296595573425293e-02
5.380250513553619385e-02
5.423581600189208984e-02
5.319698154926300049e-02
5.324065685272216797e-02
5.238529294729232788e-02
5.377442017197608948e-02
5.338833108544349670e-02
5.228253453969955444e-02
5.325989797711372375e-02
5.191430449485778809e-02
5.266227573156356812e-02
5.219184979796409607e-02
5.202845856547355652e-02
5.240832269191741943e-02
5.276041850447654724e-02
5.311553552746772766e-02
5.272871255874633789e-02
5.345283076167106628e-02
5.298329889774322510e-02
5.273023247718811035e-02
5.281378701329231262e-02
5.304414033889770508e-02
5.192684754729270935e-02
5.256189778447151184e-02
5.242677032947540283e-02
5.276928469538688660e-02
5.250915139913558960e-02
5.194319039583206177e-02
5.230234563350677490e-02
5.152684450149536133e-02
5.274664238095283508e-02
5.183711647987365723e-02
5.206222087144851685e-02
5.242367088794708252e-02
5.079254135489463806e-02
5.112271755933761597e-02
5.165654420852661133e-02
5.202347785234451294e-02
5.147133022546768188e-02
5.153223499655723572e-02
5.126055330038070679e-02
5.181815475225448608e-02
5.149017274379730225e-02
5.176611244678497314e-02
5.153976380825042725e-02
5.143864080309867859e-02
5.194202810525894165e-02
5.230199545621871948e-02
5.201666429638862610e-02
5.196923762559890747e-02
5.121051520109176636e-02
5.222452059388160706e-02
5.186672508716583252e-02
5.172051489353179932e-02
5.166494846343994141e-02
5.159269273281097412e-02
5.096919834613800049e-02
5.074256658554077148e-02
5.140845477581024170e-02
5.133421719074249268e-02
5.099279433488845825e-02
5.087704956531524658e-02
5.088167637586593628e-02
5.146857351064682007e-02
5.099602788686752319e-02
5.088398605585098267e-02
5.107097327709197998e-02
5.086122080683708191e-02
5.138353258371353149e-02
5.108611285686492920e-02
4.977432265877723694e-02
5.092136561870574951e-02
5.060102045536041260e-02
5.174174904823303223e-02
5.074256658554077148e-02
5.136939883232116699e-02
5.062617361545562744e-02
5.026611685752868652e-02
5.182353779673576355e-02
5.000169575214385986e-02
5.137496441602706909e-02
5.063512548804283142e-02
5.043212324380874634e-02
5.074446648359298706e-02
4.972113296389579773e-02
5.011944472789764404e-02
5.036457628011703491e-02
4.996360093355178833e-02
5.303020030260086060e-02
4.988230392336845398e-02
5.045203119516372681e-02
5.088670551776885986e-02
5.021457746624946594e-02
5.081944167613983154e-02
5.031327903270721436e-02
4.971997439861297607e-02
4.997136443853378296e-02
5.030887573957443237e-02
5.042127892374992371e-02
5.017453059554100037e-02
5.049874633550643921e-02
4.988147690892219543e-02
4.955013096332550049e-02
5.041539669036865234e-02
5.031642317771911621e-02
5.086167529225349426e-02
4.911140352487564087e-02
4.970419406890869141e-02
4.997960478067398071e-02
4.918555915355682373e-02
4.956813901662826538e-02
5.021901428699493408e-02
4.955672472715377808e-02
4.880122840404510498e-02
4.939889907836914062e-02
4.941470921039581299e-02
4.915858060121536255e-02
5.002467334270477295e-02
4.936024546623229980e-02
4.895921051502227783e-02
4.853735119104385376e-02
4.946916550397872925e-02
4.884900152683258057e-02
4.920726269483566284e-02
4.899691790342330933e-02
4.895911365747451782e-02
4.963830858469009399e-02
4.847415536642074585e-02
4.842599481344223022e-02
4.799126461148262024e-02
4.856734722852706909e-02
4.864683002233505249e-02
4.862009361386299133e-02
4.880969226360321045e-02
4.874812811613082886e-02
4.907349124550819397e-02
4.870221018791198730e-02
4.849287122488021851e-02
4.854575544595718384e-02
4.851635918021202087e-02
4.877737164497375488e-02
4.873420670628547668e-02
5.072331428527832031e-02
4.907722771167755127e-02
4.838815703988075256e-02
4.782547056674957275e-02
4.831559211015701294e-02
4.860787093639373779e-02
4.877226054668426514e-02
4.796452820301055908e-02
4.825334250926971436e-02
4.818311333656311035e-02
4.829955101013183594e-02
4.892643913626670837e-02
4.860384017229080200e-02
4.820742830634117126e-02
4.800755530595779419e-02
4.822214692831039429e-02
4.791538789868354797e-02
4.903427511453628540e-02
4.749575257301330566e-02
4.901223257184028625e-02
4.851429909467697144e-02
4.753288254141807556e-02
4.835230857133865356e-02
4.753226786851882935e-02
4.784191399812698364e-02
4.843045771121978760e-02
4.806401208043098450e-02
4.794886708259582520e-02
4.730747640132904053e-02
4.794242978096008301e-02
4.694826155900955200e-02
4.700560495257377625e-02
4.773518815636634827e-02
4.752442985773086548e-02
4.807583987712860107e-02
4.792619496583938599e-02
4.725321754813194275e-02
4.788365587592124939e-02
4.749927669763565063e-02
4.784331470727920532e-02
4.780832678079605103e-02
4.671438038349151611e-02
4.672478884458541870e-02
4.750930517911911011e-02
4.729984700679779053e-02
4.736890271306037903e-02
4.709184169769287109e-02
4.784889519214630127e-02
4.671956971287727356e-02
4.710445180535316467e-02
4.689151048660278320e-02
4.695848375558853149e-02
4.728814959526062012e-02
4.684183746576309204e-02
4.679538309574127197e-02
4.620651900768280029e-02
4.715434834361076355e-02
4.666009545326232910e-02
4.709022119641304016e-02
4.665678367018699646e-02
4.706228524446487427e-02
4.719086736440658569e-02
4.682721942663192749e-02
4.712300002574920654e-02
4.654084891080856323e-02
4.627865180373191833e-02
4.659532010555267334e-02
4.742001742124557495e-02
4.686793312430381775e-02
4.636163264513015747e-02
4.728041961789131165e-02
4.635171219706535339e-02
4.643640667200088501e-02
4.706874489784240723e-02
4.635210335254669189e-02
4.655949771404266357e-02
4.649965465068817139e-02
4.608199745416641235e-02
4.632557183504104614e-02
4.625289887189865112e-02
4.637806862592697144e-02
4.611527919769287109e-02
4.575715214014053345e-02
4.700245335698127747e-02
4.633744060993194580e-02
4.642886668443679810e-02
4.543703049421310425e-02
4.549334943294525146e-02
4.561185091733932495e-02
4.540154710412025452e-02
4.704136401414871216e-02
4.542025178670883179e-02
4.604328423738479614e-02
4.679066315293312073e-02
4.598896950483322144e-02
4.604522511363029480e-02
4.600654542446136475e-02
4.483766108751296997e-02
4.646159708499908447e-02
4.570559412240982056e-02
4.572438076138496399e-02
4.551286250352859497e-02
4.640176892280578613e-02
4.530008882284164429e-02
4.578556120395660400e-02
4.594350233674049377e-02
4.530943930149078369e-02
4.545064270496368408e-02
4.597993940114974976e-02
4.579129442572593689e-02
4.559667035937309265e-02
4.521190375089645386e-02
4.495854675769805908e-02
4.558601975440979004e-02
4.515008628368377686e-02
4.548623040318489075e-02
4.562053084373474121e-02
4.533650726079940796e-02
4.480586200952529907e-02
4.601111263036727905e-02
4.455960169434547424e-02
4.463777318596839905e-02
4.462651908397674561e-02
4.520128667354583740e-02
4.468984156847000122e-02
4.573026299476623535e-02
4.530495405197143555e-02
4.496583715081214905e-02
4.493265599012374878e-02
4.499886184930801392e-02
4.472082853317260742e-02
4.517145454883575439e-02
4.516161978244781494e-02
4.544978588819503784e-02
4.443858191370964050e-02
4.493793845176696777e-02
4.505575448274612427e-02
4.559534788131713867e-02
4.456695914268493652e-02
4.460470005869865417e-02
4.526855051517486572e-02
4.464548081159591675e-02
4.487499594688415527e-02
4.442808777093887329e-02
4.511714354157447815e-02
4.377850890159606934e-02
4.496032372117042542e-02
4.481022059917449951e-02
4.420565068721771240e-02
4.432345926761627197e-02
4.411286860704421997e-02
4.494338482618331909e-02
4.441597312688827515e-02
4.441957920789718628e-02
4.409567266702651978e-02
4.396095871925354004e-02
4.450147226452827454e-02
4.411576688289642334e-02
4.469197243452072144e-02
4.425298050045967102e-02
4.472451657056808472e-02
4.444310814142227173e-02
4.482112824916839600e-02
4.404697939753532410e-02
4.384505748748779297e-02
4.390543699264526367e-02
4.392964392900466919e-02
4.421736299991607666e-02
4.400122910737991333e-02
4.411178827285766602e-02
4.399163275957107544e-02
4.393555223941802979e-02
4.355758428573608398e-02
4.423031955957412720e-02
4.363135248422622681e-02
4.407526180148124695e-02
4.468278959393501282e-02
4.380691051483154297e-02
4.318631440401077271e-02
4.305190593004226685e-02
4.399711266160011292e-02
4.368480294942855835e-02
4.418350756168365479e-02
4.450588673353195190e-02
4.313699156045913696e-02
4.449236392974853516e-02
4.405279085040092468e-02
4.378947615623474121e-02
4.382645711302757263e-02
4.347369074821472168e-02
4.379836097359657288e-02
4.369543865323066711e-02
4.354130476713180542e-02
4.314140975475311279e-02
4.366458207368850708e-02
4.403637349605560303e-02
4.398620128631591797e-02
4.365799576044082642e-02
4.382203519344329834e-02
4.365196079015731812e-02
4.292032122611999512e-02
4.302383586764335632e-02
4.365225136280059814e-02
4.273270815610885620e-02
4.405230283737182617e-02
4.350520297884941101e-02
4.411543905735015869e-02
4.315538704395294189e-02
4.325246438384056091e-02
4.334098100662231445e-02
4.358873888850212097e-02
4.311065003275871277e-02
4.297526925802230835e-02
4.301230609416961670e-02
4.280728101730346680e-02
4.333918541669845581e-02
4.368728399276733398e-02
4.351752251386642456e-02
4.357936233282089233e-02
4.321743547916412354e-02
4.245868697762489319e-02
4.303872585296630859e-02
4.240252822637557983e-02
4.233393073081970215e-02
4.348913952708244324e-02
4.323980584740638733e-02
4.305770248174667358e-02
4.388719424605369568e-02
4.300998523831367493e-02
4.303418099880218506e-02
4.282346367835998535e-02
4.247985780239105225e-02
4.246006160974502563e-02
4.336648061871528625e-02
4.251371324062347412e-02
4.307332634925842285e-02
4.276898130774497986e-02
4.255126789212226868e-02
4.336132854223251343e-02
4.280602186918258667e-02
4.310254007577896118e-02
4.288469254970550537e-02
4.254582524299621582e-02
4.224728792905807495e-02
4.251877218484878540e-02
4.261814057826995850e-02
4.280265420675277710e-02
4.189648851752281189e-02
4.290485382080078125e-02
4.271265119314193726e-02
4.198691248893737793e-02
4.248710721731185913e-02
4.239800572395324707e-02
4.236150905489921570e-02
4.272824525833129883e-02
4.223378747701644897e-02
4.238882660865783691e-02
4.222960025072097778e-02
4.224024340510368347e-02
4.206769913434982300e-02
4.285473749041557312e-02
4.194030910730361938e-02
4.231349751353263855e-02
4.227021336555480957e-02
4.190368205308914185e-02
4.230955988168716431e-02
4.196930676698684692e-02
4.228588193655014038e-02
4.243350028991699219e-02
4.199589788913726807e-02
4.207612574100494385e-02
4.226118326187133789e-02
4.199395701289176941e-02
4.176184162497520447e-02
4.284217208623886108e-02
4.186631739139556885e-02
4.147184640169143677e-02
4.181044548749923706e-02
4.152373969554901123e-02
4.200729727745056152e-02
4.231069982051849365e-02
4.183180630207061768e-02
4.175122082233428955e-02
4.174549505114555359e-02
4.196657240390777588e-02
4.156330227851867676e-02
4.188800603151321411e-02
4.118283838033676147e-02
4.154833778738975525e-02
4.126565158367156982e-02
4.166516661643981934e-02
4.204221069812774658e-02
4.134895280003547668e-02
4.206071048974990845e-02
4.191366583108901978e-02
4.168409481644630432e-02
4.222120344638824463e-02
4.165103286504745483e-02
4.219019785523414612e-02
4.149939119815826416e-02
4.171328991651535034e-02
4.175122082233428955e-02
4.145574569702148438e-02
4.175283759832382202e-02
4.069339856505393982e-02
4.196860641241073608e-02
4.070215672254562378e-02
4.140195995569229126e-02
4.173479974269866943e-02
4.206088930368423462e-02
4.095608741044998169e-02
4.160417616367340088e-02
4.172956198453903198e-02
4.141972959041595459e-02
4.148674011230468750e-02
4.129187017679214478e-02
4.178005829453468323e-02
4.144805669784545898e-02
4.187774285674095154e-02
4.085200652480125427e-02
4.156784340739250183e-02
4.137054830789566040e-02
4.100905358791351318e-02
4.170681908726692200e-02
4.202327877283096313e-02
4.088835418224334717e-02
4.123792052268981934e-02
4.091268777847290039e-02
4.071133583784103394e-02
4.053036868572235107e-02
4.049309343099594116e-02
4.135908186435699463e-02
4.135557264089584351e-02
4.098788648843765259e-02
4.110308736562728882e-02
4.123225808143615723e-02
4.065360873937606812e-02
4.096683859825134277e-02
4.103422164916992188e-02
4.072035104036331177e-02
4.133551195263862610e-02
4.022960364818572998e-02
4.059271514415740967e-02
4.062012583017349243e-02
4.127869009971618652e-02
4.087860137224197388e-02
4.094614833593368530e-02
4.094454646110534668e-02
4.075386375188827515e-02
4.103005677461624146e-02
4.080571979284286499e-02
4.050431028008460999e-02
4.071523249149322510e-02
4.008898138999938965e-02
4.094105958938598633e-02
4.030654579401016235e-02
4.110639542341232300e-02
4.027938097715377808e-02
4.047905653715133667e-02
4.006350412964820862e-02
4.082934930920600891e-02
4.079900681972503662e-02
4.066697508096694946e-02
4.085564985871315002e-02
4.103037714958190918e-02
4.060550406575202942e-02
4.083259403705596924e-02
4.002137854695320129e-02
4.006762057542800903e-02
4.085665196180343628e-02
4.019443690776824951e-02
4.021772369742393494e-02
4.017977416515350342e-02
4.099810495972633362e-02
4.065988957881927490e-02
4.086145013570785522e-02
4.041201621294021606e-02
4.071440175175666809e-02
4.051668569445610046e-02
3.996567428112030029e-02
4.031223058700561523e-02
3.994146734476089478e-02
4.028316587209701538e-02
4.027305915951728821e-02
4.036606848239898682e-02
4.042124003171920776e-02
4.030698165297508240e-02
4.065639525651931763e-02
4.035280644893646240e-02
3.991572558879852295e-02
3.981219977140426636e-02
3.987532109022140503e-02
4.071195423603057861e-02
4.021919518709182739e-02
3.979009389877319336e-02
4.005436226725578308e-02
4.004492610692977905e-02
3.997855633497238159e-02
4.049387574195861816e-02
4.064976423978805542e-02
4.054796695709228516e-02
4.036111757159233093e-02
4.032085090875625610e-02
3.985130786895751953e-02
4.050844907760620117e-02
3.957168385386466980e-02
3.959064185619354248e-02
3.993157297372817993e-02
3.969584405422210693e-02
3.985981270670890808e-02
4.149427637457847595e-02
3.962239250540733337e-02
3.983974456787109375e-02
3.980344533920288086e-02
3.993342071771621704e-02
3.965041413903236389e-02
3.962636739015579224e-02
3.991371020674705505e-02
4.061156883835792542e-02
3.956584632396697998e-02
3.931840509176254272e-02
4.003353416919708252e-02
4.025787860155105591e-02
3.954851999878883362e-02
4.035852849483489990e-02
3.958318009972572327e-02
3.979539871215820312e-02
4.003019630908966064e-02
3.982436656951904297e-02
3.969680517911911011e-02
3.988506272435188293e-02
3.946205228567123413e-02
3.903793543577194214e-02
3.964467346668243408e-02
4.128197580575942993e-02
3.936573117971420288e-02
3.996190428733825684e-02
3.920871764421463013e-02
3.924440592527389526e-02
3.920477628707885742e-02
3.992716968059539795e-02
3.931106626987457275e-02
3.931704536080360413e-02
3.975214809179306030e-02
3.917174041271209717e-02
3.933881223201751709e-02
3.946676105260848999e-02
3.912366926670074463e-02
3.963919356465339661e-02
3.944654390215873718e-02
3.971759229898452759e-02
3.933611512184143066e-02
3.927448019385337830e-02
3.943897038698196411e-02
3.917555510997772217e-02
3.923846781253814697e-02
3.984676301479339600e-02
3.963956609368324280e-02
3.851688653230667114e-02
3.969322890043258667e-02
3.896558657288551331e-02
3.910307958722114563e-02
3.899281471967697144e-02
3.919771313667297363e-02
3.878163546323776245e-02
3.954464942216873169e-02
3.968448191881179810e-02
3.967421874403953552e-02
3.887000679969787598e-02
3.911540657281875610e-02
3.939523175358772278e-02
3.927332907915115356e-02
3.906412795186042786e-02
3.886114060878753662e-02
3.917181864380836487e-02
3.928079456090927124e-02
3.974682837724685669e-02
3.926398232579231262e-02
3.895335271954536438e-02
3.887153416872024536e-02
3.913509100675582886e-02
3.906482458114624023e-02
3.898640722036361694e-02
3.883893787860870361e-02
3.918102383613586426e-02
3.888443112373352051e-02
3.905723989009857178e-02
3.929424285888671875e-02
3.888429701328277588e-02
3.898070752620697021e-02
3.940965235233306885e-02
3.849768266081809998e-02
3.939421474933624268e-02
3.903689235448837280e-02
3.936556726694107056e-02
3.907389938831329346e-02
3.851033002138137817e-02
3.899586945772171021e-02
3.868142142891883850e-02
3.840768337249755859e-02
3.898322209715843201e-02
3.856157884001731873e-02
3.834963589906692505e-02
3.886497765779495239e-02
3.879674524068832397e-02
2.324758470058441162e-01
2.260209769010543823e-01
2.293263226747512817e-01
2.249514162540435791e-01
2.254952788352966309e-01
2.256918549537658691e-01
2.221253216266632080e-01
2.235478460788726807e-01
2.243104577064514160e-01
2.223684191703796387e-01
2.213781177997589111e-01
2.226491272449493408e-01
2.194059789180755615e-01
2.217447161674499512e-01
2.210846245288848877e-01
2.186772674322128296e-01
2.206120938062667847e-01
2.216794937849044800e-01
2.201436161994934082e-01
2.191972881555557251e-01
2.183421552181243896e-01
2.195093333721160889e-01
2.214488834142684937e-01
2.189301997423171997e-01
2.205897420644760132e-01
2.210396379232406616e-01
2.197159826755523682e-01
2.185257822275161743e-01
2.188989967107772827e-01
2.200926095247268677e-01
2.174577116966247559e-01
2.174496352672576904e-01
2.151962071657180786e-01
2.175432294607162476e-01
2.156145870685577393e-01
2.165179252624511719e-01
2.160392850637435913e-01
2.171253263950347900e-01
2.156525254249572754e-01
2.170007079839706421e-01
2.178452908992767334e-01
2.170532047748565674e-01
2.183095663785934448e-01
2.176240980625152588e-01
2.194909751415252686e-01
2.138780355453491211e-01
2.151120603084564209e-01
2.188283354043960571e-01
2.151731401681900024e-01
2.154893577098846436e-01
2.156621962785720825e-01
2.145277559757232666e-01
2.149627506732940674e-01
2.158044725656509399e-01
2.172758877277374268e-01
2.141388803720474243e-01
2.158788889646530151e-01
2.139557152986526489e-01
2.152363955974578857e-01
2.139070928096771240e-01
2.139433771371841431e-01
2.146146148443222046e-01
2.146032154560089111e-01
2.134789526462554932e-01
2.167099714279174805e-01
2.126580476760864258e-01
2.141596525907516479e-01
2.138082236051559448e-01
2.126275002956390381e-01
2.124312072992324829e-01
2.137885987758636475e-01
2.131915837526321411e-01
2.139113992452621460e-01
2.130991518497467041e-01
2.143222838640213013e-01
2.123225182294845581e-01
2.146353274583816528e-01
2.131010740995407104e-01
2.126833349466323853e-01
2.129503637552261353e-01
2.130585312843322754e-01
2.112704664468765259e-01
2.123997360467910767e-01
2.151671051979064941e-01
2.123385518789291382e-01
2.107215076684951782e-01
2.148174047470092773e-01
2.109644711017608643e-01
2.113730311393737793e-01
2.143104374408721924e-01
2.148036807775497437e-01
2.132397145032882690e-01
2.100696116685867310e-01
2.133441865444183350e-01
2.147218436002731323e-01
2.107381522655487061e-01
2.121347784996032715e-01
2.121652066707611084e-01
2.124359607696533203e-01
2.125896811485290527e-01
2.125435173511505127e-01
2.132042944431304932e-01
2.115660905838012695e-01
2.141325920820236206e-01
2.096571773290634155e-01
2.106375992298126221e-01
2.127386331558227539e-01
2.120065093040466309e-01
2.104880213737487793e-01
2.125456482172012329e-01
2.117797881364822388e-01
2.126281857490539551e-01
2.117584645748138428e-01
2.101276367902755737e-01
2.103307843208312988e-01
2.099632322788238525e-01
2.093585431575775146e-01
2.118176519870758057e-01
2.116606980562210083e-01
2.106299996376037598e-01
2.089745998382568359e-01
2.109149247407913208e-01
2.125250101089477539e-01
2.109577208757400513e-01
2.111568599939346313e-01
2.098949998617172241e-01
2.098910361528396606e-01
2.100666910409927368e-01
2.090049833059310913e-01
2.113193720579147339e-01
2.082773298025131226e-01
2.101337760686874390e-01
2.107311189174652100e-01
2.085675299167633057e-01
2.090364247560501099e-01
2.102074027061462402e-01
2.089455425739288330e-01
2.091041356325149536e-01
2.106986194849014282e-01
2.076144665479660034e-01
2.096022069454193115e-01
2.085289657115936279e-01
2.084059119224548340e-01
2.078871130943298340e-01
2.085085213184356689e-01
2.094696909189224243e-01
2.085037529468536377e-01
2.091723531484603882e-01
2.096556425094604492e-01
2.071984410285949707e-01
2.089608311653137207e-01
2.084843218326568604e-01
2.079243361949920654e-01
2.077722698450088501e-01
2.076031118631362915e-01
2.073234915733337402e-01
2.073139846324920654e-01
2.079323679208755493e-01
2.067337036132812500e-01
2.099262028932571411e-01
2.077908366918563843e-01
2.052056193351745605e-01
2.068651616573333740e-01
2.079041302204132080e-01
2.077367305755615234e-01
2.057238668203353882e-01
2.060618102550506592e-01
2.064171582460403442e-01
2.075024396181106567e-01
2.055889517068862915e-01
2.076165974140167236e-01
2.103686928749084473e-01
2.068397849798202515e-01
2.068183124065399170e-01
2.067295759916305542e-01
2.065482586622238159e-01
2.065730690956115723e-01
2.080730646848678589e-01
2.065369933843612671e-01
2.053488790988922119e-01
2.069056034088134766e-01
2.067546397447586060e-01
2.045112997293472290e-01
2.063106894493103027e-01
2.056990563869476318e-01
2.056988328695297241e-01
2.057454735040664673e-01
2.054320126771926880e-01
2.073589265346527100e-01
2.095913290977478027e-01
2.057253718376159668e-01
2.033977061510086060e-01
2.060414999723434448e-01
2.027700245380401611e-01
2.050762325525283813e-01
2.061003148555755615e-01
2.025500237941741943e-01
2.056771218776702881e-01
2.069216668605804443e-01
2.031738460063934326e-01
