1.463475553989410427e+00
1.062754335403442330e+00
9.676478248834610163e-01
8.473266977071761685e-01
7.672244131565093550e-01
7.132513803243637485e-01
7.003059250116348000e-01
6.102568492293357627e-01
5.706810897588729947e-01
5.946445599198341148e-01
5.799902349710464033e-01
5.643217200040817616e-01
5.603509822487831027e-01
5.470760262012481778e-01
4.773347777128219560e-01
4.796006423234939753e-01
4.819649013876914911e-01
4.723765510320663275e-01
4.858417344093322598e-01
4.778013151884079046e-01
4.828069075942039712e-01
4.000134399533271656e-01
4.036491405963897883e-01
4.117439755797386303e-01
4.146884423494339167e-01
4.148265141248703158e-01
4.282394799590110712e-01
4.275161468982696666e-01
3.535591438412666321e-01
3.560318130254745417e-01
3.524841120839118935e-01
3.601770040392875405e-01
3.734840378165245056e-01
3.775016546249389537e-01
3.684960439801215903e-01
3.292143264412880077e-01
3.206689542531966919e-01
3.223496532440185414e-01
3.258421634137630418e-01
3.327592468261718617e-01
3.381406098604202159e-01
3.461818668246269270e-01
3.048374605178832963e-01
2.986345639824867226e-01
2.987453956902026975e-01
3.048748819530009979e-01
3.096837721765041129e-01
3.156259325146675287e-01
3.187838551402091825e-01
2.929195158183574565e-01
2.867486265301704140e-01
2.967460767924785525e-01
2.943860690295696525e-01
2.939798934757709703e-01
2.994764697551727251e-01
3.035033556818962364e-01
2.803600272536277971e-01
2.866284871101379417e-01
2.825897146761417456e-01
2.765658643841743536e-01
2.793348525464534604e-01
2.869954919815063676e-01
2.895907337963581352e-01
2.753622466325759688e-01
2.708433477580547422e-01
2.749013376235961981e-01
2.785722771286964217e-01
2.798295116424560636e-01
2.819824531674385293e-01
2.792287261784076602e-01
2.670896731317043415e-01
2.702528849244117959e-01
2.691731694340706027e-01
2.680460754036903537e-01
2.761007921397686249e-01
2.712608435750007430e-01
2.761851073801517287e-01
2.645074777305126412e-01
2.659816148877143793e-01
2.611075368523597673e-01
2.652287006378173939e-01
2.708567108213901786e-01
2.678128707408904963e-01
2.686618249118328250e-01
2.578406804054975687e-01
2.851842714101076037e-01
2.396666526049375523e-01
2.349691979587077983e-01
2.146174785494804338e-01
2.068110771104693379e-01
1.904123807325959206e-01
9.664377328008413870e-02
7.630580808036029061e-02
8.395502466242760198e-02
9.913830693811177819e-02
1.040381962805986410e-01
1.002109626680612597e-01
1.105629615578800490e-01
6.754363178275525625e-02
5.366321147419512300e-02
5.905441557522863455e-02
7.668621148914098185e-02
9.140535062178969938e-02
9.257078221533447671e-02
7.421563418116421118e-02
