9.809723496437072754e-01
9.702863097190856934e-01
9.595904350280761719e-01
9.490057229995727539e-01
9.358081817626953125e-01
9.249864816665649414e-01
9.086053371429443359e-01
8.923054933547973633e-01
8.711946606636047363e-01
8.525983095169067383e-01
8.291938304901123047e-01
8.028156757354736328e-01
7.784820199012756348e-01
7.518017292022705078e-01
7.212355136871337891e-01
6.914745569229125977e-01
6.689549684524536133e-01
6.438765525817871094e-01
6.167012453079223633e-01
5.965650677680969238e-01
5.813746452331542969e-01
5.754746794700622559e-01
5.617858171463012695e-01
5.586669445037841797e-01
5.476562976837158203e-01
5.467733740806579590e-01
5.416743755340576172e-01
5.367780923843383789e-01
5.305743813514709473e-01
5.244691371917724609e-01
5.193492770195007324e-01
5.333548784255981445e-01
5.042703747749328613e-01
4.970104694366455078e-01
4.944390654563903809e-01
4.866389334201812744e-01
4.942071735858917236e-01
4.882016777992248535e-01
4.931263327598571777e-01
4.828587174415588379e-01
4.841168820858001709e-01
4.764899015426635742e-01
4.755177497863769531e-01
4.745231270790100098e-01
4.631721377372741699e-01
4.662038981914520264e-01
4.599774479866027832e-01
4.534309208393096924e-01
4.645564258098602295e-01
4.609852135181427002e-01
4.547515213489532471e-01
4.453464150428771973e-01
4.460088312625885010e-01
4.413700699806213379e-01
4.512231647968292236e-01
4.390568137168884277e-01
4.420595467090606689e-01
4.352968633174896240e-01
4.380080103874206543e-01
4.344104528427124023e-01
4.329587221145629883e-01
4.231814742088317871e-01
4.278127253055572510e-01
4.275057017803192139e-01
4.217151999473571777e-01
4.217428863048553467e-01
4.212681055068969727e-01
4.162535071372985840e-01
4.150888621807098389e-01
4.168057441711425781e-01
4.151798784732818604e-01
4.155504107475280762e-01
4.146591424942016602e-01
4.098772406578063965e-01
4.110038578510284424e-01
4.064470231533050537e-01
4.033030867576599121e-01
4.025096297264099121e-01
4.007596969604492188e-01
3.961680531501770020e-01
4.016952216625213623e-01
3.930100500583648682e-01
3.970325589179992676e-01
3.935153186321258545e-01
3.944873213768005371e-01
3.906098008155822754e-01
3.951651453971862793e-01
3.914033174514770508e-01
3.921140134334564209e-01
3.941351771354675293e-01
3.862809240818023682e-01
3.889945447444915771e-01
3.819405138492584229e-01
3.824804723262786865e-01
3.780468106269836426e-01
3.801968395709991455e-01
3.819011747837066650e-01
3.837051987648010254e-01
3.771932125091552734e-01
3.755328655242919922e-01
3.786594271659851074e-01
3.732745945453643799e-01
3.720391988754272461e-01
3.700902462005615234e-01
3.716178238391876221e-01
3.703781068325042725e-01
3.685988485813140869e-01
3.676418066024780273e-01
3.680877685546875000e-01
3.701593577861785889e-01
3.621334433555603027e-01
3.645790219306945801e-01
3.667626082897186279e-01
3.588231801986694336e-01
3.617793023586273193e-01
3.662359714508056641e-01
3.597319424152374268e-01
3.615664839744567871e-01
3.597561120986938477e-01
3.561662435531616211e-01
3.568403124809265137e-01
3.550611734390258789e-01
3.570483028888702393e-01
3.541719913482666016e-01
3.547184467315673828e-01
3.525303006172180176e-01
3.512628972530364990e-01
3.481572270393371582e-01
3.542437255382537842e-01
3.513202667236328125e-01
3.456495106220245361e-01
3.498735427856445312e-01
3.488092720508575439e-01
3.492507934570312500e-01
3.448720574378967285e-01
3.437437415122985840e-01
3.415521085262298584e-01
3.389319479465484619e-01
3.456615507602691650e-01
3.431578874588012695e-01
3.402769267559051514e-01
3.405226767063140869e-01
3.395697772502899170e-01
3.395485877990722656e-01
3.393916487693786621e-01
3.407490849494934082e-01
3.353792130947113037e-01
3.389711380004882812e-01
3.396044373512268066e-01
3.400804400444030762e-01
3.359740972518920898e-01
3.328510522842407227e-01
3.385316431522369385e-01
3.295437395572662354e-01
3.335536420345306396e-01
3.322617411613464355e-01
3.332406878471374512e-01
3.296871483325958252e-01
3.334470987319946289e-01
3.319861888885498047e-01
3.254626095294952393e-01
3.316013813018798828e-01
3.257266283035278320e-01
3.276920318603515625e-01
3.282292485237121582e-01
3.261429071426391602e-01
3.237652480602264404e-01
3.229248225688934326e-01
3.249567747116088867e-01
3.218028247356414795e-01
3.214922249317169189e-01
3.231070339679718018e-01
3.176695704460144043e-01
3.242780566215515137e-01
3.217869102954864502e-01
3.213554024696350098e-01
3.179969489574432373e-01
3.169958889484405518e-01
3.177211582660675049e-01
3.164930045604705811e-01
3.123150765895843506e-01
3.181757628917694092e-01
3.133688569068908691e-01
3.140971958637237549e-01
3.126687109470367432e-01
3.175603449344635010e-01
3.169321119785308838e-01
3.118076920509338379e-01
3.169293999671936035e-01
3.128737509250640869e-01
3.102268278598785400e-01
3.104581832885742188e-01
3.074454963207244873e-01
3.105726838111877441e-01
3.079876303672790527e-01
3.118217885494232178e-01
3.079976439476013184e-01
3.078320324420928955e-01
3.045077621936798096e-01
3.074362874031066895e-01
3.056476116180419922e-01
3.063238859176635742e-01
3.037045598030090332e-01
3.045212030410766602e-01
3.036744296550750732e-01
3.059556484222412109e-01
3.042300045490264893e-01
3.020027577877044678e-01
3.041243255138397217e-01
3.006170392036437988e-01
3.034789860248565674e-01
3.000780344009399414e-01
3.007377088069915771e-01
3.015767037868499756e-01
2.972565889358520508e-01
2.995981574058532715e-01
3.016135394573211670e-01
3.020755946636199951e-01
2.975273728370666504e-01
2.999839484691619873e-01
2.956430315971374512e-01
3.006237447261810303e-01
2.924253642559051514e-01
2.947763204574584961e-01
2.971294224262237549e-01
2.948901653289794922e-01
2.953591942787170410e-01
2.925535738468170166e-01
2.949567139148712158e-01
2.914412021636962891e-01
2.960010170936584473e-01
2.927526831626892090e-01
2.884189188480377197e-01
2.924982607364654541e-01
2.916743755340576172e-01
2.914771437644958496e-01
2.918076813220977783e-01
2.912938594818115234e-01
2.868159115314483643e-01
2.915629148483276367e-01
2.894444167613983154e-01
2.860656678676605225e-01
2.879112064838409424e-01
2.896021902561187744e-01
2.838889956474304199e-01
2.853344380855560303e-01
2.841936945915222168e-01
2.859637737274169922e-01
2.856136560440063477e-01
2.855772376060485840e-01
2.860356569290161133e-01
2.814387679100036621e-01
2.829979360103607178e-01
2.832660079002380371e-01
2.800914049148559570e-01
2.802433669567108154e-01
2.811183929443359375e-01
2.780470848083496094e-01
2.777180969715118408e-01
2.802285850048065186e-01
2.783877849578857422e-01
2.783440947532653809e-01
2.797910571098327637e-01
2.793202996253967285e-01
2.784485220909118652e-01
2.781745195388793945e-01
2.771776914596557617e-01
2.795230746269226074e-01
2.741698324680328369e-01
2.739286422729492188e-01
2.757923007011413574e-01
2.761777341365814209e-01
2.753791809082031250e-01
2.737428545951843262e-01
2.709827423095703125e-01
2.741407155990600586e-01
2.701458334922790527e-01
2.747634649276733398e-01
2.740166485309600830e-01
2.723190486431121826e-01
2.713330090045928955e-01
2.723742127418518066e-01
2.751309871673583984e-01
2.709273397922515869e-01
2.708812952041625977e-01
2.690207660198211670e-01
2.710280120372772217e-01
2.710120081901550293e-01
2.674265503883361816e-01
2.700058221817016602e-01
2.654407322406768799e-01
2.687999308109283447e-01
2.653014063835144043e-01
2.657643854618072510e-01
2.681187093257904053e-01
2.666271030902862549e-01
2.666421532630920410e-01
2.673313021659851074e-01
2.668859362602233887e-01
2.642241120338439941e-01
2.631033957004547119e-01
2.646554410457611084e-01
2.649679183959960938e-01
2.639490365982055664e-01
2.679111361503601074e-01
2.607577741146087646e-01
2.653246819972991943e-01
2.603234350681304932e-01
2.594769895076751709e-01
2.596183717250823975e-01
2.644782364368438721e-01
2.621167898178100586e-01
2.625861465930938721e-01
2.614855468273162842e-01
2.610693573951721191e-01
2.609009444713592529e-01
2.606534957885742188e-01
2.611114680767059326e-01
2.595590651035308838e-01
2.585692107677459717e-01
2.589514553546905518e-01
2.585446238517761230e-01
2.596833407878875732e-01
2.572359144687652588e-01
2.614946365356445312e-01
2.532212138175964355e-01
2.559097111225128174e-01
2.571323513984680176e-01
2.573284804821014404e-01
2.541028857231140137e-01
2.524378299713134766e-01
2.542567551136016846e-01
2.554216384887695312e-01
2.542079687118530273e-01
2.538450658321380615e-01
2.545812427997589111e-01
2.535488903522491455e-01
2.531414926052093506e-01
2.540009617805480957e-01
2.522325217723846436e-01
2.519928216934204102e-01
2.507518529891967773e-01
2.514185011386871338e-01
2.496941238641738892e-01
2.506813406944274902e-01
2.503075599670410156e-01
2.527677714824676514e-01
2.519750595092773438e-01
2.501878440380096436e-01
2.495607286691665649e-01
2.515048980712890625e-01
2.511838674545288086e-01
2.497059106826782227e-01
2.504543662071228027e-01
2.471894770860671997e-01
2.477265298366546631e-01
2.506898045539855957e-01
2.451374530792236328e-01
2.490895688533782959e-01
2.495742440223693848e-01
2.494394928216934204e-01
2.481815367937088013e-01
2.461162656545639038e-01
2.480267137289047241e-01
2.468377947807312012e-01
2.447307705879211426e-01
2.483933418989181519e-01
2.467855066061019897e-01
2.485989481210708618e-01
2.458137273788452148e-01
2.475085258483886719e-01
2.455760985612869263e-01
2.420506328344345093e-01
2.478682845830917358e-01
2.420511841773986816e-01
2.427024245262145996e-01
2.446694821119308472e-01
2.432651817798614502e-01
2.437295168638229370e-01
2.452463656663894653e-01
2.422997355461120605e-01
2.417635321617126465e-01
2.420850247144699097e-01
2.438069283962249756e-01
2.414665967226028442e-01
2.418979555368423462e-01
2.441160082817077637e-01
2.412123084068298340e-01
2.412398755550384521e-01
2.373444586992263794e-01
2.417802661657333374e-01
2.406770884990692139e-01
2.414551526308059692e-01
2.391658127307891846e-01
2.412024289369583130e-01
2.418467700481414795e-01
2.413419187068939209e-01
2.365130931138992310e-01
2.395305484533309937e-01
2.419093698263168335e-01
2.383850812911987305e-01
2.381688356399536133e-01
2.391010522842407227e-01
2.396208941936492920e-01
2.393829226493835449e-01
2.415541857481002808e-01
2.372263222932815552e-01
2.378456294536590576e-01
2.400222271680831909e-01
2.368552088737487793e-01
2.372023016214370728e-01
2.387753427028656006e-01
2.376022785902023315e-01
2.385414838790893555e-01
2.397654354572296143e-01
2.363405972719192505e-01
2.364379167556762695e-01
2.383285164833068848e-01
2.373299300670623779e-01
2.377409487962722778e-01
2.336209714412689209e-01
2.366999685764312744e-01
2.334230840206146240e-01
2.348066270351409912e-01
2.334650754928588867e-01
2.337090373039245605e-01
2.358791381120681763e-01
2.357114702463150024e-01
2.337185442447662354e-01
2.326593399047851562e-01
2.334881126880645752e-01
2.344466298818588257e-01
2.341973781585693359e-01
2.355571091175079346e-01
2.337153553962707520e-01
2.344846427440643311e-01
2.329133749008178711e-01
2.332059890031814575e-01
2.332866936922073364e-01
2.328079491853713989e-01
2.316813021898269653e-01
2.322476953268051147e-01
2.331397384405136108e-01
2.340365201234817505e-01
2.318308800458908081e-01
2.308233827352523804e-01
2.316545099020004272e-01
2.303262203931808472e-01
2.279144823551177979e-01
2.294567525386810303e-01
2.305518835783004761e-01
2.322591245174407959e-01
2.309638410806655884e-01
2.305302768945693970e-01
2.309871912002563477e-01
2.315988093614578247e-01
2.267375141382217407e-01
2.302375137805938721e-01
2.297268956899642944e-01
2.308177053928375244e-01
2.313878387212753296e-01
2.315818816423416138e-01
2.281157821416854858e-01
2.267725467681884766e-01
2.284344285726547241e-01
2.285165637731552124e-01
2.294056415557861328e-01
2.290935516357421875e-01
2.309513688087463379e-01
2.287555336952209473e-01
2.277489006519317627e-01
2.294362336397171021e-01
2.290828675031661987e-01
2.284395545721054077e-01
2.263019233942031860e-01
2.278745919466018677e-01
2.261580526828765869e-01
2.297957986593246460e-01
2.292945235967636108e-01
2.301506102085113525e-01
2.291526943445205688e-01
2.284690737724304199e-01
2.263499200344085693e-01
2.272808104753494263e-01
2.254081070423126221e-01
2.307471781969070435e-01
2.264954298734664917e-01
2.305563390254974365e-01
2.249144166707992554e-01
2.248176485300064087e-01
2.268602102994918823e-01
2.255531102418899536e-01
2.251673638820648193e-01
2.266085892915725708e-01
2.240222245454788208e-01
2.273953706026077271e-01
2.266452461481094360e-01
2.245608270168304443e-01
2.214535027742385864e-01
2.251872569322586060e-01
2.239425033330917358e-01
2.260687053203582764e-01
2.281808108091354370e-01
2.228271067142486572e-01
2.245300710201263428e-01
2.272684276103973389e-01
2.244685739278793335e-01
2.240883111953735352e-01
2.256361991167068481e-01
2.246139496564865112e-01
2.225016355514526367e-01
2.262025028467178345e-01
2.248082160949707031e-01
2.209214866161346436e-01
2.236618697643280029e-01
2.242927998304367065e-01
2.234886884689331055e-01
2.210916876792907715e-01
2.236836552619934082e-01
2.240360230207443237e-01
2.226843237876892090e-01
2.248848527669906616e-01
2.219489067792892456e-01
2.228751480579376221e-01
2.240440845489501953e-01
2.219589203596115112e-01
2.256208062171936035e-01
2.206330299377441406e-01
2.224835753440856934e-01
2.199432700872421265e-01
2.221534550189971924e-01
2.215045988559722900e-01
2.201211303472518921e-01
2.220470309257507324e-01
2.211544811725616455e-01
2.227576375007629395e-01
2.216064929962158203e-01
2.206857800483703613e-01
2.196341603994369507e-01
2.190061658620834351e-01
2.216656655073165894e-01
2.209673672914505005e-01
2.193439602851867676e-01
2.206048369407653809e-01
2.211730331182479858e-01
2.205441892147064209e-01
2.215722501277923584e-01
2.178959250450134277e-01
2.179850339889526367e-01
2.217493057250976562e-01
2.236594557762145996e-01
2.219556719064712524e-01
2.191988974809646606e-01
2.212615609169006348e-01
2.189234048128128052e-01
2.185615897178649902e-01
2.223923504352569580e-01
2.160473465919494629e-01
2.190379947423934937e-01
2.242686897516250610e-01
2.194798439741134644e-01
2.199347168207168579e-01
2.189717739820480347e-01
2.192169278860092163e-01
2.181056439876556396e-01
2.189765572547912598e-01
2.200326472520828247e-01
2.152972817420959473e-01
2.168012857437133789e-01
2.169472724199295044e-01
2.208746075630187988e-01
2.179612666368484497e-01
2.181063443422317505e-01
2.182569503784179688e-01
2.169102132320404053e-01
2.171355038881301880e-01
2.161265015602111816e-01
2.169770896434783936e-01
2.193280309438705444e-01
2.184423953294754028e-01
2.174343168735504150e-01
2.166689038276672363e-01
2.178193479776382446e-01
2.165954262018203735e-01
2.154795378446578979e-01
2.156369537115097046e-01
2.140683233737945557e-01
2.151348143815994263e-01
2.148082554340362549e-01
2.158732265233993530e-01
2.134358584880828857e-01
2.134848237037658691e-01
2.179576307535171509e-01
2.145950347185134888e-01
2.163009196519851685e-01
2.187594622373580933e-01
2.161070704460144043e-01
2.153250277042388916e-01
2.161838263273239136e-01
2.177930176258087158e-01
2.144676297903060913e-01
2.146684527397155762e-01
2.165040075778961182e-01
2.128928154706954956e-01
2.148654162883758545e-01
2.166551053524017334e-01
2.145231962203979492e-01
2.159481495618820190e-01
2.155015021562576294e-01
2.146184891462326050e-01
2.150697559118270874e-01
2.143267989158630371e-01
2.149775177240371704e-01
2.174121141433715820e-01
2.136439234018325806e-01
2.149474322795867920e-01
2.139538824558258057e-01
2.143336981534957886e-01
2.142179757356643677e-01
2.143833041191101074e-01
2.150688022375106812e-01
2.138720005750656128e-01
2.168673276901245117e-01
2.149676680564880371e-01
2.160946577787399292e-01
2.137416899204254150e-01
2.136533558368682861e-01
2.125492691993713379e-01
2.155693918466567993e-01
2.172012478113174438e-01
2.125592231750488281e-01
2.125569880008697510e-01
2.123567909002304077e-01
2.093974500894546509e-01
2.134201377630233765e-01
2.104587107896804810e-01
2.132766991853713989e-01
2.140236198902130127e-01
2.121881991624832153e-01
2.127949893474578857e-01
2.123437821865081787e-01
2.151360362768173218e-01
2.102812230587005615e-01
2.111238688230514526e-01
2.107446342706680298e-01
2.136607021093368530e-01
2.105730324983596802e-01
2.115616053342819214e-01
2.121578752994537354e-01
2.133903503417968750e-01
2.099239677190780640e-01
2.123636901378631592e-01
2.119986414909362793e-01
2.134623229503631592e-01
2.106639444828033447e-01
2.111455351114273071e-01
2.107155621051788330e-01
2.114449739456176758e-01
2.115161865949630737e-01
2.096339911222457886e-01
2.134630978107452393e-01
2.096157670021057129e-01
2.118835598230361938e-01
2.113172113895416260e-01
2.119895070791244507e-01
2.060406506061553955e-01
2.111689895391464233e-01
2.105635106563568115e-01
2.109686136245727539e-01
2.092530429363250732e-01
2.093292623758316040e-01
2.087347209453582764e-01
2.105104327201843262e-01
2.103994786739349365e-01
2.094659656286239624e-01
2.118855565786361694e-01
2.106599211692810059e-01
2.099789083003997803e-01
2.112212628126144409e-01
2.085128128528594971e-01
2.104202657938003540e-01
2.099599093198776245e-01
2.107910811901092529e-01
2.079061716794967651e-01
2.080018222332000732e-01
2.114485800266265869e-01
2.103470861911773682e-01
2.081128060817718506e-01
2.093331515789031982e-01
2.100286781787872314e-01
2.114187180995941162e-01
2.117584943771362305e-01
2.118530422449111938e-01
2.071038931608200073e-01
2.099290341138839722e-01
2.076295316219329834e-01
2.066751569509506226e-01
2.092099785804748535e-01
2.096364051103591919e-01
2.105433642864227295e-01
2.253085523843765259e-01
2.238542735576629639e-01
2.255492657423019409e-01
2.229105085134506226e-01
2.271533310413360596e-01
2.286369502544403076e-01
2.265758216381072998e-01
2.264504134654998779e-01
2.257330715656280518e-01
2.240100502967834473e-01
2.266562432050704956e-01
2.256774902343750000e-01
2.243479937314987183e-01
2.249322682619094849e-01
2.237449288368225098e-01
2.253320366144180298e-01
2.245447039604187012e-01
2.265916168689727783e-01
2.249355763196945190e-01
2.214693725109100342e-01
2.263143807649612427e-01
2.222858667373657227e-01
2.234343886375427246e-01
2.239422202110290527e-01
2.226108908653259277e-01
2.250157743692398071e-01
2.237601727247238159e-01
2.238707691431045532e-01
2.231262475252151489e-01
2.238367348909378052e-01
2.243825048208236694e-01
2.257154285907745361e-01
2.238401621580123901e-01
2.237955480813980103e-01
2.239939719438552856e-01
2.239638864994049072e-01
2.239801883697509766e-01
2.218118160963058472e-01
2.207074463367462158e-01
2.232239842414855957e-01
2.220531105995178223e-01
2.233652770519256592e-01
2.219663709402084351e-01
2.238008677959442139e-01
2.233989387750625610e-01
2.259066998958587646e-01
2.225390672683715820e-01
2.232904285192489624e-01
2.219473421573638916e-01
2.205941379070281982e-01
2.223313301801681519e-01
2.209775596857070923e-01
2.213238626718521118e-01
2.212733179330825806e-01
2.243356406688690186e-01
2.233755141496658325e-01
2.229425311088562012e-01
2.212811261415481567e-01
2.218361496925354004e-01
2.236029505729675293e-01
2.207623720169067383e-01
2.188882976770401001e-01
2.204851508140563965e-01
2.215088456869125366e-01
2.228358983993530273e-01
2.204998582601547241e-01
2.210969030857086182e-01
2.206281870603561401e-01
2.206450402736663818e-01
2.222601622343063354e-01
2.188745290040969849e-01
2.304227650165557861e-01
2.156505733728408813e-01
2.222682237625122070e-01
2.199842482805252075e-01
2.203450500965118408e-01
2.215781658887863159e-01
2.216956913471221924e-01
2.207913249731063843e-01
2.197368741035461426e-01
2.198553085327148438e-01
2.184433192014694214e-01
2.199303358793258667e-01
2.190116196870803833e-01
2.185955941677093506e-01
2.178458571434020996e-01
2.185255885124206543e-01
2.204737663269042969e-01
2.179765850305557251e-01
2.172769457101821899e-01
2.172686606645584106e-01
2.202613949775695801e-01
2.220169454813003540e-01
2.210148125886917114e-01
2.219389677047729492e-01
2.170151323080062866e-01
2.192750722169876099e-01
2.201065868139266968e-01
2.183050215244293213e-01
2.185317277908325195e-01
2.204730957746505737e-01
2.144189625978469849e-01
2.145372480154037476e-01
2.170019149780273438e-01
2.181019037961959839e-01
2.173252403736114502e-01
2.160642743110656738e-01
2.197573632001876831e-01
2.177933603525161743e-01
2.187099605798721313e-01
2.199659645557403564e-01
2.168593555688858032e-01
2.148900628089904785e-01
2.191701531410217285e-01
2.203205972909927368e-01
2.181944400072097778e-01
2.183740139007568359e-01
2.166209220886230469e-01
2.167149335145950317e-01
2.203114926815032959e-01
2.186947166919708252e-01
2.162730544805526733e-01
2.178931385278701782e-01
2.161737084388732910e-01
2.177806347608566284e-01
2.173151969909667969e-01
2.179926484823226929e-01
2.186874002218246460e-01
2.142835259437561035e-01
2.142601311206817627e-01
2.175268679857254028e-01
2.173703163862228394e-01
2.153218239545822144e-01
2.126985788345336914e-01
2.176937758922576904e-01
2.181931734085083008e-01
2.165121585130691528e-01
2.171485573053359985e-01
2.174605280160903931e-01
2.184844464063644409e-01
2.157529294490814209e-01
2.180580943822860718e-01
2.154530137777328491e-01
2.139739096164703369e-01
2.147120535373687744e-01
2.160863131284713745e-01
2.168572098016738892e-01
2.165749222040176392e-01
2.152811437845230103e-01
2.118439823389053345e-01
2.141061276197433472e-01
2.143709063529968262e-01
2.155264616012573242e-01
2.139764577150344849e-01
2.116576284170150757e-01
2.162994891405105591e-01
2.139990180730819702e-01
2.136826068162918091e-01
2.142704278230667114e-01
2.164728045463562012e-01
2.154238671064376831e-01
2.158781141042709351e-01
2.161917835474014282e-01
2.123750150203704834e-01
2.137807756662368774e-01
2.176188379526138306e-01
2.145528644323348999e-01
2.173713594675064087e-01
2.155872136354446411e-01
2.148138135671615601e-01
2.130375206470489502e-01
2.141659706830978394e-01
2.127464115619659424e-01
2.132936865091323853e-01
2.151975333690643311e-01
2.146718353033065796e-01
2.134048938751220703e-01
2.139143943786621094e-01
2.133877128362655640e-01
2.159230858087539673e-01
2.164192199707031250e-01
2.140573561191558838e-01
2.144890129566192627e-01
2.135611176490783691e-01
2.117793709039688110e-01
2.132952511310577393e-01
2.132135629653930664e-01
2.124394029378890991e-01
2.116612941026687622e-01
2.122891694307327271e-01
2.130925208330154419e-01
2.116536051034927368e-01
2.128163576126098633e-01
2.135045975446701050e-01
2.115694433450698853e-01
2.135471105575561523e-01
2.106533497571945190e-01
2.129862606525421143e-01
2.122199237346649170e-01
2.131310999393463135e-01
2.105597555637359619e-01
2.099178582429885864e-01
2.114990651607513428e-01
2.130964100360870361e-01
2.128560245037078857e-01
2.101734876632690430e-01
2.140354961156845093e-01
2.099593877792358398e-01
2.147398889064788818e-01
2.110836356878280640e-01
2.119807302951812744e-01
2.104838192462921143e-01
2.107637077569961548e-01
2.105265259742736816e-01
2.102732360363006592e-01
2.145756036043167114e-01
2.116574496030807495e-01
2.118963748216629028e-01
2.140708714723587036e-01
2.122162282466888428e-01
2.132972180843353271e-01
2.141317576169967651e-01
2.127648144960403442e-01
2.113465815782546997e-01
2.129564881324768066e-01
2.127690762281417847e-01
2.126070708036422729e-01
2.105510681867599487e-01
2.130505740642547607e-01
2.121565788984298706e-01
2.113759517669677734e-01
2.121325731277465820e-01
2.113334685564041138e-01
2.136633098125457764e-01
2.117823362350463867e-01
2.107020765542984009e-01
2.112146764993667603e-01
2.107335925102233887e-01
2.107478827238082886e-01
2.128860354423522949e-01
2.109779268503189087e-01
2.111336141824722290e-01
2.123896628618240356e-01
2.115873247385025024e-01
2.085350900888442993e-01
2.128057330846786499e-01
2.086317390203475952e-01
2.085604071617126465e-01
2.104427218437194824e-01
2.073391079902648926e-01
2.094302326440811157e-01
2.102735936641693115e-01
2.095752805471420288e-01
2.114552557468414307e-01
2.119297236204147339e-01
2.083472609519958496e-01
2.103363126516342163e-01
2.094821482896804810e-01
2.116350531578063965e-01
2.076006084680557251e-01
2.079134285449981689e-01
2.091219425201416016e-01
2.092121392488479614e-01
2.121820300817489624e-01
2.101314812898635864e-01
2.102234214544296265e-01
2.118631601333618164e-01
2.105162441730499268e-01
2.100373208522796631e-01
2.061366587877273560e-01
2.105722427368164062e-01
2.102161347866058350e-01
2.078216671943664551e-01
2.115025967359542847e-01
2.091418802738189697e-01
2.107640653848648071e-01
2.100147157907485962e-01
2.088987380266189575e-01
2.100158780813217163e-01
2.101390212774276733e-01
2.072876691818237305e-01
2.088326215744018555e-01
2.119282335042953491e-01
2.071534395217895508e-01
2.086654752492904663e-01
2.087658792734146118e-01
2.097979485988616943e-01
2.085283845663070679e-01
2.083478718996047974e-01
2.081836014986038208e-01
2.061589211225509644e-01
2.065192908048629761e-01
2.084381282329559326e-01
2.073673009872436523e-01
2.097528129816055298e-01
2.065621167421340942e-01
2.074321508407592773e-01
2.084899693727493286e-01
2.089304625988006592e-01
2.109370976686477661e-01
2.082206159830093384e-01
2.099056839942932129e-01
2.072019726037979126e-01
2.047603875398635864e-01
2.090356945991516113e-01
2.063611596822738647e-01
2.084530740976333618e-01
2.089358717203140259e-01
2.078523188829421997e-01
2.062657773494720459e-01
2.053193598985671997e-01
2.081173807382583618e-01
2.066616117954254150e-01
2.065459191799163818e-01
2.080921381711959839e-01
2.066397219896316528e-01
2.059236317873001099e-01
2.064464837312698364e-01
2.111840546131134033e-01
2.072926908731460571e-01
2.093790918588638306e-01
2.078922837972640991e-01
2.064757049083709717e-01
2.072627395391464233e-01
2.063897848129272461e-01
2.074268311262130737e-01
2.066523283720016479e-01
2.079216688871383667e-01
2.066912949085235596e-01
2.064145356416702271e-01
2.074525207281112671e-01
2.085675001144409180e-01
2.068036496639251709e-01
2.093763798475265503e-01
2.071371227502822876e-01
2.081594020128250122e-01
2.062195241451263428e-01
2.054073959589004517e-01
2.060283273458480835e-01
2.092017531394958496e-01
2.082438170909881592e-01
2.043825834989547729e-01
2.043295800685882568e-01
2.071156799793243408e-01
2.072011679410934448e-01
2.047843486070632935e-01
2.079203575849533081e-01
2.080891877412796021e-01
2.030595541000366211e-01
2.060079872608184814e-01
2.087897360324859619e-01
2.059908062219619751e-01
2.083837985992431641e-01
2.005200386047363281e-01
2.087982594966888428e-01
2.058401405811309814e-01
2.050948143005371094e-01
2.034305483102798462e-01
2.043005377054214478e-01
2.037262469530105591e-01
2.037725150585174561e-01
2.066706866025924683e-01
2.074149399995803833e-01
2.033612281084060669e-01
2.050987184047698975e-01
2.058259993791580200e-01
2.078545540571212769e-01
2.060745060443878174e-01
2.042753398418426514e-01
2.079998850822448730e-01
2.055304199457168579e-01
2.077237069606781006e-01
2.060537338256835938e-01
2.023947983980178833e-01
2.015872448682785034e-01
2.060276269912719727e-01
2.053495794534683228e-01
2.044531702995300293e-01
2.075154483318328857e-01
2.036852240562438965e-01
2.043059915304183960e-01
2.021155357360839844e-01
2.016641795635223389e-01
2.046912461519241333e-01
2.050724774599075317e-01
2.069020867347717285e-01
2.057575285434722900e-01
2.050309181213378906e-01
2.060918211936950684e-01
2.043980956077575684e-01
2.025172859430313110e-01
2.043289691209793091e-01
2.057934850454330444e-01
2.050242424011230469e-01
2.044017016887664795e-01
2.045037895441055298e-01
2.024991810321807861e-01
2.065130025148391724e-01
2.036023736000061035e-01
2.034597694873809814e-01
2.043828666210174561e-01
2.031620442867279053e-01
2.058105170726776123e-01
2.058728039264678955e-01
2.024359256029129028e-01
2.054049968719482422e-01
2.035223543643951416e-01
2.047927826642990112e-01
2.022473514080047607e-01
2.032723873853683472e-01
2.025877535343170166e-01
2.048119604587554932e-01
2.007461637258529663e-01
2.038171440362930298e-01
2.045114487409591675e-01
2.042564153671264648e-01
2.008292078971862793e-01
2.021287083625793457e-01
2.044408917427062988e-01
2.060179114341735840e-01
2.024406790733337402e-01
2.035054564476013184e-01
2.039059996604919434e-01
2.043071687221527100e-01
2.036775350570678711e-01
2.030547112226486206e-01
2.022301703691482544e-01
2.025995105504989624e-01
2.049237042665481567e-01
2.056801021099090576e-01
2.032954990863800049e-01
2.041500508785247803e-01
2.040105760097503662e-01
2.016139626502990723e-01
2.017557919025421143e-01
2.055580317974090576e-01
2.062793523073196411e-01
2.020286172628402710e-01
2.036011219024658203e-01
2.015635818243026733e-01
2.031041532754898071e-01
2.024060487747192383e-01
2.054857313632965088e-01
2.006626725196838379e-01
2.028050124645233154e-01
2.037157714366912842e-01
2.041064798831939697e-01
2.036863267421722412e-01
2.031627446413040161e-01
1.997351497411727905e-01
2.024112939834594727e-01
2.024816125631332397e-01
2.029551416635513306e-01
2.031237632036209106e-01
2.026238888502120972e-01
2.016378045082092285e-01
2.016343623399734497e-01
1.994968056678771973e-01
2.025604099035263062e-01
2.020702213048934937e-01
2.015252560377120972e-01
2.035161703824996948e-01
2.023345530033111572e-01
2.015902996063232422e-01
2.029771953821182251e-01
1.990343034267425537e-01
2.058119922876358032e-01
2.000492215156555176e-01
2.014646977186203003e-01
2.044696956872940063e-01
2.023614794015884399e-01
1.985903531312942505e-01
2.048699408769607544e-01
1.978342086076736450e-01
2.039013952016830444e-01
1.986460685729980469e-01
2.024758160114288330e-01
2.017110139131546021e-01
2.020555585622787476e-01
2.030402123928070068e-01
2.032120227813720703e-01
1.997172385454177856e-01
2.019308507442474365e-01
2.007496953010559082e-01
2.009380012750625610e-01
1.983968615531921387e-01
2.018444240093231201e-01
2.020369768142700195e-01
2.017230242490768433e-01
2.034939080476760864e-01
2.007847279310226440e-01
2.016764730215072632e-01
1.991003453731536865e-01
1.977111101150512695e-01
2.021069377660751343e-01
1.997804790735244751e-01
2.010902613401412964e-01
2.003188729286193848e-01
2.021814435720443726e-01
2.012034803628921509e-01
2.011792659759521484e-01
2.008979320526123047e-01
2.005118429660797119e-01
1.998925209045410156e-01
1.999268382787704468e-01
2.010098546743392944e-01
2.010563611984252930e-01
1.983277648687362671e-01
1.999344378709793091e-01
1.979286372661590576e-01
2.003586739301681519e-01
1.996525377035140991e-01
2.008176147937774658e-01
1.993677467107772827e-01
2.006899118423461914e-01
1.994826197624206543e-01
2.017966806888580322e-01
2.020606696605682373e-01
1.999399662017822266e-01
2.004247307777404785e-01
1.999174654483795166e-01
2.008855938911437988e-01
1.995432376861572266e-01
1.985596865415573120e-01
2.017798721790313721e-01
1.989494115114212036e-01
1.970989853143692017e-01
1.999713331460952759e-01
1.995993852615356445e-01
2.010813504457473755e-01
2.003493607044219971e-01
2.019495666027069092e-01
1.995249539613723755e-01
1.958153396844863892e-01
2.006594389677047729e-01
1.980974376201629639e-01
1.986175328493118286e-01
1.979082822799682617e-01
1.992249041795730591e-01
2.009495943784713745e-01
1.985751539468765259e-01
1.987848430871963501e-01
1.990207433700561523e-01
2.012296617031097412e-01
1.998920440673828125e-01
2.004554867744445801e-01
2.009903043508529663e-01
1.988148689270019531e-01
2.000672072172164917e-01
2.000224441289901733e-01
2.001389414072036743e-01
2.002670466899871826e-01
2.006305754184722900e-01
2.014537453651428223e-01
2.000623047351837158e-01
1.994650214910507202e-01
1.987994313240051270e-01
2.010234743356704712e-01
1.988731622695922852e-01
2.000777721405029297e-01
2.003224641084671021e-01
1.984402537345886230e-01
2.003678381443023682e-01
1.975234001874923706e-01
1.968688815832138062e-01
2.019765079021453857e-01
1.988492310047149658e-01
2.000872641801834106e-01
2.017245888710021973e-01
2.015989422798156738e-01
1.987544745206832886e-01
2.002494037151336670e-01
1.974495947360992432e-01
1.978797018527984619e-01
1.987829357385635376e-01
1.984413564205169678e-01
1.970995813608169556e-01
1.984662413597106934e-01
1.983591765165328979e-01
1.990165263414382935e-01
1.981705427169799805e-01
1.992210298776626587e-01
1.966952681541442871e-01
2.005950808525085449e-01
1.993565559387207031e-01
1.970229446887969971e-01
1.990314424037933350e-01
1.957329213619232178e-01
1.980521231889724731e-01
1.991516202688217163e-01
2.021251022815704346e-01
1.978430449962615967e-01
1.981537640094757080e-01
1.988215446472167969e-01
1.977459043264389038e-01
1.974656730890274048e-01
1.966028213500976562e-01
1.985931545495986938e-01
1.972172409296035767e-01
1.976985782384872437e-01
1.970061212778091431e-01
1.976309716701507568e-01
1.966165602207183838e-01
2.011250555515289307e-01
1.970217078924179077e-01
1.975200325250625610e-01
2.003161609172821045e-01
1.979150623083114624e-01
1.997065246105194092e-01
1.975974291563034058e-01
1.997149586677551270e-01
1.955229341983795166e-01
2.004243135452270508e-01
1.958212703466415405e-01
1.977843940258026123e-01
1.964516043663024902e-01
1.957801729440689087e-01
1.987228989601135254e-01
1.975603848695755005e-01
1.978515237569808960e-01
1.973306536674499512e-01
1.983807832002639771e-01
1.953812837600708008e-01
1.979018598794937134e-01
1.985443681478500366e-01
1.944990158081054688e-01
1.989603787660598755e-01
1.983845680952072144e-01
1.963584125041961670e-01
1.962285339832305908e-01
1.940865367650985718e-01
1.974923908710479736e-01
1.948933601379394531e-01
1.976451128721237183e-01
1.947745829820632935e-01
1.969899237155914307e-01
1.982794553041458130e-01
1.955410838127136230e-01
1.982562988996505737e-01
2.000592947006225586e-01
1.966744363307952881e-01
1.936628818511962891e-01
1.969400793313980103e-01
2.008526772260665894e-01
1.993971168994903564e-01
1.973484903573989868e-01
1.972405165433883667e-01
1.983203291893005371e-01
1.944546699523925781e-01
1.967182904481887817e-01
1.950410604476928711e-01
1.951728910207748413e-01
1.954152137041091919e-01
1.973727941513061523e-01
1.970532387495040894e-01
1.972298771142959595e-01
1.966350674629211426e-01
1.958873122930526733e-01
1.976612061262130737e-01
1.963051557540893555e-01
1.950802057981491089e-01
1.938707083463668823e-01
1.992922574281692505e-01
1.960651129484176636e-01
1.986418068408966064e-01
1.979170739650726318e-01
1.946594566106796265e-01
1.982373297214508057e-01
1.934750825166702271e-01
1.967475712299346924e-01
1.921882331371307373e-01
1.936400830745697021e-01
1.924871653318405151e-01
1.982798278331756592e-01
1.947408318519592285e-01
1.972031742334365845e-01
1.939802765846252441e-01
1.947636604309082031e-01
1.984816491603851318e-01
1.953704059123992920e-01
1.960228085517883301e-01
1.951175481081008911e-01
1.969305127859115601e-01
1.958849877119064331e-01
1.952291131019592285e-01
1.962321102619171143e-01
1.925443857908248901e-01
1.918308436870574951e-01
1.928181499242782593e-01
1.951896995306015015e-01
1.952562481164932251e-01
1.956151276826858521e-01
1.945003271102905273e-01
1.954233944416046143e-01
1.953745186328887939e-01
1.971609890460968018e-01
1.950838267803192139e-01
1.937971860170364380e-01
1.980096995830535889e-01
1.953288018703460693e-01
1.944858878850936890e-01
1.955893784761428833e-01
1.956852227449417114e-01
1.961437165737152100e-01
1.964043974876403809e-01
1.974914073944091797e-01
1.928590536117553711e-01
1.942789107561111450e-01
1.945232748985290527e-01
1.965654641389846802e-01
1.956976354122161865e-01
1.959559917449951172e-01
1.936769038438796997e-01
1.967551857233047485e-01
1.955954581499099731e-01
1.916672736406326294e-01
1.941317319869995117e-01
1.935316920280456543e-01
1.972891241312026978e-01
1.929151862859725952e-01
1.962271332740783691e-01
1.963404864072799683e-01
1.919274628162384033e-01
1.934737563133239746e-01
1.962247639894485474e-01
1.936027407646179199e-01
1.912320554256439209e-01
1.914718151092529297e-01
1.976889967918395996e-01
1.936786919832229614e-01
1.939390003681182861e-01
1.969543099403381348e-01
1.958981603384017944e-01
1.930708587169647217e-01
1.923072785139083862e-01
1.938077658414840698e-01
1.961167454719543457e-01
1.916221678256988525e-01
1.964208036661148071e-01
1.929670125246047974e-01
1.967604905366897583e-01
1.953745782375335693e-01
1.960000097751617432e-01
1.956744492053985596e-01
1.951200217008590698e-01
1.957422345876693726e-01
1.968101412057876587e-01
1.934761255979537964e-01
1.937002688646316528e-01
1.926185339689254761e-01
1.925448924303054810e-01
1.968626827001571655e-01
1.924966573715209961e-01
1.949981898069381714e-01
1.950306296348571777e-01
1.953600347042083740e-01
1.963722556829452515e-01
1.950069069862365723e-01
1.961037665605545044e-01
1.934377104043960571e-01
1.948771178722381592e-01
1.924830526113510132e-01
1.960045546293258667e-01
1.945213526487350464e-01
1.943096369504928589e-01
1.941171884536743164e-01
1.948404163122177124e-01
1.952757388353347778e-01
1.965704560279846191e-01
1.930567473173141479e-01
1.958272755146026611e-01
1.945127695798873901e-01
1.947138011455535889e-01
1.939667761325836182e-01
1.916406601667404175e-01
1.935449093580245972e-01
1.938326954841613770e-01
1.936914324760437012e-01
1.924310773611068726e-01
1.928212940692901611e-01
1.910793632268905640e-01
1.936127543449401855e-01
1.941011995077133179e-01
1.907138675451278687e-01
1.934895515441894531e-01
1.939073503017425537e-01
1.913016587495803833e-01
1.920898407697677612e-01
1.934037357568740845e-01
1.936706751585006714e-01
1.926103681325912476e-01
1.918957084417343140e-01
1.926424205303192139e-01
1.929118335247039795e-01
1.934793889522552490e-01
1.956348270177841187e-01
1.949562132358551025e-01
1.921610534191131592e-01
1.918992102146148682e-01
1.955322474241256714e-01
