9.661785364151000977e-01
9.585451483726501465e-01
9.507861137390136719e-01
9.418872594833374023e-01
9.332100749015808105e-01
9.237719178199768066e-01
9.103245139122009277e-01
8.981716632843017578e-01
8.820037841796875000e-01
8.667640686035156250e-01
8.465353250503540039e-01
8.255041837692260742e-01
8.034626841545104980e-01
7.810680270195007324e-01
7.568521499633789062e-01
7.296829223632812500e-01
7.019636631011962891e-01
6.702811717987060547e-01
6.405120491981506348e-01
6.182882189750671387e-01
5.968200564384460449e-01
5.933529734611511230e-01
5.755072832107543945e-01
5.693940520286560059e-01
5.514120459556579590e-01
5.596117377281188965e-01
5.575890541076660156e-01
5.544015169143676758e-01
5.414316058158874512e-01
5.266214609146118164e-01
5.135890245437622070e-01
5.295074582099914551e-01
5.080133676528930664e-01
4.997033476829528809e-01
5.054412484169006348e-01
4.963762760162353516e-01
4.935645759105682373e-01
4.898637831211090088e-01
4.879073500633239746e-01
4.897560179233551025e-01
4.778553843498229980e-01
4.713094830513000488e-01
4.748493134975433350e-01
4.692004024982452393e-01
4.651674032211303711e-01
4.572763442993164062e-01
4.519267678260803223e-01
4.474040269851684570e-01
4.435979425907135010e-01
4.520386159420013428e-01
4.501816332340240479e-01
4.468657076358795166e-01
4.336538016796112061e-01
4.557085931301116943e-01
4.334833025932312012e-01
4.352380931377410889e-01
4.227896630764007568e-01
4.283854067325592041e-01
4.227501153945922852e-01
4.217040836811065674e-01
4.284625351428985596e-01
4.175805747509002686e-01
4.167188405990600586e-01
4.150714874267578125e-01
4.138656258583068848e-01
4.166976809501647949e-01
4.121225774288177490e-01
4.090362787246704102e-01
4.059873819351196289e-01
4.063563346862792969e-01
4.063756763935089111e-01
4.026577770709991455e-01
3.992016017436981201e-01
3.971486091613769531e-01
3.991594910621643066e-01
3.934057950973510742e-01
3.942360281944274902e-01
3.897134661674499512e-01
3.914825320243835449e-01
3.971486389636993408e-01
3.887882828712463379e-01
3.947936594486236572e-01
3.865371942520141602e-01
3.800228834152221680e-01
3.851452469825744629e-01
3.808142840862274170e-01
3.802352249622344971e-01
3.830155134201049805e-01
3.793413937091827393e-01
3.776995539665222168e-01
3.811404407024383545e-01
3.749385774135589600e-01
3.752251565456390381e-01
3.768489956855773926e-01
3.731304407119750977e-01
3.756369352340698242e-01
3.732662200927734375e-01
3.730847835540771484e-01
3.683207929134368896e-01
3.679812252521514893e-01
3.929406106472015381e-01
3.909584879875183105e-01
3.897849023342132568e-01
3.921692073345184326e-01
3.948528766632080078e-01
3.900672793388366699e-01
3.918165564537048340e-01
3.875871598720550537e-01
3.938389122486114502e-01
3.870525360107421875e-01
3.850444853305816650e-01
3.830190300941467285e-01
3.840559720993041992e-01
3.856169283390045166e-01
3.802054822444915771e-01
3.816918432712554932e-01
3.843583762645721436e-01
3.813897073268890381e-01
3.777299523353576660e-01
3.823168873786926270e-01
3.758790493011474609e-01
3.795066177845001221e-01
3.737274706363677979e-01
3.721560537815093994e-01
3.755318224430084229e-01
3.856294155120849609e-01
3.745004832744598389e-01
3.735719025135040283e-01
3.722894787788391113e-01
3.780466616153717041e-01
3.733102381229400635e-01
3.747807741165161133e-01
3.689420819282531738e-01
3.695616126060485840e-01
3.703102469444274902e-01
3.680577576160430908e-01
3.666181862354278564e-01
3.634622693061828613e-01
3.665607571601867676e-01
3.642702400684356689e-01
3.636905848979949951e-01
3.642747402191162109e-01
3.633594512939453125e-01
3.641033768653869629e-01
3.640682101249694824e-01
3.630283176898956299e-01
3.574436902999877930e-01
3.587747514247894287e-01
3.604178130626678467e-01
3.588833212852478027e-01
3.535530865192413330e-01
3.557259142398834229e-01
3.565374612808227539e-01
3.542929589748382568e-01
3.537309765815734863e-01
3.536645472049713135e-01
3.597764074802398682e-01
3.510541021823883057e-01
3.567396402359008789e-01
3.554352521896362305e-01
3.531841933727264404e-01
3.808882832527160645e-01
3.484006226062774658e-01
3.517059683799743652e-01
3.460627496242523193e-01
3.507673442363739014e-01
3.468379080295562744e-01
3.499946892261505127e-01
3.495646715164184570e-01
3.488224446773529053e-01
3.458470404148101807e-01
3.489477336406707764e-01
3.429294526576995850e-01
3.489832282066345215e-01
3.441379666328430176e-01
3.434567153453826904e-01
3.444337546825408936e-01
3.416000604629516602e-01
3.437672257423400879e-01
3.455500900745391846e-01
3.422819674015045166e-01
3.408187925815582275e-01
3.403226435184478760e-01
3.385294079780578613e-01
3.381865918636322021e-01
3.418475985527038574e-01
3.389407396316528320e-01
3.360314965248107910e-01
3.394438922405242920e-01
3.347259461879730225e-01
3.324551880359649658e-01
3.396653234958648682e-01
3.338456153869628906e-01
3.350986838340759277e-01
3.328620195388793945e-01
3.345312774181365967e-01
3.385484218597412109e-01
3.306997716426849365e-01
3.313117921352386475e-01
3.336227834224700928e-01
3.313168287277221680e-01
3.324833512306213379e-01
3.302772641181945801e-01
3.318338096141815186e-01
3.271053731441497803e-01
3.293346464633941650e-01
3.270233273506164551e-01
3.281271159648895264e-01
3.290412127971649170e-01
3.254297077655792236e-01
3.289726972579956055e-01
3.248343765735626221e-01
3.268934190273284912e-01
3.270862996578216553e-01
3.271480798721313477e-01
3.237084448337554932e-01
3.247961699962615967e-01
3.205691874027252197e-01
3.216177821159362793e-01
3.211280107498168945e-01
3.199237585067749023e-01
3.235955536365509033e-01
3.235300779342651367e-01
3.226264417171478271e-01
3.208349645137786865e-01
3.182917237281799316e-01
3.186106979846954346e-01
3.238498568534851074e-01
3.174965679645538330e-01
3.175859153270721436e-01
3.167892098426818848e-01
3.169402182102203369e-01
3.181573450565338135e-01
3.091852962970733643e-01
3.139412105083465576e-01
3.157437145709991455e-01
3.169167637825012207e-01
3.184733390808105469e-01
3.146969974040985107e-01
3.125921785831451416e-01
3.145435750484466553e-01
3.149979710578918457e-01
3.126566112041473389e-01
3.119153976440429688e-01
3.073634505271911621e-01
3.114467859268188477e-01
3.118685781955718994e-01
3.109208643436431885e-01
3.085419833660125732e-01
3.098579943180084229e-01
3.072720468044281006e-01
3.140416741371154785e-01
3.051850795745849609e-01
3.059409856796264648e-01
3.106054365634918213e-01
3.076232075691223145e-01
3.070139884948730469e-01
3.051733076572418213e-01
3.059054911136627197e-01
3.061466813087463379e-01
3.041436970233917236e-01
3.059390783309936523e-01
3.039026856422424316e-01
3.048572242259979248e-01
3.032103478908538818e-01
2.997949421405792236e-01
3.058442771434783936e-01
3.052503168582916260e-01
3.018300235271453857e-01
3.029605448246002197e-01
3.011130392551422119e-01
3.014461398124694824e-01
3.045346140861511230e-01
3.024535775184631348e-01
3.008352220058441162e-01
2.969513535499572754e-01
3.033982515335083008e-01
2.961910963058471680e-01
2.965268194675445557e-01
2.999462187290191650e-01
2.985919415950775146e-01
2.966148853302001953e-01
2.959279716014862061e-01
2.983645796775817871e-01
2.954771816730499268e-01
2.935073673725128174e-01
2.952719330787658691e-01
2.963314056396484375e-01
2.957340478897094727e-01
2.932362258434295654e-01
2.891062200069427490e-01
2.974167466163635254e-01
2.945425808429718018e-01
2.924149632453918457e-01
2.925691306591033936e-01
2.880207002162933350e-01
2.910255193710327148e-01
2.916311323642730713e-01
2.912251055240631104e-01
2.908892929553985596e-01
2.915284931659698486e-01
2.902698814868927002e-01
2.914907038211822510e-01
2.918811738491058350e-01
2.889358401298522949e-01
2.878103852272033691e-01
2.876278162002563477e-01
2.896505594253540039e-01
2.847956717014312744e-01
2.874585390090942383e-01
2.841532528400421143e-01
2.917289435863494873e-01
2.834213078022003174e-01
2.866739332675933838e-01
2.852231562137603760e-01
2.863622307777404785e-01
2.847929596900939941e-01
2.865280807018280029e-01
2.841293513774871826e-01
2.952877879142761230e-01
2.849746942520141602e-01
2.816027700901031494e-01
2.843981087207794189e-01
2.861788868904113770e-01
2.805158495903015137e-01
2.832370996475219727e-01
2.818430364131927490e-01
2.800797224044799805e-01
2.815056443214416504e-01
2.809300422668457031e-01
2.802876830101013184e-01
2.800431251525878906e-01
2.777946591377258301e-01
2.822425663471221924e-01
2.805607616901397705e-01
2.801928520202636719e-01
2.809824943542480469e-01
2.809571921825408936e-01
2.775037884712219238e-01
2.798646390438079834e-01
2.760027050971984863e-01
2.752577960491180420e-01
2.789837419986724854e-01
2.787404656410217285e-01
2.717271745204925537e-01
2.745566964149475098e-01
2.774797677993774414e-01
2.717897295951843262e-01
2.791462540626525879e-01
2.750446200370788574e-01
2.778155207633972168e-01
2.771482169628143311e-01
2.714137434959411621e-01
2.730893194675445557e-01
2.742243707180023193e-01
2.704377174377441406e-01
2.750144898891448975e-01
2.676444351673126221e-01
2.697644531726837158e-01
2.690523862838745117e-01
2.699429690837860107e-01
2.718963027000427246e-01
2.720571160316467285e-01
2.718773782253265381e-01
2.711307406425476074e-01
2.716179192066192627e-01
2.709769308567047119e-01
2.685388922691345215e-01
2.678260803222656250e-01
2.706407606601715088e-01
2.701887488365173340e-01
2.677453160285949707e-01
2.695203423500061035e-01
2.668055593967437744e-01
2.653677165508270264e-01
2.661977112293243408e-01
2.663673460483551025e-01
2.665240764617919922e-01
2.692566215991973877e-01
2.646567821502685547e-01
2.646792531013488770e-01
2.668550610542297363e-01
2.638255059719085693e-01
2.647147178649902344e-01
2.671442031860351562e-01
2.626715600490570068e-01
2.675130963325500488e-01
2.640775442123413086e-01
2.622067034244537354e-01
2.609764039516448975e-01
2.625262737274169922e-01
2.619458138942718506e-01
2.623279690742492676e-01
2.605588436126708984e-01
2.610625028610229492e-01
2.642722427845001221e-01
2.600854635238647461e-01
2.625416219234466553e-01
2.602463066577911377e-01
2.594237327575683594e-01
2.601079046726226807e-01
2.588965296745300293e-01
2.613418400287628174e-01
2.608717978000640869e-01
2.602418959140777588e-01
2.547053992748260498e-01
2.591374516487121582e-01
2.592386007308959961e-01
2.595200538635253906e-01
2.601423561573028564e-01
2.580303251743316650e-01
2.601154446601867676e-01
2.587574422359466553e-01
2.575477957725524902e-01
2.567615211009979248e-01
2.601594626903533936e-01
2.564888894557952881e-01
2.576882839202880859e-01
2.543754279613494873e-01
2.579653263092041016e-01
2.540929913520812988e-01
2.546367943286895752e-01
2.568584680557250977e-01
2.579946517944335938e-01
2.597979009151458740e-01
2.567284107208251953e-01
2.560233771800994873e-01
2.542591392993927002e-01
2.541332840919494629e-01
2.538282573223114014e-01
2.557724118232727051e-01
2.557966113090515137e-01
2.524502873420715332e-01
2.527689933776855469e-01
2.550348341464996338e-01
2.502385079860687256e-01
2.524726390838623047e-01
2.517248094081878662e-01
2.495657205581665039e-01
2.533736228942871094e-01
2.517693042755126953e-01
2.540250122547149658e-01
2.524891793727874756e-01
2.484891414642333984e-01
2.536654472351074219e-01
2.522453665733337402e-01
2.520386278629302979e-01
2.505162358283996582e-01
2.501763701438903809e-01
2.516628801822662354e-01
2.492230385541915894e-01
2.501172125339508057e-01
2.468771338462829590e-01
2.496630102396011353e-01
2.469178140163421631e-01
2.496006935834884644e-01
2.483600974082946777e-01
2.499887645244598389e-01
2.488424926996231079e-01
2.514197230339050293e-01
2.490815967321395874e-01
2.494229078292846680e-01
2.475220412015914917e-01
2.492378950119018555e-01
2.468541413545608521e-01
2.491825371980667114e-01
2.498828619718551636e-01
2.497799247503280640e-01
2.462967783212661743e-01
2.466095387935638428e-01
2.466783821582794189e-01
2.458226084709167480e-01
2.461048364639282227e-01
2.449523806571960449e-01
2.482616752386093140e-01
2.458598166704177856e-01
2.447173297405242920e-01
2.448903173208236694e-01
2.437489777803421021e-01
2.424110323190689087e-01
2.464345395565032959e-01
2.456436306238174438e-01
2.441407442092895508e-01
2.423910051584243774e-01
2.438354641199111938e-01
2.454603612422943115e-01
2.428202033042907715e-01
2.433143705129623413e-01
2.460537403821945190e-01
2.434645444154739380e-01
2.428488582372665405e-01
2.465933859348297119e-01
2.410967648029327393e-01
2.435837835073471069e-01
2.432218641042709351e-01
2.425163984298706055e-01
2.436457723379135132e-01
2.404913604259490967e-01
2.403069585561752319e-01
2.429769784212112427e-01
2.367756962776184082e-01
2.439667433500289917e-01
2.408332526683807373e-01
2.393475919961929321e-01
2.418945729732513428e-01
2.394033223390579224e-01
2.405761927366256714e-01
2.400697320699691772e-01
2.387921214103698730e-01
2.421725988388061523e-01
2.390760630369186401e-01
2.426614016294479370e-01
2.423835545778274536e-01
2.407666593790054321e-01
2.412597984075546265e-01
2.394328117370605469e-01
2.383148670196533203e-01
2.408259361982345581e-01
2.410113364458084106e-01
2.392738461494445801e-01
2.396228164434432983e-01
2.404268085956573486e-01
2.387910038232803345e-01
2.375479489564895630e-01
2.386135309934616089e-01
2.374626100063323975e-01
2.376347780227661133e-01
2.387420386075973511e-01
2.386365979909896851e-01
2.385696172714233398e-01
2.375717461109161377e-01
2.371596992015838623e-01
2.376780211925506592e-01
2.366106212139129639e-01
2.404138594865798950e-01
2.392357736825942993e-01
2.372742742300033569e-01
2.389768511056900024e-01
2.382035553455352783e-01
2.382336556911468506e-01
2.349417060613632202e-01
2.371054589748382568e-01
2.380461096763610840e-01
2.408243864774703979e-01
2.352496236562728882e-01
2.385070323944091797e-01
2.355870604515075684e-01
2.368289828300476074e-01
2.338980734348297119e-01
2.360940128564834595e-01
2.374478429555892944e-01
2.362767606973648071e-01
2.375563681125640869e-01
2.342620193958282471e-01
2.362014800310134888e-01
2.351794242858886719e-01
2.344434857368469238e-01
2.352414429187774658e-01
2.381881326436996460e-01
2.352600693702697754e-01
2.385302335023880005e-01
2.348350137472152710e-01
2.367277443408966064e-01
2.340058386325836182e-01
2.352830767631530762e-01
2.348081320524215698e-01
2.329799234867095947e-01
2.349357306957244873e-01
2.350345551967620850e-01
2.343292236328125000e-01
2.310634851455688477e-01
2.364991158246994019e-01
2.356681674718856812e-01
2.340271323919296265e-01
2.338638305664062500e-01
2.324784100055694580e-01
2.312866896390914917e-01
2.345643341541290283e-01
2.357823997735977173e-01
2.325630038976669312e-01
2.306523025035858154e-01
2.311135232448577881e-01
2.342558056116104126e-01
2.337181419134140015e-01
2.321155071258544922e-01
2.339868247509002686e-01
2.330214679241180420e-01
2.337937355041503906e-01
2.317202985286712646e-01
2.318191975355148315e-01
2.328619807958602905e-01
2.328314483165740967e-01
2.322187423706054688e-01
2.329468280076980591e-01
2.318844795227050781e-01
2.335038781166076660e-01
2.340963631868362427e-01
2.330348342657089233e-01
2.307462990283966064e-01
2.336055785417556763e-01
2.308977395296096802e-01
2.305105030536651611e-01
2.285676300525665283e-01
2.306979596614837646e-01
2.291278094053268433e-01
2.350358963012695312e-01
2.300552576780319214e-01
2.317942678928375244e-01
2.301135659217834473e-01
2.276109009981155396e-01
2.319804877042770386e-01
2.286098450422286987e-01
2.312837094068527222e-01
2.302475273609161377e-01
2.311414331197738647e-01
2.312257736921310425e-01
2.315859794616699219e-01
2.315475642681121826e-01
2.287652194499969482e-01
2.328125983476638794e-01
2.295180708169937134e-01
2.309495657682418823e-01
2.290378510951995850e-01
2.292975187301635742e-01
2.315713167190551758e-01
2.281245142221450806e-01
2.272505760192871094e-01
2.288860380649566650e-01
2.298149317502975464e-01
2.299133241176605225e-01
2.294931858777999878e-01
2.251086235046386719e-01
2.255440652370452881e-01
2.255398631095886230e-01
2.273572832345962524e-01
2.295994907617568970e-01
2.280980795621871948e-01
2.290906459093093872e-01
2.290319353342056274e-01
2.282981276512145996e-01
2.274004966020584106e-01
2.301783859729766846e-01
2.303762137889862061e-01
2.306305617094039917e-01
2.259626686573028564e-01
2.297880500555038452e-01
2.284411042928695679e-01
2.270049601793289185e-01
2.259152382612228394e-01
2.237930744886398315e-01
2.257389128208160400e-01
2.273150682449340820e-01
2.229328304529190063e-01
2.273039072751998901e-01
2.267500907182693481e-01
2.284727096557617188e-01
2.233035713434219360e-01
2.256889492273330688e-01
2.264030426740646362e-01
2.254659086465835571e-01
2.265429794788360596e-01
2.280770242214202881e-01
2.226937413215637207e-01
2.262149304151535034e-01
2.233307063579559326e-01
2.263196259737014771e-01
2.258927971124649048e-01
2.243057340383529663e-01
2.239984273910522461e-01
2.258685678243637085e-01
2.257166951894760132e-01
2.261975854635238647e-01
2.244322150945663452e-01
2.253596782684326172e-01
2.273097336292266846e-01
2.222732156515121460e-01
2.281138747930526733e-01
2.242425978183746338e-01
2.246175706386566162e-01
2.258396595716476440e-01
2.244108319282531738e-01
2.255206406116485596e-01
2.271140217781066895e-01
2.245542556047439575e-01
2.239525914192199707e-01
2.253145873546600342e-01
2.238687574863433838e-01
2.233965694904327393e-01
2.272263765335083008e-01
2.263658791780471802e-01
2.254598140716552734e-01
2.247275710105895996e-01
2.261038124561309814e-01
2.272650301456451416e-01
2.224390208721160889e-01
2.239155471324920654e-01
2.237328737974166870e-01
2.223238199949264526e-01
2.267340123653411865e-01
2.247467339038848877e-01
2.217296957969665527e-01
2.244845777750015259e-01
2.215255647897720337e-01
2.216879725456237793e-01
2.197252064943313599e-01
2.252273857593536377e-01
2.226569056510925293e-01
2.219058722257614136e-01
2.231908142566680908e-01
2.220067083835601807e-01
2.211477458477020264e-01
2.228286415338516235e-01
2.212467342615127563e-01
2.206401377916336060e-01
2.218653708696365356e-01
2.211935669183731079e-01
2.218457609415054321e-01
2.220320701599121094e-01
2.206404954195022583e-01
2.234239727258682251e-01
2.214140743017196655e-01
2.208092808723449707e-01
2.203823477029800415e-01
2.202600985765457153e-01
2.247573435306549072e-01
2.221293598413467407e-01
2.217587530612945557e-01
2.212734073400497437e-01
2.213488072156906128e-01
2.227902561426162720e-01
2.215658128261566162e-01
2.242059707641601562e-01
2.203217148780822754e-01
2.205398082733154297e-01
2.205794602632522583e-01
2.225775867700576782e-01
2.205102443695068359e-01
2.203268557786941528e-01
2.208031266927719116e-01
2.216420620679855347e-01
2.190593779087066650e-01
2.209042161703109741e-01
2.200104147195816040e-01
2.211173176765441895e-01
2.210026532411575317e-01
2.199321538209915161e-01
2.202652543783187866e-01
2.192822992801666260e-01
2.214421331882476807e-01
2.207689583301544189e-01
2.178278565406799316e-01
2.218726724386215210e-01
2.175331711769104004e-01
2.188938111066818237e-01
2.177797257900238037e-01
2.191448956727981567e-01
2.196801155805587769e-01
2.184938788414001465e-01
2.217202633619308472e-01
2.179874926805496216e-01
2.212158888578414917e-01
2.189228534698486328e-01
2.183151543140411377e-01
2.165702432394027710e-01
2.192145586013793945e-01
2.189756929874420166e-01
2.187442183494567871e-01
2.187463343143463135e-01
2.174205034971237183e-01
2.209604829549789429e-01
2.193279415369033813e-01
2.190239429473876953e-01
2.182045876979827881e-01
2.186147570610046387e-01
2.162585556507110596e-01
2.180188000202178955e-01
2.215330004692077637e-01
2.175629884004592896e-01
2.189000546932220459e-01
2.199200987815856934e-01
2.188149094581604004e-01
2.192085683345794678e-01
2.198356837034225464e-01
2.169487774372100830e-01
2.196013331413269043e-01
2.161619812250137329e-01
2.166011482477188110e-01
2.179948389530181885e-01
2.166053503751754761e-01
2.185096442699432373e-01
2.172019034624099731e-01
2.158146053552627563e-01
2.181315720081329346e-01
2.169875651597976685e-01
2.177170068025588989e-01
2.146545499563217163e-01
2.166167497634887695e-01
2.195124477148056030e-01
2.149259299039840698e-01
2.169147431850433350e-01
2.150357961654663086e-01
2.169843912124633789e-01
2.151621133089065552e-01
2.166901528835296631e-01
2.189103960990905762e-01
2.151955515146255493e-01
2.158269286155700684e-01
2.166040986776351929e-01
2.171634584665298462e-01
2.167603224515914917e-01
2.134359180927276611e-01
2.198826819658279419e-01
2.156243324279785156e-01
2.157871127128601074e-01
2.158368080854415894e-01
2.143554985523223877e-01
2.128615230321884155e-01
2.149540781974792480e-01
2.152309864759445190e-01
2.152375280857086182e-01
2.136416137218475342e-01
2.181083709001541138e-01
2.141972333192825317e-01
2.176520824432373047e-01
2.153054773807525635e-01
2.166291475296020508e-01
2.153873890638351440e-01
2.162248194217681885e-01
2.134767025709152222e-01
2.134690433740615845e-01
2.139126956462860107e-01
2.128653675317764282e-01
2.142253816127777100e-01
2.177077978849411011e-01
2.151448428630828857e-01
2.221522331237792969e-01
2.151543647050857544e-01
2.165618687868118286e-01
2.140292972326278687e-01
2.137386500835418701e-01
2.154127508401870728e-01
2.154964953660964966e-01
2.144331187009811401e-01
2.174969464540481567e-01
2.134418934583663940e-01
2.166559696197509766e-01
2.159531861543655396e-01
2.135596275329589844e-01
2.139258086681365967e-01
2.116045951843261719e-01
2.130722701549530029e-01
2.157774865627288818e-01
2.152690142393112183e-01
2.142358571290969849e-01
2.155357152223587036e-01
2.124348729848861694e-01
2.165077328681945801e-01
2.145034372806549072e-01
2.155208438634872437e-01
2.134730219841003418e-01
2.116784304380416870e-01
2.147388905286788940e-01
2.134030610322952271e-01
2.141608893871307373e-01
2.140094935894012451e-01
2.127222120761871338e-01
2.112952619791030884e-01
2.141242176294326782e-01
2.147522270679473877e-01
2.132699340581893921e-01
2.117413133382797241e-01
2.156342566013336182e-01
2.116440981626510620e-01
2.136584371328353882e-01
2.106425911188125610e-01
2.127935588359832764e-01
2.109676152467727661e-01
2.134926766157150269e-01
2.120464742183685303e-01
2.140690535306930542e-01
2.117395848035812378e-01
2.120620012283325195e-01
2.101538330316543579e-01
2.109968811273574829e-01
2.127508074045181274e-01
2.119598537683486938e-01
2.115734219551086426e-01
2.110513746738433838e-01
2.121388465166091919e-01
2.130208313465118408e-01
2.112637311220169067e-01
2.133899629116058350e-01
2.126504033803939819e-01
2.123832702636718750e-01
2.114527523517608643e-01
2.132581323385238647e-01
2.122846841812133789e-01
2.099547535181045532e-01
2.105443775653839111e-01
2.109802067279815674e-01
2.115416675806045532e-01
2.097572088241577148e-01
2.081191241741180420e-01
2.105779647827148438e-01
2.114081084728240967e-01
2.100649923086166382e-01
2.093797475099563599e-01
2.148630172014236450e-01
2.111518383026123047e-01
2.091291397809982300e-01
2.108626067638397217e-01
2.118246108293533325e-01
2.104543298482894897e-01
2.101344317197799683e-01
2.120094001293182373e-01
2.106108814477920532e-01
2.121893167495727539e-01
2.098453789949417114e-01
2.089852839708328247e-01
2.113986313343048096e-01
2.134994417428970337e-01
2.093639373779296875e-01
2.096621543169021606e-01
2.112017422914505005e-01
2.123189866542816162e-01
2.097812294960021973e-01
2.096295505762100220e-01
2.095024287700653076e-01
2.088196277618408203e-01
2.096718847751617432e-01
2.090553492307662964e-01
2.131847292184829712e-01
2.101770788431167603e-01
2.048464715480804443e-01
2.108080387115478516e-01
2.119174748659133911e-01
2.090301215648651123e-01
2.111853361129760742e-01
2.097339481115341187e-01
2.090814560651779175e-01
2.098602503538131714e-01
2.056390345096588135e-01
2.089782506227493286e-01
2.082435786724090576e-01
2.110368907451629639e-01
2.071948647499084473e-01
2.092039734125137329e-01
2.097742706537246704e-01
2.110151201486587524e-01
2.084089517593383789e-01
2.091420888900756836e-01
2.105205804109573364e-01
2.086185663938522339e-01
2.074030488729476929e-01
2.079496085643768311e-01
2.074990123510360718e-01
2.080905437469482422e-01
2.107679992914199829e-01
2.087902724742889404e-01
2.089871317148208618e-01
2.099628597497940063e-01
2.073300480842590332e-01
2.073895186185836792e-01
2.065792083740234375e-01
2.078344076871871948e-01
2.080559283494949341e-01
2.087805718183517456e-01
2.088133990764617920e-01
2.069125473499298096e-01
2.107992172241210938e-01
2.083049267530441284e-01
2.070192545652389526e-01
2.059641033411026001e-01
2.080292701721191406e-01
2.078904211521148682e-01
2.080666720867156982e-01
2.103553563356399536e-01
2.062388062477111816e-01
2.059627771377563477e-01
2.055356800556182861e-01
2.085239887237548828e-01
2.088874727487564087e-01
2.051191329956054688e-01
2.067020088434219360e-01
2.073177695274353027e-01
2.084131985902786255e-01
2.080295234918594360e-01
2.080619335174560547e-01
2.070717662572860718e-01
2.066861093044281006e-01
2.086830437183380127e-01
2.081380337476730347e-01
2.086113244295120239e-01
2.048932462930679321e-01
2.089410573244094849e-01
2.047197669744491577e-01
2.075643241405487061e-01
2.087599635124206543e-01
2.053576707839965820e-01
2.056424021720886230e-01
2.049096524715423584e-01
2.078835517168045044e-01
2.061192691326141357e-01
2.082054913043975830e-01
2.087722867727279663e-01
2.068104743957519531e-01
2.070845067501068115e-01
2.066039443016052246e-01
2.047394663095474243e-01
2.077552378177642822e-01
2.065701186656951904e-01
2.075671404600143433e-01
2.071025371551513672e-01
2.069248259067535400e-01
2.052777409553527832e-01
2.057367414236068726e-01
2.073232680559158325e-01
2.045436501502990723e-01
2.078683227300643921e-01
2.040709853172302246e-01
2.039023339748382568e-01
2.063332498073577881e-01
2.048639655113220215e-01
2.072134613990783691e-01
2.042361795902252197e-01
2.067238241434097290e-01
2.064187079668045044e-01
2.055331319570541382e-01
2.047469168901443481e-01
2.076262831687927246e-01
2.039271444082260132e-01
2.045338451862335205e-01
2.053667455911636353e-01
2.060894519090652466e-01
2.056441456079483032e-01
2.084544003009796143e-01
2.067194879055023193e-01
2.055963575839996338e-01
2.033066600561141968e-01
2.034328728914260864e-01
2.068202048540115356e-01
2.066221684217453003e-01
2.061192095279693604e-01
2.050640732049942017e-01
2.048701494932174683e-01
2.046807259321212769e-01
2.045908123254776001e-01
2.058820724487304688e-01
2.033110857009887695e-01
2.072816193103790283e-01
2.041191309690475464e-01
2.064190953969955444e-01
2.043510824441909790e-01
2.045431882143020630e-01
2.030511051416397095e-01
2.058454602956771851e-01
2.051192522048950195e-01
2.021730393171310425e-01
2.044266611337661743e-01
2.030483633279800415e-01
2.059734463691711426e-01
2.022293359041213989e-01
2.030120491981506348e-01
2.031923383474349976e-01
2.036593258380889893e-01
2.024392038583755493e-01
2.045942544937133789e-01
2.059191912412643433e-01
2.024477869272232056e-01
2.051908224821090698e-01
2.029626220464706421e-01
2.041116803884506226e-01
2.050537765026092529e-01
2.040185034275054932e-01
2.051798552274703979e-01
2.017975449562072754e-01
2.051156312227249146e-01
2.034250944852828979e-01
2.052509337663650513e-01
2.026699036359786987e-01
2.040960937738418579e-01
2.029364854097366333e-01
2.012537270784378052e-01
2.045642584562301636e-01
2.021661847829818726e-01
2.027519047260284424e-01
2.003427743911743164e-01
2.035458385944366455e-01
2.020257860422134399e-01
2.005984038114547729e-01
2.054968774318695068e-01
2.028787583112716675e-01
2.033749967813491821e-01
2.036448419094085693e-01
2.013954967260360718e-01
2.008538097143173218e-01
2.025810033082962036e-01
2.011517584323883057e-01
2.056967616081237793e-01
2.039952278137207031e-01
2.021627426147460938e-01
2.018524706363677979e-01
2.037752568721771240e-01
2.028263658285140991e-01
2.034431546926498413e-01
2.022682577371597290e-01
2.045969665050506592e-01
1.991829425096511841e-01
2.022318691015243530e-01
2.005337178707122803e-01
2.036390304565429688e-01
2.022217214107513428e-01
2.052522748708724976e-01
2.038527131080627441e-01
2.021573036909103394e-01
2.018746882677078247e-01
2.008338570594787598e-01
2.022595107555389404e-01
2.007837593555450439e-01
2.007717639207839966e-01
2.022247612476348877e-01
2.006246596574783325e-01
2.014466971158981323e-01
2.010970264673233032e-01
2.020739763975143433e-01
2.022413611412048340e-01
2.023196816444396973e-01
2.008357495069503784e-01
2.018079459667205811e-01
2.004246711730957031e-01
2.007700353860855103e-01
2.004060000181198120e-01
2.008114010095596313e-01
1.997121423482894897e-01
2.033237516880035400e-01
2.001710385084152222e-01
2.013889849185943604e-01
2.003116458654403687e-01
1.996448785066604614e-01
2.017820179462432861e-01
2.014417052268981934e-01
2.005041092634201050e-01
2.010265886783599854e-01
2.002354413270950317e-01
2.019176185131072998e-01
2.008648365736007690e-01
2.016812711954116821e-01
2.029312998056411743e-01
2.037189155817031860e-01
2.009047716856002808e-01
1.999536007642745972e-01
1.989350318908691406e-01
1.981794983148574829e-01
2.002387791872024536e-01
2.010803222656250000e-01
2.002075016498565674e-01
1.976406127214431763e-01
2.005541324615478516e-01
2.029498070478439331e-01
2.009025365114212036e-01
1.996878981590270996e-01
1.985187828540802002e-01
2.011964172124862671e-01
2.003698050975799561e-01
1.989387273788452148e-01
1.976993680000305176e-01
2.011117041110992432e-01
1.986946910619735718e-01
2.001626640558242798e-01
1.996507644653320312e-01
1.994921416044235229e-01
2.008861899375915527e-01
2.005832791328430176e-01
1.978839635848999023e-01
1.988787651062011719e-01
1.983872503042221069e-01
1.976297944784164429e-01
1.992824524641036987e-01
1.987420171499252319e-01
2.010877728462219238e-01
2.021487057209014893e-01
2.000896483659744263e-01
1.991581767797470093e-01
1.985244750976562500e-01
1.977211683988571167e-01
1.987463235855102539e-01
1.960046589374542236e-01
1.998839825391769409e-01
1.982533931732177734e-01
1.959004551172256470e-01
1.993753165006637573e-01
1.966273933649063110e-01
1.990946084260940552e-01
1.976412385702133179e-01
1.997305154800415039e-01
2.014817446470260620e-01
1.999132186174392700e-01
1.991037130355834961e-01
2.029700279235839844e-01
1.987281590700149536e-01
1.974837481975555420e-01
1.986153125762939453e-01
2.011317461729049683e-01
1.981827318668365479e-01
1.968435943126678467e-01
1.995804458856582642e-01
1.976811587810516357e-01
1.974632740020751953e-01
1.980877220630645752e-01
1.970838159322738647e-01
1.969936937093734741e-01
1.954526007175445557e-01
1.969154775142669678e-01
1.987663358449935913e-01
1.984189152717590332e-01
1.981739699840545654e-01
1.977252513170242310e-01
1.975295543670654297e-01
1.969259679317474365e-01
1.982431113719940186e-01
1.985034495592117310e-01
1.991240680217742920e-01
1.985581517219543457e-01
1.978501826524734497e-01
1.964369267225265503e-01
1.972529739141464233e-01
1.991263329982757568e-01
1.984282732009887695e-01
1.989473700523376465e-01
1.978484392166137695e-01
1.974909603595733643e-01
1.973094642162322998e-01
1.967591792345046997e-01
1.985925436019897461e-01
1.991189718246459961e-01
1.999326348304748535e-01
1.980307549238204956e-01
1.979742348194122314e-01
1.969987154006958008e-01
1.962973475456237793e-01
1.976640224456787109e-01
1.979347914457321167e-01
1.973617672920227051e-01
2.002776116132736206e-01
1.957384496927261353e-01
1.972179263830184937e-01
1.960363388061523438e-01
1.974290013313293457e-01
1.977643072605133057e-01
1.972580999135971069e-01
1.956135034561157227e-01
1.965633034706115723e-01
1.976920962333679199e-01
1.997825503349304199e-01
1.987737417221069336e-01
1.953260749578475952e-01
1.976275146007537842e-01
1.994953304529190063e-01
1.982883661985397339e-01
1.980923563241958618e-01
1.949221640825271606e-01
1.962543427944183350e-01
1.948262602090835571e-01
1.934866011142730713e-01
1.966795772314071655e-01
1.968073248863220215e-01
1.973733901977539062e-01
1.969231367111206055e-01
1.953484863042831421e-01
1.973034292459487915e-01
1.967591792345046997e-01
1.979275047779083252e-01
1.992444694042205811e-01
1.930652409791946411e-01
1.976670771837234497e-01
1.976897418498992920e-01
1.974206864833831787e-01
1.973113864660263062e-01
1.977731287479400635e-01
1.956421732902526855e-01
1.943956166505813599e-01
1.986604481935501099e-01
1.950369328260421753e-01
1.973570585250854492e-01
1.942133903503417969e-01
1.940808296203613281e-01
1.949925720691680908e-01
1.965997070074081421e-01
1.948929727077484131e-01
1.965157687664031982e-01
1.928009688854217529e-01
1.980912834405899048e-01
1.948721557855606079e-01
1.988048255443572998e-01
1.944591999053955078e-01
1.922864019870758057e-01
1.947059333324432373e-01
1.975605040788650513e-01
1.958809047937393188e-01
1.962144225835800171e-01
1.948703825473785400e-01
1.970555186271667480e-01
1.948960125446319580e-01
1.968589723110198975e-01
1.971807032823562622e-01
1.947910934686660767e-01
1.955333203077316284e-01
1.958514004945755005e-01
1.940874457359313965e-01
1.958589553833007812e-01
1.937094181776046753e-01
1.973758339881896973e-01
1.931031346321105957e-01
1.936676055192947388e-01
1.945910304784774780e-01
1.963607370853424072e-01
1.958169490098953247e-01
1.897840499877929688e-01
1.930581927299499512e-01
1.948597878217697144e-01
1.949337869882583618e-01
1.953519135713577271e-01
1.961843520402908325e-01
1.944538950920104980e-01
1.944545805454254150e-01
1.939927041530609131e-01
1.926089972257614136e-01
1.929588019847869873e-01
1.945993453264236450e-01
1.940446346998214722e-01
1.943539679050445557e-01
1.960198134183883667e-01
1.927773505449295044e-01
1.946762800216674805e-01
1.959247887134552002e-01
1.936772614717483521e-01
1.944906413555145264e-01
1.934174895286560059e-01
1.932170689105987549e-01
1.939626783132553101e-01
1.953522711992263794e-01
1.950577497482299805e-01
1.950999200344085693e-01
1.934086382389068604e-01
1.929281502962112427e-01
1.946609318256378174e-01
1.946020722389221191e-01
1.917282640933990479e-01
1.957294195890426636e-01
1.944225281476974487e-01
1.936203241348266602e-01
1.952745020389556885e-01
1.924961209297180176e-01
1.946683675050735474e-01
1.907108873128890991e-01
1.949670314788818359e-01
1.919324696063995361e-01
1.932397037744522095e-01
1.956080645322799683e-01
1.936847716569900513e-01
1.937182843685150146e-01
1.947095990180969238e-01
1.940461099147796631e-01
1.928610056638717651e-01
1.938633024692535400e-01
1.912849098443984985e-01
1.942183971405029297e-01
1.961871385574340820e-01
1.942902505397796631e-01
1.943599283695220947e-01
1.940349638462066650e-01
1.915403902530670166e-01
1.910582184791564941e-01
1.942230910062789917e-01
1.929548680782318115e-01
1.941059082746505737e-01
1.936300992965698242e-01
1.954333782196044922e-01
1.942073106765747070e-01
1.955723464488983154e-01
1.922576427459716797e-01
1.926199495792388916e-01
1.939616054296493530e-01
1.913339644670486450e-01
1.927328258752822876e-01
1.927804499864578247e-01
1.942788064479827881e-01
1.929547488689422607e-01
1.890642046928405762e-01
1.908297240734100342e-01
1.934405863285064697e-01
1.924362331628799438e-01
1.905834674835205078e-01
1.917505115270614624e-01
1.898867040872573853e-01
1.954585462808609009e-01
1.926810145378112793e-01
1.917457431554794312e-01
1.955911517143249512e-01
1.959496587514877319e-01
1.949354708194732666e-01
1.929155737161636353e-01
1.927867084741592407e-01
1.937104165554046631e-01
1.931456476449966431e-01
1.956645250320434570e-01
1.911296695470809937e-01
1.908773928880691528e-01
1.930386722087860107e-01
1.916108280420303345e-01
1.931799650192260742e-01
1.939333081245422363e-01
1.951027214527130127e-01
1.920140534639358521e-01
1.933315098285675049e-01
1.933513730764389038e-01
1.904617398977279663e-01
1.945392638444900513e-01
1.946659982204437256e-01
1.919685155153274536e-01
1.911206841468811035e-01
1.926586478948593140e-01
1.914043277502059937e-01
1.943101882934570312e-01
1.919341534376144409e-01
1.931387484073638916e-01
1.923965066671371460e-01
1.923953741788864136e-01
1.950691044330596924e-01
1.907573044300079346e-01
1.933460086584091187e-01
1.908032149076461792e-01
1.899209916591644287e-01
1.921624392271041870e-01
1.881583034992218018e-01
1.932321637868881226e-01
1.916923224925994873e-01
1.881535500288009644e-01
1.896279603242874146e-01
1.900834143161773682e-01
1.932726800441741943e-01
1.905284821987152100e-01
1.928036212921142578e-01
1.902844756841659546e-01
1.906192153692245483e-01
1.898439079523086548e-01
1.928923577070236206e-01
1.927210986614227295e-01
1.913476139307022095e-01
1.945445686578750610e-01
1.916740238666534424e-01
1.933332830667495728e-01
1.911631524562835693e-01
1.939263492822647095e-01
1.899188160896301270e-01
1.911134272813796997e-01
1.909295767545700073e-01
1.917829960584640503e-01
1.943424642086029053e-01
1.928462684154510498e-01
1.908203512430191040e-01
1.919210255146026611e-01
1.879328489303588867e-01
1.911285817623138428e-01
1.910799294710159302e-01
1.878752857446670532e-01
1.891983598470687866e-01
1.909227520227432251e-01
1.902908831834793091e-01
1.913444846868515015e-01
1.892134994268417358e-01
1.914255619049072266e-01
1.913007646799087524e-01
1.911220550537109375e-01
1.903365999460220337e-01
1.923568993806838989e-01
1.895827949047088623e-01
1.886273175477981567e-01
1.898056417703628540e-01
1.895024180412292480e-01
1.905134618282318115e-01
1.912813931703567505e-01
1.917672157287597656e-01
1.922200620174407959e-01
1.898118108510971069e-01
1.904975324869155884e-01
1.919544339179992676e-01
1.878255009651184082e-01
1.918626278638839722e-01
1.913108229637145996e-01
1.918714940547943115e-01
1.898193359375000000e-01
1.870378255844116211e-01
1.890519857406616211e-01
1.915162205696105957e-01
1.907611936330795288e-01
1.921208649873733521e-01
1.911302059888839722e-01
1.895026862621307373e-01
1.906208992004394531e-01
