7.279897332191467285e-01
7.181334495544433594e-01
7.081315517425537109e-01
6.975293755531311035e-01
6.884398460388183594e-01
6.763869524002075195e-01
6.644815802574157715e-01
6.505463719367980957e-01
6.354341506958007812e-01
6.188872456550598145e-01
6.009094119071960449e-01
5.814801454544067383e-01
5.625389814376831055e-01
5.456660985946655273e-01
5.204054117202758789e-01
4.995686113834381104e-01
4.819232225418090820e-01
4.580776691436767578e-01
4.448752105236053467e-01
4.261556267738342285e-01
4.062868952751159668e-01
4.007263779640197754e-01
3.904215097427368164e-01
3.912724852561950684e-01
3.752377927303314209e-01
3.603075742721557617e-01
3.691230714321136475e-01
3.574976921081542969e-01
3.611223399639129639e-01
3.400207459926605225e-01
3.269491791725158691e-01
3.118081986904144287e-01
3.027045130729675293e-01
3.068568706512451172e-01
2.906905412673950195e-01
2.888641953468322754e-01
2.830877900123596191e-01
2.789124250411987305e-01
2.828116416931152344e-01
2.806995511054992676e-01
2.720760405063629150e-01
2.683171927928924561e-01
2.691231071949005127e-01
2.673393785953521729e-01
2.537316083908081055e-01
2.600790858268737793e-01
2.560380399227142334e-01
2.486167550086975098e-01
2.568626105785369873e-01
2.509267032146453857e-01
2.415308803319931030e-01
2.391158342361450195e-01
2.395301014184951782e-01
2.312172055244445801e-01
2.354427874088287354e-01
2.336456030607223511e-01
2.288780659437179565e-01
2.306375503540039062e-01
2.301809936761856079e-01
2.318615615367889404e-01
2.230629920959472656e-01
2.211675792932510376e-01
2.210739254951477051e-01
2.194062471389770508e-01
2.187567800283432007e-01
2.157029062509536743e-01
2.141965478658676147e-01
2.145083993673324585e-01
2.108293026685714722e-01
2.108938395977020264e-01
2.136757969856262207e-01
2.131396383047103882e-01
2.060120701789855957e-01
2.065256685018539429e-01
2.038169801235198975e-01
2.058505564928054810e-01
2.013885229825973511e-01
1.997232735157012939e-01
2.037133574485778809e-01
1.986991316080093384e-01
1.957684159278869629e-01
1.930046379566192627e-01
1.928292959928512573e-01
1.953388303518295288e-01
1.923172175884246826e-01
1.920879632234573364e-01
1.931383907794952393e-01
1.908590495586395264e-01
1.885668039321899414e-01
1.897874176502227783e-01
1.859024912118911743e-01
1.868788897991180420e-01
1.839431524276733398e-01
1.828275471925735474e-01
1.834076046943664551e-01
1.804038286209106445e-01
1.831623613834381104e-01
1.800199151039123535e-01
1.811475455760955811e-01
1.785638928413391113e-01
1.769273877143859863e-01
1.819812208414077759e-01
1.777810007333755493e-01
1.752664595842361450e-01
1.788881719112396240e-01
1.733239591121673584e-01
1.751100718975067139e-01
1.747642606496810913e-01
1.705024242401123047e-01
1.724553257226943970e-01
1.689676046371459961e-01
1.692670732736587524e-01
1.686632782220840454e-01
1.711618602275848389e-01
1.690974980592727661e-01
1.677870154380798340e-01
1.669708937406539917e-01
1.692446172237396240e-01
1.665287464857101440e-01
1.649004518985748291e-01
1.642805635929107666e-01
1.648186743259429932e-01
1.610127985477447510e-01
1.617366373538970947e-01
1.625188440084457397e-01
1.615843325853347778e-01
1.638484895229339600e-01
1.618016958236694336e-01
1.609860509634017944e-01
1.602111011743545532e-01
1.573022305965423584e-01
1.591663211584091187e-01
1.571183353662490845e-01
1.539465188980102539e-01
1.550211161375045776e-01
1.556916832923889160e-01
1.543338149785995483e-01
1.565439850091934204e-01
1.517091095447540283e-01
1.525302827358245850e-01
1.534606814384460449e-01
1.511324197053909302e-01
1.509848833084106445e-01
1.506819576025009155e-01
1.509147733449935913e-01
1.511094272136688232e-01
1.492910087108612061e-01
1.491595655679702759e-01
1.480981707572937012e-01
1.457900106906890869e-01
1.484661400318145752e-01
1.450486332178115845e-01
1.464497148990631104e-01
1.468747556209564209e-01
1.457823365926742554e-01
1.433033645153045654e-01
1.463944017887115479e-01
1.455652862787246704e-01
1.478964984416961670e-01
1.445476561784744263e-01
1.433452814817428589e-01
1.418717056512832642e-01
1.416252255439758301e-01
1.413117945194244385e-01
1.400437057018280029e-01
1.408808678388595581e-01
1.407305151224136353e-01
1.412915885448455811e-01
1.387172937393188477e-01
1.393503546714782715e-01
1.378897130489349365e-01
1.383646875619888306e-01
1.370590627193450928e-01
1.378280371427536011e-01
1.384223103523254395e-01
1.363358795642852783e-01
1.359239369630813599e-01
1.363956183195114136e-01
1.349729299545288086e-01
1.340678632259368896e-01
1.333038210868835449e-01
1.343307942152023315e-01
1.322735100984573364e-01
1.317878812551498413e-01
1.313993185758590698e-01
1.321552246809005737e-01
1.315094232559204102e-01
1.310242861509323120e-01
1.292675733566284180e-01
1.304048597812652588e-01
1.298009455204010010e-01
1.300379782915115356e-01
1.283196508884429932e-01
1.289503574371337891e-01
1.299272775650024414e-01
1.275522410869598389e-01
1.278696209192276001e-01
1.260378360748291016e-01
1.255899369716644287e-01
1.243454217910766602e-01
1.249014437198638916e-01
1.266814768314361572e-01
1.243389248847961426e-01
1.239847391843795776e-01
1.254875510931015015e-01
1.229012906551361084e-01
1.250070184469223022e-01
1.231125891208648682e-01
1.224085986614227295e-01
1.213120520114898682e-01
1.202044486999511719e-01
1.213349848985671997e-01
1.200032383203506470e-01
1.211418807506561279e-01
1.209070086479187012e-01
1.189414858818054199e-01
1.210201084613800049e-01
1.173288375139236450e-01
1.192008703947067261e-01
1.194924563169479370e-01
1.182812601327896118e-01
1.169402897357940674e-01
1.158044710755348206e-01
1.175269782543182373e-01
1.162775456905364990e-01
1.157353073358535767e-01
1.146935969591140747e-01
1.147754639387130737e-01
1.156084537506103516e-01
1.123984903097152710e-01
1.156729012727737427e-01
1.126563623547554016e-01
1.149525344371795654e-01
1.123813465237617493e-01
1.121249347925186157e-01
1.117521375417709351e-01
1.118168532848358154e-01
1.099862828850746155e-01
1.108314990997314453e-01
1.085975766181945801e-01
1.114286258816719055e-01
1.109386533498764038e-01
1.088930815458297729e-01
1.088047921657562256e-01
1.088103353977203369e-01
1.079555004835128784e-01
1.068410575389862061e-01
1.053842306137084961e-01
1.054162234067916870e-01
1.073416173458099365e-01
1.072170287370681763e-01
1.060067266225814819e-01
1.055077314376831055e-01
1.051044017076492310e-01
1.053376793861389160e-01
1.062030047178268433e-01
1.045832186937332153e-01
1.033692210912704468e-01
1.041791439056396484e-01
1.035020351409912109e-01
1.039933562278747559e-01
1.013287082314491272e-01
1.049199029803276062e-01
1.039422899484634399e-01
1.025526747107505798e-01
1.026024147868156433e-01
1.018629670143127441e-01
1.007985770702362061e-01
1.004260033369064331e-01
1.005697846412658691e-01
1.006518825888633728e-01
9.887514263391494751e-02
9.920047223567962646e-02
1.011892780661582947e-01
9.802199155092239380e-02
9.763541817665100098e-02
9.767841547727584839e-02
9.880295395851135254e-02
9.770102798938751221e-02
9.678617119789123535e-02
9.650944173336029053e-02
9.624820947647094727e-02
9.609128534793853760e-02
9.752053022384643555e-02
9.650903940200805664e-02
9.497535228729248047e-02
9.596833586692810059e-02
9.477975964546203613e-02
9.470346570014953613e-02
9.470587968826293945e-02
9.406812489032745361e-02
9.450214356184005737e-02
9.481027722358703613e-02
9.386000037193298340e-02
9.247093647718429565e-02
9.416241198778152466e-02
9.192368388175964355e-02
9.329797327518463135e-02
9.204391390085220337e-02
9.185829013586044312e-02
9.102594852447509766e-02
9.090382605791091919e-02
9.323236346244812012e-02
9.171796590089797974e-02
9.007086604833602905e-02
8.865334838628768921e-02
8.995241671800613403e-02
9.033705294132232666e-02
8.920193463563919067e-02
9.096344560384750366e-02
8.981401473283767700e-02
9.018310159444808960e-02
8.897069096565246582e-02
8.741149306297302246e-02
8.877366036176681519e-02
8.773902058601379395e-02
8.851158618927001953e-02
8.688291907310485840e-02
8.687423914670944214e-02
8.624664694070816040e-02
8.527887612581253052e-02
8.597960323095321655e-02
8.688925951719284058e-02
8.530821651220321655e-02
8.658298850059509277e-02
8.549864590167999268e-02
8.537729829549789429e-02
8.389002084732055664e-02
8.503935486078262329e-02
8.522245287895202637e-02
8.253856003284454346e-02
8.390422165393829346e-02
8.441791683435440063e-02
8.348109573125839233e-02
8.307244628667831421e-02
8.396188914775848389e-02
8.184044063091278076e-02
8.297216147184371948e-02
8.105728030204772949e-02
8.164523541927337646e-02
8.196534961462020874e-02
8.056802302598953247e-02
8.299305289983749390e-02
8.163895457983016968e-02
8.233841508626937866e-02
8.020306378602981567e-02
8.046472817659378052e-02
8.114868402481079102e-02
7.964967936277389526e-02
7.889977842569351196e-02
8.047690242528915405e-02
7.905277609825134277e-02
7.956001907587051392e-02
8.035749197006225586e-02
7.881771773099899292e-02
7.824741303920745850e-02
7.943049818277359009e-02
7.949637621641159058e-02
7.748549431562423706e-02
7.683102041482925415e-02
7.733410596847534180e-02
7.792440056800842285e-02
7.879938930273056030e-02
7.837671786546707153e-02
7.859842479228973389e-02
7.685858011245727539e-02
7.737517356872558594e-02
7.575131207704544067e-02
7.560158520936965942e-02
7.543150335550308228e-02
7.623319327831268311e-02
7.593351602554321289e-02
7.509700208902359009e-02
7.471514493227005005e-02
7.475934922695159912e-02
7.356792688369750977e-02
7.617926597595214844e-02
7.540011405944824219e-02
7.372145354747772217e-02
7.315290719270706177e-02
7.451010495424270630e-02
7.371064275503158569e-02
7.265298068523406982e-02
7.417453825473785400e-02
7.428822666406631470e-02
7.197561115026473999e-02
7.285507023334503174e-02
7.307951897382736206e-02
7.250053435564041138e-02
7.194130122661590576e-02
7.197510451078414917e-02
7.198623567819595337e-02
7.311660051345825195e-02
7.149340957403182983e-02
6.922488659620285034e-02
7.045610994100570679e-02
7.182522118091583252e-02
7.094356417655944824e-02
7.123974710702896118e-02
7.172174751758575439e-02
6.981799006462097168e-02
6.989090144634246826e-02
7.025666534900665283e-02
6.993869692087173462e-02
6.769177317619323730e-02
7.218111306428909302e-02
6.974132359027862549e-02
6.982789188623428345e-02
6.807705760002136230e-02
6.905114650726318359e-02
6.954494118690490723e-02
6.940955668687820435e-02
6.772263348102569580e-02
6.845308095216751099e-02
6.883827596902847290e-02
6.815487146377563477e-02
6.641244888305664062e-02
6.810651719570159912e-02
6.771437823772430420e-02
6.790655851364135742e-02
6.799297034740447998e-02
6.760463118553161621e-02
6.713043153285980225e-02
6.580590456724166870e-02
6.763404607772827148e-02
6.740204244852066040e-02
6.673297286033630371e-02
6.693874299526214600e-02
6.623676419258117676e-02
6.545820832252502441e-02
6.597445160150527954e-02
6.659588217735290527e-02
6.596526503562927246e-02
6.546712666749954224e-02
6.602772325277328491e-02
6.516313552856445312e-02
6.570266187191009521e-02
6.575706601142883301e-02
6.675799190998077393e-02
6.431472301483154297e-02
6.548115611076354980e-02
6.419080495834350586e-02
6.307699531316757202e-02
6.489199399948120117e-02
6.385070830583572388e-02
6.432941555976867676e-02
6.352200359106063843e-02
6.449311971664428711e-02
6.378398090600967407e-02
6.344122439622879028e-02
6.307703256607055664e-02
6.335529685020446777e-02
6.356094032526016235e-02
6.296957284212112427e-02
6.234310567378997803e-02
6.207519024610519409e-02
6.252640485763549805e-02
6.269951164722442627e-02
6.265975534915924072e-02
6.345525383949279785e-02
6.133351102471351624e-02
6.068140640854835510e-02
6.243547052145004272e-02
6.241409108042716980e-02
6.294071674346923828e-02
6.246712803840637207e-02
6.255429983139038086e-02
6.190964579582214355e-02
6.287351995706558228e-02
6.189424544572830200e-02
6.048548966646194458e-02
6.141480058431625366e-02
6.038733571767807007e-02
6.169120222330093384e-02
6.093041971325874329e-02
6.136538088321685791e-02
6.072758138179779053e-02
6.090794503688812256e-02
6.160876899957656860e-02
6.030318886041641235e-02
6.020599603652954102e-02
6.079523265361785889e-02
6.047379598021507263e-02
6.037548184394836426e-02
5.953117087483406067e-02
6.055748835206031799e-02
5.966117978096008301e-02
5.984893813729286194e-02
5.959231406450271606e-02
5.868547409772872925e-02
5.892427265644073486e-02
5.838357657194137573e-02
5.947780981659889221e-02
5.884929001331329346e-02
5.857700854539871216e-02
5.836065858602523804e-02
5.823912471532821655e-02
5.871392041444778442e-02
5.829889327287673950e-02
5.820928141474723816e-02
5.811875313520431519e-02
5.825677514076232910e-02
5.803011357784271240e-02
5.755347758531570435e-02
5.866017192602157593e-02
5.825700610876083374e-02
5.723213404417037964e-02
5.702394992113113403e-02
5.890892446041107178e-02
5.830487608909606934e-02
5.684885010123252869e-02
5.765490233898162842e-02
5.592780932784080505e-02
5.722909793257713318e-02
5.829369276762008667e-02
5.721341818571090698e-02
5.593822896480560303e-02
5.629867315292358398e-02
5.656210333108901978e-02
5.757763981819152832e-02
5.652288347482681274e-02
5.691850185394287109e-02
5.690742656588554382e-02
5.687693879008293152e-02
5.685073509812355042e-02
5.617058277130126953e-02
5.679843947291374207e-02
5.632586032152175903e-02
5.631922185420989990e-02
5.639806389808654785e-02
5.662920325994491577e-02
5.615531653165817261e-02
5.543031170964241028e-02
5.653624609112739563e-02
5.601874738931655884e-02
5.611718446016311646e-02
5.652626603841781616e-02
5.475394427776336670e-02
5.540260300040245056e-02
5.667824298143386841e-02
5.537681281566619873e-02
5.477886646986007690e-02
5.605799704790115356e-02
5.574790015816688538e-02
5.646578967571258545e-02
5.479409545660018921e-02
5.534483492374420166e-02
5.580192431807518005e-02
5.459211766719818115e-02
5.477318912744522095e-02
5.488354340195655823e-02
5.411544442176818848e-02
5.478232353925704956e-02
5.481918901205062866e-02
5.537741631269454956e-02
5.477943643927574158e-02
5.423275381326675415e-02
5.357723310589790344e-02
5.441191792488098145e-02
5.413033068180084229e-02
5.449856817722320557e-02
5.394299328327178955e-02
5.455366522073745728e-02
5.374787747859954834e-02
5.411798506975173950e-02
5.393446236848831177e-02
5.354348942637443542e-02
5.335204675793647766e-02
5.453595519065856934e-02
5.342150479555130005e-02
5.327322706580162048e-02
5.469273403286933899e-02
5.321464687585830688e-02
5.323352292180061340e-02
5.349966511130332947e-02
5.425868928432464600e-02
5.303465947508811951e-02
5.226062983274459839e-02
5.275621265172958374e-02
5.260284245014190674e-02
5.292254686355590820e-02
5.290755629539489746e-02
5.236960202455520630e-02
5.314473435282707214e-02
5.285975337028503418e-02
5.273521691560745239e-02
5.240043625235557556e-02
5.292087793350219727e-02
5.148474127054214478e-02
5.230305343866348267e-02
5.250482261180877686e-02
5.154134333133697510e-02
5.214462801814079285e-02
5.282072722911834717e-02
5.096917971968650818e-02
5.175485461950302124e-02
5.183220654726028442e-02
5.069039762020111084e-02
5.242898315191268921e-02
5.177315324544906616e-02
2.487095594406127930e-01
2.463555186986923218e-01
2.475660145282745361e-01
2.477976530790328979e-01
2.450219690799713135e-01
2.455460727214813232e-01
2.436163872480392456e-01
2.441102564334869385e-01
2.413018196821212769e-01
2.453697919845581055e-01
2.439493238925933838e-01
2.401306033134460449e-01
2.415791153907775879e-01
2.430540025234222412e-01
2.410696148872375488e-01
2.378149181604385376e-01
2.402460724115371704e-01
2.391510158777236938e-01
2.391788661479949951e-01
2.358202636241912842e-01
2.405353188514709473e-01
2.386334091424942017e-01
2.389561831951141357e-01
2.385042458772659302e-01
2.388916611671447754e-01
2.369636446237564087e-01
2.368103265762329102e-01
2.356901913881301880e-01
2.368685752153396606e-01
2.364561408758163452e-01
2.359017133712768555e-01
2.377595752477645874e-01
2.374312579631805420e-01
2.387782335281372070e-01
2.364111095666885376e-01
2.354728877544403076e-01
2.357409745454788208e-01
2.364366203546524048e-01
2.351992130279541016e-01
2.372356355190277100e-01
2.347301244735717773e-01
2.352535575628280640e-01
2.357229143381118774e-01
2.339649349451065063e-01
2.309734076261520386e-01
2.375159412622451782e-01
2.340194880962371826e-01
2.339455485343933105e-01
2.359871119260787964e-01
2.341935485601425171e-01
2.322299331426620483e-01
2.347858846187591553e-01
2.339519560337066650e-01
2.314093261957168579e-01
2.327454388141632080e-01
2.338185608386993408e-01
2.303425967693328857e-01
2.328186780214309692e-01
2.334216684103012085e-01
2.344989329576492310e-01
2.323816865682601929e-01
2.336881756782531738e-01
2.295963019132614136e-01
2.347405999898910522e-01
2.298133075237274170e-01
2.330853193998336792e-01
2.349480539560317993e-01
2.313142269849777222e-01
2.290314286947250366e-01
2.330476343631744385e-01
2.334985882043838501e-01
2.290294617414474487e-01
2.306481450796127319e-01
2.315230816602706909e-01
2.330868691205978394e-01
2.298023849725723267e-01
2.311223447322845459e-01
2.295385450124740601e-01
2.331106215715408325e-01
2.287193983793258667e-01
2.303861528635025024e-01
2.306357473134994507e-01
2.296870350837707520e-01
2.293135672807693481e-01
2.317831069231033325e-01
2.326336055994033813e-01
2.275952696800231934e-01
2.281640619039535522e-01
2.292137444019317627e-01
2.295245975255966187e-01
2.285548299551010132e-01
2.300205379724502563e-01
2.289353609085083008e-01
2.301454693078994751e-01
2.298562675714492798e-01
2.260554879903793335e-01
2.270417064428329468e-01
2.296741157770156860e-01
2.280795723199844360e-01
2.286626845598220825e-01
2.270104289054870605e-01
2.289118468761444092e-01
2.289319932460784912e-01
2.281446605920791626e-01
2.265825420618057251e-01
2.257300168275833130e-01
2.274253964424133301e-01
2.272935956716537476e-01
2.291246503591537476e-01
2.259752303361892700e-01
2.275953590869903564e-01
2.283583581447601318e-01
2.280381321907043457e-01
2.294831871986389160e-01
2.274572402238845825e-01
2.296051084995269775e-01
2.275560647249221802e-01
2.266730070114135742e-01
2.283998578786849976e-01
2.282906174659729004e-01
2.250592708587646484e-01
2.246102839708328247e-01
2.263207882642745972e-01
2.259165942668914795e-01
2.277348488569259644e-01
2.258980274200439453e-01
2.247540801763534546e-01
2.243918329477310181e-01
2.259536832571029663e-01
2.231899797916412354e-01
2.260540723800659180e-01
2.241967916488647461e-01
2.254761159420013428e-01
2.280403226613998413e-01
2.261475920677185059e-01
2.243738919496536255e-01
2.279951870441436768e-01
2.250641286373138428e-01
2.268762439489364624e-01
2.259466797113418579e-01
2.242678105831146240e-01
2.245934158563613892e-01
2.266137003898620605e-01
2.236049622297286987e-01
2.221254706382751465e-01
2.250525057315826416e-01
2.255386263132095337e-01
2.227271348237991333e-01
2.234194278717041016e-01
2.264441996812820435e-01
2.239981889724731445e-01
2.239580452442169189e-01
2.229706197977066040e-01
2.219097614288330078e-01
2.221609950065612793e-01
2.245519012212753296e-01
2.259479761123657227e-01
2.251004576683044434e-01
2.208179831504821777e-01
2.246594429016113281e-01
2.245130240917205811e-01
2.237401604652404785e-01
2.245739996433258057e-01
2.234976142644882202e-01
2.245841622352600098e-01
2.227911502122879028e-01
2.230643182992935181e-01
2.225675880908966064e-01
2.220983803272247314e-01
2.243812382221221924e-01
2.242642194032669067e-01
2.231934666633605957e-01
2.255310863256454468e-01
2.235272973775863647e-01
2.195089608430862427e-01
2.242300361394882202e-01
2.209604829549789429e-01
2.224841415882110596e-01
2.259105890989303589e-01
2.223379462957382202e-01
2.198738902807235718e-01
2.211044132709503174e-01
2.205702960491180420e-01
2.212803959846496582e-01
2.218414098024368286e-01
2.202607542276382446e-01
2.205227762460708618e-01
2.196164131164550781e-01
2.224545627832412720e-01
2.219021022319793701e-01
2.216512411832809448e-01
2.228903323411941528e-01
2.201894074678421021e-01
2.225217223167419434e-01
2.200859189033508301e-01
2.171858251094818115e-01
2.196365296840667725e-01
2.218330502510070801e-01
2.209900617599487305e-01
2.192891985177993774e-01
2.205959260463714600e-01
2.190033346414566040e-01
2.190885394811630249e-01
2.224618345499038696e-01
2.225267589092254639e-01
2.199122458696365356e-01
2.214446216821670532e-01
2.188138216733932495e-01
2.215170413255691528e-01
2.216112762689590454e-01
2.197064757347106934e-01
2.194980531930923462e-01
2.202949374914169312e-01
2.218669354915618896e-01
2.192641943693161011e-01
2.195368260145187378e-01
2.167417556047439575e-01
2.209337502717971802e-01
2.205743938684463501e-01
2.202562689781188965e-01
2.186445742845535278e-01
2.171665132045745850e-01
2.194140255451202393e-01
2.198690026998519897e-01
2.194177210330963135e-01
2.191518396139144897e-01
2.176529914140701294e-01
2.199212610721588135e-01
2.176089882850646973e-01
2.178653627634048462e-01
2.170583754777908325e-01
2.192708700895309448e-01
2.188333570957183838e-01
2.200860232114791870e-01
2.217323035001754761e-01
2.193744480609893799e-01
2.175806909799575806e-01
2.172145247459411621e-01
2.209306359291076660e-01
2.217209786176681519e-01
2.172140926122665405e-01
2.168726325035095215e-01
2.172115296125411987e-01
2.159646451473236084e-01
2.169716358184814453e-01
2.188583165407180786e-01
2.170171439647674561e-01
2.161264866590499878e-01
2.189483046531677246e-01
2.187222987413406372e-01
2.173445075750350952e-01
2.162907570600509644e-01
2.176331579685211182e-01
2.190320342779159546e-01
2.159709483385086060e-01
2.171358466148376465e-01
2.164482176303863525e-01
2.154065519571304321e-01
2.156226038932800293e-01
2.192703932523727417e-01
2.187386602163314819e-01
2.179697901010513306e-01
2.171304821968078613e-01
2.157290577888488770e-01
2.178711742162704468e-01
2.166329324245452881e-01
2.172816097736358643e-01
2.181336879730224609e-01
2.170592844486236572e-01
2.148268073797225952e-01
2.172003984451293945e-01
2.166860997676849365e-01
2.175133079290390015e-01
2.173127233982086182e-01
2.163240313529968262e-01
2.176803499460220337e-01
2.145074456930160522e-01
2.164683789014816284e-01
2.147999256849288940e-01
2.169297635555267334e-01
2.129056751728057861e-01
2.147439569234848022e-01
2.151544988155364990e-01
2.132481932640075684e-01
2.167670428752899170e-01
2.117662727832794189e-01
2.150451540946960449e-01
2.170056998729705811e-01
2.141807377338409424e-01
2.157955467700958252e-01
2.192043662071228027e-01
2.151681780815124512e-01
2.172921001911163330e-01
2.143076211214065552e-01
2.169471085071563721e-01
2.133871465921401978e-01
2.122926414012908936e-01
2.159134000539779663e-01
2.172607332468032837e-01
2.136404067277908325e-01
2.150647640228271484e-01
2.157994359731674194e-01
2.115956991910934448e-01
2.140164226293563843e-01
2.141288071870803833e-01
2.143604606389999390e-01
2.157036364078521729e-01
2.133450806140899658e-01
2.129985839128494263e-01
2.091702371835708618e-01
2.130857110023498535e-01
2.141687124967575073e-01
2.136242538690567017e-01
2.131412327289581299e-01
2.143200486898422241e-01
2.143305242061614990e-01
2.146814912557601929e-01
2.132301032543182373e-01
2.150273621082305908e-01
2.121705561876296997e-01
2.136066257953643799e-01
2.129895687103271484e-01
2.143443673849105835e-01
2.112289518117904663e-01
2.149161249399185181e-01
2.100779712200164795e-01
2.111606299877166748e-01
2.134881317615509033e-01
2.159794718027114868e-01
2.118037939071655273e-01
2.118101716041564941e-01
2.133700400590896606e-01
2.135550379753112793e-01
2.122277468442916870e-01
2.113351374864578247e-01
2.126649618148803711e-01
2.134195715188980103e-01
2.114319354295730591e-01
2.146390825510025024e-01
2.122732400894165039e-01
2.120022475719451904e-01
2.126792073249816895e-01
2.143765538930892944e-01
2.113095074892044067e-01
2.133203744888305664e-01
2.129317522048950195e-01
2.122993022203445435e-01
2.127447724342346191e-01
2.123002558946609497e-01
2.110814452171325684e-01
2.110674679279327393e-01
2.149946242570877075e-01
2.132340818643569946e-01
2.104313522577285767e-01
2.133558392524719238e-01
2.142900228500366211e-01
2.103877812623977661e-01
2.116812169551849365e-01
2.133462876081466675e-01
2.108813375234603882e-01
2.106174826622009277e-01
2.102141231298446655e-01
2.109344750642776489e-01
2.119824588298797607e-01
2.137324661016464233e-01
2.086524218320846558e-01
2.131422162055969238e-01
2.130168378353118896e-01
2.122786492109298706e-01
2.099268734455108643e-01
2.099880278110504150e-01
2.116281986236572266e-01
2.126711308956146240e-01
2.112279683351516724e-01
2.085762619972229004e-01
2.092381268739700317e-01
2.108682096004486084e-01
2.124191820621490479e-01
2.096118181943893433e-01
2.096445858478546143e-01
2.095945179462432861e-01
2.106748521327972412e-01
2.126543968915939331e-01
2.096711099147796631e-01
2.112014144659042358e-01
2.130326777696609497e-01
2.096956968307495117e-01
2.108002156019210815e-01
2.095378637313842773e-01
2.060841321945190430e-01
2.109910249710083008e-01
2.096236944198608398e-01
2.082991153001785278e-01
2.067066878080368042e-01
2.094681560993194580e-01
2.093106359243392944e-01
2.092328369617462158e-01
2.084779292345046997e-01
2.088740766048431396e-01
2.100624591112136841e-01
2.074370533227920532e-01
2.118768990039825439e-01
2.099194228649139404e-01
2.093938887119293213e-01
2.064750492572784424e-01
2.080515772104263306e-01
2.111485302448272705e-01
2.095379531383514404e-01
2.100230306386947632e-01
2.095694094896316528e-01
2.071720063686370850e-01
2.077175676822662354e-01
2.103339433670043945e-01
2.090002000331878662e-01
2.081780284643173218e-01
2.108398228883743286e-01
2.097263336181640625e-01
2.075630724430084229e-01
2.085468471050262451e-01
2.074387073516845703e-01
2.111179828643798828e-01
2.091266065835952759e-01
2.094006389379501343e-01
2.075611054897308350e-01
2.088657915592193604e-01
2.073465734720230103e-01
2.095122635364532471e-01
2.072886079549789429e-01
2.111146599054336548e-01
2.061197459697723389e-01
2.088976055383682251e-01
2.082544565200805664e-01
2.064060568809509277e-01
2.057581543922424316e-01
2.077352553606033325e-01
2.063078731298446655e-01
2.098844051361083984e-01
2.090414017438888550e-01
2.074606418609619141e-01
2.087563276290893555e-01
2.105385214090347290e-01
2.099821865558624268e-01
2.074709087610244751e-01
2.071336060762405396e-01
2.080921232700347900e-01
2.074569314718246460e-01
2.067543715238571167e-01
2.086367011070251465e-01
2.071680575609207153e-01
2.067715078592300415e-01
2.052419483661651611e-01
2.061474770307540894e-01
2.059455811977386475e-01
2.059497684240341187e-01
2.071573734283447266e-01
2.103527337312698364e-01
2.069038003683090210e-01
2.086173146963119507e-01
2.064412385225296021e-01
2.062346935272216797e-01
2.073360383510589600e-01
2.062366455793380737e-01
2.075570076704025269e-01
2.057234793901443481e-01
2.071666866540908813e-01
2.054102718830108643e-01
2.068662941455841064e-01
2.073777019977569580e-01
2.065648734569549561e-01
2.068817317485809326e-01
2.055604010820388794e-01
2.044881135225296021e-01
2.059172391891479492e-01
2.066634446382522583e-01
2.066217511892318726e-01
2.066842615604400635e-01
2.055875509977340698e-01
2.060720771551132202e-01
2.065570801496505737e-01
2.070879042148590088e-01
2.070167064666748047e-01
2.061076462268829346e-01
2.064881473779678345e-01
2.054730802774429321e-01
2.051361352205276489e-01
2.044483721256256104e-01
2.049187570810317993e-01
2.051138430833816528e-01
2.050275951623916626e-01
2.047317326068878174e-01
2.070383429527282715e-01
2.076171636581420898e-01
2.042700946331024170e-01
2.038389444351196289e-01
2.058380842208862305e-01
2.057719379663467407e-01
2.028119415044784546e-01
2.083729654550552368e-01
2.037874907255172729e-01
2.044876217842102051e-01
2.047648131847381592e-01
2.045434117317199707e-01
2.040125727653503418e-01
2.043509930372238159e-01
2.039627134799957275e-01
2.069913297891616821e-01
2.063733786344528198e-01
2.040842920541763306e-01
2.049839645624160767e-01
2.047400474548339844e-01
2.059969007968902588e-01
2.054265141487121582e-01
2.052601873874664307e-01
2.056265473365783691e-01
2.048887461423873901e-01
2.065610587596893311e-01
2.035766690969467163e-01
2.029909491539001465e-01
2.051717191934585571e-01
2.027634382247924805e-01
2.048594504594802856e-01
2.055279910564422607e-01
2.062257081270217896e-01
2.054740190505981445e-01
2.012887001037597656e-01
2.024322897195816040e-01
2.048254758119583130e-01
2.026298493146896362e-01
2.072404026985168457e-01
2.054250240325927734e-01
2.043417692184448242e-01
2.053109109401702881e-01
2.023405432701110840e-01
2.029922455549240112e-01
2.040953934192657471e-01
2.015930265188217163e-01
2.049383819103240967e-01
2.059347778558731079e-01
2.029775828123092651e-01
2.069839388132095337e-01
2.054112106561660767e-01
2.025434225797653198e-01
2.048621028661727905e-01
2.067800462245941162e-01
2.033546268939971924e-01
2.052186131477355957e-01
2.039193809032440186e-01
2.006928920745849609e-01
2.038230597972869873e-01
2.046949416399002075e-01
2.035501152276992798e-01
2.034623175859451294e-01
2.026781141757965088e-01
2.030645310878753662e-01
2.033714503049850464e-01
2.033433616161346436e-01
2.044899761676788330e-01
2.022040635347366333e-01
2.055854797363281250e-01
2.034680247306823730e-01
2.054038941860198975e-01
2.045654505491256714e-01
2.016748785972595215e-01
2.021388858556747437e-01
2.023909837007522583e-01
2.038176506757736206e-01
2.041825652122497559e-01
2.036166340112686157e-01
2.054491788148880005e-01
2.016569226980209351e-01
2.039065062999725342e-01
2.027355581521987915e-01
2.040860652923583984e-01
2.037552297115325928e-01
2.026916593313217163e-01
2.013959437608718872e-01
2.046269476413726807e-01
2.020532339811325073e-01
2.029346227645874023e-01
2.035202682018280029e-01
2.017274647951126099e-01
2.034466266632080078e-01
2.017697691917419434e-01
2.036095559597015381e-01
2.040665745735168457e-01
2.037598937749862671e-01
2.014402300119400024e-01
2.016700655221939087e-01
2.032073885202407837e-01
2.015994489192962646e-01
2.015817612409591675e-01
2.019291818141937256e-01
2.024026662111282349e-01
2.050684541463851929e-01
2.027788907289505005e-01
2.044025808572769165e-01
2.022797167301177979e-01
2.015338689088821411e-01
1.998002827167510986e-01
2.042418867349624634e-01
2.034312337636947632e-01
2.000633776187896729e-01
1.993994414806365967e-01
2.018164247274398804e-01
2.041863799095153809e-01
2.028232216835021973e-01
2.004663944244384766e-01
2.022966444492340088e-01
2.018710821866989136e-01
2.032522857189178467e-01
2.004354894161224365e-01
2.012106180191040039e-01
2.015995383262634277e-01
2.019541263580322266e-01
2.008643597364425659e-01
2.034103125333786011e-01
2.022320926189422607e-01
2.020083814859390259e-01
2.041000276803970337e-01
2.012474238872528076e-01
2.027252018451690674e-01
2.009631395339965820e-01
2.010288983583450317e-01
1.996357291936874390e-01
2.039926648139953613e-01
1.994494795799255371e-01
2.004815042018890381e-01
1.996774524450302124e-01
2.053930610418319702e-01
2.003637105226516724e-01
2.025238871574401855e-01
2.007604688405990601e-01
2.030998915433883667e-01
2.000137120485305786e-01
2.025181651115417480e-01
2.006142437458038330e-01
1.982098072767257690e-01
2.018191367387771606e-01
2.008787691593170166e-01
1.985389888286590576e-01
2.022983878850936890e-01
2.012042850255966187e-01
2.012285888195037842e-01
1.999302804470062256e-01
2.021050006151199341e-01
2.001293748617172241e-01
2.012320458889007568e-01
2.008966803550720215e-01
1.997407078742980957e-01
1.981185823678970337e-01
2.027660310268402100e-01
2.003572285175323486e-01
2.000827044248580933e-01
2.006820440292358398e-01
2.008402049541473389e-01
2.008237838745117188e-01
1.994670778512954712e-01
1.989737153053283691e-01
2.022766023874282837e-01
1.986588239669799805e-01
1.985584646463394165e-01
2.001619786024093628e-01
1.990994065999984741e-01
1.999451667070388794e-01
1.988136768341064453e-01
2.005680650472640991e-01
2.022105008363723755e-01
2.036538571119308472e-01
2.002438306808471680e-01
1.999619454145431519e-01
2.004173398017883301e-01
2.000900506973266602e-01
1.992896050214767456e-01
1.996690779924392700e-01
1.998005062341690063e-01
1.976067125797271729e-01
2.039062976837158203e-01
2.016000002622604370e-01
2.001616954803466797e-01
1.988161653280258179e-01
2.011908888816833496e-01
2.007658928632736206e-01
2.012922316789627075e-01
1.999342292547225952e-01
2.012673020362854004e-01
2.002429664134979248e-01
1.988920122385025024e-01
2.006943225860595703e-01
1.986041963100433350e-01
1.991061121225357056e-01
1.990500539541244507e-01
2.010928094387054443e-01
1.969708800315856934e-01
1.990758925676345825e-01
2.007717192173004150e-01
1.990293860435485840e-01
1.978354305028915405e-01
1.994649320840835571e-01
1.997271925210952759e-01
2.006760835647583008e-01
1.979004442691802979e-01
1.995590478181838989e-01
1.982158720493316650e-01
1.959092170000076294e-01
1.966286003589630127e-01
1.982068419456481934e-01
1.984295547008514404e-01
2.007813304662704468e-01
1.990575194358825684e-01
1.969904303550720215e-01
1.993561089038848877e-01
1.972715705633163452e-01
1.987515538930892944e-01
2.024061530828475952e-01
1.969102025032043457e-01
2.002877444028854370e-01
1.990539580583572388e-01
1.999696195125579834e-01
2.009208351373672485e-01
1.990791261196136475e-01
1.959478855133056641e-01
2.002784758806228638e-01
1.961366236209869385e-01
1.998251676559448242e-01
1.981187909841537476e-01
1.988488286733627319e-01
1.983806788921356201e-01
1.971016228199005127e-01
2.009489685297012329e-01
1.993490606546401978e-01
1.981990188360214233e-01
1.983469873666763306e-01
1.962106227874755859e-01
1.965864598751068115e-01
1.983445584774017334e-01
1.986728012561798096e-01
2.006107270717620850e-01
1.981778740882873535e-01
1.972648054361343384e-01
1.982092261314392090e-01
1.988943368196487427e-01
1.975709199905395508e-01
1.975878924131393433e-01
1.966448128223419189e-01
1.950684785842895508e-01
1.977913975715637207e-01
1.994885355234146118e-01
1.963746696710586548e-01
1.988046616315841675e-01
1.973467767238616943e-01
1.983939707279205322e-01
1.975695192813873291e-01
1.977962702512741089e-01
1.975637227296829224e-01
1.986168771982192993e-01
1.980280131101608276e-01
1.987763345241546631e-01
1.958080530166625977e-01
1.953292042016983032e-01
1.987630575895309448e-01
2.013108283281326294e-01
1.975248456001281738e-01
1.961002796888351440e-01
1.982059329748153687e-01
1.982590556144714355e-01
1.956329941749572754e-01
1.973900943994522095e-01
1.952795535326004028e-01
1.961283683776855469e-01
1.972693800926208496e-01
1.966596692800521851e-01
2.013800591230392456e-01
1.968773305416107178e-01
1.967936307191848755e-01
1.978723108768463135e-01
1.958267241716384888e-01
1.986563652753829956e-01
1.976369768381118774e-01
1.984389573335647583e-01
1.992007046937942505e-01
1.956079006195068359e-01
1.990232020616531372e-01
1.983252018690109253e-01
1.982447952032089233e-01
1.986214816570281982e-01
1.957132220268249512e-01
1.959448158740997314e-01
1.978556662797927856e-01
1.974774152040481567e-01
1.990935206413269043e-01
1.938019394874572754e-01
1.966931521892547607e-01
1.957454532384872437e-01
1.995369344949722290e-01
1.973940730094909668e-01
1.984931379556655884e-01
1.943730264902114868e-01
1.979771405458450317e-01
1.970634013414382935e-01
1.961182504892349243e-01
1.974178254604339600e-01
1.941850930452346802e-01
1.973496079444885254e-01
1.962107717990875244e-01
1.966492384672164917e-01
1.994877010583877563e-01
1.996086537837982178e-01
1.973519176244735718e-01
1.971398293972015381e-01
1.974650174379348755e-01
1.975090503692626953e-01
1.984446793794631958e-01
1.985257416963577271e-01
1.984450817108154297e-01
1.972023993730545044e-01
1.974790096282958984e-01
1.981111615896224976e-01
1.962511390447616577e-01
1.969180405139923096e-01
1.959112584590911865e-01
1.955399662256240845e-01
1.961629837751388550e-01
1.960278004407882690e-01
1.974890083074569702e-01
1.962804794311523438e-01
1.966493576765060425e-01
1.975207477807998657e-01
1.960647851228713989e-01
1.943361461162567139e-01
1.973393708467483521e-01
1.968725919723510742e-01
1.930064260959625244e-01
1.954455673694610596e-01
1.926758587360382080e-01
1.962763667106628418e-01
1.965130716562271118e-01
1.960227191448211670e-01
1.939013302326202393e-01
1.947214007377624512e-01
1.975230723619461060e-01
1.953478157520294189e-01
2.006993144750595093e-01
1.967167556285858154e-01
1.957423090934753418e-01
1.964834332466125488e-01
1.949073672294616699e-01
1.964150071144104004e-01
1.937864422798156738e-01
1.924264580011367798e-01
1.940582543611526489e-01
1.953711360692977905e-01
1.943231076002120972e-01
1.971447765827178955e-01
1.940268278121948242e-01
1.971546858549118042e-01
1.947253197431564331e-01
1.940207928419113159e-01
1.968764960765838623e-01
1.944562345743179321e-01
1.957739442586898804e-01
1.949152797460556030e-01
1.952732205390930176e-01
1.930283606052398682e-01
1.959060877561569214e-01
1.929132491350173950e-01
1.949040293693542480e-01
1.934927701950073242e-01
1.961795389652252197e-01
1.938387751579284668e-01
1.949710398912429810e-01
1.937876641750335693e-01
1.935517340898513794e-01
1.951701790094375610e-01
1.927509009838104248e-01
1.943324208259582520e-01
1.940654069185256958e-01
1.940516680479049683e-01
1.955438703298568726e-01
1.967535912990570068e-01
1.957142204046249390e-01
1.970725506544113159e-01
1.933891177177429199e-01
1.950729936361312866e-01
1.965692490339279175e-01
1.954489052295684814e-01
1.938445866107940674e-01
1.956199258565902710e-01
1.952973306179046631e-01
1.964905858039855957e-01
1.941832005977630615e-01
1.942488998174667358e-01
1.944005638360977173e-01
1.945893317461013794e-01
1.925893723964691162e-01
1.967656910419464111e-01
1.928716450929641724e-01
1.956881135702133179e-01
1.936017572879791260e-01
1.928291171789169312e-01
1.946408748626708984e-01
