1.777764676809310940e+00
1.393651899099350056e+00
1.259986993074417194e+00
1.119916449189186203e+00
1.034192968606948870e+00
9.705224901437758955e-01
9.139741879701613891e-01
7.817383068799972357e-01
7.738619974255561695e-01
7.751014137268066317e-01
7.320092669129372176e-01
7.545121997594833596e-01
7.214270043373107733e-01
7.060013294219971147e-01
5.670668700337410106e-01
5.646183291077613298e-01
5.810227453708648460e-01
5.753161007165908947e-01
5.660058644413947793e-01
5.643428048491477833e-01
5.738505566120147838e-01
4.371433332562446594e-01
4.249464005231857189e-01
4.430972431600093686e-01
4.502294963598251210e-01
4.379260033369064553e-01
4.599415707588195845e-01
4.662875786423683055e-01
3.393549336493015267e-01
3.279164670407772042e-01
3.233279071748256794e-01
3.363619326055050096e-01
3.457537883520126476e-01
3.395604558289050945e-01
3.651274132728576927e-01
2.697961699962616033e-01
2.538232654333114624e-01
2.667192555963993073e-01
2.645593434572219849e-01
2.828561624884605163e-01
2.791948400437831990e-01
3.007330438494682512e-01
2.209452767670154472e-01
2.174473626911640201e-01
2.216749145090579909e-01
2.294244304299354609e-01
2.377333433926105410e-01
2.364721553027629986e-01
2.384682060778141044e-01
2.098244439065456435e-01
2.030105563998222395e-01
2.011965779960155354e-01
2.012459649145603158e-01
2.088996973633766296e-01
2.085634975135326474e-01
2.122252957522869077e-01
1.909845329821109883e-01
1.880125828832387991e-01
1.956478911638259988e-01
1.933296829462051447e-01
1.912490350008010931e-01
1.996896047890186210e-01
2.034989395737648032e-01
1.831095878779888109e-01
1.859871782362461090e-01
1.861363300681114219e-01
1.860817028582096022e-01
1.895338419079780623e-01
1.914532817900180817e-01
1.951135171949863467e-01
8.092087425291538683e-02
1.386078030988573961e-01
1.830434034764766571e-01
1.737478328868746758e-01
1.734429586306214244e-01
1.625756083801388752e-01
1.706624412536621171e-01
9.472467110492288622e-02
1.005999389756470908e-01
9.747014629188925638e-02
1.004020299203693817e-01
9.327938378788530605e-02
9.176037078723311979e-02
9.798966171219944399e-02
6.591741685755550528e-02
6.418676856905221328e-02
7.617214167490601873e-02
8.706420299597084078e-02
8.119037854485214312e-02
9.240579590201378202e-02
9.495633332990109643e-02
7.531790722161531282e-02
6.756220630602910449e-02
8.243744150735438092e-02
7.643725049681961148e-02
7.869559207465499917e-02
8.594641393516212757e-02
8.352493684506043237e-02
6.755706006195395796e-02
5.534065410029143095e-02
6.495502742938696894e-02
6.355811170535162480e-02
7.522071029990912150e-02
7.558897636830806677e-02
9.049852269235998670e-02
