1.669300470352172772e+00
1.350112420320510820e+00
1.212466722130775443e+00
1.119870291352272007e+00
1.058918316960334671e+00
1.009528281092643809e+00
9.692106139659881769e-01
8.272039651870727317e-01
7.942115443944931519e-01
7.923677998781204490e-01
8.046161460876465332e-01
7.875410342216491166e-01
7.859788537025451660e-01
7.661828488111496194e-01
6.424312183260917353e-01
6.404080945253372015e-01
6.420101439952849987e-01
6.438265922665595831e-01
6.358056148886680470e-01
6.383320203423500372e-01
6.375651240348816362e-01
5.039413163065910028e-01
5.115085715055465165e-01
5.328587824106216786e-01
5.341121166944503562e-01
5.298909628391266224e-01
5.264306449890137074e-01
5.340301528573035972e-01
4.220705476403236456e-01
4.143357512354850503e-01
4.267205506563186423e-01
4.277901712059974937e-01
4.334273216128349260e-01
4.364694833755493053e-01
4.372825691103935375e-01
3.445532965660095259e-01
3.549457353353500100e-01
3.469377890229224937e-01
3.561922931671142600e-01
3.648200529813766524e-01
3.657998600602149764e-01
3.829542016983032426e-01
3.194262224435806541e-01
3.122256267070770419e-01
3.119155046343803361e-01
3.164207163453102156e-01
3.304527390003204612e-01
3.296429637074470564e-01
3.351341533660888716e-01
2.936584626138210030e-01
2.904187755286693484e-01
2.935312262177467435e-01
2.928589524328708560e-01
3.029411017894744762e-01
3.083839404582977561e-01
3.064960692822933375e-01
2.781206989288330100e-01
2.824649307131767428e-01
2.803541611135005884e-01
2.809600822627544292e-01
2.828225740790367149e-01
2.894905535876751146e-01
2.959707997739314811e-01
2.711009801924228468e-01
2.704954253137111797e-01
2.750312766432762013e-01
2.772859680652618453e-01
2.751687635481357419e-01
2.813998304307460674e-01
2.844751483201980458e-01
2.619078643620014191e-01
2.621363186836242476e-01
2.687067990005016505e-01
2.726134830713272117e-01
2.774350501596927754e-01
2.772889004647731692e-01
2.729785437881946386e-01
2.661028461158275737e-01
2.593425637483596780e-01
2.612702144682407246e-01
2.616695554554462344e-01
2.695253586769104093e-01
2.667176520824432462e-01
2.715181784331798798e-01
2.618734845519065657e-01
2.587853617966174857e-01
2.596471694111823769e-01
2.592965860664844246e-01
2.600251030921936213e-01
2.635373845696449280e-01
2.638184653222561127e-01
2.521322828531264992e-01
2.526518432796001634e-01
2.580687016248702781e-01
2.582189089059829801e-01
2.613345167040824757e-01
2.575340680778026581e-01
2.632252666354179538e-01
2.543700551986694536e-01
2.528195497393608271e-01
2.531341442465782077e-01
2.514754313230514460e-01
2.513570848107338218e-01
2.553081817924976460e-01
2.580178087949752674e-01
