4.722602713108062789e-01
1.643690752238035069e-01
1.326826093345880586e-01
1.094870083034038544e-01
1.099414370954036740e-01
1.044673117995262163e-01
9.265445102006196476e-02
8.948817081749439739e-02
8.840359099209309235e-02
3.634545817971229775e-01
3.239576375484466420e-01
3.105383616685867265e-01
3.061711695790290677e-01
2.727774415910244055e-01
2.633477272093295851e-01
2.559139369428157784e-01
2.589633861184120200e-01
2.580047089606523625e-01
2.090284194052219324e-01
2.171585517376661278e-01
2.008286247402429614e-01
2.048301928117871318e-01
2.029198382794857036e-01
2.089345213025808334e-01
1.923110863938927717e-01
2.185514477640390363e-01
2.017419841140508652e-01
1.681638530269265186e-01
1.756370688602328367e-01
1.606868560239672616e-01
1.625653769448399677e-01
1.652203399688005336e-01
1.559090786054730393e-01
1.631806551851332221e-01
1.835288464277982645e-01
1.712276469171047089e-01
1.338168961741030283e-01
1.364050944149494127e-01
1.260314966738224074e-01
1.328731074929237477e-01
1.305903828516602472e-01
1.427743384242057822e-01
1.429271391779184386e-01
1.414622297510504667e-01
1.386083638668060281e-01
9.753366703167558327e-02
1.155483324080705670e-01
1.007519518770277483e-01
1.187239435221999900e-01
1.185345027782022942e-01
1.100578617677092502e-01
1.062026810832321644e-01
1.114808220788836429e-01
1.216493075154721770e-01
8.488471010699867592e-02
8.420471362769603452e-02
7.745607867836952487e-02
8.195060123689472398e-02
8.738596779294312278e-02
9.417288126423954686e-02
9.275247751735150870e-02
9.515744611620903515e-02
9.804598737508057882e-02
6.384394742548465951e-02
6.448827517218887195e-02
6.423592523206025917e-02
6.910778302699327469e-02
7.190499592572451026e-02
7.000888660550116938e-02
7.570461522787809427e-02
7.541553841903805844e-02
7.647866425104439536e-02
5.457392755895853348e-02
4.965173214208334906e-02
5.110697610070928654e-02
6.464583867229521663e-02
6.021603249944746522e-02
5.742285227635875178e-02
6.314927091356366262e-02
7.006165170576422740e-02
6.862924870802089572e-02
4.190228013321757594e-02
4.648267061798833089e-02
4.442845426383427998e-02
5.437677205773070593e-02
5.210278252838179691e-02
5.115042670629918464e-02
4.636663469485938216e-02
6.201295428909361224e-02
5.374515914358198726e-02
4.003588259220123430e-02
3.439039597869850834e-02
3.948100475943647214e-02
3.710472800536081250e-02
5.017742331139743439e-02
5.034940929617733041e-02
4.457279738970101185e-02
5.741440435405820858e-02
5.249176205368712850e-02
3.738877218682318954e-02
3.415638656821101682e-02
2.719245690852403752e-02
3.387640927947359326e-02
3.696455326571594646e-02
3.688149714202154650e-02
4.398896705126389972e-02
5.016119345789775419e-02
4.388102746801450516e-02
2.599318175925873289e-02
3.089595951169030880e-02
3.154717168305069125e-02
4.045046974672004275e-02
3.841579019208438833e-02
3.252648618828971050e-02
3.730315240216441203e-02
4.081027635838836709e-02
4.703492945060133712e-02
2.263881112565286485e-02
2.794426657783333212e-02
2.531681957596447485e-02
2.772506988985696738e-02
3.336150725721381827e-02
3.643581473181257274e-02
3.568500773399137238e-02
4.901345470279920569e-02
4.862959174439310944e-02
2.852322137798182777e-02
2.595733575581107150e-02
2.819393431418575416e-02
2.908295157889369958e-02
2.927515987277729340e-02
3.320863422050024383e-02
4.872915178653784013e-02
3.655047894106246836e-02
3.523440359858796139e-02
