8.831397294998168945e-01
8.735094070434570312e-01
8.655829429626464844e-01
8.568062782287597656e-01
8.470692634582519531e-01
8.367126584053039551e-01
8.257939815521240234e-01
8.106266856193542480e-01
7.967788577079772949e-01
7.811805605888366699e-01
7.635892629623413086e-01
7.439913153648376465e-01
7.207207679748535156e-01
7.006452679634094238e-01
6.718276739120483398e-01
6.448898315429687500e-01
6.200661659240722656e-01
5.895102620124816895e-01
5.633739233016967773e-01
5.382456779479980469e-01
5.173231363296508789e-01
4.951267242431640625e-01
4.883857965469360352e-01
4.591875672340393066e-01
4.524179399013519287e-01
4.599140882492065430e-01
4.631168544292449951e-01
4.602995514869689941e-01
4.599903821945190430e-01
4.296550750732421875e-01
4.331050515174865723e-01
4.299363791942596436e-01
4.144347906112670898e-01
4.170811772346496582e-01
3.988971710205078125e-01
4.060915112495422363e-01
3.991786539554595947e-01
3.994583189487457275e-01
3.988781273365020752e-01
4.016503691673278809e-01
4.024827182292938232e-01
3.957014381885528564e-01
3.863722383975982666e-01
3.805077373981475830e-01
3.827134668827056885e-01
3.779034018516540527e-01
3.824899494647979736e-01
3.759085237979888916e-01
3.687674999237060547e-01
3.719998300075531006e-01
3.650965690612792969e-01
3.645663559436798096e-01
3.622633218765258789e-01
3.604997992515563965e-01
3.635124564170837402e-01
3.602842986583709717e-01
3.525491654872894287e-01
3.495240807533264160e-01
3.460931479930877686e-01
3.489642143249511719e-01
3.431891798973083496e-01
3.405250012874603271e-01
3.404763340950012207e-01
3.410117626190185547e-01
3.419288992881774902e-01
3.378485441207885742e-01
3.373891711235046387e-01
3.348332643508911133e-01
3.308298587799072266e-01
3.301321566104888916e-01
3.292152285575866699e-01
3.319403529167175293e-01
3.286348879337310791e-01
3.260142803192138672e-01
3.195710778236389160e-01
3.243057429790496826e-01
3.194256126880645752e-01
3.189434409141540527e-01
3.168234527111053467e-01
3.184447884559631348e-01
3.200717568397521973e-01
3.156644701957702637e-01
3.120442926883697510e-01
3.108008801937103271e-01
3.138921856880187988e-01
3.104768693447113037e-01
3.167916834354400635e-01
3.046053349971771240e-01
3.053569197654724121e-01
3.060831427574157715e-01
3.051256835460662842e-01
3.034355938434600830e-01
2.999296188354492188e-01
2.969013452529907227e-01
2.999128699302673340e-01
2.998619675636291504e-01
2.966728508472442627e-01
2.929005026817321777e-01
2.978900969028472900e-01
2.940976023674011230e-01
2.956280410289764404e-01
2.948892712593078613e-01
2.903040647506713867e-01
2.948562502861022949e-01
2.913709878921508789e-01
2.911167442798614502e-01
2.897490859031677246e-01
2.884274423122406006e-01
2.827227413654327393e-01
2.900450825691223145e-01
2.900791168212890625e-01
2.826063334941864014e-01
2.845033407211303711e-01
2.846406102180480957e-01
2.824351191520690918e-01
2.841478288173675537e-01
2.856210172176361084e-01
2.778262197971343994e-01
2.811306118965148926e-01
2.740523815155029297e-01
2.772038578987121582e-01
2.755083441734313965e-01
2.756327390670776367e-01
2.748689353466033936e-01
2.739056944847106934e-01
2.702497541904449463e-01
2.711755931377410889e-01
2.734729349613189697e-01
2.706449031829833984e-01
2.678858339786529541e-01
2.697371542453765869e-01
2.687236070632934570e-01
2.672543227672576904e-01
2.669180631637573242e-01
2.685509324073791504e-01
2.664007544517517090e-01
2.641345262527465820e-01
2.645992040634155273e-01
2.668032646179199219e-01
2.611403465270996094e-01
2.651125788688659668e-01
2.622404992580413818e-01
2.588056325912475586e-01
2.618368268013000488e-01
2.597534954547882080e-01
2.603315711021423340e-01
2.580272853374481201e-01
2.612755894660949707e-01
2.572734653949737549e-01
2.562233805656433105e-01
2.569092214107513428e-01
2.559707760810852051e-01
2.568624913692474365e-01
2.547430694103240967e-01
2.576487362384796143e-01
2.533736824989318848e-01
2.521256208419799805e-01
2.516998946666717529e-01
2.498290240764617920e-01
2.516676783561706543e-01
2.495058625936508179e-01
2.491417676210403442e-01
2.500963509082794189e-01
2.488559633493423462e-01
2.476335167884826660e-01
2.460307180881500244e-01
2.507039606571197510e-01
2.458527386188507080e-01
2.441465854644775391e-01
2.453403174877166748e-01
2.461860328912734985e-01
2.448041588068008423e-01
2.437983900308609009e-01
2.435501664876937866e-01
2.421819716691970825e-01
2.427515089511871338e-01
2.407544553279876709e-01
2.420345097780227661e-01
2.422963380813598633e-01
2.414681315422058105e-01
2.413060367107391357e-01
2.372520267963409424e-01
2.392164468765258789e-01
2.374413907527923584e-01
2.360830157995223999e-01
2.392493784427642822e-01
2.371847778558731079e-01
2.375508397817611694e-01
2.369846850633621216e-01
2.365145385265350342e-01
2.380528450012207031e-01
2.323607802391052246e-01
2.372665256261825562e-01
2.351319789886474609e-01
2.326820492744445801e-01
2.342030555009841919e-01
2.332364320755004883e-01
2.327068597078323364e-01
2.362114638090133667e-01
2.296292185783386230e-01
2.319911122322082520e-01
2.315938621759414673e-01
2.307604849338531494e-01
2.301633507013320923e-01
2.318647503852844238e-01
2.293276637792587280e-01
2.277368903160095215e-01
2.296125441789627075e-01
2.284654825925827026e-01
2.297627031803131104e-01
2.275266796350479126e-01
2.284224927425384521e-01
2.263746857643127441e-01
2.265692055225372314e-01
2.262724339962005615e-01
2.267318964004516602e-01
2.272464036941528320e-01
2.248136997222900391e-01
2.244697064161300659e-01
2.228943705558776855e-01
2.226323783397674561e-01
2.245309948921203613e-01
2.229217141866683960e-01
2.240239083766937256e-01
2.236482203006744385e-01
2.221855372190475464e-01
2.222532033920288086e-01
2.213070094585418701e-01
2.220903187990188599e-01
2.212683558464050293e-01
2.218166142702102661e-01
2.197201102972030640e-01
2.188233733177185059e-01
2.200283110141754150e-01
2.194337695837020874e-01
2.187102735042572021e-01
2.197467833757400513e-01
2.188181579113006592e-01
2.189727574586868286e-01
2.187254428863525391e-01
2.172977328300476074e-01
2.170454412698745728e-01
2.170049250125885010e-01
2.161521166563034058e-01
2.146471589803695679e-01
2.158990353345870972e-01
2.136685401201248169e-01
2.143353819847106934e-01
2.128148972988128662e-01
2.177834957838058472e-01
2.128869593143463135e-01
2.155706435441970825e-01
2.174896448850631714e-01
2.141658514738082886e-01
2.123665511608123779e-01
2.143303006887435913e-01
2.102780044078826904e-01
2.131408303976058960e-01
2.113357186317443848e-01
2.100353091955184937e-01
2.112071067094802856e-01
2.106402665376663208e-01
2.099305242300033569e-01
2.107641994953155518e-01
2.114582955837249756e-01
2.088338285684585571e-01
2.096906006336212158e-01
2.098091244697570801e-01
2.084324657917022705e-01
2.112764120101928711e-01
2.084731161594390869e-01
2.067511975765228271e-01
2.077497690916061401e-01
2.085637599229812622e-01
2.078184932470321655e-01
2.097079902887344360e-01
2.087112814188003540e-01
2.065074890851974487e-01
2.055670768022537231e-01
2.041820734739303589e-01
2.067829072475433350e-01
2.055680900812149048e-01
2.062010169029235840e-01
2.057301104068756104e-01
2.063513696193695068e-01
2.043586969375610352e-01
2.045459747314453125e-01
2.037351280450820923e-01
2.031589448451995850e-01
2.022534608840942383e-01
2.021737098693847656e-01
2.021374255418777466e-01
2.037928253412246704e-01
2.023555636405944824e-01
2.010682225227355957e-01
2.015602737665176392e-01
2.012953758239746094e-01
2.017096132040023804e-01
2.025824040174484253e-01
2.013074159622192383e-01
2.013494968414306641e-01
2.004743516445159912e-01
2.007595300674438477e-01
1.986300498247146606e-01
1.979721784591674805e-01
2.000741213560104370e-01
1.996494233608245850e-01
1.977638453245162964e-01
1.987884044647216797e-01
1.974641531705856323e-01
1.968794763088226318e-01
1.981697678565979004e-01
1.984332501888275146e-01
1.974924057722091675e-01
1.982112228870391846e-01
1.965539455413818359e-01
1.970865279436111450e-01
1.954295337200164795e-01
1.949684768915176392e-01
1.951236277818679810e-01
1.942148059606552124e-01
1.943275034427642822e-01
1.940918415784835815e-01
1.959195733070373535e-01
1.975311636924743652e-01
1.963713467121124268e-01
1.959291845560073853e-01
1.921938061714172363e-01
1.945935189723968506e-01
1.945462673902511597e-01
1.933375746011734009e-01
1.911300122737884521e-01
1.914461106061935425e-01
1.931639909744262695e-01
1.921842545270919800e-01
1.929625570774078369e-01
1.908306330442428589e-01
1.907670944929122925e-01
1.920636594295501709e-01
1.908324360847473145e-01
1.891736537218093872e-01
1.901333481073379517e-01
1.899700015783309937e-01
1.895106136798858643e-01
1.888882964849472046e-01
1.911591589450836182e-01
1.894714087247848511e-01
1.900055408477783203e-01
1.899982094764709473e-01
1.890173554420471191e-01
1.871811896562576294e-01
1.901398152112960815e-01
1.899956613779067993e-01
1.903232485055923462e-01
1.880928575992584229e-01
1.889149993658065796e-01
1.874171942472457886e-01
1.880294531583786011e-01
1.865741908550262451e-01
1.835432797670364380e-01
1.889500319957733154e-01
1.860925108194351196e-01
1.850143224000930786e-01
1.875956654548645020e-01
1.836011409759521484e-01
1.843411177396774292e-01
1.836237162351608276e-01
1.869888305664062500e-01
1.845515668392181396e-01
1.842017471790313721e-01
1.838146001100540161e-01
1.858510971069335938e-01
1.831930130720138550e-01
1.838271170854568481e-01
1.836575120687484741e-01
1.827231049537658691e-01
1.834914088249206543e-01
1.834345906972885132e-01
1.852995306253433228e-01
1.822538077831268311e-01
1.826058775186538696e-01
1.814834475517272949e-01
1.836861670017242432e-01
1.825540661811828613e-01
1.836930066347122192e-01
1.834351271390914917e-01
1.817285865545272827e-01
1.813036948442459106e-01
1.797744035720825195e-01
1.801303327083587646e-01
1.789610087871551514e-01
1.812199056148529053e-01
1.789716035127639771e-01
1.794575452804565430e-01
1.794807463884353638e-01
1.809372305870056152e-01
1.796501129865646362e-01
1.798761039972305298e-01
1.809714287519454956e-01
1.794341653585433960e-01
2.682743370532989502e-01
2.652989625930786133e-01
2.684325873851776123e-01
2.680366933345794678e-01
2.658559679985046387e-01
2.658268511295318604e-01
2.677365839481353760e-01
2.652908861637115479e-01
2.639954984188079834e-01
2.651591300964355469e-01
2.619695961475372314e-01
2.648842930793762207e-01
2.633605301380157471e-01
2.615755200386047363e-01
2.662475407123565674e-01
2.630025446414947510e-01
2.601466178894042969e-01
2.615962624549865723e-01
2.618198692798614502e-01
2.622308135032653809e-01
2.602127492427825928e-01
2.610905468463897705e-01
2.588405609130859375e-01
2.617636919021606445e-01
2.643832266330718994e-01
2.584563195705413818e-01
2.601103186607360840e-01
2.624466419219970703e-01
2.605916559696197510e-01
2.582128942012786865e-01
2.599622905254364014e-01
2.590490579605102539e-01
2.585154175758361816e-01
2.602789103984832764e-01
2.594479322433471680e-01
2.568015754222869873e-01
2.603237628936767578e-01
2.597351670265197754e-01
2.568042278289794922e-01
2.574276030063629150e-01
2.585594654083251953e-01
2.580031454563140869e-01
2.582324743270874023e-01
2.545138895511627197e-01
2.578371763229370117e-01
2.564196884632110596e-01
2.559307515621185303e-01
2.565546035766601562e-01
2.517898082733154297e-01
2.574659287929534912e-01
2.570755779743194580e-01
2.514357864856719971e-01
2.560182213783264160e-01
2.510710060596466064e-01
2.561023235321044922e-01
2.545856833457946777e-01
2.524787783622741699e-01
2.521247565746307373e-01
2.542349100112915039e-01
2.526063621044158936e-01
2.530878782272338867e-01
2.547366321086883545e-01
2.515909969806671143e-01
2.515582144260406494e-01
2.534114718437194824e-01
2.527510821819305420e-01
2.513156831264495850e-01
2.511752247810363770e-01
2.498065978288650513e-01
2.501161098480224609e-01
2.509378194808959961e-01
2.515228092670440674e-01
2.492628991603851318e-01
2.484525591135025024e-01
2.463718950748443604e-01
2.536634206771850586e-01
2.491950094699859619e-01
2.526540458202362061e-01
2.498384267091751099e-01
2.520974278450012207e-01
2.481732368469238281e-01
2.501913309097290039e-01
2.472459971904754639e-01
2.499792724847793579e-01
2.485653758049011230e-01
2.492553293704986572e-01
2.464344352483749390e-01
2.493277788162231445e-01
2.491361647844314575e-01
2.498805969953536987e-01
2.478536963462829590e-01
2.458053529262542725e-01
2.494359016418457031e-01
2.477806359529495239e-01
2.472414821386337280e-01
2.483474314212799072e-01
2.479671090841293335e-01
2.499791234731674194e-01
2.504130899906158447e-01
2.463673204183578491e-01
2.473984956741333008e-01
2.466996461153030396e-01
2.484606653451919556e-01
2.452419549226760864e-01
2.487843185663223267e-01
2.470139265060424805e-01
2.458712905645370483e-01
2.467955052852630615e-01
2.444174140691757202e-01
2.421068847179412842e-01
2.467980831861495972e-01
2.462678998708724976e-01
2.490081787109375000e-01
2.449388056993484497e-01
2.423443794250488281e-01
2.463473230600357056e-01
2.447737008333206177e-01
2.474172264337539673e-01
2.457517832517623901e-01
2.465674430131912231e-01
2.442663162946701050e-01
2.444320768117904663e-01
2.444468289613723755e-01
2.426843345165252686e-01
2.453827112913131714e-01
2.422705143690109253e-01
2.442831546068191528e-01
2.462612688541412354e-01
2.441124469041824341e-01
2.436611801385879517e-01
2.431165724992752075e-01
2.442603260278701782e-01
2.420609295368194580e-01
2.454196959733963013e-01
2.416584342718124390e-01
2.398746013641357422e-01
2.435169667005538940e-01
2.418652325868606567e-01
2.431551665067672729e-01
2.428780198097229004e-01
2.407955527305603027e-01
2.398643940687179565e-01
2.411593943834304810e-01
2.385598123073577881e-01
2.398659139871597290e-01
2.410547435283660889e-01
2.429824620485305786e-01
2.426995038986206055e-01
2.379626631736755371e-01
2.407873421907424927e-01
2.421996444463729858e-01
2.384683638811111450e-01
2.394766658544540405e-01
2.422769814729690552e-01
2.379009574651718140e-01
2.398926019668579102e-01
2.373847663402557373e-01
2.398470491170883179e-01
2.398951500654220581e-01
2.406767010688781738e-01
2.384317368268966675e-01
2.405272424221038818e-01
2.398960441350936890e-01
2.370695322751998901e-01
2.404273152351379395e-01
2.403616011142730713e-01
2.364532947540283203e-01
2.374649196863174438e-01
2.390745729207992554e-01
2.397160381078720093e-01
2.394214123487472534e-01
2.386384159326553345e-01
2.409583181142807007e-01
2.385571151971817017e-01
2.389238327741622925e-01
2.366494238376617432e-01
2.384702712297439575e-01
2.373490184545516968e-01
2.415342032909393311e-01
2.413812428712844849e-01
2.391492128372192383e-01
2.375022321939468384e-01
2.396164089441299438e-01
2.379977554082870483e-01
2.386874258518218994e-01
2.400414198637008667e-01
2.387873530387878418e-01
2.362394034862518311e-01
2.399139106273651123e-01
2.403979003429412842e-01
2.362484633922576904e-01
2.379551082849502563e-01
2.375783622264862061e-01
2.394693344831466675e-01
2.345607429742813110e-01
2.377568632364273071e-01
2.365244477987289429e-01
2.362688034772872925e-01
2.352813631296157837e-01
2.375446110963821411e-01
2.380526512861251831e-01
2.361803352832794189e-01
2.346828728914260864e-01
2.372000962495803833e-01
2.357372790575027466e-01
2.366926521062850952e-01
2.348905354738235474e-01
2.356631755828857422e-01
2.351076900959014893e-01
2.341816276311874390e-01
2.357792556285858154e-01
2.357776165008544922e-01
2.358799427747726440e-01
2.342400103807449341e-01
2.358500510454177856e-01
2.353890091180801392e-01
2.347924262285232544e-01
2.329338937997817993e-01
2.342054694890975952e-01
2.349590659141540527e-01
2.333334535360336304e-01
2.368785887956619263e-01
2.371106892824172974e-01
2.344536781311035156e-01
2.328823208808898926e-01
2.339051365852355957e-01
2.352411150932312012e-01
2.338940799236297607e-01
2.348066866397857666e-01
2.350105643272399902e-01
2.361962050199508667e-01
2.344800978899002075e-01
2.360845506191253662e-01
2.332301884889602661e-01
2.350807785987854004e-01
2.354338765144348145e-01
2.351959645748138428e-01
2.336638420820236206e-01
2.322180122137069702e-01
2.326174974441528320e-01
2.327552139759063721e-01
2.317788749933242798e-01
2.327966243028640747e-01
2.329877465963363647e-01
2.317569106817245483e-01
2.333267629146575928e-01
2.332849651575088501e-01
2.324195951223373413e-01
2.328935414552688599e-01
2.313192784786224365e-01
2.284730970859527588e-01
2.304007112979888916e-01
2.305311709642410278e-01
2.314459681510925293e-01
2.304592579603195190e-01
2.324828803539276123e-01
2.302779257297515869e-01
2.302032560110092163e-01
2.326869070529937744e-01
2.311192601919174194e-01
2.304944694042205811e-01
2.310222983360290527e-01
2.279100269079208374e-01
2.323942780494689941e-01
2.316395640373229980e-01
2.303190529346466064e-01
2.305753976106643677e-01
2.339063584804534912e-01
2.342823594808578491e-01
2.299450784921646118e-01
2.321524173021316528e-01
2.304413020610809326e-01
2.308386862277984619e-01
2.298128902912139893e-01
2.321159541606903076e-01
2.269393205642700195e-01
2.291374504566192627e-01
2.295803874731063843e-01
2.305491864681243896e-01
2.307232469320297241e-01
2.329372316598892212e-01
2.289802581071853638e-01
2.316933125257492065e-01
2.291913628578186035e-01
2.297758460044860840e-01
2.304600626230239868e-01
2.291035652160644531e-01
2.319513708353042603e-01
2.284399569034576416e-01
2.321672588586807251e-01
2.279160916805267334e-01
2.298144251108169556e-01
2.295952886343002319e-01
2.303036600351333618e-01
2.289904206991195679e-01
2.305587381124496460e-01
2.258561849594116211e-01
2.263489365577697754e-01
2.289523929357528687e-01
2.287327945232391357e-01
2.303993105888366699e-01
2.259275019168853760e-01
2.292918711900711060e-01
2.268913984298706055e-01
2.288205921649932861e-01
2.286642044782638550e-01
2.272173166275024414e-01
2.294671386480331421e-01
2.277542501688003540e-01
2.277885526418685913e-01
2.277830094099044800e-01
2.285574674606323242e-01
2.267645001411437988e-01
2.300635278224945068e-01
2.288579940795898438e-01
2.292471975088119507e-01
2.289069741964340210e-01
2.277032732963562012e-01
2.299716323614120483e-01
2.272936999797821045e-01
2.288656532764434814e-01
2.268805950880050659e-01
2.261831164360046387e-01
2.268097400665283203e-01
2.293158471584320068e-01
2.285890728235244751e-01
2.266345620155334473e-01
2.285741567611694336e-01
2.266573905944824219e-01
2.259082347154617310e-01
2.276182323694229126e-01
2.257025092840194702e-01
2.263875007629394531e-01
2.273891419172286987e-01
2.284241616725921631e-01
2.285875380039215088e-01
2.257614135742187500e-01
2.269246876239776611e-01
2.246576994657516479e-01
2.251782119274139404e-01
2.253257036209106445e-01
2.246671915054321289e-01
2.294554263353347778e-01
2.259812206029891968e-01
2.250206172466278076e-01
2.245670706033706665e-01
2.246834784746170044e-01
2.239961177110671997e-01
2.260559648275375366e-01
2.254377007484436035e-01
2.243751138448715210e-01
2.258757352828979492e-01
2.266760468482971191e-01
2.276162058115005493e-01
2.242206186056137085e-01
2.252747267484664917e-01
2.252842336893081665e-01
2.252334803342819214e-01
2.240593582391738892e-01
2.252334505319595337e-01
2.233995348215103149e-01
2.253323048353195190e-01
2.248536199331283569e-01
2.238511592149734497e-01
2.231647968292236328e-01
2.213407456874847412e-01
2.236936390399932861e-01
2.236525267362594604e-01
2.210583090782165527e-01
2.248947620391845703e-01
2.226773202419281006e-01
2.248990386724472046e-01
2.251502573490142822e-01
2.235826849937438965e-01
2.251548022031784058e-01
2.264745384454727173e-01
2.264470010995864868e-01
2.260554730892181396e-01
2.236844152212142944e-01
2.239571809768676758e-01
2.222647070884704590e-01
2.205099463462829590e-01
2.208381742238998413e-01
2.246437668800354004e-01
2.243035435676574707e-01
2.220159024000167847e-01
2.261417359113693237e-01
2.240773290395736694e-01
2.235348671674728394e-01
2.258986532688140869e-01
2.249720692634582520e-01
2.241803258657455444e-01
2.222767323255538940e-01
2.243698537349700928e-01
2.200189381837844849e-01
2.271584421396255493e-01
2.221551686525344849e-01
2.234609127044677734e-01
2.217011153697967529e-01
2.240524590015411377e-01
2.213633805513381958e-01
2.223128229379653931e-01
2.203141450881958008e-01
2.208912819623947144e-01
2.215332239866256714e-01
2.210717946290969849e-01
2.211668640375137329e-01
2.198696583509445190e-01
2.214688360691070557e-01
2.220447510480880737e-01
2.201679199934005737e-01
2.239767611026763916e-01
2.204837352037429810e-01
2.226555049419403076e-01
2.213603556156158447e-01
2.212197482585906982e-01
2.239314168691635132e-01
2.211009413003921509e-01
2.234247028827667236e-01
2.231893688440322876e-01
2.203175723552703857e-01
2.226487845182418823e-01
2.206903100013732910e-01
2.196728885173797607e-01
2.221026420593261719e-01
2.215473651885986328e-01
2.206425517797470093e-01
2.203440219163894653e-01
2.200469076633453369e-01
2.212606519460678101e-01
2.227225750684738159e-01
2.207901328802108765e-01
2.204062193632125854e-01
2.196711003780364990e-01
2.214540839195251465e-01
2.220388948917388916e-01
2.160753607749938965e-01
2.216191589832305908e-01
2.205403000116348267e-01
2.192249447107315063e-01
2.232061922550201416e-01
2.184336781501770020e-01
2.191557437181472778e-01
2.196883559226989746e-01
2.194506973028182983e-01
2.196058481931686401e-01
2.221645712852478027e-01
2.221192121505737305e-01
2.188210934400558472e-01
2.202164083719253540e-01
2.182925343513488770e-01
2.189960330724716187e-01
2.179809957742691040e-01
2.220648974180221558e-01
2.176943719387054443e-01
2.191140353679656982e-01
2.198048979043960571e-01
2.210035622119903564e-01
2.191918939352035522e-01
2.192485630512237549e-01
2.185887247323989868e-01
2.201024740934371948e-01
2.202508002519607544e-01
2.199221402406692505e-01
2.189650535583496094e-01
2.196491360664367676e-01
2.193639874458312988e-01
2.200925350189208984e-01
2.186816930770874023e-01
2.203321754932403564e-01
2.178356051445007324e-01
2.233304530382156372e-01
2.204448133707046509e-01
2.179488539695739746e-01
2.201019823551177979e-01
2.203179150819778442e-01
2.186650335788726807e-01
2.192399054765701294e-01
2.187543511390686035e-01
2.160898596048355103e-01
2.185468971729278564e-01
2.198539674282073975e-01
2.184263467788696289e-01
2.175305634737014771e-01
2.146176695823669434e-01
2.177516669034957886e-01
2.174653857946395874e-01
2.174184024333953857e-01
2.211207896471023560e-01
2.160775065422058105e-01
2.167708277702331543e-01
2.196831554174423218e-01
2.177327126264572144e-01
2.191703617572784424e-01
2.185826599597930908e-01
2.173285335302352905e-01
2.190316766500473022e-01
2.175194025039672852e-01
2.176165580749511719e-01
2.156310826539993286e-01
2.157196849584579468e-01
2.176208645105361938e-01
2.184802740812301636e-01
2.161815315485000610e-01
2.175582349300384521e-01
2.187536954879760742e-01
2.161365449428558350e-01
2.170496881008148193e-01
2.164737433195114136e-01
2.164168506860733032e-01
2.161091417074203491e-01
2.155908048152923584e-01
2.178745716810226440e-01
2.140545547008514404e-01
2.174722552299499512e-01
2.176271229982376099e-01
2.182540893554687500e-01
2.165263593196868896e-01
2.142740041017532349e-01
2.139630019664764404e-01
2.197997421026229858e-01
2.161333709955215454e-01
2.163485437631607056e-01
2.154376655817031860e-01
2.146366089582443237e-01
2.142743170261383057e-01
2.154943197965621948e-01
2.159142345190048218e-01
2.163953483104705811e-01
2.144066244363784790e-01
2.189917117357254028e-01
2.155096381902694702e-01
2.153606265783309937e-01
2.148901820182800293e-01
2.130142897367477417e-01
2.164368182420730591e-01
2.152825891971588135e-01
2.152831405401229858e-01
2.156074494123458862e-01
2.138862311840057373e-01
2.151672840118408203e-01
2.139616459608078003e-01
2.143242657184600830e-01
2.171255052089691162e-01
2.171784490346908569e-01
2.138782441616058350e-01
2.124637365341186523e-01
2.178204804658889771e-01
2.139352262020111084e-01
2.125884592533111572e-01
2.152944505214691162e-01
2.159349620342254639e-01
2.138677239418029785e-01
2.144399881362915039e-01
2.133727073669433594e-01
2.169785350561141968e-01
2.145074307918548584e-01
2.159673720598220825e-01
2.122928351163864136e-01
2.157397866249084473e-01
2.160589694976806641e-01
2.122928649187088013e-01
2.141058295965194702e-01
2.161371409893035889e-01
2.130660414695739746e-01
2.135273218154907227e-01
2.161937355995178223e-01
2.113574296236038208e-01
2.135432511568069458e-01
2.127558887004852295e-01
2.137779742479324341e-01
2.134497463703155518e-01
2.157110124826431274e-01
2.129826843738555908e-01
2.140391767024993896e-01
2.137298583984375000e-01
2.144380956888198853e-01
2.139442265033721924e-01
2.136515825986862183e-01
2.134703546762466431e-01
2.154496014118194580e-01
2.144222706556320190e-01
2.122172117233276367e-01
2.133505642414093018e-01
2.134008109569549561e-01
2.144702076911926270e-01
2.118972390890121460e-01
2.121441811323165894e-01
2.107424437999725342e-01
2.142525166273117065e-01
2.145275026559829712e-01
2.132951915264129639e-01
2.123583257198333740e-01
2.139518857002258301e-01
2.126515954732894897e-01
2.141367048025131226e-01
2.135773301124572754e-01
2.141527980566024780e-01
2.137942761182785034e-01
2.144184857606887817e-01
2.124622315168380737e-01
2.125322371721267700e-01
2.139396667480468750e-01
2.147269546985626221e-01
2.127398550510406494e-01
2.137791514396667480e-01
2.121029049158096313e-01
2.104220092296600342e-01
2.106918543577194214e-01
2.130223065614700317e-01
2.096428722143173218e-01
2.137440890073776245e-01
2.114618569612503052e-01
2.116985172033309937e-01
2.119598388671875000e-01
2.119335681200027466e-01
2.114773392677307129e-01
2.104698568582534790e-01
2.133455127477645874e-01
2.131717503070831299e-01
2.117645144462585449e-01
2.107235789299011230e-01
2.115903943777084351e-01
2.115005403757095337e-01
2.100689262151718140e-01
2.093762010335922241e-01
2.099624276161193848e-01
2.113028466701507568e-01
2.119042724370956421e-01
2.117085456848144531e-01
2.118532359600067139e-01
2.107775211334228516e-01
2.127661705017089844e-01
2.119374126195907593e-01
2.120329141616821289e-01
2.100080698728561401e-01
2.118501812219619751e-01
2.114205509424209595e-01
2.101736962795257568e-01
2.124143838882446289e-01
2.107202559709548950e-01
2.092510163784027100e-01
2.107631117105484009e-01
2.126775383949279785e-01
2.095229327678680420e-01
2.131125032901763916e-01
2.106055021286010742e-01
2.094855457544326782e-01
2.118149846792221069e-01
2.130905985832214355e-01
2.082129120826721191e-01
2.092914134263992310e-01
2.127302587032318115e-01
2.088618874549865723e-01
2.105975747108459473e-01
2.088184952735900879e-01
2.124015986919403076e-01
2.082528024911880493e-01
2.073755115270614624e-01
2.086228728294372559e-01
2.114513069391250610e-01
2.122056931257247925e-01
2.125464677810668945e-01
2.091235965490341187e-01
2.090478390455245972e-01
2.096743285655975342e-01
2.096637487411499023e-01
2.105799615383148193e-01
2.095351070165634155e-01
2.114019691944122314e-01
2.106795310974121094e-01
2.092942744493484497e-01
2.080136686563491821e-01
2.105038911104202271e-01
2.097071856260299683e-01
2.117014676332473755e-01
2.116142064332962036e-01
2.096071839332580566e-01
2.097231894731521606e-01
2.089974731206893921e-01
2.096667140722274780e-01
2.112295329570770264e-01
2.090965956449508667e-01
2.110120654106140137e-01
2.110769003629684448e-01
2.060738205909729004e-01
2.103270888328552246e-01
2.104618996381759644e-01
2.093335241079330444e-01
2.106730639934539795e-01
2.086323499679565430e-01
2.091749459505081177e-01
2.106055319309234619e-01
2.079720646142959595e-01
2.069745361804962158e-01
2.087739706039428711e-01
2.100604176521301270e-01
2.072448283433914185e-01
2.079188227653503418e-01
2.088059633970260620e-01
2.083644121885299683e-01
2.120887339115142822e-01
2.086405754089355469e-01
2.089525312185287476e-01
2.080439925193786621e-01
2.087520658969879150e-01
2.072719484567642212e-01
2.090615481138229370e-01
2.085362374782562256e-01
2.065827399492263794e-01
2.076484411954879761e-01
2.093575447797775269e-01
2.114597260951995850e-01
2.064602226018905640e-01
2.075736224651336670e-01
2.079609036445617676e-01
2.099355161190032959e-01
2.084230035543441772e-01
2.103608250617980957e-01
2.091879993677139282e-01
2.068434953689575195e-01
2.080072313547134399e-01
2.079900652170181274e-01
2.088735401630401611e-01
2.059856355190277100e-01
2.066550999879837036e-01
2.055957913398742676e-01
2.094690799713134766e-01
2.070368677377700806e-01
2.060255706310272217e-01
2.070687711238861084e-01
2.069922089576721191e-01
2.079286426305770874e-01
2.099556326866149902e-01
2.063397318124771118e-01
2.084851562976837158e-01
2.089203596115112305e-01
2.081982344388961792e-01
2.070976793766021729e-01
2.097216397523880005e-01
2.076880335807800293e-01
2.097503095865249634e-01
2.062597274780273438e-01
2.101676762104034424e-01
2.067711055278778076e-01
2.088332176208496094e-01
2.082864642143249512e-01
2.053174376487731934e-01
2.078515291213989258e-01
2.076352983713150024e-01
2.066250294446945190e-01
2.083241194486618042e-01
2.085437625646591187e-01
2.048661410808563232e-01
2.093053758144378662e-01
2.096410244703292847e-01
2.091234028339385986e-01
2.059263437986373901e-01
2.077501118183135986e-01
2.052217423915863037e-01
2.084670215845108032e-01
2.039478123188018799e-01
2.089322656393051147e-01
2.043917626142501831e-01
2.065923511981964111e-01
2.074202895164489746e-01
2.072819769382476807e-01
2.056860625743865967e-01
2.065762281417846680e-01
2.031523287296295166e-01
2.070119827985763550e-01
2.063829004764556885e-01
2.040482461452484131e-01
2.083569318056106567e-01
2.056203633546829224e-01
2.072567939758300781e-01
2.095934003591537476e-01
2.053731530904769897e-01
2.058772891759872437e-01
2.042446434497833252e-01
2.047390192747116089e-01
2.062989771366119385e-01
2.055907994508743286e-01
2.078751027584075928e-01
2.055257856845855713e-01
2.042331546545028687e-01
2.084092348814010620e-01
2.065626829862594604e-01
2.055459469556808472e-01
2.058757841587066650e-01
2.054577320814132690e-01
2.049317210912704468e-01
2.071594446897506714e-01
2.059968113899230957e-01
2.062533199787139893e-01
2.031192332506179810e-01
2.060520499944686890e-01
2.056152522563934326e-01
2.051733136177062988e-01
2.068183273077011108e-01
2.069455981254577637e-01
2.058280557394027710e-01
2.042889297008514404e-01
2.079991102218627930e-01
2.017869204282760620e-01
2.048882544040679932e-01
2.069268673658370972e-01
2.038628011941909790e-01
2.050006985664367676e-01
2.055546939373016357e-01
2.052397131919860840e-01
2.043287903070449829e-01
2.047529518604278564e-01
2.052508443593978882e-01
2.056313604116439819e-01
2.047038376331329346e-01
2.044926881790161133e-01
2.053664475679397583e-01
2.046761661767959595e-01
2.068220674991607666e-01
2.044894844293594360e-01
2.059303373098373413e-01
2.059999257326126099e-01
2.023024857044219971e-01
2.054884582757949829e-01
2.049994319677352905e-01
2.033526748418807983e-01
2.054621428251266479e-01
2.019641399383544922e-01
2.045303583145141602e-01
2.050343304872512817e-01
2.048608362674713135e-01
2.069007605314254761e-01
2.041344642639160156e-01
2.058713883161544800e-01
2.046837657690048218e-01
2.057338953018188477e-01
2.022011727094650269e-01
2.043591290712356567e-01
2.055734694004058838e-01
2.026050835847854614e-01
2.054248899221420288e-01
2.069902122020721436e-01
2.037567496299743652e-01
2.033145725727081299e-01
2.027630954980850220e-01
2.023595273494720459e-01
2.044776380062103271e-01
2.055331021547317505e-01
2.040696889162063599e-01
2.041758149862289429e-01
2.020238637924194336e-01
2.040408551692962646e-01
2.043527513742446899e-01
2.035993933677673340e-01
2.038265317678451538e-01
2.026769220829010010e-01
2.056141644716262817e-01
2.050462365150451660e-01
2.007661908864974976e-01
2.039209604263305664e-01
2.027761191129684448e-01
2.033615112304687500e-01
2.019868344068527222e-01
2.051414102315902710e-01
2.020075619220733643e-01
2.053693532943725586e-01
2.049116045236587524e-01
2.054287791252136230e-01
2.041647136211395264e-01
2.006714791059494019e-01
2.046072185039520264e-01
2.023932933807373047e-01
2.021977603435516357e-01
2.018854469060897827e-01
2.076715081930160522e-01
2.029322683811187744e-01
2.059502154588699341e-01
2.046781182289123535e-01
2.031502127647399902e-01
2.033904939889907837e-01
2.017389833927154541e-01
2.023091167211532593e-01
2.048268169164657593e-01
2.020951062440872192e-01
2.056259661912918091e-01
2.016196548938751221e-01
2.010612785816192627e-01
2.023634016513824463e-01
2.041205763816833496e-01
2.018377333879470825e-01
2.036479115486145020e-01
1.996640264987945557e-01
1.993061006069183350e-01
1.999491602182388306e-01
2.002336084842681885e-01
2.019938379526138306e-01
2.046919912099838257e-01
2.012512236833572388e-01
2.040308564901351929e-01
2.044261097908020020e-01
2.058244645595550537e-01
2.032821178436279297e-01
2.000484913587570190e-01
2.047565728425979614e-01
2.032978087663650513e-01
2.022642046213150024e-01
2.012878805398941040e-01
2.031329125165939331e-01
2.031573504209518433e-01
2.011057585477828979e-01
2.002874016761779785e-01
2.050090283155441284e-01
2.018355727195739746e-01
2.012774795293807983e-01
2.021488994359970093e-01
2.018866688013076782e-01
2.033261209726333618e-01
2.006623297929763794e-01
2.002678066492080688e-01
2.016462981700897217e-01
2.020690590143203735e-01
2.033018618822097778e-01
2.040742933750152588e-01
2.031750977039337158e-01
2.023242115974426270e-01
2.030053287744522095e-01
2.023808360099792480e-01
2.035336792469024658e-01
2.030231654644012451e-01
1.999150514602661133e-01
2.005479931831359863e-01
2.027946561574935913e-01
2.016531229019165039e-01
2.040129154920578003e-01
2.015067487955093384e-01
2.011815756559371948e-01
1.994199454784393311e-01
2.008788287639617920e-01
2.009675055742263794e-01
2.005424797534942627e-01
1.990699470043182373e-01
1.980787813663482666e-01
2.032243460416793823e-01
2.011758536100387573e-01
1.987260580062866211e-01
2.026575654745101929e-01
2.000417709350585938e-01
2.016502469778060913e-01
2.026148885488510132e-01
2.018490582704544067e-01
2.026746571063995361e-01
2.004992067813873291e-01
2.017219662666320801e-01
1.996224522590637207e-01
2.002521306276321411e-01
2.021735459566116333e-01
2.023245096206665039e-01
2.026280611753463745e-01
2.012951225042343140e-01
2.014269977807998657e-01
2.017455846071243286e-01
2.040109187364578247e-01
1.998510658740997314e-01
2.035854011774063110e-01
2.008518576622009277e-01
2.003485262393951416e-01
1.985799372196197510e-01
2.003539651632308960e-01
2.015985995531082153e-01
1.989725679159164429e-01
2.010979056358337402e-01
1.983978897333145142e-01
2.023244798183441162e-01
2.005672752857208252e-01
2.008388340473175049e-01
1.993653327226638794e-01
2.021410316228866577e-01
1.986218988895416260e-01
2.014449983835220337e-01
1.999804824590682983e-01
1.995339989662170410e-01
2.014046460390090942e-01
2.018897235393524170e-01
2.001627534627914429e-01
2.009336203336715698e-01
1.993692368268966675e-01
2.018791586160659790e-01
2.023916989564895630e-01
2.000873535871505737e-01
1.975936442613601685e-01
2.011244148015975952e-01
2.020021378993988037e-01
1.985600739717483521e-01
2.004278600215911865e-01
2.000492960214614868e-01
1.993041634559631348e-01
2.009311765432357788e-01
2.029516249895095825e-01
1.993594765663146973e-01
1.998964250087738037e-01
1.994731873273849487e-01
2.016610950231552124e-01
1.990756988525390625e-01
1.995209157466888428e-01
1.996967643499374390e-01
1.991465389728546143e-01
1.996294558048248291e-01
1.991559565067291260e-01
1.995983719825744629e-01
2.004496902227401733e-01
2.018731683492660522e-01
1.988356262445449829e-01
1.991113275289535522e-01
1.973214745521545410e-01
2.015098482370376587e-01
1.987897008657455444e-01
1.989168673753738403e-01
2.011160403490066528e-01
1.996331363916397095e-01
2.005456387996673584e-01
1.992962807416915894e-01
1.987398117780685425e-01
1.980538368225097656e-01
1.972556114196777344e-01
1.977214962244033813e-01
2.001078724861145020e-01
2.004351466894149780e-01
1.984603703022003174e-01
1.977853029966354370e-01
1.982661336660385132e-01
1.989071816205978394e-01
1.995993256568908691e-01
1.979859620332717896e-01
1.980922669172286987e-01
2.011927217245101929e-01
1.976939588785171509e-01
1.997394710779190063e-01
2.005993723869323730e-01
1.993211209774017334e-01
2.004877775907516479e-01
1.993118077516555786e-01
1.977781802415847778e-01
2.011752575635910034e-01
1.991390883922576904e-01
1.950529813766479492e-01
1.979504674673080444e-01
1.982867270708084106e-01
1.973813027143478394e-01
1.999438405036926270e-01
1.989936232566833496e-01
1.970951557159423828e-01
1.965370476245880127e-01
1.969221681356430054e-01
1.939863115549087524e-01
1.993120163679122925e-01
1.996951997280120850e-01
1.991370022296905518e-01
1.962991952896118164e-01
1.992310583591461182e-01
1.984045803546905518e-01
1.954284459352493286e-01
1.977746933698654175e-01
1.993414163589477539e-01
1.968162655830383301e-01
1.977148056030273438e-01
1.978597044944763184e-01
1.968655288219451904e-01
2.009979188442230225e-01
1.975362449884414673e-01
1.989015340805053711e-01
1.979384422302246094e-01
1.982546597719192505e-01
1.975430548191070557e-01
1.993533819913864136e-01
1.968822330236434937e-01
1.985615938901901245e-01
1.961722970008850098e-01
1.997001618146896362e-01
1.979788392782211304e-01
1.977312862873077393e-01
1.970749050378799438e-01
1.969940513372421265e-01
1.989330649375915527e-01
1.960659474134445190e-01
1.976830810308456421e-01
1.964673697948455811e-01
1.961503177881240845e-01
1.970629543066024780e-01
2.005692422389984131e-01
1.957415193319320679e-01
1.981429904699325562e-01
1.976571828126907349e-01
1.949410289525985718e-01
1.956844180822372437e-01
1.980984061956405640e-01
1.943448930978775024e-01
1.963176429271697998e-01
1.976963728666305542e-01
1.976232677698135376e-01
