1.250822715163230958e+00
9.653245663642883168e-01
8.576239585876465066e-01
7.984127837419510154e-01
7.422015720605850131e-01
7.315866327285767134e-01
7.061929821968078169e-01
6.671573531627654763e-01
6.481345659494399669e-01
6.441922158002852949e-01
6.441956421732902838e-01
6.331394118070602373e-01
6.422153764963149936e-01
6.314179646968841597e-01
5.742417684197426153e-01
5.859828147292137634e-01
5.763603696227073137e-01
5.744966197013855469e-01
5.854825377464294434e-01
5.868234655261039823e-01
5.924601137638092485e-01
5.293117067217827376e-01
5.298375663161277727e-01
5.349257332086563288e-01
5.335484668612480164e-01
5.369501665234566179e-01
5.373621052503585460e-01
5.388256034255027860e-01
4.856320428848266424e-01
4.874272730946540566e-01
4.855473366379737810e-01
4.910668689012527288e-01
4.978635397553443642e-01
4.991442495584487715e-01
4.965143290162086220e-01
4.606285595893859774e-01
4.561423724889755449e-01
4.648708790540695412e-01
4.615229281783104209e-01
4.604080620408058100e-01
4.684758380055427662e-01
4.712314742803573875e-01
4.311773428320884727e-01
4.344688469171524292e-01
4.375513863563537664e-01
4.380582752823829473e-01
4.426604804396629400e-01
4.488524192571640148e-01
4.482672879099846019e-01
4.205963799357414490e-01
4.228566902875900424e-01
4.235019052028656250e-01
4.251211243867873968e-01
4.305206704139709628e-01
4.320063644647598178e-01
4.329317834973335222e-01
4.120957669615745722e-01
4.089686095714569203e-01
4.108494886755943432e-01
4.157322293519973844e-01
4.153006675839424067e-01
4.183794698119163713e-01
4.265704739093780784e-01
4.058469039201736406e-01
4.095500817894935364e-01
4.061349076032638727e-01
4.097053089737892062e-01
4.091797652840614141e-01
4.177757304906845048e-01
4.128656449913978843e-01
4.027951425313949785e-01
4.006015333533287093e-01
4.016810283064842224e-01
4.040605941414833202e-01
4.096105280518531622e-01
4.106968951225280495e-01
4.076855725049972623e-01
3.967700019478798135e-01
4.017579656839370683e-01
4.005889827013015547e-01
4.006744733452796692e-01
3.970771804451942444e-01
4.059622958302497864e-01
4.020100936293601879e-01
2.580359139293432191e-01
2.985166213661432089e-01
2.663216208666562834e-01
2.092675736919045459e-01
1.804832589626312322e-01
1.704277481883764156e-01
1.649228904768824666e-01
7.276753405109047390e-02
7.108694403432309905e-02
8.493976367637515179e-02
7.621961538214236387e-02
7.453510355204344406e-02
8.769823752343654244e-02
7.881171332672237684e-02
6.151657035574317062e-02
6.007681028917431776e-02
6.716897259466350634e-02
6.696683640591799547e-02
7.266333920415490866e-02
7.730359114706515655e-02
6.790296639315783478e-02
