9.694808125495910645e-01
9.584023356437683105e-01
9.491294622421264648e-01
9.378908276557922363e-01
9.272997379302978516e-01
9.147340059280395508e-01
9.008677601814270020e-01
8.865450620651245117e-01
8.690136075019836426e-01
8.500548601150512695e-01
8.301083445549011230e-01
8.051807880401611328e-01
7.781815528869628906e-01
7.557312846183776855e-01
7.298697829246520996e-01
7.038324475288391113e-01
6.681333184242248535e-01
6.359785199165344238e-01
6.028540730476379395e-01
5.855153203010559082e-01
5.607265233993530273e-01
5.441550016403198242e-01
5.309426784515380859e-01
5.287061333656311035e-01
5.327189564704895020e-01
5.550662279129028320e-01
5.466951727867126465e-01
5.426235198974609375e-01
5.191677212715148926e-01
5.224741697311401367e-01
5.066393613815307617e-01
4.936016798019409180e-01
4.878278076648712158e-01
4.832810461521148682e-01
4.739623367786407471e-01
4.782344698905944824e-01
4.835292398929595947e-01
4.815947711467742920e-01
4.711878597736358643e-01
4.654174745082855225e-01
4.644266366958618164e-01
4.655284583568572998e-01
4.487428367137908936e-01
4.458558559417724609e-01
4.502590000629425049e-01
4.414000809192657471e-01
4.467490613460540771e-01
4.415372908115386963e-01
4.379152059555053711e-01
4.327425956726074219e-01
4.352414906024932861e-01
4.302794039249420166e-01
4.246263504028320312e-01
4.258616864681243896e-01
4.324505925178527832e-01
4.182186424732208252e-01
4.152461290359497070e-01
4.188374280929565430e-01
4.147573411464691162e-01
4.119084179401397705e-01
4.191426634788513184e-01
4.056835770606994629e-01
4.051947891712188721e-01
4.035027325153350830e-01
4.023713171482086182e-01
4.318274259567260742e-01
4.006664454936981201e-01
3.988728821277618408e-01
3.959403336048126221e-01
3.984160423278808594e-01
3.986944556236267090e-01
3.985454440116882324e-01
3.926161825656890869e-01
3.913697004318237305e-01
3.903194367885589600e-01
3.830969035625457764e-01
3.809778988361358643e-01
3.807403147220611572e-01
3.851706385612487793e-01
3.792189955711364746e-01
3.814989924430847168e-01
3.777243196964263916e-01
3.816580772399902344e-01
3.760037422180175781e-01
3.747588098049163818e-01
3.698157072067260742e-01
3.724326193332672119e-01
3.708583712577819824e-01
3.657169938087463379e-01
3.649403154850006104e-01
3.686537742614746094e-01
3.665735125541687012e-01
3.637450933456420898e-01
3.611777722835540771e-01
3.632761836051940918e-01
3.587552607059478760e-01
3.646978735923767090e-01
3.557621836662292480e-01
3.612479567527770996e-01
3.562637567520141602e-01
3.575966358184814453e-01
3.585801124572753906e-01
3.533169031143188477e-01
3.536754250526428223e-01
3.569331169128417969e-01
3.498113751411437988e-01
3.574894964694976807e-01
3.467225134372711182e-01
3.510841131210327148e-01
3.510851562023162842e-01
3.473096787929534912e-01
3.464360237121582031e-01
3.435013890266418457e-01
3.496555685997009277e-01
3.446327149868011475e-01
3.438899219036102295e-01
3.479399681091308594e-01
3.446708321571350098e-01
3.393585085868835449e-01
3.435972332954406738e-01
3.421994149684906006e-01
3.413633108139038086e-01
3.377359807491302490e-01
3.352041244506835938e-01
3.418639004230499268e-01
3.358818590641021729e-01
3.381723165512084961e-01
3.354567289352416992e-01
3.355406820774078369e-01
3.387481868267059326e-01
3.335160017013549805e-01
3.376339972019195557e-01
3.306673169136047363e-01
3.293030858039855957e-01
3.296976685523986816e-01
3.310369253158569336e-01
3.257985711097717285e-01
3.319337069988250732e-01
3.255610466003417969e-01
3.271906375885009766e-01
3.324251174926757812e-01
3.283897340297698975e-01
3.285182416439056396e-01
3.240716457366943359e-01
3.262530863285064697e-01
3.240006864070892334e-01
3.219763040542602539e-01
3.237909078598022461e-01
3.217909634113311768e-01
3.217994570732116699e-01
3.187889456748962402e-01
3.156856894493103027e-01
3.240750730037689209e-01
3.171612918376922607e-01
3.220847547054290771e-01
3.217882513999938965e-01
3.215800523757934570e-01
3.177713155746459961e-01
3.193127214908599854e-01
3.169814348220825195e-01
3.171453177928924561e-01
3.142381608486175537e-01
3.131530880928039551e-01
3.135903179645538330e-01
3.106868267059326172e-01
3.114110231399536133e-01
3.064155280590057373e-01
3.138584196567535400e-01
3.123063445091247559e-01
3.059086799621582031e-01
3.123077750205993652e-01
3.099439740180969238e-01
3.100732862949371338e-01
3.055547177791595459e-01
3.090898990631103516e-01
3.055081367492675781e-01
3.056550025939941406e-01
3.045089542865753174e-01
3.025656044483184814e-01
3.025191724300384521e-01
3.040262460708618164e-01
3.066183328628540039e-01
3.049444556236267090e-01
3.034856617450714111e-01
3.001277148723602295e-01
3.008759617805480957e-01
2.987138628959655762e-01
3.003467619419097900e-01
2.974910140037536621e-01
3.007876276969909668e-01
2.998605072498321533e-01
3.006855249404907227e-01
2.995681166648864746e-01
2.994059324264526367e-01
2.991029620170593262e-01
2.967265844345092773e-01
2.996397316455841064e-01
2.957159280776977539e-01
2.991221547126770020e-01
2.966398000717163086e-01
2.931179404258728027e-01
2.939690649509429932e-01
2.928763628005981445e-01
2.908056676387786865e-01
2.900830209255218506e-01
2.910460531711578369e-01
2.931663095951080322e-01
2.869627177715301514e-01
2.934491634368896484e-01
2.899600565433502197e-01
2.908290624618530273e-01
2.932682037353515625e-01
2.923668026924133301e-01
2.885868847370147705e-01
2.869772315025329590e-01
2.857287824153900146e-01
2.888221144676208496e-01
2.880123257637023926e-01
2.875493168830871582e-01
2.887796759605407715e-01
2.848481237888336182e-01
2.852155268192291260e-01
2.857149839401245117e-01
2.866864204406738281e-01
2.873761951923370361e-01
2.877820730209350586e-01
2.825939655303955078e-01
2.838414907455444336e-01
2.873068749904632568e-01
2.855741083621978760e-01
2.795112431049346924e-01
2.818516492843627930e-01
2.825363576412200928e-01
2.812753319740295410e-01
2.810888588428497314e-01
2.810822725296020508e-01
2.766517102718353271e-01
2.804551124572753906e-01
2.810654342174530029e-01
2.777915596961975098e-01
2.808849811553955078e-01
2.759765982627868652e-01
2.753756940364837646e-01
2.758437693119049072e-01
2.777861654758453369e-01
2.789706289768218994e-01
2.726032435894012451e-01
2.754033803939819336e-01
2.745556235313415527e-01
2.774003148078918457e-01
2.763273119926452637e-01
2.744815945625305176e-01
2.747879624366760254e-01
2.701874077320098877e-01
2.719266414642333984e-01
2.733761370182037354e-01
2.763225734233856201e-01
2.701026201248168945e-01
2.736825644969940186e-01
2.693796157836914062e-01
2.721142470836639404e-01
2.692852318286895752e-01
2.707513868808746338e-01
2.713519930839538574e-01
2.677234411239624023e-01
2.693758904933929443e-01
2.677625119686126709e-01
2.705799043178558350e-01
2.697628438472747803e-01
2.705283164978027344e-01
2.695887088775634766e-01
2.645169496536254883e-01
2.679044008255004883e-01
2.632363438606262207e-01
2.671416997909545898e-01
2.665931880474090576e-01
2.640411257743835449e-01
2.676060199737548828e-01
2.660985291004180908e-01
2.646514475345611572e-01
2.633650600910186768e-01
2.616156935691833496e-01
2.744174003601074219e-01
2.673339247703552246e-01
2.646097242832183838e-01
2.637890577316284180e-01
2.618725895881652832e-01
2.634269595146179199e-01
2.596728503704071045e-01
2.630377709865570068e-01
2.610825598239898682e-01
2.608466446399688721e-01
2.625288665294647217e-01
2.587447166442871094e-01
2.594064474105834961e-01
2.593997716903686523e-01
2.585951089859008789e-01
2.563766837120056152e-01
2.580503821372985840e-01
2.609970271587371826e-01
2.570112943649291992e-01
2.585008442401885986e-01
2.589678764343261719e-01
2.560946941375732422e-01
2.598474323749542236e-01
2.556892335414886475e-01
2.581029236316680908e-01
2.549741566181182861e-01
2.595911920070648193e-01
2.546129822731018066e-01
2.560459673404693604e-01
2.512762844562530518e-01
2.566009163856506348e-01
2.530542016029357910e-01
2.549369633197784424e-01
2.552540302276611328e-01
2.559397220611572266e-01
2.548913061618804932e-01
2.577940225601196289e-01
2.530944645404815674e-01
2.521170079708099365e-01
2.525678277015686035e-01
2.514213621616363525e-01
2.510675489902496338e-01
2.517731785774230957e-01
2.494679540395736694e-01
2.468539923429489136e-01
2.509872317314147949e-01
2.489576935768127441e-01
2.512542605400085449e-01
2.480120211839675903e-01
2.548959553241729736e-01
2.466478198766708374e-01
2.467981874942779541e-01
2.498180121183395386e-01
2.475046217441558838e-01
2.505135238170623779e-01
2.505728006362915039e-01
2.485612034797668457e-01
2.469170242547988892e-01
2.474263310432434082e-01
2.462292164564132690e-01
2.458712309598922729e-01
2.477320581674575806e-01
2.462404966354370117e-01
2.460139244794845581e-01
2.469459027051925659e-01
2.491979449987411499e-01
2.442450821399688721e-01
2.455105483531951904e-01
2.463916838169097900e-01
2.466409057378768921e-01
2.463055104017257690e-01
2.436194419860839844e-01
2.449368983507156372e-01
2.446522712707519531e-01
2.418478131294250488e-01
2.434931397438049316e-01
2.454141974449157715e-01
2.447448372840881348e-01
2.445235252380371094e-01
2.446092367172241211e-01
2.432461827993392944e-01
2.428008317947387695e-01
2.421184331178665161e-01
2.412190139293670654e-01
2.436462491750717163e-01
2.385401725769042969e-01
2.442154884338378906e-01
2.425619065761566162e-01
2.386225610971450806e-01
2.425669729709625244e-01
2.407582998275756836e-01
2.414603084325790405e-01
2.401859462261199951e-01
2.405412495136260986e-01
2.402238398790359497e-01
2.428465187549591064e-01
2.386256158351898193e-01
2.407357543706893921e-01
2.407900691032409668e-01
2.366555482149124146e-01
2.403392642736434937e-01
2.410021126270294189e-01
2.385971546173095703e-01
2.405007928609848022e-01
2.404614537954330444e-01
2.379141747951507568e-01
2.414232194423675537e-01
2.379122078418731689e-01
2.356408536434173584e-01
2.393414229154586792e-01
2.396021336317062378e-01
2.370137274265289307e-01
2.392322868108749390e-01
2.379544228315353394e-01
2.375672161579132080e-01
2.355001121759414673e-01
2.353779673576354980e-01
2.382878661155700684e-01
2.376682758331298828e-01
2.366066128015518188e-01
2.339952439069747925e-01
2.334990799427032471e-01
2.369504421949386597e-01
2.364891618490219116e-01
2.348893731832504272e-01
2.353341430425643921e-01
2.378824055194854736e-01
2.344041615724563599e-01
2.372939437627792358e-01
2.360069751739501953e-01
2.338869422674179077e-01
2.366370558738708496e-01
2.373667061328887939e-01
2.335929721593856812e-01
2.350436300039291382e-01
2.345411777496337891e-01
2.344645857810974121e-01
2.366499006748199463e-01
2.329052984714508057e-01
2.336990684270858765e-01
2.344073355197906494e-01
2.305180728435516357e-01
2.327594012022018433e-01
2.367020249366760254e-01
2.326501607894897461e-01
2.337958067655563354e-01
2.321795076131820679e-01
2.317914068698883057e-01
2.356187701225280762e-01
2.322204262018203735e-01
2.323284000158309937e-01
2.351887375116348267e-01
2.313068807125091553e-01
2.331623882055282593e-01
2.313465476036071777e-01
2.337324023246765137e-01
2.296006679534912109e-01
2.321193516254425049e-01
2.336247265338897705e-01
2.300292402505874634e-01
2.302727103233337402e-01
2.303638756275177002e-01
2.309826314449310303e-01
2.339015305042266846e-01
2.305545210838317871e-01
2.326447367668151855e-01
2.299237251281738281e-01
2.298498749732971191e-01
2.300564646720886230e-01
2.290176004171371460e-01
2.314551472663879395e-01
2.297433167695999146e-01
2.325869202613830566e-01
2.317307144403457642e-01
2.300361394882202148e-01
2.296130508184432983e-01
2.286668866872787476e-01
2.302935570478439331e-01
2.281503081321716309e-01
2.297863960266113281e-01
2.279110699892044067e-01
2.277483493089675903e-01
2.277491092681884766e-01
2.298240065574645996e-01
2.280758470296859741e-01
2.300834953784942627e-01
2.295818179845809937e-01
2.284377217292785645e-01
2.294877916574478149e-01
2.309092879295349121e-01
2.294862568378448486e-01
2.274216413497924805e-01
2.273294627666473389e-01
2.304437607526779175e-01
2.264231294393539429e-01
2.274330258369445801e-01
2.273343205451965332e-01
2.262374758720397949e-01
2.257297486066818237e-01
2.295652776956558228e-01
2.272926568984985352e-01
2.289807945489883423e-01
2.279077172279357910e-01
2.274665087461471558e-01
2.231996208429336548e-01
2.283994257450103760e-01
2.244053781032562256e-01
2.274431437253952026e-01
2.258743941783905029e-01
2.252459675073623657e-01
2.291146814823150635e-01
2.256553620100021362e-01
2.225251048803329468e-01
2.251201570034027100e-01
2.248941808938980103e-01
2.241798937320709229e-01
2.251410633325576782e-01
2.222892493009567261e-01
2.224261164665222168e-01
2.242732197046279907e-01
2.234261631965637207e-01
2.257895171642303467e-01
2.220471352338790894e-01
2.242808938026428223e-01
2.262439578771591187e-01
2.240562885999679565e-01
2.210586965084075928e-01
2.239320427179336548e-01
2.256846427917480469e-01
2.236082404851913452e-01
2.214045077562332153e-01
2.246478199958801270e-01
2.210496962070465088e-01
2.221467643976211548e-01
2.224998027086257935e-01
2.262669652700424194e-01
2.190856784582138062e-01
2.214124202728271484e-01
2.239751368761062622e-01
2.222443073987960815e-01
2.257668673992156982e-01
2.198797464370727539e-01
2.214756458997726440e-01
2.232423275709152222e-01
2.220383584499359131e-01
2.207454442977905273e-01
2.260676473379135132e-01
2.208929955959320068e-01
2.214824110269546509e-01
2.230342328548431396e-01
2.229990065097808838e-01
2.211752086877822876e-01
2.202883213758468628e-01
2.211845070123672485e-01
2.208356559276580811e-01
2.255033254623413086e-01
2.199103832244873047e-01
2.189836353063583374e-01
2.203683853149414062e-01
2.215192914009094238e-01
2.183282822370529175e-01
2.243294417858123779e-01
2.207017391920089722e-01
2.192824631929397583e-01
2.215400487184524536e-01
2.190895974636077881e-01
2.182447165250778198e-01
2.189803123474121094e-01
2.195116877555847168e-01
2.182999104261398315e-01
2.197080254554748535e-01
2.183936834335327148e-01
2.182032465934753418e-01
2.200588434934616089e-01
2.220904976129531860e-01
2.177959978580474854e-01
2.200353592634201050e-01
2.212044745683670044e-01
2.189492732286453247e-01
2.199919074773788452e-01
2.186267971992492676e-01
2.215390354394912720e-01
2.190432697534561157e-01
2.182027250528335571e-01
2.177311927080154419e-01
2.191203236579895020e-01
2.207777649164199829e-01
2.181810438632965088e-01
2.200484573841094971e-01
2.207076698541641235e-01
2.196026146411895752e-01
2.211071997880935669e-01
2.189906835556030273e-01
2.158248871564865112e-01
2.169754356145858765e-01
2.140678018331527710e-01
2.161141037940979004e-01
2.162887305021286011e-01
2.160196155309677124e-01
2.188071608543395996e-01
2.159692943096160889e-01
2.170567512512207031e-01
2.173534035682678223e-01
2.166440784931182861e-01
2.152247726917266846e-01
2.190157771110534668e-01
2.165801078081130981e-01
2.163791060447692871e-01
2.190185487270355225e-01
2.168224304914474487e-01
2.172954082489013672e-01
2.138922810554504395e-01
2.155594974756240845e-01
2.156301736831665039e-01
2.145495116710662842e-01
2.171056419610977173e-01
2.180265486240386963e-01
2.198439538478851318e-01
2.158458679914474487e-01
2.147426754236221313e-01
2.158823907375335693e-01
2.124071270227432251e-01
2.164884954690933228e-01
2.156854122877120972e-01
2.151594609022140503e-01
2.147591710090637207e-01
2.175339609384536743e-01
2.163821607828140259e-01
2.168472409248352051e-01
2.147555202245712280e-01
2.142546623945236206e-01
2.147953063249588013e-01
2.151402533054351807e-01
2.145121395587921143e-01
2.131287604570388794e-01
2.123331278562545776e-01
2.127222120761871338e-01
2.158729732036590576e-01
2.136856764554977417e-01
2.152514755725860596e-01
2.145145088434219360e-01
2.136547714471817017e-01
2.135137021541595459e-01
2.150513380765914917e-01
2.129931747913360596e-01
2.139422297477722168e-01
2.130817919969558716e-01
2.115546166896820068e-01
2.120821028947830200e-01
2.151179015636444092e-01
2.162215113639831543e-01
2.140398919582366943e-01
2.137836217880249023e-01
2.121797502040863037e-01
2.137125283479690552e-01
2.147761881351470947e-01
2.139502316713333130e-01
2.152609974145889282e-01
2.093185484409332275e-01
2.131952643394470215e-01
2.137776762247085571e-01
2.114064097404479980e-01
2.153952717781066895e-01
2.145671844482421875e-01
2.111992537975311279e-01
2.114561647176742554e-01
2.124589830636978149e-01
2.105788439512252808e-01
2.133882492780685425e-01
2.119729220867156982e-01
2.102776020765304565e-01
2.141649872064590454e-01
2.102207392454147339e-01
2.126508653163909912e-01
2.105137854814529419e-01
2.123092263936996460e-01
2.118809819221496582e-01
2.125265598297119141e-01
2.111433744430541992e-01
2.111834734678268433e-01
2.103733420372009277e-01
2.111982405185699463e-01
2.110700011253356934e-01
2.095301151275634766e-01
2.113112956285476685e-01
2.089067697525024414e-01
2.115331292152404785e-01
2.104579806327819824e-01
2.107020467519760132e-01
2.099143713712692261e-01
2.101214677095413208e-01
2.092873305082321167e-01
2.110497504472732544e-01
2.107292860746383667e-01
2.110622376203536987e-01
2.112689465284347534e-01
2.085184156894683838e-01
2.113168388605117798e-01
2.128726392984390259e-01
2.090690881013870239e-01
2.100334465503692627e-01
2.128521353006362915e-01
2.094068974256515503e-01
2.092627882957458496e-01
2.103433310985565186e-01
2.106251120567321777e-01
2.107933014631271362e-01
2.111966907978057861e-01
2.098761200904846191e-01
2.071875780820846558e-01
2.104473263025283813e-01
2.104832082986831665e-01
2.083168774843215942e-01
2.074271142482757568e-01
2.077148109674453735e-01
2.114718258380889893e-01
2.126433402299880981e-01
2.079417407512664795e-01
2.080690115690231323e-01
2.075909972190856934e-01
2.082232981920242310e-01
2.093008607625961304e-01
2.093452513217926025e-01
2.076889574527740479e-01
2.088804692029953003e-01
2.095119804143905640e-01
2.096648216247558594e-01
2.053250223398208618e-01
2.097811996936798096e-01
2.096312791109085083e-01
2.076471596956253052e-01
2.083443850278854370e-01
2.087855488061904907e-01
2.062728703022003174e-01
2.041850984096527100e-01
2.070832401514053345e-01
2.098001986742019653e-01
2.103026211261749268e-01
2.093810737133026123e-01
2.087053358554840088e-01
2.088135480880737305e-01
2.081475555896759033e-01
2.063803672790527344e-01
2.099781930446624756e-01
2.092006802558898926e-01
2.046864032745361328e-01
2.043616473674774170e-01
2.061645239591598511e-01
2.061764746904373169e-01
2.054654359817504883e-01
2.062748074531555176e-01
2.065948992967605591e-01
2.097440510988235474e-01
2.061018496751785278e-01
2.068580985069274902e-01
2.075179368257522583e-01
2.059929519891738892e-01
2.068037092685699463e-01
2.067038714885711670e-01
2.048985362052917480e-01
2.081698626279830933e-01
2.044000178575515747e-01
2.063369005918502808e-01
2.072325944900512695e-01
2.077411711215972900e-01
2.077479362487792969e-01
2.036687135696411133e-01
2.060652524232864380e-01
2.046484351158142090e-01
2.046191990375518799e-01
2.047575265169143677e-01
2.055647522211074829e-01
2.048687338829040527e-01
2.052889913320541382e-01
2.053159177303314209e-01
2.044538110494613647e-01
2.052990943193435669e-01
2.032997906208038330e-01
2.062842547893524170e-01
2.052650004625320435e-01
2.056379318237304688e-01
2.043511122465133667e-01
2.028557956218719482e-01
2.035418748855590820e-01
2.036266624927520752e-01
2.041734308004379272e-01
2.031182348728179932e-01
2.033428102731704712e-01
2.018199414014816284e-01
2.050184905529022217e-01
2.026979178190231323e-01
2.048551887273788452e-01
2.024060338735580444e-01
2.018933594226837158e-01
2.051466554403305054e-01
2.006672620773315430e-01
2.028180062770843506e-01
2.011625468730926514e-01
2.058034837245941162e-01
2.043105065822601318e-01
2.022373229265213013e-01
2.031287848949432373e-01
2.029728740453720093e-01
2.033871114253997803e-01
2.025664299726486206e-01
2.075837552547454834e-01
2.023173868656158447e-01
2.018089592456817627e-01
2.024147361516952515e-01
2.018850296735763550e-01
2.047594487667083740e-01
2.041148543357849121e-01
2.014155387878417969e-01
2.024427652359008789e-01
2.028417736291885376e-01
2.062911987304687500e-01
2.011362761259078979e-01
2.005075812339782715e-01
2.039735168218612671e-01
2.037870585918426514e-01
2.023135870695114136e-01
2.033325135707855225e-01
2.022997438907623291e-01
2.017198950052261353e-01
2.034539878368377686e-01
2.024113982915878296e-01
2.034602612257003784e-01
2.025222927331924438e-01
2.016567140817642212e-01
2.021653503179550171e-01
2.018142789602279663e-01
1.975498348474502563e-01
2.032192051410675049e-01
2.033324539661407471e-01
2.008619308471679688e-01
2.017873227596282959e-01
2.060188204050064087e-01
2.007342875003814697e-01
2.002514600753784180e-01
2.015548944473266602e-01
2.001967430114746094e-01
1.992994844913482666e-01
2.019607126712799072e-01
2.018618583679199219e-01
2.017384767532348633e-01
2.000107318162918091e-01
2.017960846424102783e-01
2.028742581605911255e-01
2.015695273876190186e-01
2.003648281097412109e-01
2.013515532016754150e-01
2.020321935415267944e-01
2.004863023757934570e-01
2.003681659698486328e-01
1.998447775840759277e-01
1.994698196649551392e-01
2.008909881114959717e-01
2.000648379325866699e-01
2.004236727952957153e-01
2.002755254507064819e-01
2.006821930408477783e-01
2.006534337997436523e-01
1.995331645011901855e-01
1.992696374654769897e-01
1.989932358264923096e-01
2.014889866113662720e-01
2.016334831714630127e-01
1.996715217828750610e-01
2.014603316783905029e-01
1.992485076189041138e-01
1.990447789430618286e-01
1.964667588472366333e-01
1.974559873342514038e-01
1.986247748136520386e-01
1.993318051099777222e-01
1.996174603700637817e-01
1.990900784730911255e-01
1.971889734268188477e-01
1.993153244256973267e-01
1.990644186735153198e-01
2.010148465633392334e-01
2.008283585309982300e-01
1.969910711050033569e-01
1.970901042222976685e-01
1.978874206542968750e-01
1.975840032100677490e-01
1.967454850673675537e-01
1.975601464509963989e-01
1.985526382923126221e-01
2.014826238155364990e-01
1.970268338918685913e-01
1.981692016124725342e-01
1.987965553998947144e-01
1.964206099510192871e-01
1.984026879072189331e-01
1.991385519504547119e-01
1.984073668718338013e-01
1.996306478977203369e-01
1.959182024002075195e-01
1.976951509714126587e-01
1.995813101530075073e-01
1.958052217960357666e-01
1.975747942924499512e-01
1.959417611360549927e-01
1.997977346181869507e-01
1.982571333646774292e-01
1.975610554218292236e-01
1.966446489095687866e-01
1.983744353055953979e-01
1.978173106908798218e-01
1.986761838197708130e-01
1.992186754941940308e-01
1.948835551738739014e-01
1.955421715974807739e-01
1.969202607870101929e-01
1.964401304721832275e-01
1.999216228723526001e-01
1.950765699148178101e-01
1.964241415262222290e-01
1.937850862741470337e-01
1.968122571706771851e-01
1.956383883953094482e-01
1.960598826408386230e-01
1.964125186204910278e-01
2.003687620162963867e-01
1.987939029932022095e-01
1.975543349981307983e-01
1.981973201036453247e-01
1.957056820392608643e-01
1.971749067306518555e-01
1.947804540395736694e-01
1.982432007789611816e-01
1.945883780717849731e-01
1.956008225679397583e-01
1.966426223516464233e-01
1.958325058221817017e-01
1.964257061481475830e-01
1.950929313898086548e-01
1.946579217910766602e-01
1.967277675867080688e-01
1.947211027145385742e-01
1.939515024423599243e-01
1.929936259984970093e-01
1.971821486949920654e-01
1.958603858947753906e-01
1.942563652992248535e-01
1.941391974687576294e-01
1.948305070400238037e-01
1.955107003450393677e-01
1.966563612222671509e-01
1.961448490619659424e-01
1.947551071643829346e-01
1.954065561294555664e-01
1.963635534048080444e-01
1.956387311220169067e-01
1.980408430099487305e-01
1.931237131357192993e-01
1.928190141916275024e-01
1.957107633352279663e-01
1.954766958951950073e-01
1.924030035734176636e-01
1.958906948566436768e-01
1.962565183639526367e-01
1.932617276906967163e-01
1.947232484817504883e-01
1.961050927639007568e-01
1.941468566656112671e-01
1.948510855436325073e-01
1.929300576448440552e-01
1.937403529882431030e-01
1.941516101360321045e-01
1.965047121047973633e-01
1.935073733329772949e-01
1.956142187118530273e-01
1.944399178028106689e-01
1.937958449125289917e-01
1.956616789102554321e-01
1.935983747243881226e-01
1.954524070024490356e-01
1.945389658212661743e-01
1.926560699939727783e-01
1.924994587898254395e-01
1.931115984916687012e-01
1.936690956354141235e-01
1.936711817979812622e-01
1.932421773672103882e-01
1.925046592950820923e-01
1.940513402223587036e-01
1.961231976747512817e-01
1.908836364746093750e-01
1.924990117549896240e-01
1.940901428461074829e-01
1.896060556173324585e-01
1.917088478803634644e-01
1.943605244159698486e-01
1.959669888019561768e-01
1.925950795412063599e-01
1.948312073945999146e-01
1.938650459051132202e-01
1.922447383403778076e-01
1.931578069925308228e-01
1.933236867189407349e-01
1.926430463790893555e-01
1.944466531276702881e-01
1.917116940021514893e-01
1.931045651435852051e-01
1.933044642210006714e-01
1.942225992679595947e-01
1.931034475564956665e-01
1.941166520118713379e-01
1.931443363428115845e-01
1.923672258853912354e-01
1.921404600143432617e-01
1.934609711170196533e-01
1.912446022033691406e-01
1.945690214633941650e-01
1.915700584650039673e-01
1.918098926544189453e-01
2.094084620475769043e-01
2.079527825117111206e-01
2.109985351562500000e-01
2.071469575166702271e-01
2.091749310493469238e-01
2.080592364072799683e-01
2.081782072782516479e-01
2.102867215871810913e-01
2.081767767667770386e-01
2.100458145141601562e-01
2.082750797271728516e-01
2.120377272367477417e-01
2.092115432024002075e-01
2.085200101137161255e-01
2.068532705307006836e-01
2.079733014106750488e-01
2.055983394384384155e-01
2.089794427156448364e-01
2.075287550687789917e-01
2.086559236049652100e-01
2.077320665121078491e-01
2.063169479370117188e-01
2.098255902528762817e-01
2.071665823459625244e-01
2.059818357229232788e-01
2.069611549377441406e-01
2.069464921951293945e-01
2.069792300462722778e-01
2.076856642961502075e-01
2.080594450235366821e-01
2.095647752285003662e-01
2.061596959829330444e-01
2.081062495708465576e-01
2.080200016498565674e-01
2.072398662567138672e-01
2.055150717496871948e-01
2.067538946866989136e-01
2.056984752416610718e-01
2.086135149002075195e-01
2.055092453956604004e-01
2.060684710741043091e-01
2.069598883390426636e-01
2.071174234151840210e-01
2.071953415870666504e-01
2.081909924745559692e-01
2.069632858037948608e-01
2.072539478540420532e-01
2.064838409423828125e-01
2.087153792381286621e-01
2.087162137031555176e-01
2.099452614784240723e-01
2.056008577346801758e-01
2.066819816827774048e-01
2.066646069288253784e-01
2.095218896865844727e-01
2.084718346595764160e-01
2.049631476402282715e-01
2.092209756374359131e-01
2.088869363069534302e-01
2.062593996524810791e-01
2.052430063486099243e-01
2.042078375816345215e-01
2.082801163196563721e-01
2.076532542705535889e-01
2.054680883884429932e-01
2.059445977210998535e-01
2.086126208305358887e-01
2.061585634946823120e-01
2.044569700956344604e-01
2.055087387561798096e-01
2.062205225229263306e-01
2.087876349687576294e-01
2.055865973234176636e-01
2.050854861736297607e-01
2.034382224082946777e-01
2.043907940387725830e-01
2.065794318914413452e-01
2.063039094209671021e-01
2.041824758052825928e-01
2.060467302799224854e-01
2.049871683120727539e-01
2.047000974416732788e-01
2.056929171085357666e-01
2.062230110168457031e-01
2.051120698451995850e-01
2.034717798233032227e-01
2.041714042425155640e-01
2.045086175203323364e-01
2.059305310249328613e-01
2.056516408920288086e-01
2.047801911830902100e-01
2.060777544975280762e-01
2.066103667020797729e-01
2.055279612541198730e-01
2.060981243848800659e-01
2.070601135492324829e-01
2.026620060205459595e-01
2.050611376762390137e-01
2.035039216279983521e-01
2.034430950880050659e-01
2.035516500473022461e-01
2.021169960498809814e-01
2.032491415739059448e-01
2.046166211366653442e-01
2.030389159917831421e-01
2.054219990968704224e-01
2.054411172866821289e-01
2.003941237926483154e-01
2.052510231733322144e-01
2.046971619129180908e-01
2.054263055324554443e-01
2.058406770229339600e-01
2.063543498516082764e-01
2.043704390525817871e-01
2.029998600482940674e-01
2.035832256078720093e-01
2.039002180099487305e-01
2.043073475360870361e-01
2.037080377340316772e-01
2.024904787540435791e-01
2.044987827539443970e-01
2.042156308889389038e-01
2.050867527723312378e-01
2.030060887336730957e-01
2.049478292465209961e-01
2.039594054222106934e-01
2.045757919549942017e-01
2.048504650592803955e-01
2.005894035100936890e-01
2.038418203592300415e-01
2.006828635931015015e-01
2.026500999927520752e-01
2.029260694980621338e-01
2.029937356710433960e-01
2.017379850149154663e-01
2.054779529571533203e-01
2.053125351667404175e-01
2.042772918939590454e-01
2.042003571987152100e-01
2.034128159284591675e-01
2.032730877399444580e-01
2.015348672866821289e-01
2.044728398323059082e-01
2.023460119962692261e-01
2.017594575881958008e-01
2.027771621942520142e-01
2.013509869575500488e-01
1.993938833475112915e-01
2.038464844226837158e-01
2.025399655103683472e-01
2.033237516880035400e-01
2.022545933723449707e-01
2.033329308032989502e-01
2.013394385576248169e-01
2.022109478712081909e-01
2.044095993041992188e-01
2.019897252321243286e-01
2.022547125816345215e-01
2.028681188821792603e-01
2.020471990108489990e-01
2.016126215457916260e-01
2.010142803192138672e-01
2.039046436548233032e-01
2.031820714473724365e-01
2.025456726551055908e-01
2.038180083036422729e-01
2.024948000907897949e-01
1.988253891468048096e-01
2.029886394739151001e-01
1.995487064123153687e-01
2.015389949083328247e-01
2.044831067323684692e-01
2.051212340593338013e-01
2.053181082010269165e-01
1.994468271732330322e-01
2.021600604057312012e-01
2.018453925848007202e-01
2.011593729257583618e-01
2.049424648284912109e-01
2.016520053148269653e-01
2.014799267053604126e-01
1.983386725187301636e-01
2.005658745765686035e-01
1.982251256704330444e-01
2.009610235691070557e-01
2.019969671964645386e-01
2.034952640533447266e-01
2.007076293230056763e-01
2.031208425760269165e-01
2.014252692461013794e-01
2.013014405965805054e-01
1.984266489744186401e-01
2.038565129041671753e-01
2.007008939981460571e-01
1.974209845066070557e-01
2.000036239624023438e-01
2.029364109039306641e-01
2.023292332887649536e-01
1.975459605455398560e-01
1.978904306888580322e-01
2.006667703390121460e-01
2.029060274362564087e-01
2.028415650129318237e-01
2.024330049753189087e-01
2.011328041553497314e-01
1.999223828315734863e-01
1.983255445957183838e-01
1.994576305150985718e-01
1.998447477817535400e-01
2.016974389553070068e-01
2.018974423408508301e-01
2.018390297889709473e-01
1.977243572473526001e-01
2.001964300870895386e-01
1.993555128574371338e-01
1.997313499450683594e-01
2.008744776248931885e-01
2.013387829065322876e-01
2.000045776367187500e-01
1.973913758993148804e-01
1.967459022998809814e-01
2.011795639991760254e-01
1.987423598766326904e-01
1.987966150045394897e-01
2.003429979085922241e-01
1.975497752428054810e-01
2.008954137563705444e-01
1.972227692604064941e-01
1.995648741722106934e-01
2.021064162254333496e-01
1.996656358242034912e-01
1.986970007419586182e-01
1.993807107210159302e-01
1.983432471752166748e-01
1.986500620841979980e-01
2.014057040214538574e-01
1.994919925928115845e-01
1.999747753143310547e-01
2.009883373975753784e-01
1.977781802415847778e-01
1.977085173130035400e-01
1.983452141284942627e-01
2.007934749126434326e-01
1.986635476350784302e-01
2.016680091619491577e-01
1.963973194360733032e-01
2.013709992170333862e-01
2.001727670431137085e-01
1.978830695152282715e-01
2.001115828752517700e-01
1.984051913022994995e-01
1.991056650876998901e-01
1.981475651264190674e-01
1.967624872922897339e-01
2.007425129413604736e-01
1.968772113323211670e-01
1.962481588125228882e-01
1.989925056695938110e-01
2.011145800352096558e-01
1.984266042709350586e-01
1.989157646894454956e-01
1.971527934074401855e-01
2.006715387105941772e-01
1.992044597864151001e-01
1.977526694536209106e-01
1.998790800571441650e-01
1.972488909959793091e-01
1.993886828422546387e-01
2.015494257211685181e-01
1.976256519556045532e-01
1.976211667060852051e-01
1.960310935974121094e-01
1.962033957242965698e-01
1.973361372947692871e-01
1.984010189771652222e-01
1.990875154733657837e-01
1.980928182601928711e-01
1.980358213186264038e-01
2.002730220556259155e-01
1.978063434362411499e-01
2.015248537063598633e-01
1.963678747415542603e-01
1.971962004899978638e-01
2.007781267166137695e-01
1.968256682157516479e-01
1.978402584791183472e-01
1.989458352327346802e-01
1.972892284393310547e-01
1.964053362607955933e-01
1.993924826383590698e-01
1.961896717548370361e-01
1.966117620468139648e-01
2.007856369018554688e-01
1.984798759222030640e-01
1.937616169452667236e-01
1.988155692815780640e-01
2.003287374973297119e-01
2.004020214080810547e-01
1.946260631084442139e-01
1.963879317045211792e-01
1.985496133565902710e-01
1.972035169601440430e-01
1.981929242610931396e-01
1.981537789106369019e-01
1.957360506057739258e-01
1.975552290678024292e-01
1.973306685686111450e-01
1.988148987293243408e-01
1.995123922824859619e-01
1.997681409120559692e-01
1.959858685731887817e-01
1.965418606996536255e-01
1.999799162149429321e-01
1.972685158252716064e-01
1.971390843391418457e-01
1.988796293735504150e-01
1.990131884813308716e-01
1.949302554130554199e-01
1.970404088497161865e-01
1.989639997482299805e-01
1.946851611137390137e-01
1.992359310388565063e-01
1.972900480031967163e-01
1.995883584022521973e-01
1.960071772336959839e-01
1.963213086128234863e-01
1.952448636293411255e-01
1.952952891588211060e-01
1.992693543434143066e-01
1.950490772724151611e-01
1.984332203865051270e-01
1.943900287151336670e-01
1.970309168100357056e-01
1.992753148078918457e-01
1.956293582916259766e-01
1.983977556228637695e-01
1.956000775098800659e-01
1.955975145101547241e-01
1.981005072593688965e-01
1.973090022802352905e-01
1.956336200237274170e-01
1.963445842266082764e-01
1.952894032001495361e-01
1.937367916107177734e-01
1.971325427293777466e-01
1.952619254589080811e-01
1.975614577531814575e-01
1.970296800136566162e-01
1.987532079219818115e-01
1.972630769014358521e-01
1.937912404537200928e-01
1.953534334897994995e-01
1.958770453929901123e-01
1.948405951261520386e-01
1.936407387256622314e-01
1.925829648971557617e-01
1.966118663549423218e-01
1.937908828258514404e-01
1.945523917675018311e-01
1.925722211599349976e-01
1.962369978427886963e-01
1.937666237354278564e-01
1.942339986562728882e-01
1.932873427867889404e-01
1.962822377681732178e-01
1.957520544528961182e-01
1.958910971879959106e-01
1.979028433561325073e-01
1.936346888542175293e-01
1.937167495489120483e-01
1.964693367481231689e-01
1.956308037042617798e-01
1.945492625236511230e-01
1.970216631889343262e-01
1.964488178491592407e-01
1.962847411632537842e-01
1.948599666357040405e-01
1.926492452621459961e-01
1.956454962491989136e-01
1.954397708177566528e-01
1.980166733264923096e-01
1.943875104188919067e-01
1.968320012092590332e-01
1.959961950778961182e-01
1.932084709405899048e-01
1.946410536766052246e-01
1.948356926441192627e-01
1.972533464431762695e-01
1.968376785516738892e-01
1.942711174488067627e-01
1.951308697462081909e-01
1.931853741407394409e-01
1.947589516639709473e-01
1.902417987585067749e-01
1.958458274602890015e-01
1.949812173843383789e-01
1.958100199699401855e-01
1.957934498786926270e-01
1.979747563600540161e-01
1.923357248306274414e-01
1.960218697786331177e-01
1.938945949077606201e-01
1.940480619668960571e-01
1.948383897542953491e-01
1.978017985820770264e-01
1.950977593660354614e-01
1.977052837610244751e-01
1.977374702692031860e-01
1.949236243963241577e-01
1.945650577545166016e-01
1.955621838569641113e-01
1.950515955686569214e-01
1.926747113466262817e-01
1.942700743675231934e-01
1.972979456186294556e-01
1.961809843778610229e-01
1.932390779256820679e-01
1.941736489534378052e-01
1.927825361490249634e-01
1.935171335935592651e-01
1.945804208517074585e-01
1.957165449857711792e-01
1.954281479120254517e-01
1.925010532140731812e-01
1.939879059791564941e-01
1.932061612606048584e-01
1.935114264488220215e-01
1.908439248800277710e-01
1.943635791540145874e-01
1.943107545375823975e-01
1.940786689519882202e-01
1.964068412780761719e-01
1.945648491382598877e-01
1.939470767974853516e-01
1.936855465173721313e-01
1.939685642719268799e-01
1.916701048612594604e-01
1.950404793024063110e-01
1.947919279336929321e-01
1.925918757915496826e-01
1.931696683168411255e-01
1.947592496871948242e-01
1.916095465421676636e-01
1.957791000604629517e-01
1.947147101163864136e-01
1.935385018587112427e-01
1.914275139570236206e-01
1.917586326599121094e-01
1.945020854473114014e-01
1.912364363670349121e-01
1.914421468973159790e-01
1.918431967496871948e-01
1.938961595296859741e-01
1.928195506334304810e-01
1.932707726955413818e-01
1.932846456766128540e-01
1.919983625411987305e-01
1.929061412811279297e-01
1.925630569458007812e-01
1.953143030405044556e-01
1.957094222307205200e-01
1.939292103052139282e-01
1.963838934898376465e-01
1.934234499931335449e-01
1.917736232280731201e-01
1.922839134931564331e-01
1.947806775569915771e-01
1.908216774463653564e-01
1.949535012245178223e-01
1.930902153253555298e-01
1.949449330568313599e-01
1.945573091506958008e-01
1.932866573333740234e-01
1.946615874767303467e-01
1.947382837533950806e-01
1.903063356876373291e-01
1.935002952814102173e-01
1.930182129144668579e-01
1.929786354303359985e-01
1.926988661289215088e-01
1.943228840827941895e-01
1.945055574178695679e-01
1.933000832796096802e-01
1.920625716447830200e-01
1.916961073875427246e-01
1.937212049961090088e-01
1.934410184621810913e-01
1.934090256690979004e-01
1.931197643280029297e-01
1.949486583471298218e-01
1.917137056589126587e-01
1.945193409919738770e-01
1.938690096139907837e-01
1.920382529497146606e-01
1.918682307004928589e-01
1.900067627429962158e-01
1.928703039884567261e-01
1.916257888078689575e-01
1.924427896738052368e-01
1.912189722061157227e-01
