9.151197671890258789e-01
9.046882390975952148e-01
8.931909799575805664e-01
8.811759352684020996e-01
8.689702749252319336e-01
8.575243949890136719e-01
8.435075283050537109e-01
8.284640312194824219e-01
8.144687414169311523e-01
7.950983047485351562e-01
7.760941982269287109e-01
7.543732523918151855e-01
7.321193218231201172e-01
7.019692063331604004e-01
6.737420558929443359e-01
6.419734954833984375e-01
6.092529296875000000e-01
5.782610177993774414e-01
5.546833276748657227e-01
5.269250869750976562e-01
4.988465309143066406e-01
4.742860496044158936e-01
4.704870879650115967e-01
4.626982510089874268e-01
4.570571184158325195e-01
4.786531925201416016e-01
4.595824778079986572e-01
4.361054003238677979e-01
4.362564384937286377e-01
4.490598440170288086e-01
4.285649955272674561e-01
4.212489724159240723e-01
4.086051583290100098e-01
4.006912708282470703e-01
4.038028419017791748e-01
4.015606939792633057e-01
3.955833017826080322e-01
3.943883776664733887e-01
3.905912935733795166e-01
3.990444540977478027e-01
3.884359002113342285e-01
3.814793825149536133e-01
3.777664601802825928e-01
3.709408044815063477e-01
3.704881370067596436e-01
3.651839196681976318e-01
3.582027554512023926e-01
3.637328743934631348e-01
3.616277277469635010e-01
3.590986132621765137e-01
3.588335812091827393e-01
3.532114624977111816e-01
3.464069962501525879e-01
3.449386358261108398e-01
3.487648963928222656e-01
3.462208509445190430e-01
3.368875980377197266e-01
3.341463506221771240e-01
3.403012156486511230e-01
3.345490694046020508e-01
3.330228924751281738e-01
3.335208594799041748e-01
3.318940699100494385e-01
3.329208493232727051e-01
3.240005970001220703e-01
3.275228142738342285e-01
3.267790675163269043e-01
3.237880170345306396e-01
3.190978467464447021e-01
3.191330730915069580e-01
3.174996078014373779e-01
3.117586672306060791e-01
3.120466172695159912e-01
3.084807991981506348e-01
3.165731132030487061e-01
3.112772405147552490e-01
3.100272119045257568e-01
3.078958094120025635e-01
3.103363513946533203e-01
3.100546300411224365e-01
3.049977719783782959e-01
3.021493852138519287e-01
3.039856553077697754e-01
3.014584779739379883e-01
3.067407310009002686e-01
3.019656538963317871e-01
3.007809519767761230e-01
2.935475409030914307e-01
3.029695451259613037e-01
2.937774658203125000e-01
2.941424548625946045e-01
2.914566397666931152e-01
2.924915552139282227e-01
2.921081483364105225e-01
2.851049005985260010e-01
2.930659353733062744e-01
2.869424223899841309e-01
2.886525690555572510e-01
2.887998521327972412e-01
2.825896739959716797e-01
2.870973646640777588e-01
2.846556007862091064e-01
2.828119397163391113e-01
2.797378897666931152e-01
2.815852165222167969e-01
2.783460915088653564e-01
2.812515795230865479e-01
2.791485488414764404e-01
2.779338359832763672e-01
2.782197296619415283e-01
2.774815857410430908e-01
2.740447819232940674e-01
2.762514054775238037e-01
2.744365036487579346e-01
2.715048193931579590e-01
2.748380303382873535e-01
2.738486528396606445e-01
2.696666419506072998e-01
2.716051638126373291e-01
2.680599093437194824e-01
2.724818885326385498e-01
2.687134742736816406e-01
2.723078131675720215e-01
2.682842910289764404e-01
2.662925720214843750e-01
2.685462832450866699e-01
2.629928290843963623e-01
2.656030058860778809e-01
2.665238678455352783e-01
2.627500295639038086e-01
2.625567317008972168e-01
2.630055546760559082e-01
2.597871124744415283e-01
2.614545226097106934e-01
2.615476250648498535e-01
2.617189586162567139e-01
2.615247070789337158e-01
2.599803209304809570e-01
2.601071298122406006e-01
2.600828111171722412e-01
2.582075297832489014e-01
2.571383416652679443e-01
2.593334913253784180e-01
2.589726448059082031e-01
2.557889223098754883e-01
2.530252635478973389e-01
2.509254813194274902e-01
2.522455751895904541e-01
2.538096904754638672e-01
2.508641481399536133e-01
2.539167404174804688e-01
2.520457804203033447e-01
2.503624558448791504e-01
2.490797638893127441e-01
2.477210164070129395e-01
2.477639913558959961e-01
2.482329308986663818e-01
2.474731802940368652e-01
2.481181621551513672e-01
2.460809499025344849e-01
2.444415986537933350e-01
2.449100613594055176e-01
2.458987087011337280e-01
2.446853667497634888e-01
2.464086711406707764e-01
2.444800436496734619e-01
2.466335594654083252e-01
2.419754862785339355e-01
2.437932938337326050e-01
2.413955926895141602e-01
2.405451834201812744e-01
2.434610426425933838e-01
2.426879554986953735e-01
2.408069372177124023e-01
2.408474236726760864e-01
2.409499883651733398e-01
2.400055676698684692e-01
2.381830811500549316e-01
2.378957867622375488e-01
2.407908290624618530e-01
2.362589836120605469e-01
2.354376018047332764e-01
2.342339903116226196e-01
2.369364649057388306e-01
2.352486699819564819e-01
2.364518791437149048e-01
2.325567007064819336e-01
2.347359359264373779e-01
2.373714745044708252e-01
2.337547093629837036e-01
2.319445312023162842e-01
2.371772378683090210e-01
2.325922697782516479e-01
2.338200658559799194e-01
2.337544113397598267e-01
2.295254915952682495e-01
2.317399680614471436e-01
2.310612350702285767e-01
2.287594527006149292e-01
2.294134646654129028e-01
2.296862751245498657e-01
2.277286201715469360e-01
2.279478162527084351e-01
2.278315126895904541e-01
2.310172468423843384e-01
2.313219457864761353e-01
2.264228165149688721e-01
2.274820208549499512e-01
2.255179882049560547e-01
2.261765152215957642e-01
2.257964015007019043e-01
2.261124849319458008e-01
2.229152321815490723e-01
2.234979718923568726e-01
2.256547808647155762e-01
2.213148176670074463e-01
2.222681343555450439e-01
2.238097935914993286e-01
2.229335159063339233e-01
2.247194647789001465e-01
2.246430069208145142e-01
2.206484079360961914e-01
2.225996404886245728e-01
2.196188569068908691e-01
2.204658538103103638e-01
2.217300236225128174e-01
2.176421582698822021e-01
2.201701700687408447e-01
2.205645740032196045e-01
2.171588540077209473e-01
2.192551046609878540e-01
2.194495201110839844e-01
2.201411724090576172e-01
2.197793722152709961e-01
2.160338163375854492e-01
2.167866528034210205e-01
2.187931388616561890e-01
2.175596356391906738e-01
2.177295833826065063e-01
2.196583300828933716e-01
2.201198190450668335e-01
2.149129807949066162e-01
2.161644995212554932e-01
2.156695425510406494e-01
2.142161279916763306e-01
2.158376276493072510e-01
2.172422111034393311e-01
2.139181643724441528e-01
2.134081125259399414e-01
2.148163765668869019e-01
2.159746736288070679e-01
2.128421366214752197e-01
2.148267030715942383e-01
2.129415720701217651e-01
2.134486436843872070e-01
2.125184237957000732e-01
2.129013389348983765e-01
2.132976055145263672e-01
2.135504335165023804e-01
2.106007635593414307e-01
2.112267166376113892e-01
2.134374678134918213e-01
2.128901630640029907e-01
2.124155163764953613e-01
2.109690457582473755e-01
2.105150222778320312e-01
2.094838470220565796e-01
2.111412882804870605e-01
2.122702896595001221e-01
2.093880325555801392e-01
2.100132405757904053e-01
2.117278575897216797e-01
2.122457325458526611e-01
2.106079012155532837e-01
2.128485143184661865e-01
2.088595777750015259e-01
2.084535062313079834e-01
2.083953917026519775e-01
2.060017585754394531e-01
2.076538205146789551e-01
2.078277170658111572e-01
2.064236253499984741e-01
2.085663080215454102e-01
2.060280293226242065e-01
2.046275436878204346e-01
2.073819041252136230e-01
2.068684250116348267e-01
2.057835757732391357e-01
2.075495421886444092e-01
2.056075185537338257e-01
2.053489685058593750e-01
2.054076790809631348e-01
2.042408287525177002e-01
2.032473981380462646e-01
2.050451040267944336e-01
2.058232426643371582e-01
2.034848630428314209e-01
2.050406485795974731e-01
2.041898220777511597e-01
2.055811733007431030e-01
2.034145146608352661e-01
2.045060396194458008e-01
2.033819705247879028e-01
2.022957950830459595e-01
2.039503902196884155e-01
2.006540298461914062e-01
2.022564113140106201e-01
2.025112062692642212e-01
2.035441845655441284e-01
2.020293772220611572e-01
2.000269591808319092e-01
2.007668912410736084e-01
2.025552093982696533e-01
2.006099820137023926e-01
2.011140286922454834e-01
2.005923539400100708e-01
1.971751600503921509e-01
2.012386471033096313e-01
1.980220079421997070e-01
1.994829922914505005e-01
1.992690861225128174e-01
1.994424313306808472e-01
1.994077414274215698e-01
1.994325071573257446e-01
1.986979097127914429e-01
1.990117728710174561e-01
1.977446228265762329e-01
1.977104246616363525e-01
2.002583295106887817e-01
2.003250420093536377e-01
1.974223256111145020e-01
1.966147571802139282e-01
1.970975100994110107e-01
1.981532871723175049e-01
1.974091082811355591e-01
1.976477801799774170e-01
2.000954449176788330e-01
1.959114819765090942e-01
1.968769580125808716e-01
1.954981088638305664e-01
1.978199332952499390e-01
1.979521512985229492e-01
1.971768438816070557e-01
1.965544074773788452e-01
1.958865523338317871e-01
1.949676424264907837e-01
1.942925453186035156e-01
1.952867954969406128e-01
1.954153478145599365e-01
1.960366219282150269e-01
1.945891231298446655e-01
1.941045522689819336e-01
1.943807452917098999e-01
1.940253376960754395e-01
1.925200968980789185e-01
1.939531862735748291e-01
1.938428729772567749e-01
1.927685886621475220e-01
1.923872083425521851e-01
1.907009035348892212e-01
1.926317512989044189e-01
1.910871118307113647e-01
1.910692155361175537e-01
1.914812773466110229e-01
1.937974393367767334e-01
1.954115033149719238e-01
1.926347315311431885e-01
1.952663213014602661e-01
1.905973553657531738e-01
1.918412894010543823e-01
1.907784938812255859e-01
1.920181214809417725e-01
1.901033371686935425e-01
1.915621906518936157e-01
1.913820803165435791e-01
1.922153830528259277e-01
1.885212063789367676e-01
1.885178238153457642e-01
1.903138607740402222e-01
1.907790005207061768e-01
1.887028068304061890e-01
1.894713938236236572e-01
1.882939636707305908e-01
1.888518035411834717e-01
1.889055967330932617e-01
1.865048855543136597e-01
1.864974498748779297e-01
1.889507323503494263e-01
1.868593990802764893e-01
1.871954500675201416e-01
1.879936754703521729e-01
1.890008449554443359e-01
1.883104741573333740e-01
1.887415796518325806e-01
1.895480453968048096e-01
1.881447583436965942e-01
1.874233931303024292e-01
1.878752708435058594e-01
1.869681775569915771e-01
1.879517883062362671e-01
1.869661360979080200e-01
1.870282739400863647e-01
1.873742341995239258e-01
1.858047395944595337e-01
1.873469054698944092e-01
1.865682154893875122e-01
1.866407096385955811e-01
1.848732680082321167e-01
1.846395432949066162e-01
1.852031648159027100e-01
1.836524903774261475e-01
1.856978684663772583e-01
1.851823329925537109e-01
1.856319159269332886e-01
1.848129034042358398e-01
1.849012076854705811e-01
1.870495676994323730e-01
1.840383708477020264e-01
1.861747950315475464e-01
1.843880563974380493e-01
1.860321313142776489e-01
1.861601918935775757e-01
1.836145371198654175e-01
1.845227777957916260e-01
1.866627931594848633e-01
1.835031807422637939e-01
1.819645911455154419e-01
1.821957975625991821e-01
1.825754642486572266e-01
1.841863393783569336e-01
1.819843351840972900e-01
1.837834864854812622e-01
1.837258636951446533e-01
1.826380938291549683e-01
1.802126467227935791e-01
1.844787001609802246e-01
1.833193153142929077e-01
1.809936016798019409e-01
1.822176724672317505e-01
1.798169612884521484e-01
1.818716228008270264e-01
1.814332306385040283e-01
1.839819848537445068e-01
1.806962490081787109e-01
1.810853779315948486e-01
1.809133440256118774e-01
1.813975423574447632e-01
1.786646246910095215e-01
1.824967414140701294e-01
1.831738799810409546e-01
1.804094314575195312e-01
1.804372221231460571e-01
1.786623895168304443e-01
1.800301820039749146e-01
1.801560521125793457e-01
1.802653372287750244e-01
1.819938570261001587e-01
1.806118488311767578e-01
1.789521574974060059e-01
1.787292510271072388e-01
1.781234443187713623e-01
1.792669892311096191e-01
1.777310669422149658e-01
1.789968460798263550e-01
1.785690486431121826e-01
1.775556951761245728e-01
1.777309328317642212e-01
1.789721995592117310e-01
1.787526011466979980e-01
1.789376139640808105e-01
1.786124110221862793e-01
1.787183880805969238e-01
1.766121983528137207e-01
1.797272711992263794e-01
1.785772591829299927e-01
1.760102212429046631e-01
1.782548129558563232e-01
1.765087097883224487e-01
1.768947243690490723e-01
1.764144003391265869e-01
1.771831214427947998e-01
1.751818656921386719e-01
1.768056154251098633e-01
1.745047420263290405e-01
1.769053041934967041e-01
1.759482920169830322e-01
1.756218522787094116e-01
1.754202842712402344e-01
1.779419630765914917e-01
1.776615828275680542e-01
1.761084645986557007e-01
1.747103184461593628e-01
1.754614561796188354e-01
1.756757050752639771e-01
1.768674403429031372e-01
1.754207313060760498e-01
1.745056807994842529e-01
1.750227957963943481e-01
1.753755658864974976e-01
1.730382889509201050e-01
1.736669242382049561e-01
1.749799698591232300e-01
1.747394353151321411e-01
1.731892079114913940e-01
1.746449470520019531e-01
1.731023937463760376e-01
1.756177246570587158e-01
1.751640886068344116e-01
1.747274100780487061e-01
1.750317215919494629e-01
1.743512898683547974e-01
1.747331768274307251e-01
1.729147285223007202e-01
1.735892742872238159e-01
1.736178100109100342e-01
1.733266711235046387e-01
1.728359758853912354e-01
1.729185581207275391e-01
1.726489067077636719e-01
1.730845570564270020e-01
1.748238503932952881e-01
1.721299141645431519e-01
1.727080196142196655e-01
1.730633974075317383e-01
1.720275133848190308e-01
1.722466051578521729e-01
1.730634421110153198e-01
1.724140644073486328e-01
1.717791855335235596e-01
1.719663143157958984e-01
1.726386547088623047e-01
1.742956638336181641e-01
1.735566556453704834e-01
1.722158789634704590e-01
1.707186847925186157e-01
1.730612367391586304e-01
1.717199981212615967e-01
1.711371541023254395e-01
1.733038872480392456e-01
1.719843298196792603e-01
1.705241948366165161e-01
1.693639010190963745e-01
1.722847670316696167e-01
1.707500219345092773e-01
1.719969063997268677e-01
1.712001860141754150e-01
1.714980602264404297e-01
1.695423424243927002e-01
1.701308190822601318e-01
1.703821122646331787e-01
1.715478152036666870e-01
1.716502010822296143e-01
1.713181138038635254e-01
1.690814346075057983e-01
1.722815185785293579e-01
1.702519208192825317e-01
1.681887954473495483e-01
1.703281998634338379e-01
1.702535897493362427e-01
1.703202277421951294e-01
1.698231399059295654e-01
1.700328439474105835e-01
1.687880009412765503e-01
1.686686873435974121e-01
1.702485680580139160e-01
1.700294464826583862e-01
1.706473380327224731e-01
1.703651994466781616e-01
1.685028076171875000e-01
1.688537597656250000e-01
1.694541424512863159e-01
1.702404916286468506e-01
1.697798520326614380e-01
1.693088114261627197e-01
1.719898283481597900e-01
1.692216098308563232e-01
1.692243963479995728e-01
1.684968471527099609e-01
1.703581660985946655e-01
1.691222935914993286e-01
1.709176898002624512e-01
1.689536869525909424e-01
1.698246002197265625e-01
1.698846518993377686e-01
1.684087663888931274e-01
1.678276360034942627e-01
1.701952368021011353e-01
1.672293394804000854e-01
1.683072298765182495e-01
1.679663211107254028e-01
1.689709722995758057e-01
1.679681837558746338e-01
1.677237302064895630e-01
1.680041551589965820e-01
1.667034327983856201e-01
1.662479192018508911e-01
1.662635058164596558e-01
1.684323996305465698e-01
1.674011200666427612e-01
1.669364720582962036e-01
1.692138016223907471e-01
1.677007675170898438e-01
1.666405200958251953e-01
1.677973866462707520e-01
1.696469187736511230e-01
1.669420450925827026e-01
1.677911877632141113e-01
1.672382056713104248e-01
1.668930649757385254e-01
1.687579602003097534e-01
1.663749217987060547e-01
1.658314913511276245e-01
1.660244762897491455e-01
1.657373309135437012e-01
1.668902635574340820e-01
1.666752845048904419e-01
1.666209101676940918e-01
1.662430912256240845e-01
1.666885763406753540e-01
1.661057323217391968e-01
1.661812812089920044e-01
1.677581667900085449e-01
1.655835807323455811e-01
1.648071706295013428e-01
1.653195023536682129e-01
1.669069230556488037e-01
1.672796159982681274e-01
1.649374216794967651e-01
1.666657328605651855e-01
1.657893359661102295e-01
1.647530049085617065e-01
1.650330722332000732e-01
1.659078598022460938e-01
1.652546972036361694e-01
1.645527780055999756e-01
1.644609272480010986e-01
1.659165620803833008e-01
1.649446934461593628e-01
1.648819446563720703e-01
1.661926358938217163e-01
1.670185774564743042e-01
1.648769080638885498e-01
1.662171483039855957e-01
1.647498905658721924e-01
1.644474267959594727e-01
1.638168841600418091e-01
1.651572287082672119e-01
1.661092340946197510e-01
1.647870838642120361e-01
1.640807092189788818e-01
1.649994850158691406e-01
1.648250669240951538e-01
1.653819531202316284e-01
1.666947901248931885e-01
1.635896265506744385e-01
1.654363125562667847e-01
1.648972779512405396e-01
1.642397940158843994e-01
1.647331416606903076e-01
1.646828502416610718e-01
1.630329042673110962e-01
1.653001159429550171e-01
1.645592451095581055e-01
1.653869003057479858e-01
1.640528738498687744e-01
1.647488921880722046e-01
1.631847023963928223e-01
1.627566516399383545e-01
1.648151874542236328e-01
1.618538647890090942e-01
1.633862555027008057e-01
1.623072326183319092e-01
1.642175167798995972e-01
1.646943986415863037e-01
1.632099300622940063e-01
1.642988175153732300e-01
1.646750867366790771e-01
1.645359843969345093e-01
1.633087545633316040e-01
1.636915951967239380e-01
1.642273664474487305e-01
1.632523536682128906e-01
1.628871560096740723e-01
1.639277040958404541e-01
1.636160314083099365e-01
1.622457057237625122e-01
1.640999317169189453e-01
1.644461452960968018e-01
1.614436209201812744e-01
1.627027690410614014e-01
1.622663438320159912e-01
1.633876413106918335e-01
1.621949970722198486e-01
1.638330221176147461e-01
1.638548374176025391e-01
1.620974987745285034e-01
1.621270179748535156e-01
1.637337058782577515e-01
1.615027934312820435e-01
1.630299538373947144e-01
1.614443063735961914e-01
1.633553355932235718e-01
1.626677811145782471e-01
1.606240570545196533e-01
1.626615524291992188e-01
1.611971855163574219e-01
1.616006642580032349e-01
1.633291691541671753e-01
1.615142971277236938e-01
1.629330962896347046e-01
1.595049798488616943e-01
1.623859405517578125e-01
1.622180491685867310e-01
1.624705195426940918e-01
1.620520353317260742e-01
1.621802449226379395e-01
1.618720591068267822e-01
1.610745042562484741e-01
1.628131866455078125e-01
1.615503579378128052e-01
1.628974378108978271e-01
1.617980301380157471e-01
1.625192612409591675e-01
1.608402729034423828e-01
1.639130115509033203e-01
1.607437580823898315e-01
1.602928042411804199e-01
1.621875464916229248e-01
1.596287339925765991e-01
1.624396443367004395e-01
1.621033847332000732e-01
1.605823040008544922e-01
1.600944250822067261e-01
1.614196896553039551e-01
1.621019989252090454e-01
1.602354049682617188e-01
1.608939170837402344e-01
1.599766910076141357e-01
1.610087305307388306e-01
1.622206866741180420e-01
1.615156978368759155e-01
1.618937402963638306e-01
1.608796268701553345e-01
1.610116809606552124e-01
1.609077751636505127e-01
1.612830609083175659e-01
1.617785543203353882e-01
1.598258018493652344e-01
1.607022732496261597e-01
1.609365940093994141e-01
1.613583117723464966e-01
1.611403971910476685e-01
1.603941321372985840e-01
1.601166725158691406e-01
1.616951674222946167e-01
1.614850759506225586e-01
1.600575745105743408e-01
1.599202156066894531e-01
1.596989333629608154e-01
1.589971035718917847e-01
1.596258580684661865e-01
1.597444862127304077e-01
1.607428193092346191e-01
1.608525961637496948e-01
1.597383320331573486e-01
1.590362042188644409e-01
1.610515117645263672e-01
1.606545746326446533e-01
1.607818156480789185e-01
1.593919098377227783e-01
1.594540923833847046e-01
1.600768566131591797e-01
1.605586111545562744e-01
1.576619446277618408e-01
1.591317802667617798e-01
1.603552103042602539e-01
1.596679836511611938e-01
1.597578525543212891e-01
1.605723202228546143e-01
1.594828814268112183e-01
1.579572260379791260e-01
1.583277583122253418e-01
1.590416431427001953e-01
1.590114533901214600e-01
1.598390638828277588e-01
1.581633985042572021e-01
1.604902595281600952e-01
1.594122201204299927e-01
1.592047363519668579e-01
1.589700132608413696e-01
1.594436168670654297e-01
1.593671441078186035e-01
1.591515690088272095e-01
1.585743725299835205e-01
1.594924032688140869e-01
1.584401279687881470e-01
1.590219587087631226e-01
1.581370681524276733e-01
1.580497771501541138e-01
1.590602695941925049e-01
1.581968963146209717e-01
1.593839675188064575e-01
1.593949496746063232e-01
1.587421447038650513e-01
1.574164479970932007e-01
1.594294607639312744e-01
1.591519117355346680e-01
1.604223102331161499e-01
1.581437736749649048e-01
1.594808399677276611e-01
1.572379022836685181e-01
1.589385271072387695e-01
1.585807055234909058e-01
1.577744185924530029e-01
1.594939082860946655e-01
1.579407006502151489e-01
1.567153334617614746e-01
1.580400019884109497e-01
1.601824462413787842e-01
1.584453582763671875e-01
1.581850796937942505e-01
1.590116024017333984e-01
1.580278873443603516e-01
1.585310697555541992e-01
1.568692624568939209e-01
1.572127044200897217e-01
1.577207446098327637e-01
1.579686701297760010e-01
1.583965122699737549e-01
1.584743559360504150e-01
1.585231870412826538e-01
1.586408168077468872e-01
1.575635671615600586e-01
1.573606729507446289e-01
1.572874933481216431e-01
1.568796038627624512e-01
1.579641252756118774e-01
1.594937741756439209e-01
1.575335115194320679e-01
1.588080525398254395e-01
1.576676517724990845e-01
1.583163738250732422e-01
1.585187315940856934e-01
1.587863266468048096e-01
1.588786840438842773e-01
1.571350246667861938e-01
1.572498530149459839e-01
1.577086150646209717e-01
1.577838063240051270e-01
1.572309285402297974e-01
1.570753157138824463e-01
1.567438691854476929e-01
1.569231748580932617e-01
1.561293452978134155e-01
1.579368859529495239e-01
1.561430096626281738e-01
1.570195257663726807e-01
1.551823914051055908e-01
1.583026349544525146e-01
1.572991311550140381e-01
1.566986441612243652e-01
1.567246913909912109e-01
1.580441743135452271e-01
1.562469899654388428e-01
1.566121727228164673e-01
1.577282100915908813e-01
1.568952053785324097e-01
1.575364619493484497e-01
1.574338972568511963e-01
1.574931591749191284e-01
1.561907827854156494e-01
1.574253290891647339e-01
1.563882529735565186e-01
1.548814177513122559e-01
1.554590761661529541e-01
1.558369994163513184e-01
1.551620364189147949e-01
1.557970345020294189e-01
1.562376022338867188e-01
1.568755358457565308e-01
1.556596457958221436e-01
1.573243737220764160e-01
1.567121893167495728e-01
1.566264182329177856e-01
1.582286059856414795e-01
1.562643200159072876e-01
1.559930294752120972e-01
1.574859470129013062e-01
1.568039506673812866e-01
1.548079848289489746e-01
1.559258997440338135e-01
1.567028611898422241e-01
1.556232571601867676e-01
1.565103828907012939e-01
1.571980267763137817e-01
1.572632044553756714e-01
1.558349132537841797e-01
1.540309935808181763e-01
1.556981056928634644e-01
1.554544270038604736e-01
1.549174636602401733e-01
1.559687256813049316e-01
1.565994322299957275e-01
1.568524241447448730e-01
1.550172120332717896e-01
1.551557928323745728e-01
1.550502628087997437e-01
1.568179428577423096e-01
1.565183848142623901e-01
1.556437462568283081e-01
1.555579602718353271e-01
1.566140204668045044e-01
1.552327871322631836e-01
1.556005626916885376e-01
1.551445275545120239e-01
1.548210829496383667e-01
1.534611582756042480e-01
1.549362689256668091e-01
1.560905873775482178e-01
1.552699506282806396e-01
1.565544903278350830e-01
1.549193412065505981e-01
1.553501337766647339e-01
1.548913419246673584e-01
1.564063429832458496e-01
1.547828018665313721e-01
1.557227522134780884e-01
1.553513556718826294e-01
1.557022929191589355e-01
1.562399864196777344e-01
1.537450104951858521e-01
1.538977026939392090e-01
1.548167616128921509e-01
1.537733674049377441e-01
1.550076156854629517e-01
1.561991721391677856e-01
1.540876775979995728e-01
1.543867886066436768e-01
1.542249917984008789e-01
1.553153097629547119e-01
1.543994694948196411e-01
1.546431332826614380e-01
1.546245068311691284e-01
1.559656411409378052e-01
1.543788164854049683e-01
1.540970802307128906e-01
1.542450040578842163e-01
1.544974595308303833e-01
1.556767970323562622e-01
1.533769965171813965e-01
1.537776440382003784e-01
1.537955850362777710e-01
1.540422141551971436e-01
1.556529700756072998e-01
1.532614827156066895e-01
1.535302400588989258e-01
1.542136520147323608e-01
1.539581716060638428e-01
1.544743478298187256e-01
1.555142551660537720e-01
1.547679007053375244e-01
1.535885930061340332e-01
1.538576632738113403e-01
1.541564464569091797e-01
1.543351113796234131e-01
1.537677645683288574e-01
1.534143239259719849e-01
1.533740758895874023e-01
1.540295481681823730e-01
1.527713239192962646e-01
1.535500437021255493e-01
1.531608700752258301e-01
1.533600687980651855e-01
1.537587344646453857e-01
1.541223675012588501e-01
1.546051651239395142e-01
1.532430350780487061e-01
1.537963449954986572e-01
1.526089161634445190e-01
1.537575423717498779e-01
1.537294387817382812e-01
1.531256288290023804e-01
1.526869833469390869e-01
1.535140275955200195e-01
1.523938477039337158e-01
1.522386670112609863e-01
1.533923298120498657e-01
1.516838818788528442e-01
1.532360166311264038e-01
1.529940813779830933e-01
1.533262133598327637e-01
1.536685079336166382e-01
1.525783538818359375e-01
1.541916728019714355e-01
1.527413427829742432e-01
1.546090543270111084e-01
1.537186354398727417e-01
1.539880037307739258e-01
1.534580886363983154e-01
1.532340645790100098e-01
1.533358395099639893e-01
1.528713554143905640e-01
1.536010205745697021e-01
1.531963646411895752e-01
1.535165607929229736e-01
1.532817184925079346e-01
1.533730626106262207e-01
1.535810083150863647e-01
1.514903903007507324e-01
1.538151800632476807e-01
1.524033993482589722e-01
1.536983698606491089e-01
1.529718488454818726e-01
1.528394520282745361e-01
1.514007747173309326e-01
1.533453613519668579e-01
1.533604264259338379e-01
1.531926393508911133e-01
1.543340831995010376e-01
1.521424800157546997e-01
1.527229845523834229e-01
1.542104333639144897e-01
1.515620648860931396e-01
1.530640572309494019e-01
1.525364071130752563e-01
1.532202810049057007e-01
1.528584212064743042e-01
1.520732045173645020e-01
1.530902087688446045e-01
1.524410396814346313e-01
1.521277576684951782e-01
1.527627557516098022e-01
1.527760177850723267e-01
1.541965156793594360e-01
1.527792513370513916e-01
1.534795016050338745e-01
1.528161913156509399e-01
1.521399766206741333e-01
1.515115499496459961e-01
1.522410511970520020e-01
1.523657590150833130e-01
1.523262560367584229e-01
1.527505517005920410e-01
1.536529809236526489e-01
1.527015566825866699e-01
1.533638089895248413e-01
1.516905277967453003e-01
1.532949209213256836e-01
1.581740975379943848e-01
1.519427895545959473e-01
1.529167741537094116e-01
1.526525020599365234e-01
1.522201746702194214e-01
1.513775587081909180e-01
1.512267738580703735e-01
1.509925723075866699e-01
1.527806222438812256e-01
1.526210606098175049e-01
1.517057716846466064e-01
1.522089242935180664e-01
1.514160335063934326e-01
1.500563174486160278e-01
1.512353867292404175e-01
1.526315063238143921e-01
1.512683779001235962e-01
1.521782726049423218e-01
1.509139239788055420e-01
1.526045352220535278e-01
1.513297855854034424e-01
1.516754031181335449e-01
1.517955213785171509e-01
1.508336365222930908e-01
1.519864797592163086e-01
1.530263721942901611e-01
1.510756909847259521e-01
1.512846052646636963e-01
1.504276990890502930e-01
1.514346152544021606e-01
1.521299481391906738e-01
1.520371586084365845e-01
1.500666290521621704e-01
1.519238650798797607e-01
1.508669853210449219e-01
1.514711976051330566e-01
1.531026512384414673e-01
1.515211164951324463e-01
1.509292870759963989e-01
1.521506607532501221e-01
1.505156010389328003e-01
1.498969495296478271e-01
1.509264111518859863e-01
1.515886634588241577e-01
1.505556106567382812e-01
1.494241803884506226e-01
1.511583328247070312e-01
1.503863632678985596e-01
1.502842903137207031e-01
1.514752805233001709e-01
1.498745381832122803e-01
1.513642370700836182e-01
2.238633334636688232e-01
2.231612801551818848e-01
2.250065803527832031e-01
2.224185019731521606e-01
2.224377244710922241e-01
2.222024202346801758e-01
2.212754040956497192e-01
2.200338244438171387e-01
2.190971076488494873e-01
2.217858880758285522e-01
2.200444489717483521e-01
2.194223552942276001e-01
2.194304317235946655e-01
2.173584699630737305e-01
2.198603451251983643e-01
2.192915529012680054e-01
2.184052169322967529e-01
2.236705869436264038e-01
2.187003493309020996e-01
2.188673168420791626e-01
2.192663699388504028e-01
2.198206335306167603e-01
2.161299884319305420e-01
2.171195596456527710e-01
2.171039432287216187e-01
2.174930870532989502e-01
2.162791341543197632e-01
2.175998687744140625e-01
2.179600596427917480e-01
2.172699868679046631e-01
2.184853106737136841e-01
2.178255468606948853e-01
2.171542197465896606e-01
2.152783572673797607e-01
2.157552689313888550e-01
2.162903249263763428e-01
2.169882953166961670e-01
2.171113342046737671e-01
2.154431194067001343e-01
2.158333659172058105e-01
2.164534777402877808e-01
2.174588739871978760e-01
2.154870480298995972e-01
2.141338884830474854e-01
2.157083898782730103e-01
2.179945707321166992e-01
2.153573483228683472e-01
2.171507179737091064e-01
2.155898213386535645e-01
2.164383381605148315e-01
2.129668295383453369e-01
2.118254899978637695e-01
2.136747837066650391e-01
2.145691663026809692e-01
2.137849777936935425e-01
2.180446684360504150e-01
2.151111662387847900e-01
2.147339582443237305e-01
2.162623256444931030e-01
2.152573615312576294e-01
2.134706377983093262e-01
2.160947322845458984e-01
2.144103199243545532e-01
2.154353559017181396e-01
2.136513143777847290e-01
2.105925381183624268e-01
2.140966057777404785e-01
2.116557508707046509e-01
2.137568891048431396e-01
2.134075760841369629e-01
2.119606137275695801e-01
2.135434001684188843e-01
2.119256108999252319e-01
2.126297056674957275e-01
2.132292091846466064e-01
2.137135118246078491e-01
2.131333202123641968e-01
2.131745815277099609e-01
2.141241580247879028e-01
2.135123312473297119e-01
2.148771286010742188e-01
2.134001404047012329e-01
2.115614414215087891e-01
2.138931155204772949e-01
2.134010195732116699e-01
2.117864936590194702e-01
2.111739665269851685e-01
2.126179337501525879e-01
2.148436903953552246e-01
2.106926441192626953e-01
2.130042016506195068e-01
2.098756432533264160e-01
2.133114188909530640e-01
2.098784297704696655e-01
2.148508280515670776e-01
2.112932950258255005e-01
2.104099541902542114e-01
2.163809090852737427e-01
2.104626446962356567e-01
2.121172994375228882e-01
2.132650017738342285e-01
2.108621895313262939e-01
2.118979841470718384e-01
2.099794894456863403e-01
2.120848894119262695e-01
2.107117772102355957e-01
2.094432562589645386e-01
2.101935893297195435e-01
2.125890254974365234e-01
2.099096477031707764e-01
2.088901996612548828e-01
2.145950794219970703e-01
2.125678956508636475e-01
2.084882855415344238e-01
2.096486389636993408e-01
2.093105614185333252e-01
2.094058245420455933e-01
2.117308974266052246e-01
2.098872810602188110e-01
2.109943032264709473e-01
2.099223583936691284e-01
2.110877186059951782e-01
2.108981907367706299e-01
2.097223848104476929e-01
2.101021111011505127e-01
2.112473845481872559e-01
2.099373042583465576e-01
2.096250653266906738e-01
2.079459726810455322e-01
2.089060842990875244e-01
2.101203650236129761e-01
2.111399471759796143e-01
2.092611044645309448e-01
2.092092484235763550e-01
2.103394418954849243e-01
2.101022303104400635e-01
2.100693881511688232e-01
2.101548314094543457e-01
2.103094011545181274e-01
2.087656706571578979e-01
2.093730866909027100e-01
2.095851153135299683e-01
2.061732560396194458e-01
2.073256224393844604e-01
2.094515562057495117e-01
2.084100991487503052e-01
2.065611332654953003e-01
2.083678692579269409e-01
2.076671123504638672e-01
2.090490609407424927e-01
2.081307172775268555e-01
2.090701013803482056e-01
2.089144587516784668e-01
2.088951617479324341e-01
2.079692184925079346e-01
2.062988877296447754e-01
2.104724943637847900e-01
2.079266458749771118e-01
2.086595296859741211e-01
2.071665525436401367e-01
2.057790160179138184e-01
2.077015787363052368e-01
2.076950371265411377e-01
2.059897184371948242e-01
2.096772044897079468e-01
2.076726257801055908e-01
2.106865495443344116e-01
2.071355134248733521e-01
2.087866663932800293e-01
2.069656848907470703e-01
2.083806097507476807e-01
2.079647034406661987e-01
2.054993957281112671e-01
2.068233340978622437e-01
2.060327380895614624e-01
2.083496153354644775e-01
2.060961723327636719e-01
2.070317268371582031e-01
2.045469582080841064e-01
2.045537382364273071e-01
2.055748850107192993e-01
2.026011198759078979e-01
2.087850272655487061e-01
2.086462229490280151e-01
2.056573033332824707e-01
2.063130885362625122e-01
2.056934833526611328e-01
2.068959921598434448e-01
2.054522335529327393e-01
2.041999399662017822e-01
2.043331861495971680e-01
2.064556181430816650e-01
2.043493390083312988e-01
2.068795561790466309e-01
2.060612440109252930e-01
2.080477923154830933e-01
2.064687609672546387e-01
2.051272392272949219e-01
2.055419832468032837e-01
2.063788771629333496e-01
2.053688913583755493e-01
2.054861485958099365e-01
2.052195817232131958e-01
2.043145895004272461e-01
2.069789618253707886e-01
2.043363749980926514e-01
2.059747427701950073e-01
2.039192318916320801e-01
2.035927921533584595e-01
2.040908187627792358e-01
2.058681547641754150e-01
2.064141184091567993e-01
2.053056657314300537e-01
2.037372142076492310e-01
2.052021473646163940e-01
2.061507850885391235e-01
2.058253139257431030e-01
2.054612487554550171e-01
2.054720818996429443e-01
2.034529447555541992e-01
2.043375670909881592e-01
2.030271142721176147e-01
2.053119838237762451e-01
2.022487670183181763e-01
2.058381289243698120e-01
2.039512544870376587e-01
2.019359916448593140e-01
2.049981057643890381e-01
2.035506367683410645e-01
2.041388899087905884e-01
2.033258229494094849e-01
2.044557034969329834e-01
2.039136886596679688e-01
2.030815929174423218e-01
2.020802795886993408e-01
2.006219178438186646e-01
2.046828716993331909e-01
2.052329331636428833e-01
2.029268890619277954e-01
2.039453983306884766e-01
2.042547762393951416e-01
2.044651359319686890e-01
2.057656794786453247e-01
2.019031494855880737e-01
2.045543938875198364e-01
2.035373747348785400e-01
2.044595330953598022e-01
2.043202221393585205e-01
2.029531598091125488e-01
2.048612833023071289e-01
2.011353820562362671e-01
2.038399726152420044e-01
2.017379850149154663e-01
2.024014741182327271e-01
2.019781321287155151e-01
2.044015228748321533e-01
2.036711871623992920e-01
2.069637775421142578e-01
2.023327946662902832e-01
2.037258297204971313e-01
2.028546035289764404e-01
2.022740095853805542e-01
2.044342458248138428e-01
2.021694928407669067e-01
2.020021229982376099e-01
2.033002376556396484e-01
2.061699032783508301e-01
2.041667699813842773e-01
2.033275961875915527e-01
2.013424932956695557e-01
2.035788893699645996e-01
2.047368139028549194e-01
2.029023170471191406e-01
2.031184285879135132e-01
2.025344669818878174e-01
2.014858275651931763e-01
2.018030732870101929e-01
2.022363841533660889e-01
2.001322954893112183e-01
2.041465640068054199e-01
2.004175633192062378e-01
2.009350061416625977e-01
2.036338597536087036e-01
2.003004103899002075e-01
1.989759653806686401e-01
2.027789354324340820e-01
2.019947320222854614e-01
2.011498212814331055e-01
2.016308158636093140e-01
2.018083930015563965e-01
2.006835341453552246e-01
1.989833712577819824e-01
2.006341814994812012e-01
1.997207552194595337e-01
2.019076943397521973e-01
1.988253742456436157e-01
2.026881128549575806e-01
2.006875574588775635e-01
2.010717093944549561e-01
2.006774395704269409e-01
2.011627703905105591e-01
2.010944783687591553e-01
2.012269049882888794e-01
2.004107683897018433e-01
2.001623064279556274e-01
2.019988298416137695e-01
1.983430236577987671e-01
2.001338899135589600e-01
1.998465955257415771e-01
1.988781541585922241e-01
2.047794163227081299e-01
2.014970332384109497e-01
2.019488066434860229e-01
2.047347873449325562e-01
2.002296447753906250e-01
2.001060843467712402e-01
2.002744674682617188e-01
2.032959759235382080e-01
1.987294852733612061e-01
1.998007446527481079e-01
1.998098641633987427e-01
1.991439461708068848e-01
2.017359733581542969e-01
2.003792524337768555e-01
1.995489448308944702e-01
2.008397579193115234e-01
2.000521272420883179e-01
1.990281939506530762e-01
2.016544640064239502e-01
2.002055794000625610e-01
1.988319009542465210e-01
2.004655599594116211e-01
1.987072229385375977e-01
1.991023570299148560e-01
1.974450647830963135e-01
1.986522078514099121e-01
2.021657675504684448e-01
1.998515129089355469e-01
2.004232108592987061e-01
1.991032660007476807e-01
1.963998377323150635e-01
1.995366662740707397e-01
2.009731382131576538e-01
1.976038664579391479e-01
1.971420347690582275e-01
2.007844746112823486e-01
2.012500613927841187e-01
1.977307200431823730e-01
1.992756277322769165e-01
2.020318955183029175e-01
1.962513327598571777e-01
1.982862055301666260e-01
2.002703249454498291e-01
1.992565989494323730e-01
1.997441351413726807e-01
1.992738842964172363e-01
2.012834995985031128e-01
1.983432620763778687e-01
1.990038603544235229e-01
2.006439268589019775e-01
1.983172148466110229e-01
1.976358294486999512e-01
1.995073705911636353e-01
1.993383169174194336e-01
1.996436715126037598e-01
2.016165554523468018e-01
2.020770311355590820e-01
1.997806876897811890e-01
2.005973011255264282e-01
1.995459198951721191e-01
1.975981593132019043e-01
1.989889740943908691e-01
1.964031755924224854e-01
1.985389292240142822e-01
1.969876885414123535e-01
1.989593356847763062e-01
1.958951950073242188e-01
1.974339783191680908e-01
1.985027343034744263e-01
1.973760724067687988e-01
1.996036320924758911e-01
2.002651244401931763e-01
1.977491974830627441e-01
1.970881521701812744e-01
1.996557265520095825e-01
2.002036571502685547e-01
1.969707459211349487e-01
1.981492191553115845e-01
1.993134319782257080e-01
1.986285001039505005e-01
1.984999179840087891e-01
1.990061700344085693e-01
1.977670043706893921e-01
1.968916952610015869e-01
1.961253285408020020e-01
1.996077001094818115e-01
1.968747079372406006e-01
1.957123428583145142e-01
1.973250061273574829e-01
1.974302232265472412e-01
