9.797713160514831543e-01
9.703435301780700684e-01
9.606202840805053711e-01
9.479699134826660156e-01
9.371686577796936035e-01
9.254027605056762695e-01
9.081143140792846680e-01
8.929624557495117188e-01
8.737396001815795898e-01
8.534942269325256348e-01
8.312519788742065430e-01
8.086215853691101074e-01
7.824937105178833008e-01
7.571122050285339355e-01
7.340478301048278809e-01
7.016667127609252930e-01
6.821941733360290527e-01
6.533526182174682617e-01
6.206045746803283691e-01
5.943465232849121094e-01
5.766568779945373535e-01
5.679966211318969727e-01
5.572719573974609375e-01
5.466329455375671387e-01
5.515400767326354980e-01
5.605841279029846191e-01
5.518474578857421875e-01
5.541704893112182617e-01
5.564916133880615234e-01
5.577132105827331543e-01
5.505892634391784668e-01
5.376872420310974121e-01
5.254022479057312012e-01
5.150234699249267578e-01
5.096058249473571777e-01
5.003431439399719238e-01
4.969195425510406494e-01
4.935709238052368164e-01
4.845688343048095703e-01
4.925776124000549316e-01
4.888619780540466309e-01
4.807106256484985352e-01
4.850628077983856201e-01
4.744581580162048340e-01
4.750234484672546387e-01
4.690081775188446045e-01
4.580254852771759033e-01
4.610424041748046875e-01
4.540486931800842285e-01
4.569354057312011719e-01
4.545230269432067871e-01
4.448663592338562012e-01
4.496288299560546875e-01
4.394490718841552734e-01
4.435490369796752930e-01
4.364718198776245117e-01
4.342338144779205322e-01
4.332294464111328125e-01
4.298343360424041748e-01
4.217226803302764893e-01
4.226480126380920410e-01
4.234916269779205322e-01
4.173415005207061768e-01
4.197666049003601074e-01
4.146295785903930664e-01
4.100767970085144043e-01
4.121401011943817139e-01
4.092857837677001953e-01
4.138010740280151367e-01
4.080135524272918701e-01
4.033147990703582764e-01
3.983720541000366211e-01
4.024744629859924316e-01
4.117095768451690674e-01
3.959426879882812500e-01
3.965019881725311279e-01
3.901631534099578857e-01
3.909761011600494385e-01
3.937982320785522461e-01
3.856142759323120117e-01
3.919173181056976318e-01
3.882923722267150879e-01
3.892958164215087891e-01
3.829501271247863770e-01
3.822278082370758057e-01
3.852219581604003906e-01
3.788581788539886475e-01
3.817555606365203857e-01
3.775016367435455322e-01
3.740114569664001465e-01
3.740407228469848633e-01
3.769818246364593506e-01
3.770682513713836670e-01
3.745062947273254395e-01
3.746876418590545654e-01
3.672270178794860840e-01
3.676766753196716309e-01
3.691607415676116943e-01
3.683594465255737305e-01
3.655816614627838135e-01
3.612760305404663086e-01
3.660706579685211182e-01
3.588273823261260986e-01
3.615385890007019043e-01
3.594866693019866943e-01
3.561281263828277588e-01
3.541769385337829590e-01
3.603224754333496094e-01
3.583249151706695557e-01
3.557246625423431396e-01
3.596747517585754395e-01
3.558574020862579346e-01
3.534532785415649414e-01
3.544683754444122314e-01
3.476714789867401123e-01
3.488965034484863281e-01
3.475313484668731689e-01
3.553878962993621826e-01
3.443523645401000977e-01
3.454843163490295410e-01
3.498699665069580078e-01
3.453702330589294434e-01
3.443011939525604248e-01
3.465673029422760010e-01
3.441376984119415283e-01
3.420697450637817383e-01
3.401499986648559570e-01
3.454450070858001709e-01
3.427166342735290527e-01
3.411590456962585449e-01
3.411434888839721680e-01
3.361821472644805908e-01
3.363274037837982178e-01
3.366366326808929443e-01
3.370079100131988525e-01
3.338087797164916992e-01
3.344267606735229492e-01
3.332377672195434570e-01
3.351569771766662598e-01
3.319506347179412842e-01
3.349184989929199219e-01
3.349145948886871338e-01
3.304529786109924316e-01
3.326061964035034180e-01
3.305305540561676025e-01
3.297612071037292480e-01
3.303078711032867432e-01
3.292932808399200439e-01
3.275462090969085693e-01
3.261884450912475586e-01
3.260604143142700195e-01
3.238780498504638672e-01
3.279624283313751221e-01
3.260751664638519287e-01
3.209156394004821777e-01
3.225998878479003906e-01
3.287897109985351562e-01
3.244744837284088135e-01
3.209947049617767334e-01
3.207104504108428955e-01
3.212023973464965820e-01
3.223222494125366211e-01
3.206707537174224854e-01
3.213164508342742920e-01
3.213235735893249512e-01
3.181721866130828857e-01
3.165688812732696533e-01
3.225897252559661865e-01
3.201255202293395996e-01
3.164927661418914795e-01
3.165182471275329590e-01
3.167136907577514648e-01
3.162785470485687256e-01
3.154896795749664307e-01
3.138999044895172119e-01
3.146295845508575439e-01
3.122939169406890869e-01
3.072711527347564697e-01
3.098588585853576660e-01
3.118818998336791992e-01
3.126661479473114014e-01
3.099257349967956543e-01
3.107576966285705566e-01
3.094564080238342285e-01
3.107015192508697510e-01
3.075930774211883545e-01
3.061940670013427734e-01
3.034133911132812500e-01
3.094858229160308838e-01
3.051261007785797119e-01
3.055886924266815186e-01
3.039427995681762695e-01
3.053225278854370117e-01
3.046500384807586670e-01
3.016095757484436035e-01
3.034557104110717773e-01
3.055413961410522461e-01
3.026131987571716309e-01
3.071490824222564697e-01
3.047349750995635986e-01
3.021782934665679932e-01
3.011142313480377197e-01
3.006796836853027344e-01
2.968866527080535889e-01
2.974242568016052246e-01
2.977150380611419678e-01
2.972294390201568604e-01
2.968433499336242676e-01
2.983466088771820068e-01
2.954397797584533691e-01
2.956214249134063721e-01
2.930994033813476562e-01
3.027502000331878662e-01
2.926325798034667969e-01
2.908162772655487061e-01
2.940356135368347168e-01
2.943871915340423584e-01
2.938573360443115234e-01
2.911394536495208740e-01
2.909853756427764893e-01
2.915388345718383789e-01
2.911009788513183594e-01
2.897396087646484375e-01
2.903629839420318604e-01
2.939729988574981689e-01
2.914217412471771240e-01
2.884875535964965820e-01
2.892821133136749268e-01
2.872299849987030029e-01
2.864054441452026367e-01
2.885542511940002441e-01
2.852138876914978027e-01
2.886862456798553467e-01
2.892780601978302002e-01
2.830486893653869629e-01
2.868025302886962891e-01
2.878066897392272949e-01
2.859168052673339844e-01
2.824173271656036377e-01
2.882915437221527100e-01
2.837382853031158447e-01
2.858137190341949463e-01
2.851674258708953857e-01
2.787707746028900146e-01
2.864089012145996094e-01
2.848107814788818359e-01
2.814567089080810547e-01
2.816953659057617188e-01
2.810491323471069336e-01
2.797598540782928467e-01
2.788709104061126709e-01
2.811642587184906006e-01
2.792614102363586426e-01
2.767496109008789062e-01
2.777203321456909180e-01
2.780613601207733154e-01
2.781538069248199463e-01
2.768073081970214844e-01
2.772260606288909912e-01
2.747139632701873779e-01
2.738581001758575439e-01
2.759751975536346436e-01
2.767626047134399414e-01
2.745746970176696777e-01
2.710420489311218262e-01
2.772029638290405273e-01
2.711173295974731445e-01
2.729153037071228027e-01
2.726292610168457031e-01
2.764682173728942871e-01
2.730972468852996826e-01
2.691260576248168945e-01
2.729247808456420898e-01
2.716890275478363037e-01
2.670929729938507080e-01
2.701639235019683838e-01
2.692183554172515869e-01
2.691407203674316406e-01
2.695889472961425781e-01
2.708937823772430420e-01
2.680641114711761475e-01
2.651105523109436035e-01
2.661512792110443115e-01
2.684557437896728516e-01
2.668154835700988770e-01
2.648700475692749023e-01
2.642716765403747559e-01
2.669797539710998535e-01
2.642726898193359375e-01
2.630898356437683105e-01
2.655627131462097168e-01
2.631539404392242432e-01
2.618425786495208740e-01
2.631223499774932861e-01
2.619136869907379150e-01
2.634972929954528809e-01
2.610515356063842773e-01
2.660725116729736328e-01
2.575540840625762939e-01
2.621980607509613037e-01
2.613303661346435547e-01
2.575013339519500732e-01
2.572174072265625000e-01
2.570311725139617920e-01
2.622255980968475342e-01
2.602483928203582764e-01
2.577556669712066650e-01
2.571882605552673340e-01
2.583388090133666992e-01
2.540239989757537842e-01
2.583578526973724365e-01
2.530319690704345703e-01
2.537215948104858398e-01
2.589089274406433105e-01
2.553882300853729248e-01
2.566162645816802979e-01
2.567254602909088135e-01
2.562602162361145020e-01
2.541130483150482178e-01
2.523495554924011230e-01
2.529710531234741211e-01
2.533259689807891846e-01
2.527216970920562744e-01
2.502513527870178223e-01
2.504085004329681396e-01
2.546189129352569580e-01
2.531702816486358643e-01
2.512029707431793213e-01
2.531037628650665283e-01
2.525956034660339355e-01
2.503495812416076660e-01
2.454369515180587769e-01
2.489667236804962158e-01
2.490053325891494751e-01
2.514347732067108154e-01
2.505759298801422119e-01
2.493468672037124634e-01
2.473063170909881592e-01
2.481873184442520142e-01
2.469226121902465820e-01
2.471230179071426392e-01
2.506848871707916260e-01
2.486258000135421753e-01
2.429004311561584473e-01
2.453614473342895508e-01
2.460416108369827271e-01
2.441966235637664795e-01
2.427078485488891602e-01
2.457604408264160156e-01
2.430748641490936279e-01
2.445953637361526489e-01
2.445226162672042847e-01
2.447093427181243896e-01
2.440903186798095703e-01
2.444292157888412476e-01
2.459507435560226440e-01
2.456760406494140625e-01
2.411815524101257324e-01
2.434655129909515381e-01
2.453182339668273926e-01
2.400459051132202148e-01
2.431074380874633789e-01
2.420433610677719116e-01
2.418180257081985474e-01
2.404668629169464111e-01
2.412894815206527710e-01
2.387806177139282227e-01
2.389965355396270752e-01
2.438863515853881836e-01
2.432266026735305786e-01
2.400936633348464966e-01
2.384128719568252563e-01
2.386657893657684326e-01
2.379736304283142090e-01
2.407377064228057861e-01
2.388239353895187378e-01
2.346426546573638916e-01
2.390770167112350464e-01
2.404186576604843140e-01
2.360554486513137817e-01
2.390798628330230713e-01
2.358433008193969727e-01
2.361071556806564331e-01
2.323286980390548706e-01
2.335258126258850098e-01
2.335049659013748169e-01
2.351853847503662109e-01
2.349811345338821411e-01
2.332285493612289429e-01
2.313519418239593506e-01
2.329890429973602295e-01
2.327414453029632568e-01
2.360357940196990967e-01
2.329551875591278076e-01
2.347268611192703247e-01
2.367054224014282227e-01
2.337378710508346558e-01
2.341998368501663208e-01
2.308755666017532349e-01
2.285296916961669922e-01
2.495813816785812378e-01
2.540040016174316406e-01
2.534165680408477783e-01
2.475837767124176025e-01
2.504911720752716064e-01
2.541928589344024658e-01
2.542557716369628906e-01
2.522504925727844238e-01
2.522675991058349609e-01
2.516642808914184570e-01
2.538007795810699463e-01
2.502277493476867676e-01
2.508579194545745850e-01
2.486968189477920532e-01
2.485930919647216797e-01
2.520728409290313721e-01
2.514610290527343750e-01
2.465693205595016479e-01
2.491845339536666870e-01
2.501334249973297119e-01
2.502085268497467041e-01
2.474992871284484863e-01
2.495911419391632080e-01
2.490261346101760864e-01
2.455725967884063721e-01
2.472362071275711060e-01
2.469527274370193481e-01
2.467911094427108765e-01
2.455629557371139526e-01
2.486213296651840210e-01
2.478621155023574829e-01
2.473095655441284180e-01
2.435187697410583496e-01
2.481446713209152222e-01
2.463689744472503662e-01
2.474652826786041260e-01
2.453800886869430542e-01
2.478036284446716309e-01
2.432544827461242676e-01
2.461751252412796021e-01
2.470823824405670166e-01
2.404193282127380371e-01
2.437245696783065796e-01
2.441910207271575928e-01
2.442387193441390991e-01
2.432645112276077271e-01
2.440671175718307495e-01
2.456860840320587158e-01
2.428304404020309448e-01
2.451313287019729614e-01
2.436386942863464355e-01
2.451143711805343628e-01
2.411190420389175415e-01
2.426399439573287964e-01
2.434127479791641235e-01
2.435955703258514404e-01
2.419869005680084229e-01
2.420965731143951416e-01
2.442076504230499268e-01
2.451268881559371948e-01
2.413864135742187500e-01
2.438032180070877075e-01
2.389714717864990234e-01
2.429047524929046631e-01
2.427088767290115356e-01
2.411641776561737061e-01
2.393821328878402710e-01
2.416362017393112183e-01
2.394231706857681274e-01
2.405513525009155273e-01
2.388939708471298218e-01
2.380733340978622437e-01
2.405362427234649658e-01
2.404066622257232666e-01
2.413196861743927002e-01
2.362940758466720581e-01
2.392369061708450317e-01
2.404973506927490234e-01
2.380381971597671509e-01
2.405174523591995239e-01
2.391352802515029907e-01
2.385170012712478638e-01
2.414551973342895508e-01
2.399659007787704468e-01
2.398352175951004028e-01
2.410623431205749512e-01
2.360630333423614502e-01
2.379313558340072632e-01
2.376349717378616333e-01
2.384995669126510620e-01
2.403289675712585449e-01
2.390947490930557251e-01
2.388362437486648560e-01
2.360464632511138916e-01
2.348676025867462158e-01
2.369890213012695312e-01
2.367716282606124878e-01
2.404950708150863647e-01
2.369313240051269531e-01
2.367201745510101318e-01
2.377744913101196289e-01
2.338907420635223389e-01
2.356665283441543579e-01
2.368207424879074097e-01
2.364812493324279785e-01
2.345824092626571655e-01
2.367928624153137207e-01
2.372773289680480957e-01
2.366334348917007446e-01
2.364602535963058472e-01
2.360130697488784790e-01
2.384348362684249878e-01
2.329895496368408203e-01
2.342446148395538330e-01
2.357409298419952393e-01
2.329985946416854858e-01
2.353767901659011841e-01
2.349845468997955322e-01
2.365219295024871826e-01
2.307191789150238037e-01
2.334046065807342529e-01
2.364099472761154175e-01
2.359710782766342163e-01
2.301916629076004028e-01
2.330284267663955688e-01
2.342565357685089111e-01
2.336516231298446655e-01
2.345263063907623291e-01
2.355559319257736206e-01
2.325784265995025635e-01
2.307074517011642456e-01
2.342718690633773804e-01
2.350486367940902710e-01
2.337626069784164429e-01
2.325181961059570312e-01
2.311860322952270508e-01
2.341242730617523193e-01
2.339968830347061157e-01
2.321991324424743652e-01
2.326160371303558350e-01
2.335788160562515259e-01
2.341478019952774048e-01
2.300595194101333618e-01
2.325466722249984741e-01
2.328850179910659790e-01
2.306801527738571167e-01
2.312692105770111084e-01
2.308602631092071533e-01
2.289622277021408081e-01
2.325475811958312988e-01
2.305415868759155273e-01
2.280029207468032837e-01
2.309374064207077026e-01
2.298544198274612427e-01
2.314051836729049683e-01
2.327416837215423584e-01
2.312028855085372925e-01
2.312570363283157349e-01
2.282870858907699585e-01
2.312177270650863647e-01
2.308963835239410400e-01
2.283443212509155273e-01
2.299977689981460571e-01
2.296185642480850220e-01
2.303713858127593994e-01
2.283602803945541382e-01
2.292928993701934814e-01
2.274637073278427124e-01
2.326373904943466187e-01
2.287081629037857056e-01
2.275161743164062500e-01
2.279646098613739014e-01
2.282554805278778076e-01
2.327339053153991699e-01
2.286080121994018555e-01
2.268138229846954346e-01
2.285172194242477417e-01
2.291885465383529663e-01
2.307208925485610962e-01
2.271317392587661743e-01
2.290176898241043091e-01
2.278229594230651855e-01
2.302075773477554321e-01
2.287708520889282227e-01
2.300001382827758789e-01
2.257235050201416016e-01
2.273833453655242920e-01
2.281813770532608032e-01
2.260903716087341309e-01
2.272078990936279297e-01
2.298149615526199341e-01
2.290650904178619385e-01
2.268466502428054810e-01
2.288844436407089233e-01
2.268972396850585938e-01
2.279164642095565796e-01
2.285096049308776855e-01
2.248864769935607910e-01
2.268004566431045532e-01
2.280518561601638794e-01
2.232115417718887329e-01
2.262241244316101074e-01
2.261911779642105103e-01
2.267205119132995605e-01
2.299947738647460938e-01
2.280036211013793945e-01
2.274945229291915894e-01
2.243451029062271118e-01
2.257927060127258301e-01
2.282723337411880493e-01
2.276501953601837158e-01
2.270674109458923340e-01
2.243237495422363281e-01
2.236972153186798096e-01
2.243155539035797119e-01
2.266092598438262939e-01
2.232293337583541870e-01
2.226940840482711792e-01
2.220209091901779175e-01
2.262882292270660400e-01
2.251740992069244385e-01
2.251621186733245850e-01
2.222001850605010986e-01
2.237427681684494019e-01
2.236970663070678711e-01
2.221843749284744263e-01
2.213409692049026489e-01
2.225755453109741211e-01
2.259183377027511597e-01
2.244824618101119995e-01
2.268490493297576904e-01
2.207091897726058960e-01
2.254707068204879761e-01
2.235590666532516479e-01
2.240615934133529663e-01
2.267602831125259399e-01
2.257123887538909912e-01
2.226380109786987305e-01
2.235232591629028320e-01
2.203439772129058838e-01
2.225045412778854370e-01
2.221819609403610229e-01
2.243505567312240601e-01
2.239562273025512695e-01
2.195433080196380615e-01
2.219425886869430542e-01
2.229468077421188354e-01
2.241410017013549805e-01
2.246255576610565186e-01
2.245780229568481445e-01
2.208716422319412231e-01
2.228213101625442505e-01
2.240387946367263794e-01
2.194024026393890381e-01
2.225980758666992188e-01
2.210259288549423218e-01
2.221414893865585327e-01
2.191216200590133667e-01
2.193217575550079346e-01
2.233614474534988403e-01
2.231817543506622314e-01
2.266197949647903442e-01
2.210048735141754150e-01
2.202377319335937500e-01
2.212017476558685303e-01
2.208831906318664551e-01
2.196967601776123047e-01
2.190381437540054321e-01
2.211627215147018433e-01
2.188373208045959473e-01
2.223824411630630493e-01
2.210897803306579590e-01
2.235719263553619385e-01
2.211064249277114868e-01
2.194470167160034180e-01
2.180878072977066040e-01
2.220553308725357056e-01
2.189227789640426636e-01
2.212283909320831299e-01
2.185585796833038330e-01
2.194692343473434448e-01
2.207902371883392334e-01
2.215801626443862915e-01
2.211945950984954834e-01
2.188734114170074463e-01
2.194505333900451660e-01
2.186311483383178711e-01
2.225848287343978882e-01
2.180132716894149780e-01
2.173074036836624146e-01
2.203091681003570557e-01
2.202544957399368286e-01
2.183008641004562378e-01
2.188910990953445435e-01
2.170769274234771729e-01
2.233405113220214844e-01
2.191491276025772095e-01
2.206563055515289307e-01
2.213957160711288452e-01
2.176585197448730469e-01
2.189451605081558228e-01
2.207610309123992920e-01
2.164260894060134888e-01
2.197740525007247925e-01
2.181090414524078369e-01
2.203301340341567993e-01
2.155503332614898682e-01
2.173450738191604614e-01
2.193245738744735718e-01
2.200147062540054321e-01
2.213756591081619263e-01
2.168484777212142944e-01
2.157712578773498535e-01
2.165372073650360107e-01
2.177073061466217041e-01
2.192890942096710205e-01
2.153047025203704834e-01
2.155741304159164429e-01
2.203604131937026978e-01
2.183519452810287476e-01
2.185504883527755737e-01
2.169264853000640869e-01
2.177304178476333618e-01
2.163141667842864990e-01
2.172647267580032349e-01
2.178302258253097534e-01
2.188909351825714111e-01
2.198779433965682983e-01
2.184354662895202637e-01
2.147878855466842651e-01
2.172720879316329956e-01
2.173426747322082520e-01
2.164571881294250488e-01
2.177152335643768311e-01
2.154716998338699341e-01
2.164583951234817505e-01
2.163189500570297241e-01
2.147820144891738892e-01
2.186198234558105469e-01
2.145179659128189087e-01
2.160561680793762207e-01
2.164877802133560181e-01
2.150772511959075928e-01
2.167980223894119263e-01
2.172295004129409790e-01
2.167315781116485596e-01
2.166981995105743408e-01
2.155316621065139771e-01
2.166240364313125610e-01
2.138845473527908325e-01
2.154509276151657104e-01
2.172344177961349487e-01
2.133373320102691650e-01
2.160437405109405518e-01
2.142048627138137817e-01
2.171173095703125000e-01
2.127689570188522339e-01
2.182658612728118896e-01
2.149775326251983643e-01
2.153597027063369751e-01
2.120211422443389893e-01
2.159784138202667236e-01
2.173417657613754272e-01
2.114952504634857178e-01
2.129683196544647217e-01
2.146423161029815674e-01
2.110892534255981445e-01
2.136257886886596680e-01
2.146404236555099487e-01
2.149658799171447754e-01
2.124217748641967773e-01
2.157427817583084106e-01
2.159691154956817627e-01
2.144790589809417725e-01
2.149808853864669800e-01
2.127279043197631836e-01
2.152859270572662354e-01
2.164380550384521484e-01
2.133912295103073120e-01
2.151871770620346069e-01
2.157983630895614624e-01
2.161664664745330811e-01
2.133126407861709595e-01
2.099905461072921753e-01
2.136228829622268677e-01
2.119507640600204468e-01
2.117655724287033081e-01
2.110917717218399048e-01
2.130704075098037720e-01
2.119905501604080200e-01
2.132100015878677368e-01
2.120138257741928101e-01
2.114800512790679932e-01
2.123364806175231934e-01
2.137901186943054199e-01
2.136144340038299561e-01
2.123038768768310547e-01
2.136521488428115845e-01
2.140003591775894165e-01
2.091274112462997437e-01
2.105330824851989746e-01
2.114915847778320312e-01
2.116612941026687622e-01
2.103932201862335205e-01
2.122074663639068604e-01
2.115134000778198242e-01
2.109278291463851929e-01
2.168926000595092773e-01
2.132372409105300903e-01
2.137596309185028076e-01
2.111112922430038452e-01
2.125969231128692627e-01
2.118657976388931274e-01
2.108716666698455811e-01
2.125655114650726318e-01
2.109440863132476807e-01
2.117801159620285034e-01
2.098527997732162476e-01
2.089036405086517334e-01
2.099379301071166992e-01
2.105384767055511475e-01
2.147424966096878052e-01
2.108132988214492798e-01
2.102921754121780396e-01
2.092756778001785278e-01
2.105780541896820068e-01
2.106089890003204346e-01
2.103002667427062988e-01
2.112751752138137817e-01
2.091297805309295654e-01
2.106616646051406860e-01
2.132669538259506226e-01
2.099145203828811646e-01
2.076058834791183472e-01
2.119733840227127075e-01
2.095434963703155518e-01
2.110990434885025024e-01
2.117941081523895264e-01
2.089574635028839111e-01
2.088950723409652710e-01
2.080504596233367920e-01
2.112170159816741943e-01
2.078607678413391113e-01
2.090923786163330078e-01
2.112391293048858643e-01
2.117205113172531128e-01
2.090916782617568970e-01
2.101294994354248047e-01
2.108674198389053345e-01
2.097903341054916382e-01
2.120603173971176147e-01
2.095604836940765381e-01
2.114216685295104980e-01
2.079141885042190552e-01
2.092505395412445068e-01
2.098504304885864258e-01
2.079171687364578247e-01
2.096351236104965210e-01
2.090539187192916870e-01
2.098810821771621704e-01
2.079454660415649414e-01
2.106622904539108276e-01
2.083565443754196167e-01
2.102045118808746338e-01
2.105268687009811401e-01
2.057535052299499512e-01
2.077692449092864990e-01
2.075504362583160400e-01
2.070592343807220459e-01
2.089381068944931030e-01
2.113161236047744751e-01
2.105873972177505493e-01
2.097368538379669189e-01
2.111775875091552734e-01
2.081678211688995361e-01
2.092913687229156494e-01
2.083745002746582031e-01
2.096396833658218384e-01
2.098416388034820557e-01
2.090035080909729004e-01
2.084377706050872803e-01
2.064314931631088257e-01
2.079151123762130737e-01
2.086087316274642944e-01
2.082126289606094360e-01
2.084485739469528198e-01
2.082742303609848022e-01
2.096805125474929810e-01
2.083175629377365112e-01
2.096062898635864258e-01
2.087176740169525146e-01
2.068644613027572632e-01
2.061532437801361084e-01
2.048336565494537354e-01
2.095867991447448730e-01
2.075243443250656128e-01
2.075617164373397827e-01
2.065189480781555176e-01
2.075794041156768799e-01
2.046736329793930054e-01
2.064625918865203857e-01
2.069334238767623901e-01
2.039448022842407227e-01
2.086475342512130737e-01
2.089624255895614624e-01
2.070417404174804688e-01
2.072703391313552856e-01
2.102990597486495972e-01
2.058241516351699829e-01
2.058197557926177979e-01
2.050002962350845337e-01
2.058535367250442505e-01
2.053207159042358398e-01
2.078803479671478271e-01
2.059843689203262329e-01
2.030029743909835815e-01
2.064992189407348633e-01
2.062096744775772095e-01
2.058248817920684814e-01
2.055696249008178711e-01
2.080019265413284302e-01
2.060196697711944580e-01
2.070980519056320190e-01
2.054099887609481812e-01
2.040652185678482056e-01
2.055519521236419678e-01
2.066058963537216187e-01
2.067860215902328491e-01
2.053501754999160767e-01
2.034092992544174194e-01
2.068098485469818115e-01
2.046568840742111206e-01
2.045116424560546875e-01
2.045553475618362427e-01
2.033418715000152588e-01
2.029359340667724609e-01
2.039171904325485229e-01
2.047281861305236816e-01
2.025607228279113770e-01
2.020759135484695435e-01
2.038819938898086548e-01
2.078886330127716064e-01
2.061146646738052368e-01
2.067334651947021484e-01
2.063892930746078491e-01
2.064062207937240601e-01
2.046973556280136108e-01
2.037310600280761719e-01
2.034157663583755493e-01
2.030441462993621826e-01
2.056581974029541016e-01
2.035044878721237183e-01
2.053760886192321777e-01
2.054913341999053955e-01
2.040608674287796021e-01
2.052905708551406860e-01
2.040623575448989868e-01
2.048044502735137939e-01
2.004546076059341431e-01
2.041934728622436523e-01
2.049269080162048340e-01
2.034512609243392944e-01
2.040939331054687500e-01
2.057332694530487061e-01
2.048762440681457520e-01
2.031942009925842285e-01
2.041942328214645386e-01
2.047283202409744263e-01
2.058991044759750366e-01
2.043890655040740967e-01
2.015881836414337158e-01
2.032438814640045166e-01
2.057309001684188843e-01
2.053513377904891968e-01
2.040181607007980347e-01
2.017589509487152100e-01
2.044773846864700317e-01
2.032869756221771240e-01
2.028789222240447998e-01
2.041115611791610718e-01
2.008157819509506226e-01
2.059765011072158813e-01
2.053702026605606079e-01
2.014259099960327148e-01
2.048768848180770874e-01
2.048712670803070068e-01
2.024052143096923828e-01
2.035446017980575562e-01
2.047976702451705933e-01
2.034818083047866821e-01
2.035097479820251465e-01
2.029397636651992798e-01
2.035550028085708618e-01
2.044844925403594971e-01
2.050508409738540649e-01
2.024159431457519531e-01
2.031406015157699585e-01
2.013150006532669067e-01
2.034772336483001709e-01
2.027281820774078369e-01
2.048939615488052368e-01
2.036766558885574341e-01
2.026560753583908081e-01
2.050520032644271851e-01
2.037302106618881226e-01
2.040702253580093384e-01
2.023866623640060425e-01
2.004313170909881592e-01
1.997163146734237671e-01
2.016009241342544556e-01
2.019693553447723389e-01
2.036671489477157593e-01
2.044973671436309814e-01
2.024668604135513306e-01
2.045513093471527100e-01
2.024769186973571777e-01
2.018586993217468262e-01
1.993860602378845215e-01
2.031874507665634155e-01
2.026253342628479004e-01
2.022394984960556030e-01
2.023513168096542358e-01
2.012691199779510498e-01
2.025532126426696777e-01
2.035558521747589111e-01
2.002888172864913940e-01
2.035927027463912964e-01
2.028341591358184814e-01
2.018420100212097168e-01
2.015077471733093262e-01
2.044348269701004028e-01
2.041188627481460571e-01
2.031199932098388672e-01
1.990194618701934814e-01
2.032980471849441528e-01
2.009356766939163208e-01
2.039358168840408325e-01
2.016623765230178833e-01
2.024690657854080200e-01
1.990640312433242798e-01
2.023036628961563110e-01
2.032765597105026245e-01
1.989886015653610229e-01
2.022888064384460449e-01
2.058802545070648193e-01
2.001319974660873413e-01
2.008464485406875610e-01
1.998078376054763794e-01
2.005416005849838257e-01
2.017732113599777222e-01
2.014314532279968262e-01
2.001923620700836182e-01
2.016812711954116821e-01
2.019014358520507812e-01
1.990595012903213501e-01
2.012499719858169556e-01
2.004866749048233032e-01
1.998218297958374023e-01
1.998586654663085938e-01
1.987108439207077026e-01
2.001451849937438965e-01
2.012663483619689941e-01
2.023465186357498169e-01
2.021614313125610352e-01
2.014763355255126953e-01
2.004374414682388306e-01
1.980877667665481567e-01
1.989271342754364014e-01
2.007838338613510132e-01
1.970115154981613159e-01
2.000413984060287476e-01
2.007746696472167969e-01
2.000035643577575684e-01
2.000184208154678345e-01
2.004638165235519409e-01
2.011500447988510132e-01
1.980554461479187012e-01
1.961036324501037598e-01
2.020833194255828857e-01
2.010487169027328491e-01
1.974696516990661621e-01
1.972410678863525391e-01
1.994672715663909912e-01
2.007102966308593750e-01
2.008186280727386475e-01
1.990865617990493774e-01
1.973842978477478027e-01
2.004460245370864868e-01
2.015810161828994751e-01
1.990340054035186768e-01
1.966908574104309082e-01
1.993224620819091797e-01
2.009764313697814941e-01
2.013823986053466797e-01
1.974960863590240479e-01
1.973647177219390869e-01
2.018831223249435425e-01
1.992102563381195068e-01
1.999862194061279297e-01
1.972214430570602417e-01
2.000452131032943726e-01
2.022051215171813965e-01
1.974696069955825806e-01
1.986047625541687012e-01
2.002595365047454834e-01
1.998528987169265747e-01
1.982198953628540039e-01
1.976449042558670044e-01
1.984374374151229858e-01
1.981302350759506226e-01
2.007894068956375122e-01
2.014556378126144409e-01
1.993442177772521973e-01
1.984908431768417358e-01
1.999422013759613037e-01
2.004413306713104248e-01
1.974152624607086182e-01
1.999912410974502563e-01
1.991131901741027832e-01
1.992044895887374878e-01
2.005734890699386597e-01
2.001265287399291992e-01
1.988572627305984497e-01
1.995396316051483154e-01
1.967833936214447021e-01
2.014998197555541992e-01
2.046009302139282227e-01
1.982564479112625122e-01
1.984128654003143311e-01
2.006398886442184448e-01
1.988763362169265747e-01
1.979214549064636230e-01
1.999060809612274170e-01
1.983670741319656372e-01
1.997036039829254150e-01
1.994578689336776733e-01
1.977154910564422607e-01
1.966927945613861084e-01
1.977123469114303589e-01
1.968457847833633423e-01
1.981649994850158691e-01
1.983242183923721313e-01
1.960266381502151489e-01
1.990016698837280273e-01
1.980844289064407349e-01
1.997663676738739014e-01
1.965918093919754028e-01
1.949565559625625610e-01
2.000283449888229370e-01
1.979826092720031738e-01
1.962217539548873901e-01
1.980838328599929810e-01
1.992601156234741211e-01
1.988914012908935547e-01
1.987767964601516724e-01
1.985339820384979248e-01
1.995404511690139771e-01
1.987899243831634521e-01
1.991060972213745117e-01
1.999941021203994751e-01
1.980424970388412476e-01
1.957501024007797241e-01
1.962049752473831177e-01
1.981798559427261353e-01
1.991987228393554688e-01
1.979506015777587891e-01
1.970970928668975830e-01
1.962012052536010742e-01
1.952827274799346924e-01
1.945671290159225464e-01
1.962371021509170532e-01
1.966644078493118286e-01
1.986337304115295410e-01
1.958816051483154297e-01
1.974983215332031250e-01
1.979780942201614380e-01
1.996867954730987549e-01
1.962209194898605347e-01
1.944117546081542969e-01
1.982361823320388794e-01
1.942171603441238403e-01
1.955258399248123169e-01
1.947727948427200317e-01
1.940064728260040283e-01
1.970406472682952881e-01
1.995989531278610229e-01
1.963418573141098022e-01
1.967726349830627441e-01
1.969293802976608276e-01
1.989408731460571289e-01
1.950039863586425781e-01
1.976333856582641602e-01
1.963915079832077026e-01
1.968537420034408569e-01
1.971364468336105347e-01
1.973450183868408203e-01
1.960888653993606567e-01
1.985250413417816162e-01
1.963686645030975342e-01
1.963903456926345825e-01
1.987784504890441895e-01
1.963498294353485107e-01
1.957269161939620972e-01
1.942380517721176147e-01
1.966047585010528564e-01
1.966217458248138428e-01
1.961746513843536377e-01
1.981263607740402222e-01
1.948013901710510254e-01
1.947781294584274292e-01
1.975777000188827515e-01
1.959755718708038330e-01
1.959361433982849121e-01
1.952501684427261353e-01
1.944905668497085571e-01
1.957283318042755127e-01
1.955535113811492920e-01
1.951728910207748413e-01
1.930546164512634277e-01
1.961168944835662842e-01
1.963423043489456177e-01
1.962769180536270142e-01
1.929895579814910889e-01
1.962334215641021729e-01
1.933401823043823242e-01
1.968445479869842529e-01
1.940531879663467407e-01
1.982732713222503662e-01
1.944423317909240723e-01
1.970328241586685181e-01
1.953932046890258789e-01
1.953573226928710938e-01
1.938384622335433960e-01
1.960392445325851440e-01
1.929074674844741821e-01
1.940232813358306885e-01
1.936328560113906860e-01
1.946061253547668457e-01
1.938342154026031494e-01
1.940195709466934204e-01
1.968205124139785767e-01
1.957201659679412842e-01
1.960069686174392700e-01
1.939878463745117188e-01
1.946481168270111084e-01
1.919060349464416504e-01
1.944095045328140259e-01
1.948547065258026123e-01
1.964022666215896606e-01
1.949428468942642212e-01
1.945843398571014404e-01
1.968594193458557129e-01
1.956119686365127563e-01
1.959141641855239868e-01
1.960757225751876831e-01
1.918096393346786499e-01
1.935347467660903931e-01
1.916096657514572144e-01
1.955132633447647095e-01
1.956104636192321777e-01
1.931165307760238647e-01
1.939794272184371948e-01
1.969398409128189087e-01
1.936396807432174683e-01
1.939077973365783691e-01
1.923287212848663330e-01
1.914189904928207397e-01
1.942327320575714111e-01
1.932728439569473267e-01
1.938276290893554688e-01
1.924297660589218140e-01
1.937182396650314331e-01
1.932150274515151978e-01
1.940305978059768677e-01
1.899326592683792114e-01
1.944431960582733154e-01
1.936003714799880981e-01
1.963652670383453369e-01
1.959616988897323608e-01
1.960607320070266724e-01
1.931319534778594971e-01
1.924849003553390503e-01
1.938975751399993896e-01
1.947212368249893188e-01
1.941056251525878906e-01
1.927699595689773560e-01
1.943588256835937500e-01
1.953934729099273682e-01
1.954869329929351807e-01
1.918880194425582886e-01
1.924109458923339844e-01
1.950739920139312744e-01
1.921173185110092163e-01
1.918579339981079102e-01
1.936880350112915039e-01
1.938394755125045776e-01
1.942750215530395508e-01
1.933779120445251465e-01
1.925653368234634399e-01
1.907038837671279907e-01
1.936149895191192627e-01
1.933525651693344116e-01
1.941549628973007202e-01
1.908989250659942627e-01
1.923878937959671021e-01
1.916477829217910767e-01
1.918848603963851929e-01
1.913324147462844849e-01
1.919568628072738647e-01
1.935668885707855225e-01
1.925257742404937744e-01
1.930492669343948364e-01
1.930213719606399536e-01
1.931473016738891602e-01
1.934100836515426636e-01
1.912989318370819092e-01
1.935210078954696655e-01
1.948452144861221313e-01
1.927514672279357910e-01
1.918531358242034912e-01
1.896182298660278320e-01
1.923991292715072632e-01
1.924438774585723877e-01
1.911424100399017334e-01
1.952452957630157471e-01
1.946525573730468750e-01
1.914031356573104858e-01
1.907251030206680298e-01
1.968588680028915405e-01
1.931918710470199585e-01
1.893921494483947754e-01
1.903084069490432739e-01
1.940087676048278809e-01
1.921660602092742920e-01
1.906770616769790649e-01
1.921088099479675293e-01
1.924563497304916382e-01
1.907924711704254150e-01
1.914275586605072021e-01
1.925818771123886108e-01
1.922730356454849243e-01
1.912692189216613770e-01
1.898522228002548218e-01
1.912930458784103394e-01
1.937962323427200317e-01
1.895989924669265747e-01
1.906144469976425171e-01
1.893134415149688721e-01
1.907376348972320557e-01
1.927207112312316895e-01
1.923312246799468994e-01
1.921232342720031738e-01
1.911599785089492798e-01
1.933350563049316406e-01
1.926804780960083008e-01
1.936397403478622437e-01
1.919997185468673706e-01
1.940449476242065430e-01
1.918828785419464111e-01
1.880930662155151367e-01
1.912351250648498535e-01
1.897895336151123047e-01
1.912500113248825073e-01
1.902256906032562256e-01
1.898271143436431885e-01
1.887661814689636230e-01
1.940222382545471191e-01
1.893753111362457275e-01
1.928215324878692627e-01
1.909889280796051025e-01
1.921440511941909790e-01
1.921533644199371338e-01
1.905164271593093872e-01
1.909419298171997070e-01
1.941092461347579956e-01
1.908434778451919556e-01
1.909477114677429199e-01
1.916319131851196289e-01
1.893770396709442139e-01
1.901170164346694946e-01
1.931990832090377808e-01
1.919156759977340698e-01
1.925738453865051270e-01
1.888815313577651978e-01
1.906933486461639404e-01
1.906722038984298706e-01
1.886600553989410400e-01
1.919657886028289795e-01
1.876247674226760864e-01
1.900507062673568726e-01
1.909224689006805420e-01
1.908731013536453247e-01
1.910540610551834106e-01
1.904044598340988159e-01
1.891120821237564087e-01
1.931517273187637329e-01
1.893304288387298584e-01
1.906007379293441772e-01
1.923979222774505615e-01
1.895985007286071777e-01
1.913544833660125732e-01
1.881350129842758179e-01
1.890578716993331909e-01
1.918832361698150635e-01
1.921281665563583374e-01
1.897729039192199707e-01
1.894860863685607910e-01
1.913259327411651611e-01
1.874930411577224731e-01
1.902541816234588623e-01
1.898907274007797241e-01
1.873497962951660156e-01
1.920445412397384644e-01
1.914723664522171021e-01
1.903676688671112061e-01
1.888916790485382080e-01
1.906062215566635132e-01
1.899466812610626221e-01
1.903330832719802856e-01
1.933406591415405273e-01
1.890128254890441895e-01
1.901438981294631958e-01
1.895438581705093384e-01
1.898339092731475830e-01
1.892398297786712646e-01
1.884682923555374146e-01
1.899443417787551880e-01
1.873586475849151611e-01
1.886741816997528076e-01
1.890144497156143188e-01
1.880114376544952393e-01
1.892647892236709595e-01
1.896281689405441284e-01
1.910131126642227173e-01
1.902375966310501099e-01
1.870121657848358154e-01
1.871888339519500732e-01
1.862760186195373535e-01
1.864425241947174072e-01
1.921112537384033203e-01
1.894344389438629150e-01
1.893442124128341675e-01
1.922158300876617432e-01
1.895140856504440308e-01
1.898334026336669922e-01
1.889861077070236206e-01
1.899193227291107178e-01
1.905477941036224365e-01
1.884777098894119263e-01
1.866898089647293091e-01
1.904726922512054443e-01
1.888000071048736572e-01
1.878202259540557861e-01
1.894789934158325195e-01
1.887572258710861206e-01
1.891888678073883057e-01
1.883963346481323242e-01
1.881424635648727417e-01
1.872245520353317261e-01
1.897538304328918457e-01
1.901559382677078247e-01
1.886981278657913208e-01
1.892783939838409424e-01
1.879986375570297241e-01
1.888390928506851196e-01
1.894036829471588135e-01
1.904026120901107788e-01
1.883689463138580322e-01
1.912532001733779907e-01
1.909455806016921997e-01
1.863347738981246948e-01
1.900282055139541626e-01
1.887540817260742188e-01
1.868038922548294067e-01
1.909412443637847900e-01
1.905796378850936890e-01
1.877810359001159668e-01
1.878061294555664062e-01
1.895288228988647461e-01
1.889156103134155273e-01
1.866776496171951294e-01
1.880163401365280151e-01
1.875735670328140259e-01
1.890632212162017822e-01
1.883760541677474976e-01
1.884927004575729370e-01
1.881431788206100464e-01
1.861977428197860718e-01
1.885847598314285278e-01
1.872489750385284424e-01
1.903759986162185669e-01
1.867060959339141846e-01
1.863155812025070190e-01
1.898207664489746094e-01
1.897887587547302246e-01
1.857118457555770874e-01
1.848238557577133179e-01
1.884554028511047363e-01
1.884310841560363770e-01
1.863475441932678223e-01
