6.575535741448402804e-01
3.217136670649051733e-01
2.573908129334449568e-01
2.110755967348814099e-01
1.874533977359533199e-01
1.781616874784231197e-01
1.572912999242544185e-01
1.515020859986543622e-01
1.422535336390137739e-01
1.170266300067305532e-01
1.060934691876173064e-01
1.114828954637050590e-01
1.023457507416605933e-01
1.017812476120889126e-01
1.023735163733363179e-01
1.078298929706215797e-01
1.048788374289870290e-01
9.965118970721960345e-02
8.284326825290917740e-02
8.008748218417167941e-02
7.525755455717444975e-02
7.975486937910318541e-02
8.210351068526505758e-02
8.342958301305770930e-02
8.055144056677818187e-02
8.100500196218490823e-02
7.663848027586936396e-02
6.163709757849573923e-02
6.574607133865356667e-02
6.038370439782738547e-02
6.527475947514176091e-02
6.314808983355760241e-02
6.621326403692365248e-02
6.623888706788420844e-02
6.570813860744237345e-02
6.287708589807153303e-02
1.878325017541646880e-01
1.941670184955000822e-01
1.836942651495337420e-01
1.888866734504699718e-01
1.984608538821339696e-01
1.820496774092316694e-01
1.679512977227568538e-01
1.836573594808578458e-01
1.799358089640736569e-01
1.363624948821961780e-01
1.346260516904294602e-01
1.389238134026527516e-01
1.499570930004119895e-01
1.430202172324061272e-01
1.339851917885243882e-01
1.387099336832761654e-01
1.523958912491798490e-01
1.374178432114422366e-01
1.074688226170837924e-01
1.016270961426198466e-01
1.019206826575100450e-01
1.125507666729390621e-01
1.135389697831124117e-01
1.165031661279499475e-01
1.121161709446460014e-01
1.221576892584562285e-01
1.150179033167660209e-01
7.219289163127541598e-02
8.457302066497504600e-02
9.133081145584583116e-02
9.025873767212033716e-02
9.224734579678624258e-02
8.901915881782769546e-02
9.440826284699141424e-02
9.848043527454138080e-02
9.669707100838423330e-02
6.922862003790214436e-02
6.675028480589390023e-02
6.680287548806518316e-02
7.712570668198168167e-02
6.669079933781177361e-02
7.794526603072882143e-02
8.371612676419318277e-02
8.687123599462211188e-02
7.053692142944782695e-02
5.130061915609985396e-02
5.602999018970877126e-02
5.343963007908314466e-02
6.367910686880350057e-02
6.643365878611802444e-02
6.474220672622323092e-02
7.056884763296693286e-02
6.820162908639758326e-02
5.880121422931552239e-02
4.693118902156129257e-02
4.418625656166114135e-02
4.924374755704775258e-02
4.779244988691061513e-02
5.327548207715153417e-02
5.487685420084744553e-02
5.546711340546608277e-02
6.092976966407150086e-02
5.528386767953634429e-02
4.285656561842188239e-02
3.817248271312564945e-02
3.958811380260158358e-02
4.206227201037109065e-02
4.709441870916634965e-02
4.742630819091573496e-02
4.413425682228989955e-02
6.119795574108138903e-02
5.287920517148449878e-02
3.831205173395574315e-02
3.888851206051185949e-02
2.988632024440448717e-02
4.078772452659904652e-02
3.720848732278682347e-02
3.820270668424199934e-02
3.675005782279185812e-02
5.650908943498507420e-02
5.006177025614306358e-02
3.307279914326500397e-02
2.963953621103428138e-02
2.744136313383933184e-02
2.985303240711800754e-02
3.468905160058056991e-02
3.488118542474694800e-02
4.056085244723362654e-02
3.839804759714752352e-02
3.999693881487473984e-02
2.579464400303550092e-02
2.349755462637403980e-02
3.218481374788097898e-02
2.989078390528447995e-02
4.724822368472814810e-02
3.966935159871354949e-02
4.586720275226980476e-02
3.608664460014551767e-02
3.602286097026080602e-02
