9.687559008598327637e-01
9.632038474082946777e-01
9.560840129852294922e-01
9.487619400024414062e-01
9.417513608932495117e-01
9.328812956809997559e-01
9.229280948638916016e-01
9.075549840927124023e-01
8.949666023254394531e-01
8.776190280914306641e-01
8.608149290084838867e-01
8.390710353851318359e-01
8.141210675239562988e-01
7.951552867889404297e-01
7.664343714714050293e-01
7.336062192916870117e-01
7.076455354690551758e-01
6.758217215538024902e-01
6.489719152450561523e-01
6.189219355583190918e-01
5.950874090194702148e-01
5.919234752655029297e-01
5.677011609077453613e-01
5.555206537246704102e-01
5.372839570045471191e-01
5.344443321228027344e-01
5.321558713912963867e-01
5.225622057914733887e-01
5.234737992286682129e-01
5.602533221244812012e-01
4.935446083545684814e-01
4.870683550834655762e-01
4.744787812232971191e-01
4.730136096477508545e-01
4.664460122585296631e-01
4.792144000530242920e-01
4.603438079357147217e-01
4.639074504375457764e-01
4.583356082439422607e-01
4.594350755214691162e-01
4.572522044181823730e-01
4.680584371089935303e-01
4.552751481533050537e-01
4.505613148212432861e-01
4.487262666225433350e-01
4.403344988822937012e-01
4.389211833477020264e-01
4.394085407257080078e-01
4.288190901279449463e-01
4.533008337020874023e-01
4.313827157020568848e-01
4.225378632545471191e-01
4.312655031681060791e-01
4.204188883304595947e-01
4.212571978569030762e-01
4.186404943466186523e-01
4.133581519126892090e-01
4.213350713253021240e-01
4.148320555686950684e-01
4.155620932579040527e-01
4.118364751338958740e-01
4.126166403293609619e-01
4.091542363166809082e-01
4.089269638061523438e-01
4.056482017040252686e-01
4.158385097980499268e-01
4.046293795108795166e-01
4.086181521415710449e-01
3.968049287796020508e-01
4.037311375141143799e-01
4.012332558631896973e-01
3.978783190250396729e-01
3.953167498111724854e-01
3.986213207244873047e-01
3.897107541561126709e-01
3.947005569934844971e-01
3.913612067699432373e-01
3.863213360309600830e-01
3.842666447162628174e-01
3.856309950351715088e-01
3.884205222129821777e-01
3.826562464237213135e-01
3.841264843940734863e-01
3.886049687862396240e-01
3.824506700038909912e-01
3.815943896770477295e-01
3.824737370014190674e-01
3.803894817829132080e-01
3.821174502372741699e-01
3.732349574565887451e-01
3.756574988365173340e-01
3.762169480323791504e-01
3.789495825767517090e-01
3.756783604621887207e-01
3.665645420551300049e-01
3.690916001796722412e-01
3.696494698524475098e-01
3.723946511745452881e-01
3.713382780551910400e-01
3.660030066967010498e-01
3.891316354274749756e-01
3.897514045238494873e-01
3.908368349075317383e-01
3.873049318790435791e-01
3.865530788898468018e-01
3.857171237468719482e-01
3.802612125873565674e-01
3.873555362224578857e-01
3.825022876262664795e-01
3.846010863780975342e-01
3.790276348590850830e-01
3.837256133556365967e-01
3.801168203353881836e-01
3.821167945861816406e-01
3.790648579597473145e-01
3.793694674968719482e-01
3.760303556919097900e-01
3.781905770301818848e-01
3.759979605674743652e-01
3.827684819698333740e-01
3.777843117713928223e-01
3.752498030662536621e-01
3.756782114505767822e-01
3.708211481571197510e-01
3.673405051231384277e-01
3.702092170715332031e-01
3.690821826457977295e-01
3.690634965896606445e-01
3.643476366996765137e-01
3.712648451328277588e-01
3.628287911415100098e-01
3.674256205558776855e-01
3.626387119293212891e-01
3.635650277137756348e-01
3.595390021800994873e-01
3.604285120964050293e-01
3.594880104064941406e-01
3.632258474826812744e-01
3.593418896198272705e-01
3.551032245159149170e-01
3.598152101039886475e-01
3.568595349788665771e-01
3.593269884586334229e-01
3.551063239574432373e-01
3.556548357009887695e-01
3.538091778755187988e-01
3.545896708965301514e-01
3.556967973709106445e-01
3.514524400234222412e-01
3.539814054965972900e-01
3.514402508735656738e-01
3.560751974582672119e-01
3.480105698108673096e-01
3.505029678344726562e-01
3.500428199768066406e-01
3.470132648944854736e-01
3.491385281085968018e-01
3.477266132831573486e-01
3.468511998653411865e-01
3.466054797172546387e-01
3.491885662078857422e-01
3.455418348312377930e-01
3.420476913452148438e-01
3.471751511096954346e-01
3.415741622447967529e-01
3.409916460514068604e-01
3.390852808952331543e-01
3.404330313205718994e-01
3.394745886325836182e-01
3.405022621154785156e-01
3.384874463081359863e-01
3.346632122993469238e-01
3.411280810832977295e-01
3.401945531368255615e-01
3.375418782234191895e-01
3.355503678321838379e-01
3.365107476711273193e-01
3.371366560459136963e-01
3.386166989803314209e-01
3.370023071765899658e-01
3.399163186550140381e-01
3.285806477069854736e-01
3.305585980415344238e-01
3.309586644172668457e-01
3.341675400733947754e-01
3.302363753318786621e-01
3.300357460975646973e-01
3.315784633159637451e-01
3.300092220306396484e-01
3.317780494689941406e-01
3.288981914520263672e-01
3.319779932498931885e-01
3.289265334606170654e-01
3.299000561237335205e-01
3.310348093509674072e-01
3.261009454727172852e-01
3.273271024227142334e-01
3.270517289638519287e-01
3.275305032730102539e-01
3.247633874416351318e-01
3.230660557746887207e-01
3.243966400623321533e-01
3.253018260002136230e-01
3.265519440174102783e-01
3.251290619373321533e-01
3.228898048400878906e-01
3.219199478626251221e-01
3.200285732746124268e-01
3.217954337596893311e-01
3.191981315612792969e-01
3.207842707633972168e-01
3.214134275913238525e-01
3.208962976932525635e-01
3.213954269886016846e-01
3.187208473682403564e-01
3.206137120723724365e-01
3.176876902580261230e-01
3.217621743679046631e-01
3.172478377819061279e-01
3.131479024887084961e-01
3.166649639606475830e-01
3.100134134292602539e-01
3.151758611202239990e-01
3.127514123916625977e-01
3.099003136157989502e-01
3.100262880325317383e-01
3.169053494930267334e-01
3.139369785785675049e-01
3.119891285896301270e-01
3.134929537773132324e-01
3.090396225452423096e-01
3.099094629287719727e-01
3.099990189075469971e-01
3.111793398857116699e-01
3.144623637199401855e-01
3.106906116008758545e-01
3.115569055080413818e-01
3.123307824134826660e-01
3.076080977916717529e-01
3.092583417892456055e-01
3.085634112358093262e-01
3.068299293518066406e-01
3.085139691829681396e-01
3.100283443927764893e-01
3.070203065872192383e-01
3.055911660194396973e-01
3.046660125255584717e-01
3.044736385345458984e-01
3.034308254718780518e-01
3.049866259098052979e-01
3.019419908523559570e-01
3.020909130573272705e-01
3.016434013843536377e-01
3.054188489913940430e-01
3.015013337135314941e-01
3.029076159000396729e-01
3.024272620677947998e-01
3.026963472366333008e-01
3.030525743961334229e-01
2.986091077327728271e-01
2.998149096965789795e-01
2.968548238277435303e-01
2.976107895374298096e-01
2.978112399578094482e-01
2.992714047431945801e-01
2.949293851852416992e-01
2.977256774902343750e-01
2.990849316120147705e-01
3.016811013221740723e-01
2.946702539920806885e-01
2.944725453853607178e-01
2.956894934177398682e-01
2.947052717208862305e-01
2.948287725448608398e-01
2.973634004592895508e-01
2.952767014503479004e-01
2.936991453170776367e-01
2.953356206417083740e-01
2.959785759449005127e-01
2.907668054103851318e-01
2.931095659732818604e-01
2.929228544235229492e-01
2.948336899280548096e-01
2.950531244277954102e-01
2.911251485347747803e-01
2.940807044506072998e-01
2.921740412712097168e-01
2.918101549148559570e-01
2.903781533241271973e-01
2.919262945652008057e-01
2.885867059230804443e-01
2.918199598789215088e-01
2.913514077663421631e-01
2.909953892230987549e-01
2.887648344039916992e-01
2.900623381137847900e-01
2.950162589550018311e-01
2.880057990550994873e-01
2.902994155883789062e-01
2.896995246410369873e-01
2.863921821117401123e-01
2.861855626106262207e-01
2.870505750179290771e-01
2.839056253433227539e-01
2.897193133831024170e-01
2.895013391971588135e-01
2.862228751182556152e-01
2.864876985549926758e-01
2.820027768611907959e-01
2.858482599258422852e-01
2.849904000759124756e-01
2.839715182781219482e-01
2.865458130836486816e-01
2.842690646648406982e-01
2.830834984779357910e-01
2.821947932243347168e-01
2.827395498752593994e-01
2.802096903324127197e-01
2.838873863220214844e-01
2.841732501983642578e-01
2.810143530368804932e-01
2.828299701213836670e-01
2.821944952011108398e-01
2.830920517444610596e-01
2.789656817913055420e-01
2.802684605121612549e-01
2.795036435127258301e-01
2.791071534156799316e-01
2.781822085380554199e-01
2.739277482032775879e-01
2.770857810974121094e-01
2.799914777278900146e-01
2.772874832153320312e-01
2.775556743144989014e-01
2.798100709915161133e-01
2.782137691974639893e-01
2.765313088893890381e-01
2.778205275535583496e-01
2.773204147815704346e-01
2.764556407928466797e-01
2.768161892890930176e-01
2.722903192043304443e-01
2.732341587543487549e-01
2.789673209190368652e-01
2.745887637138366699e-01
2.732851803302764893e-01
2.750889658927917480e-01
2.773496806621551514e-01
2.728766500949859619e-01
2.738082110881805420e-01
2.746362090110778809e-01
2.688100337982177734e-01
2.734641134738922119e-01
2.739192545413970947e-01
2.679490745067596436e-01
2.677003443241119385e-01
2.737312912940979004e-01
2.706190645694732666e-01
2.702721953392028809e-01
2.711177766323089600e-01
2.728149294853210449e-01
2.678829431533813477e-01
2.727562487125396729e-01
2.722770869731903076e-01
2.701245546340942383e-01
2.720979154109954834e-01
2.680039703845977783e-01
2.687108516693115234e-01
2.708804011344909668e-01
2.657957971096038818e-01
2.682442963123321533e-01
2.714468538761138916e-01
2.677725851535797119e-01
2.695404291152954102e-01
2.673434019088745117e-01
2.670092284679412842e-01
2.681793570518493652e-01
2.688544094562530518e-01
2.660963535308837891e-01
2.662303447723388672e-01
2.669551670551300049e-01
2.681097984313964844e-01
2.641240060329437256e-01
2.626161873340606689e-01
2.679666876792907715e-01
2.633689343929290771e-01
2.662777602672576904e-01
2.600768208503723145e-01
2.645265758037567139e-01
2.587355375289916992e-01
2.644500732421875000e-01
2.624983489513397217e-01
2.603055238723754883e-01
2.648032605648040771e-01
2.599928379058837891e-01
2.612898647785186768e-01
2.630234360694885254e-01
2.602400779724121094e-01
2.632645666599273682e-01
2.637861967086791992e-01
2.592208683490753174e-01
2.626023292541503906e-01
2.622039020061492920e-01
2.615647614002227783e-01
2.649625837802886963e-01
2.594162523746490479e-01
2.624102532863616943e-01
2.614634931087493896e-01
2.627765536308288574e-01
2.607149779796600342e-01
2.572680711746215820e-01
2.612951397895812988e-01
2.608468830585479736e-01
2.586799860000610352e-01
2.564938068389892578e-01
2.544761598110198975e-01
2.564449906349182129e-01
2.569699585437774658e-01
2.554450035095214844e-01
2.559085786342620850e-01
2.600917518138885498e-01
2.578601837158203125e-01
2.560223042964935303e-01
2.578211426734924316e-01
2.556809186935424805e-01
2.521064877510070801e-01
2.537510693073272705e-01
2.568498253822326660e-01
2.565729320049285889e-01
2.574553489685058594e-01
2.552924454212188721e-01
2.560911178588867188e-01
2.550333440303802490e-01
2.541944980621337891e-01
2.535277307033538818e-01
2.552722096443176270e-01
2.520330846309661865e-01
2.555885612964630127e-01
2.541052103042602539e-01
2.536919116973876953e-01
2.511595189571380615e-01
2.512531876564025879e-01
2.491576373577117920e-01
2.541034817695617676e-01
2.532073557376861572e-01
2.516981661319732666e-01
2.514100074768066406e-01
2.479699105024337769e-01
2.479316592216491699e-01
2.534116506576538086e-01
2.512691318988800049e-01
2.511050403118133545e-01
2.520279586315155029e-01
2.532758414745330811e-01
2.506018579006195068e-01
2.527941763401031494e-01
2.487515062093734741e-01
2.506667673587799072e-01
2.483119815587997437e-01
2.487186789512634277e-01
2.490566968917846680e-01
2.490479797124862671e-01
2.502599954605102539e-01
2.481050342321395874e-01
2.487236112356185913e-01
2.472674846649169922e-01
2.489022165536880493e-01
2.480198442935943604e-01
2.484547197818756104e-01
2.501488626003265381e-01
2.448070049285888672e-01
2.456196397542953491e-01
2.489825934171676636e-01
2.464138418436050415e-01
2.464546114206314087e-01
2.503210902214050293e-01
2.466291040182113647e-01
2.452241182327270508e-01
2.458953559398651123e-01
2.453243881464004517e-01
2.462694495916366577e-01
2.499848008155822754e-01
2.469596862792968750e-01
2.458352446556091309e-01
2.454797923564910889e-01
2.445721924304962158e-01
2.464740574359893799e-01
2.465820908546447754e-01
2.428295910358428955e-01
2.430314719676971436e-01
2.454719990491867065e-01
2.437419891357421875e-01
2.438185960054397583e-01
2.429807782173156738e-01
2.434438318014144897e-01
2.449215352535247803e-01
2.454333007335662842e-01
2.447337508201599121e-01
2.442515492439270020e-01
2.427833080291748047e-01
2.429648041725158691e-01
2.427291572093963623e-01
2.423658519983291626e-01
2.423506081104278564e-01
2.412786036729812622e-01
2.414664179086685181e-01
2.426030933856964111e-01
2.420723289251327515e-01
2.418854981660842896e-01
2.426590472459793091e-01
2.407083362340927124e-01
2.409135997295379639e-01
2.425467669963836670e-01
2.404621839523315430e-01
2.404850572347640991e-01
2.399065196514129639e-01
2.391008138656616211e-01
2.392337471246719360e-01
2.391133457422256470e-01
2.396986335515975952e-01
2.406881600618362427e-01
2.414782047271728516e-01
2.378498911857604980e-01
2.402689754962921143e-01
2.395468354225158691e-01
2.383480519056320190e-01
2.355746626853942871e-01
2.426743656396865845e-01
2.361661344766616821e-01
2.379539459943771362e-01
2.394098043441772461e-01
2.404668331146240234e-01
2.395480275154113770e-01
2.385145127773284912e-01
2.370005100965499878e-01
2.376815378665924072e-01
2.374652326107025146e-01
2.346875071525573730e-01
2.407267540693283081e-01
2.394984513521194458e-01
2.400909513235092163e-01
2.393176704645156860e-01
2.356684207916259766e-01
2.382469475269317627e-01
2.379012256860733032e-01
2.365410625934600830e-01
2.374296337366104126e-01
2.358077317476272583e-01
2.358325123786926270e-01
2.391630858182907104e-01
2.341889441013336182e-01
2.350686490535736084e-01
2.357576638460159302e-01
2.371841222047805786e-01
2.373859584331512451e-01
2.363286763429641724e-01
2.350989580154418945e-01
2.356236129999160767e-01
2.344833463430404663e-01
2.353119254112243652e-01
2.340051233768463135e-01
2.358549088239669800e-01
2.349263280630111694e-01
2.359282225370407104e-01
2.349166572093963623e-01
2.347018122673034668e-01
2.359460592269897461e-01
2.334613054990768433e-01
2.361246496438980103e-01
2.341916710138320923e-01
2.347013503313064575e-01
2.333229631185531616e-01
2.318649142980575562e-01
2.356227636337280273e-01
2.332153022289276123e-01
2.346337139606475830e-01
2.346971482038497925e-01
2.313268482685089111e-01
2.351115196943283081e-01
2.300946712493896484e-01
2.340351641178131104e-01
2.328341901302337646e-01
2.337439805269241333e-01
2.329726070165634155e-01
2.328567951917648315e-01
2.324095368385314941e-01
2.336033433675765991e-01
2.332398444414138794e-01
2.351678013801574707e-01
2.319020181894302368e-01
2.293011993169784546e-01
2.343396097421646118e-01
2.303193211555480957e-01
2.309935092926025391e-01
2.314053773880004883e-01
2.305420041084289551e-01
2.310861051082611084e-01
2.322677820920944214e-01
2.308884114027023315e-01
2.342998236417770386e-01
2.304178923368453979e-01
2.313665896654129028e-01
2.302712649106979370e-01
2.289492934942245483e-01
2.323526144027709961e-01
2.337614297866821289e-01
2.296531051397323608e-01
2.303349971771240234e-01
2.276101112365722656e-01
2.312989979982376099e-01
2.297415733337402344e-01
2.316537648439407349e-01
2.311786562204360962e-01
2.267248481512069702e-01
2.294469773769378662e-01
2.285165339708328247e-01
2.292375713586807251e-01
2.314299941062927246e-01
2.310236990451812744e-01
2.313067317008972168e-01
2.268428057432174683e-01
2.278251796960830688e-01
2.304004728794097900e-01
2.304675281047821045e-01
2.313329428434371948e-01
2.291275262832641602e-01
2.278957962989807129e-01
2.291320413351058960e-01
2.287428230047225952e-01
2.288512885570526123e-01
2.267171889543533325e-01
2.265215665102005005e-01
2.296284437179565430e-01
2.284649163484573364e-01
2.314013838768005371e-01
2.264398038387298584e-01
2.287056446075439453e-01
2.287123501300811768e-01
2.249815016984939575e-01
2.264703512191772461e-01
2.293201535940170288e-01
2.265450954437255859e-01
2.268899083137512207e-01
2.264371812343597412e-01
2.249687910079956055e-01
2.289497852325439453e-01
2.262986749410629272e-01
2.282345294952392578e-01
2.295199334621429443e-01
2.277097254991531372e-01
2.275864630937576294e-01
2.259526252746582031e-01
2.291139960289001465e-01
2.281437963247299194e-01
2.272237092256546021e-01
2.246056199073791504e-01
2.282081097364425659e-01
2.288555353879928589e-01
2.248518913984298706e-01
2.271678447723388672e-01
2.219086289405822754e-01
2.253330498933792114e-01
2.242624759674072266e-01
2.249715179204940796e-01
2.250802963972091675e-01
2.268918752670288086e-01
2.214517444372177124e-01
2.241138815879821777e-01
2.282952666282653809e-01
2.269914299249649048e-01
2.263308018445968628e-01
2.252426147460937500e-01
2.244561761617660522e-01
2.232441753149032593e-01
2.238420993089675903e-01
2.268419116735458374e-01
2.241597026586532593e-01
2.239361852407455444e-01
2.207496613264083862e-01
2.256990224123001099e-01
2.252444326877593994e-01
2.253288775682449341e-01
2.254225909709930420e-01
2.262065261602401733e-01
2.218880206346511841e-01
2.224826961755752563e-01
2.223049700260162354e-01
2.255390435457229614e-01
2.221933156251907349e-01
2.233314812183380127e-01
2.237027436494827271e-01
2.243324518203735352e-01
2.213750183582305908e-01
2.219094038009643555e-01
2.239516526460647583e-01
2.238699048757553101e-01
2.250701487064361572e-01
2.218735516071319580e-01
2.213890403509140015e-01
2.211380898952484131e-01
2.240705490112304688e-01
2.226457148790359497e-01
2.214127480983734131e-01
2.202436178922653198e-01
2.262015044689178467e-01
2.223348617553710938e-01
2.212977558374404907e-01
2.202285677194595337e-01
2.209053039550781250e-01
2.251200526952743530e-01
2.238423228263854980e-01
2.234537303447723389e-01
2.215666174888610840e-01
2.205374389886856079e-01
2.217719256877899170e-01
2.214863151311874390e-01
2.236317545175552368e-01
2.256722301244735718e-01
2.204986959695816040e-01
2.182910740375518799e-01
2.245918661355972290e-01
2.210598737001419067e-01
2.215680480003356934e-01
2.218686640262603760e-01
2.213531881570816040e-01
2.237237393856048584e-01
2.196574211120605469e-01
2.193995267152786255e-01
2.225240617990493774e-01
2.216331064701080322e-01
2.197436541318893433e-01
2.207713425159454346e-01
2.184127569198608398e-01
2.225422263145446777e-01
2.189289331436157227e-01
2.225585281848907471e-01
2.187004834413528442e-01
2.264675199985504150e-01
2.215630561113357544e-01
2.199363112449645996e-01
2.198510020971298218e-01
2.208951264619827271e-01
2.216354161500930786e-01
2.192370444536209106e-01
2.234073281288146973e-01
2.198908030986785889e-01
2.190151065587997437e-01
2.234321981668472290e-01
2.209558486938476562e-01
2.220474034547805786e-01
2.213388085365295410e-01
2.199798077344894409e-01
2.204932123422622681e-01
2.222754955291748047e-01
2.214146405458450317e-01
2.177758067846298218e-01
2.218855619430541992e-01
2.213778495788574219e-01
2.194959372282028198e-01
2.201494574546813965e-01
2.188612371683120728e-01
2.175168395042419434e-01
2.189108878374099731e-01
2.206411063671112061e-01
2.181707620620727539e-01
2.200658321380615234e-01
2.163732349872589111e-01
2.192432731389999390e-01
2.182925939559936523e-01
2.190709710121154785e-01
2.169419378042221069e-01
2.174605429172515869e-01
2.171662002801895142e-01
2.171705365180969238e-01
2.163267731666564941e-01
2.176300883293151855e-01
2.182367891073226929e-01
2.173482626676559448e-01
2.187497466802597046e-01
2.209959477186203003e-01
2.161300033330917358e-01
2.178903222084045410e-01
2.207987308502197266e-01
2.208167314529418945e-01
2.150461673736572266e-01
2.161640822887420654e-01
2.179857045412063599e-01
2.180258035659790039e-01
2.181082367897033691e-01
2.164850980043411255e-01
2.167736589908599854e-01
2.176554501056671143e-01
2.179668992757797241e-01
2.169885784387588501e-01
2.148848474025726318e-01
2.147827446460723877e-01
2.195063382387161255e-01
2.166119068861007690e-01
2.176065593957901001e-01
2.154053747653961182e-01
2.166487127542495728e-01
2.171223014593124390e-01
2.207468599081039429e-01
2.151988297700881958e-01
2.163743525743484497e-01
2.174593061208724976e-01
2.183838337659835815e-01
2.162349969148635864e-01
2.162841558456420898e-01
2.148302346467971802e-01
2.160171419382095337e-01
2.173999696969985962e-01
2.153434306383132935e-01
2.158909589052200317e-01
2.161222100257873535e-01
2.147770971059799194e-01
2.164460420608520508e-01
2.164776772260665894e-01
2.136097848415374756e-01
2.156198173761367798e-01
2.139194160699844360e-01
2.143356502056121826e-01
2.140457332134246826e-01
2.109338045120239258e-01
2.144049257040023804e-01
2.124023437500000000e-01
2.143764644861221313e-01
2.130646258592605591e-01
2.140541970729827881e-01
2.145887017250061035e-01
2.136596739292144775e-01
2.143118977546691895e-01
2.113764882087707520e-01
2.144600152969360352e-01
2.144965827465057373e-01
2.153668105602264404e-01
2.134610861539840698e-01
2.135611325502395630e-01
2.155083119869232178e-01
2.136323004961013794e-01
2.121740430593490601e-01
2.125205993652343750e-01
2.138592004776000977e-01
2.137585431337356567e-01
2.139383107423782349e-01
2.130987942218780518e-01
2.144023627042770386e-01
2.162492424249649048e-01
2.158681005239486694e-01
2.180020660161972046e-01
2.140914648771286011e-01
2.145814150571823120e-01
2.110714614391326904e-01
2.136932164430618286e-01
2.161641418933868408e-01
2.143114656209945679e-01
2.139166742563247681e-01
2.156345993280410767e-01
2.148021459579467773e-01
2.122761458158493042e-01
2.138928174972534180e-01
2.132609337568283081e-01
2.128204256296157837e-01
2.155026346445083618e-01
2.162624895572662354e-01
2.117191851139068604e-01
2.145298868417739868e-01
2.129181325435638428e-01
2.117748409509658813e-01
2.114392966032028198e-01
2.154445201158523560e-01
2.136633396148681641e-01
2.104452848434448242e-01
2.147522717714309692e-01
2.145925611257553101e-01
2.104008346796035767e-01
2.146902680397033691e-01
2.137022763490676880e-01
2.137331366539001465e-01
2.153046131134033203e-01
2.123185843229293823e-01
2.109188139438629150e-01
2.127846330404281616e-01
2.146073281764984131e-01
2.118809074163436890e-01
2.131725549697875977e-01
2.131093889474868774e-01
2.130782008171081543e-01
2.136785686016082764e-01
2.134353220462799072e-01
2.127182334661483765e-01
2.148304730653762817e-01
2.113127857446670532e-01
2.132694125175476074e-01
2.106110006570816040e-01
2.124197930097579956e-01
2.112294584512710571e-01
2.113188505172729492e-01
2.132997363805770874e-01
2.111995071172714233e-01
2.115655988454818726e-01
2.098978608846664429e-01
2.092502564191818237e-01
2.108720541000366211e-01
2.090016603469848633e-01
2.100961059331893921e-01
2.146868407726287842e-01
2.124983966350555420e-01
2.112956941127777100e-01
2.091469913721084595e-01
2.123066633939743042e-01
2.110427618026733398e-01
2.131314426660537720e-01
2.101386040449142456e-01
2.094961702823638916e-01
2.129736691713333130e-01
2.121827155351638794e-01
2.118823081254959106e-01
2.113615125417709351e-01
2.125839889049530029e-01
2.085075825452804565e-01
2.119341939687728882e-01
2.082627415657043457e-01
2.123866677284240723e-01
2.099684178829193115e-01
2.113037109375000000e-01
2.125789821147918701e-01
2.080160379409790039e-01
2.095142304897308350e-01
2.097068130970001221e-01
2.095387578010559082e-01
2.103260904550552368e-01
2.105142176151275635e-01
2.108280658721923828e-01
2.076650410890579224e-01
2.111075371503829956e-01
2.104436457157135010e-01
2.110599577426910400e-01
2.098931819200515747e-01
2.071174085140228271e-01
2.114907950162887573e-01
2.117307782173156738e-01
2.113712430000305176e-01
2.068186849355697632e-01
2.084230631589889526e-01
2.087918072938919067e-01
2.078062742948532104e-01
2.144283056259155273e-01
2.098684012889862061e-01
2.085162252187728882e-01
2.083846330642700195e-01
2.089995145797729492e-01
2.093931138515472412e-01
2.079951912164688110e-01
2.060372829437255859e-01
2.090179324150085449e-01
2.086580246686935425e-01
2.081075161695480347e-01
2.073753029108047485e-01
2.106150388717651367e-01
2.089244127273559570e-01
2.099447846412658691e-01
2.094471603631973267e-01
2.092527747154235840e-01
2.089464366436004639e-01
2.055503875017166138e-01
2.075065225362777710e-01
2.084527462720870972e-01
2.089658528566360474e-01
2.073400914669036865e-01
2.090404778718948364e-01
2.084400504827499390e-01
2.067433744668960571e-01
2.071980535984039307e-01
2.087104916572570801e-01
2.058486342430114746e-01
2.048013508319854736e-01
2.055353671312332153e-01
2.105134278535842896e-01
2.096299678087234497e-01
2.084034234285354614e-01
2.060319781303405762e-01
2.090350240468978882e-01
2.091564387083053589e-01
2.061787694692611694e-01
2.061820626258850098e-01
2.089906185865402222e-01
2.079640924930572510e-01
2.081119120121002197e-01
2.089560627937316895e-01
2.063641846179962158e-01
2.077592015266418457e-01
2.079645544290542603e-01
2.065123766660690308e-01
2.094360142946243286e-01
2.078066468238830566e-01
2.072218358516693115e-01
2.089924514293670654e-01
2.066995650529861450e-01
2.080799341201782227e-01
2.045423835515975952e-01
2.088282406330108643e-01
2.091237902641296387e-01
2.061905413866043091e-01
2.113460004329681396e-01
2.060711383819580078e-01
2.089906036853790283e-01
2.042405754327774048e-01
2.084759920835494995e-01
2.044421136379241943e-01
2.077255249023437500e-01
2.063830196857452393e-01
2.069526165723800659e-01
2.059612125158309937e-01
2.060904800891876221e-01
2.051968872547149658e-01
2.100140601396560669e-01
2.087046653032302856e-01
2.058058083057403564e-01
2.078256756067276001e-01
2.065455168485641479e-01
2.078964710235595703e-01
2.061488479375839233e-01
2.078453153371810913e-01
2.054896950721740723e-01
2.059912532567977905e-01
2.043369263410568237e-01
2.025606632232666016e-01
2.057248651981353760e-01
2.068650275468826294e-01
2.070615291595458984e-01
2.052853852510452271e-01
2.081669867038726807e-01
2.070500254631042480e-01
2.043705433607101440e-01
2.039233893156051636e-01
2.047735899686813354e-01
2.088164687156677246e-01
2.068393975496292114e-01
2.067086547613143921e-01
2.073530107736587524e-01
2.044998109340667725e-01
2.063401043415069580e-01
2.059758752584457397e-01
2.049227803945541382e-01
2.057911008596420288e-01
2.057830840349197388e-01
2.061184793710708618e-01
2.065048813819885254e-01
2.057584673166275024e-01
2.046079337596893311e-01
2.042953521013259888e-01
2.027913480997085571e-01
2.088481336832046509e-01
2.063744664192199707e-01
2.064035087823867798e-01
2.046786993741989136e-01
2.030656039714813232e-01
2.062731832265853882e-01
2.037026733160018921e-01
2.067804485559463501e-01
2.054063379764556885e-01
2.034913301467895508e-01
2.054916173219680786e-01
2.056733369827270508e-01
2.019898295402526855e-01
2.060610502958297729e-01
2.035604119300842285e-01
2.046095132827758789e-01
2.062324732542037964e-01
2.040802091360092163e-01
2.023785859346389771e-01
2.047729939222335815e-01
2.004599422216415405e-01
2.028512507677078247e-01
2.061020135879516602e-01
2.042917758226394653e-01
2.035545855760574341e-01
2.038106769323348999e-01
2.022289633750915527e-01
2.027831226587295532e-01
2.056038975715637207e-01
2.025617510080337524e-01
2.042493820190429688e-01
2.006791234016418457e-01
2.033422589302062988e-01
2.044354379177093506e-01
2.019389867782592773e-01
2.037801146507263184e-01
2.051230669021606445e-01
2.024392038583755493e-01
2.050999104976654053e-01
2.040666043758392334e-01
2.028793841600418091e-01
2.037845551967620850e-01
2.002120167016983032e-01
2.037313431501388550e-01
2.013198286294937134e-01
2.034982442855834961e-01
2.023726403713226318e-01
2.018100470304489136e-01
2.044219076633453369e-01
2.017263621091842651e-01
2.021619230508804321e-01
2.021137624979019165e-01
2.043109834194183350e-01
2.028546631336212158e-01
2.029987722635269165e-01
2.002760171890258789e-01
2.028469294309616089e-01
2.053101658821105957e-01
2.020703107118606567e-01
2.065882682800292969e-01
2.030548006296157837e-01
2.044283896684646606e-01
2.031190693378448486e-01
2.021359503269195557e-01
2.022354006767272949e-01
2.024630159139633179e-01
2.021276205778121948e-01
2.017540633678436279e-01
2.021806091070175171e-01
2.020250409841537476e-01
2.042159736156463623e-01
2.023084312677383423e-01
2.013194411993026733e-01
2.017206549644470215e-01
2.024664133787155151e-01
2.013609260320663452e-01
2.011563777923583984e-01
2.049903571605682373e-01
2.020441293716430664e-01
2.021468877792358398e-01
2.046097517013549805e-01
2.063892632722854614e-01
2.030768245458602905e-01
2.032765001058578491e-01
2.005560398101806641e-01
2.016604840755462646e-01
2.011734396219253540e-01
2.013400346040725708e-01
2.026048004627227783e-01
2.005800008773803711e-01
2.020679414272308350e-01
2.003151476383209229e-01
2.008580714464187622e-01
2.013441026210784912e-01
2.041987180709838867e-01
2.012744396924972534e-01
2.030830383300781250e-01
2.027377933263778687e-01
1.999993175268173218e-01
2.014725208282470703e-01
2.032800018787384033e-01
2.034658640623092651e-01
1.989239901304244995e-01
2.026003450155258179e-01
1.992433220148086548e-01
2.026803791522979736e-01
2.017286717891693115e-01
2.004918605089187622e-01
1.997448503971099854e-01
2.030458748340606689e-01
2.038722485303878784e-01
2.019962668418884277e-01
2.015558481216430664e-01
2.034911513328552246e-01
2.013060152530670166e-01
1.986980289220809937e-01
1.998820006847381592e-01
2.011190056800842285e-01
1.998060345649719238e-01
2.006778270006179810e-01
1.991730034351348877e-01
1.999389827251434326e-01
2.014924287796020508e-01
2.009201049804687500e-01
1.994941532611846924e-01
2.018430233001708984e-01
2.005799412727355957e-01
2.014201134443283081e-01
1.986869424581527710e-01
2.017451673746109009e-01
2.030927389860153198e-01
1.997674107551574707e-01
2.017064988613128662e-01
2.042670845985412598e-01
2.015062719583511353e-01
1.994276344776153564e-01
1.981314420700073242e-01
2.013672292232513428e-01
2.013547718524932861e-01
2.018786817789077759e-01
2.017071694135665894e-01
2.004421800374984741e-01
2.005823403596878052e-01
2.001926153898239136e-01
2.030707597732543945e-01
2.017653882503509521e-01
1.996538043022155762e-01
2.008633017539978027e-01
2.002029418945312500e-01
1.984776556491851807e-01
2.011843472719192505e-01
2.012872546911239624e-01
2.000071555376052856e-01
1.998834908008575439e-01
2.006725668907165527e-01
1.976083815097808838e-01
1.995567083358764648e-01
1.993040591478347778e-01
2.008347660303115845e-01
1.983815729618072510e-01
1.977152824401855469e-01
1.998872756958007812e-01
1.982834935188293457e-01
1.984854787588119507e-01
1.999541968107223511e-01
1.974025666713714600e-01
2.006485760211944580e-01
2.015477269887924194e-01
1.986485272645950317e-01
1.990977078676223755e-01
2.007263004779815674e-01
1.988141387701034546e-01
1.988512575626373291e-01
2.030902504920959473e-01
1.982185542583465576e-01
1.992580741643905640e-01
1.984313279390335083e-01
1.973942816257476807e-01
2.005986720323562622e-01
1.996830999851226807e-01
2.004986405372619629e-01
1.994577795267105103e-01
1.981806457042694092e-01
1.980729103088378906e-01
1.999960094690322876e-01
1.989769786596298218e-01
1.975813060998916626e-01
1.994481682777404785e-01
1.997700482606887817e-01
1.993458420038223267e-01
1.994212269783020020e-01
1.992634236812591553e-01
1.983568370342254639e-01
1.977256387472152710e-01
1.995353698730468750e-01
1.980243027210235596e-01
1.962693631649017334e-01
1.999239772558212280e-01
1.982466727495193481e-01
1.991129964590072632e-01
1.987511068582534790e-01
1.990928649902343750e-01
2.034706920385360718e-01
1.971178799867630005e-01
1.962336450815200806e-01
1.955485045909881592e-01
1.987112313508987427e-01
1.972037255764007568e-01
2.000640630722045898e-01
2.002256363630294800e-01
1.989958435297012329e-01
1.999668776988983154e-01
1.986342817544937134e-01
1.994478404521942139e-01
1.970924288034439087e-01
1.975651532411575317e-01
2.001213431358337402e-01
1.989291012287139893e-01
1.975263804197311401e-01
1.980156749486923218e-01
1.980218589305877686e-01
1.962355673313140869e-01
1.972534358501434326e-01
2.004278004169464111e-01
2.013658285140991211e-01
1.976677626371383667e-01
1.963530182838439941e-01
1.996812671422958374e-01
1.954145729541778564e-01
2.004983574151992798e-01
1.942396461963653564e-01
1.947141140699386597e-01
1.980995982885360718e-01
1.983501911163330078e-01
1.995889246463775635e-01
2.002084255218505859e-01
1.945873200893402100e-01
1.977068036794662476e-01
1.979838162660598755e-01
1.989866197109222412e-01
1.983585804700851440e-01
1.968931704759597778e-01
1.964084059000015259e-01
1.964780539274215698e-01
1.953711062669754028e-01
1.985489130020141602e-01
1.983840763568878174e-01
1.959268748760223389e-01
1.953056901693344116e-01
1.985987871885299683e-01
2.020360380411148071e-01
1.986393034458160400e-01
1.939794868230819702e-01
1.970751732587814331e-01
1.970386654138565063e-01
1.975717097520828247e-01
1.995449215173721313e-01
1.996260881423950195e-01
1.972067207098007202e-01
1.983548402786254883e-01
1.990851461887359619e-01
1.954446285963058472e-01
1.947936415672302246e-01
1.934714317321777344e-01
1.985126137733459473e-01
1.952729076147079468e-01
1.970662772655487061e-01
1.991202533245086670e-01
1.975528746843338013e-01
1.975868344306945801e-01
1.963180154561996460e-01
1.979357749223709106e-01
1.974369287490844727e-01
1.949100345373153687e-01
1.981139630079269409e-01
1.988659650087356567e-01
1.985300928354263306e-01
1.995655000209808350e-01
1.965878754854202271e-01
1.958460658788681030e-01
1.980313807725906372e-01
1.970754861831665039e-01
1.948322504758834839e-01
1.957287490367889404e-01
2.005635648965835571e-01
1.987070143222808838e-01
1.969801783561706543e-01
1.973702758550643921e-01
1.954989731311798096e-01
1.980425864458084106e-01
1.963855177164077759e-01
1.953876465559005737e-01
1.969905495643615723e-01
1.962185949087142944e-01
1.943982094526290894e-01
1.974510997533798218e-01
1.970291584730148315e-01
1.952172368764877319e-01
1.969005912542343140e-01
1.985469907522201538e-01
1.935907453298568726e-01
1.965637505054473877e-01
1.952047944068908691e-01
1.951101273298263550e-01
1.971533149480819702e-01
1.946526616811752319e-01
1.968066394329071045e-01
1.960424333810806274e-01
1.971240788698196411e-01
1.976646631956100464e-01
1.985509693622589111e-01
1.929679661989212036e-01
1.969521492719650269e-01
1.950617134571075439e-01
1.964317411184310913e-01
1.974959075450897217e-01
1.971743702888488770e-01
1.988099366426467896e-01
1.964058429002761841e-01
1.947837322950363159e-01
1.968661993741989136e-01
1.959424912929534912e-01
1.949032843112945557e-01
1.942218095064163208e-01
1.976747661828994751e-01
1.988108754158020020e-01
1.961591839790344238e-01
1.938238441944122314e-01
1.935969144105911255e-01
1.975532323122024536e-01
1.955566555261611938e-01
1.949640363454818726e-01
1.972047239542007446e-01
1.986729800701141357e-01
1.943811178207397461e-01
1.958388090133666992e-01
2.005440890789031982e-01
1.969761252403259277e-01
1.989416033029556274e-01
1.966827958822250366e-01
1.951623708009719849e-01
1.943500190973281860e-01
1.947383731603622437e-01
1.963542699813842773e-01
1.957787722349166870e-01
1.923492848873138428e-01
1.958763003349304199e-01
1.981334239244461060e-01
1.941745430231094360e-01
1.950423717498779297e-01
1.952519416809082031e-01
1.993893980979919434e-01
1.931362599134445190e-01
1.957526057958602905e-01
1.960859596729278564e-01
1.938691139221191406e-01
1.977933794260025024e-01
1.918559372425079346e-01
1.935099512338638306e-01
1.953513175249099731e-01
1.945022046566009521e-01
1.944383680820465088e-01
1.932287514209747314e-01
1.960581988096237183e-01
1.948710232973098755e-01
1.935945898294448853e-01
1.960125267505645752e-01
1.958578974008560181e-01
1.938751935958862305e-01
1.946733146905899048e-01
1.962014436721801758e-01
1.963756531476974487e-01
1.941336095333099365e-01
1.942907124757766724e-01
1.943202018737792969e-01
1.943011879920959473e-01
1.955656260251998901e-01
1.955742388963699341e-01
1.929906755685806274e-01
1.948589384555816650e-01
1.950963586568832397e-01
1.944253742694854736e-01
1.962732970714569092e-01
1.935294717550277710e-01
1.939173787832260132e-01
1.910117119550704956e-01
1.968793570995330811e-01
1.935650557279586792e-01
1.948966979980468750e-01
1.963529288768768311e-01
1.942418962717056274e-01
1.939339041709899902e-01
1.942662298679351807e-01
1.938496977090835571e-01
1.931165605783462524e-01
1.924570500850677490e-01
1.975372433662414551e-01
1.919071674346923828e-01
1.937893033027648926e-01
1.939480453729629517e-01
1.943794190883636475e-01
1.937073022127151489e-01
1.941493600606918335e-01
1.918720901012420654e-01
1.964685171842575073e-01
1.927644163370132446e-01
1.914427429437637329e-01
1.950425356626510620e-01
1.943105608224868774e-01
1.946966499090194702e-01
1.977954059839248657e-01
1.942669451236724854e-01
1.945073157548904419e-01
1.925551891326904297e-01
1.987961530685424805e-01
1.914307028055191040e-01
1.933350414037704468e-01
1.912125200033187866e-01
1.940828561782836914e-01
1.958735436201095581e-01
1.913249939680099487e-01
1.949229091405868530e-01
1.933386176824569702e-01
1.925298571586608887e-01
1.954399198293685913e-01
1.925898939371109009e-01
1.930778622627258301e-01
1.941687464714050293e-01
1.933211982250213623e-01
1.943844854831695557e-01
1.934598535299301147e-01
1.926711946725845337e-01
1.909195631742477417e-01
1.949208229780197144e-01
1.935560852289199829e-01
1.923588067293167114e-01
1.922611892223358154e-01
1.965235024690628052e-01
1.908458769321441650e-01
1.929584741592407227e-01
1.951075941324234009e-01
1.927878856658935547e-01
1.909705400466918945e-01
1.926583051681518555e-01
1.935143023729324341e-01
1.934291571378707886e-01
1.960576325654983521e-01
