7.675203680992126465e-01
7.576602101325988770e-01
7.490329742431640625e-01
7.403960227966308594e-01
7.326607108116149902e-01
7.243907451629638672e-01
7.140713930130004883e-01
7.037584185600280762e-01
6.905794143676757812e-01
6.789482831954956055e-01
6.612946391105651855e-01
6.426373124122619629e-01
6.225972771644592285e-01
6.003687381744384766e-01
5.774154663085937500e-01
5.497040748596191406e-01
5.186733603477478027e-01
4.912970960140228271e-01
4.643907248973846436e-01
4.276707172393798828e-01
3.949121534824371338e-01
3.668771982192993164e-01
3.437670171260833740e-01
3.249384164810180664e-01
3.189215064048767090e-01
3.198250830173492432e-01
3.074789345264434814e-01
3.004774749279022217e-01
3.115613460540771484e-01
3.053336441516876221e-01
3.031757771968841553e-01
2.969467341899871826e-01
3.066413104534149170e-01
2.754646241664886475e-01
2.768589258193969727e-01
2.610398828983306885e-01
2.566279172897338867e-01
2.574162185192108154e-01
2.522438764572143555e-01
2.533949017524719238e-01
2.510265707969665527e-01
2.501145899295806885e-01
2.565217614173889160e-01
2.434490621089935303e-01
2.431935966014862061e-01
2.397443801164627075e-01
2.280867546796798706e-01
2.295797318220138550e-01
2.232634425163269043e-01
2.245354056358337402e-01
2.202784568071365356e-01
2.163232266902923584e-01
2.324460148811340332e-01
2.128855884075164795e-01
2.147947400808334351e-01
2.114827036857604980e-01
2.074652314186096191e-01
2.038024663925170898e-01
2.031085938215255737e-01
2.008147239685058594e-01
2.037907689809799194e-01
1.941297352313995361e-01
1.949693411588668823e-01
1.913254559040069580e-01
1.901953071355819702e-01
1.918529570102691650e-01
1.905761361122131348e-01
1.856014430522918701e-01
1.825648248195648193e-01
1.840656995773315430e-01
1.805581599473953247e-01
1.776942908763885498e-01
1.789600700139999390e-01
1.810274869203567505e-01
1.793886870145797729e-01
1.734660267829895020e-01
1.730916798114776611e-01
1.706046909093856812e-01
1.778820753097534180e-01
1.712553650140762329e-01
1.686282008886337280e-01
1.688887476921081543e-01
1.645346283912658691e-01
1.672184169292449951e-01
1.630839109420776367e-01
1.671366840600967407e-01
1.618851423263549805e-01
1.586004644632339478e-01
1.628221273422241211e-01
1.601449400186538696e-01
1.581450551748275757e-01
1.587489545345306396e-01
1.549106389284133911e-01
1.540882587432861328e-01
1.513413786888122559e-01
1.553745865821838379e-01
1.516731530427932739e-01
1.517373174428939819e-01
1.503336578607559204e-01
1.514601409435272217e-01
1.496302038431167603e-01
1.454600095748901367e-01
1.449703723192214966e-01
1.437668502330780029e-01
1.454325914382934570e-01
1.440921425819396973e-01
1.410358548164367676e-01
1.421113461256027222e-01
1.371789723634719849e-01
1.410020887851715088e-01
1.393300145864486694e-01
1.378939747810363770e-01
1.383757442235946655e-01
1.375787854194641113e-01
1.382149159908294678e-01
1.347790956497192383e-01
1.337799876928329468e-01
1.348381489515304565e-01
1.324749886989593506e-01
1.333976686000823975e-01
1.314258575439453125e-01
1.291695237159729004e-01
1.304921209812164307e-01
1.302663683891296387e-01
1.271075606346130371e-01
1.276669949293136597e-01
1.279589980840682983e-01
1.281219422817230225e-01
1.263883709907531738e-01
1.260137408971786499e-01
1.250625997781753540e-01
1.239172816276550293e-01
1.242878139019012451e-01
1.248808056116104126e-01
1.220015808939933777e-01
1.226075291633605957e-01
1.250272393226623535e-01
1.215042471885681152e-01
1.217020303010940552e-01
1.206249818205833435e-01
1.200847476720809937e-01
1.179838627576828003e-01
1.180980056524276733e-01
1.180402785539627075e-01
1.177113354206085205e-01
1.187782436609268188e-01
1.163272410631179810e-01
1.154836714267730713e-01
1.170826703310012817e-01
1.172301918268203735e-01
1.165288090705871582e-01
1.154398173093795776e-01
1.162417978048324585e-01
1.138901263475418091e-01
1.123956292867660522e-01
1.158385127782821655e-01
1.132602393627166748e-01
1.130207777023315430e-01
1.133709251880645752e-01
1.091838926076889038e-01
1.121046692132949829e-01
1.110468432307243347e-01
1.119750142097473145e-01
1.109125018119812012e-01
1.097970604896545410e-01
1.079923585057258606e-01
1.069798171520233154e-01
1.083345562219619751e-01
1.065263822674751282e-01
1.087491810321807861e-01
1.076943203806877136e-01
1.067942827939987183e-01
1.073105484247207642e-01
1.058438718318939209e-01
1.072055101394653320e-01
1.051534563302993774e-01
1.041792184114456177e-01
1.048551946878433228e-01
1.042374670505523682e-01
1.034387350082397461e-01
1.035808399319648743e-01
1.028173565864562988e-01
1.031269729137420654e-01
1.027449220418930054e-01
1.025459617376327515e-01
1.016267240047454834e-01
1.017605215311050415e-01
1.021586656570434570e-01
1.032011657953262329e-01
1.008823513984680176e-01
9.820136427879333496e-02
9.756818413734436035e-02
9.868344664573669434e-02
9.941191971302032471e-02
9.831437468528747559e-02
9.810864180326461792e-02
9.873701632022857666e-02
9.807811677455902100e-02
9.808692336082458496e-02
9.782712161540985107e-02
9.611486643552780151e-02
9.678059816360473633e-02
9.798632562160491943e-02
9.631615132093429565e-02
9.718351066112518311e-02
9.694082289934158325e-02
9.450609982013702393e-02
9.407641738653182983e-02
9.625809639692306519e-02
9.449496865272521973e-02
9.431139379739761353e-02
9.667372703552246094e-02
9.474992752075195312e-02
9.322579205036163330e-02
9.451263397932052612e-02
9.259603917598724365e-02
9.379111230373382568e-02
9.397414326667785645e-02
9.365455806255340576e-02
9.337840974330902100e-02
9.315384924411773682e-02
9.239286184310913086e-02
8.959877490997314453e-02
9.190604090690612793e-02
9.117902815341949463e-02
9.242044389247894287e-02
9.078181535005569458e-02
9.149394929409027100e-02
9.078976511955261230e-02
8.865278959274291992e-02
8.864896744489669800e-02
9.226334095001220703e-02
9.053896367549896240e-02
8.737957477569580078e-02
8.960422873497009277e-02
8.927737176418304443e-02
8.902138471603393555e-02
8.961718529462814331e-02
8.845314383506774902e-02
8.766292035579681396e-02
9.005631506443023682e-02
8.795659244060516357e-02
8.775413036346435547e-02
8.840866386890411377e-02
8.637148141860961914e-02
8.661338686943054199e-02
8.818134665489196777e-02
8.704338222742080688e-02
8.679973334074020386e-02
8.729749172925949097e-02
8.472633361816406250e-02
8.663426339626312256e-02
8.677013218402862549e-02
8.522582054138183594e-02
8.449444919824600220e-02
8.475483953952789307e-02
8.344751596450805664e-02
8.499319851398468018e-02
8.352500200271606445e-02
8.436997234821319580e-02
8.517341315746307373e-02
8.529442548751831055e-02
8.430865406990051270e-02
8.373461663722991943e-02
8.371573686599731445e-02
8.333384245634078979e-02
8.217986673116683960e-02
8.441509306430816650e-02
8.345973491668701172e-02
8.282059431076049805e-02
8.306518197059631348e-02
8.211681991815567017e-02
8.412481099367141724e-02
8.288216590881347656e-02
8.253001421689987183e-02
8.180159330368041992e-02
8.244837820529937744e-02
8.065755665302276611e-02
8.138448745012283325e-02
8.039421588182449341e-02
8.097247779369354248e-02
8.319486677646636963e-02
7.985633611679077148e-02
8.153725415468215942e-02
8.057340979576110840e-02
7.895597815513610840e-02
7.957118749618530273e-02
7.972446084022521973e-02
7.988196611404418945e-02
8.063670992851257324e-02
8.071331679821014404e-02
8.050152659416198730e-02
7.910127937793731689e-02
7.846567034721374512e-02
7.855037599802017212e-02
7.950465381145477295e-02
7.947219908237457275e-02
7.924564182758331299e-02
7.816710323095321655e-02
7.709568738937377930e-02
7.683274149894714355e-02
7.933060824871063232e-02
7.799231261014938354e-02
7.740689814090728760e-02
7.720480859279632568e-02
7.806400954723358154e-02
7.697842270135879517e-02
7.756277918815612793e-02
7.635659724473953247e-02
7.872191816568374634e-02
7.777459174394607544e-02
7.644778490066528320e-02
7.734298706054687500e-02
7.493590563535690308e-02
7.498142123222351074e-02
7.667303085327148438e-02
7.538323104381561279e-02
7.657200098037719727e-02
7.519735395908355713e-02
7.637415826320648193e-02
7.481503486633300781e-02
7.400801032781600952e-02
7.521694153547286987e-02
7.976344972848892212e-02
7.486777007579803467e-02
7.497796416282653809e-02
7.438185065984725952e-02
7.558871805667877197e-02
7.446551322937011719e-02
7.384428381919860840e-02
7.442758977413177490e-02
7.407987117767333984e-02
7.404349744319915771e-02
7.298287749290466309e-02
7.383342832326889038e-02
7.344280928373336792e-02
7.315289974212646484e-02
7.476833462715148926e-02
7.385878264904022217e-02
7.203101366758346558e-02
7.323263585567474365e-02
7.294297963380813599e-02
7.404772937297821045e-02
7.145404815673828125e-02
7.091560959815979004e-02
7.334685325622558594e-02
7.205691188573837280e-02
7.166892290115356445e-02
7.177332788705825806e-02
7.210497558116912842e-02
7.179479300975799561e-02
7.242973893880844116e-02
7.187446951866149902e-02
7.161638885736465454e-02
7.165703177452087402e-02
6.948046386241912842e-02
7.008932530879974365e-02
7.006037235260009766e-02
7.073941826820373535e-02
6.985550373792648315e-02
6.923908740282058716e-02
7.022102177143096924e-02
7.054887712001800537e-02
6.920125335454940796e-02
6.950477510690689087e-02
6.899149715900421143e-02
6.972865760326385498e-02
6.986756622791290283e-02
6.936596333980560303e-02
7.010786980390548706e-02
6.964790821075439453e-02
6.851828843355178833e-02
6.846462935209274292e-02
6.856039911508560181e-02
6.864731758832931519e-02
6.686875969171524048e-02
6.977567076683044434e-02
6.858908385038375854e-02
6.813269853591918945e-02
6.848079711198806763e-02
6.905113905668258667e-02
6.827256828546524048e-02
6.786578893661499023e-02
6.753777712583541870e-02
6.719660013914108276e-02
6.724368780851364136e-02
6.794957071542739868e-02
6.801746785640716553e-02
6.648912280797958374e-02
6.646268069744110107e-02
6.764803081750869751e-02
6.683126837015151978e-02
6.680016964673995972e-02
6.582704931497573853e-02
6.548497825860977173e-02
6.689438223838806152e-02
6.606929749250411987e-02
6.623151898384094238e-02
6.738804280757904053e-02
6.675814837217330933e-02
6.581731140613555908e-02
6.657598912715911865e-02
6.560036540031433105e-02
6.564424186944961548e-02
6.525802612304687500e-02
6.548436731100082397e-02
6.452190130949020386e-02
6.587430089712142944e-02
6.520226597785949707e-02
6.507188081741333008e-02
6.402305513620376587e-02
6.492269039154052734e-02
6.448799371719360352e-02
6.488420069217681885e-02
6.471799314022064209e-02
6.381563097238540649e-02
6.451570987701416016e-02
6.423380970954895020e-02
6.318500638008117676e-02
6.306596845388412476e-02
6.378014385700225830e-02
6.468375027179718018e-02
6.320692598819732666e-02
6.378346681594848633e-02
6.300759315490722656e-02
6.535442918539047241e-02
6.310513615608215332e-02
6.330330669879913330e-02
6.335289031267166138e-02
6.297303736209869385e-02
6.348904967308044434e-02
6.221591681241989136e-02
6.262537837028503418e-02
6.331050395965576172e-02
6.286273896694183350e-02
6.352405250072479248e-02
6.154438108205795288e-02
6.268107146024703979e-02
6.400056183338165283e-02
6.323483586311340332e-02
6.208267062902450562e-02
6.248901784420013428e-02
6.196699663996696472e-02
6.116466224193572998e-02
6.158825755119323730e-02
6.223408132791519165e-02
6.153509020805358887e-02
6.132665276527404785e-02
6.168466806411743164e-02
6.078626215457916260e-02
6.161360815167427063e-02
6.060036271810531616e-02
6.156494468450546265e-02
6.139571964740753174e-02
6.082748994231224060e-02
6.194959580898284912e-02
6.091581284999847412e-02
6.112097948789596558e-02
6.098296493291854858e-02
6.073029339313507080e-02
6.091859936714172363e-02
6.086289137601852417e-02
6.089395284652709961e-02
6.161320954561233521e-02
5.925465747714042664e-02
6.059893965721130371e-02
5.994695425033569336e-02
6.038436666131019592e-02
6.004986912012100220e-02
6.105592474341392517e-02
5.950666964054107666e-02
5.948225408792495728e-02
5.928467959165573120e-02
5.987652391195297241e-02
5.993305146694183350e-02
6.034950911998748779e-02
5.942116677761077881e-02
5.941392481327056885e-02
5.919172614812850952e-02
5.955559387803077698e-02
6.021412834525108337e-02
5.935072153806686401e-02
5.971825122833251953e-02
6.024073436856269836e-02
5.813923850655555725e-02
5.918707698583602905e-02
5.875417590141296387e-02
5.908641964197158813e-02
5.774141103029251099e-02
5.815738812088966370e-02
5.831843614578247070e-02
5.801742151379585266e-02
5.910301953554153442e-02
5.851804465055465698e-02
5.800475180149078369e-02
5.859346687793731689e-02
5.796882137656211853e-02
5.864446610212326050e-02
5.787003040313720703e-02
5.784362554550170898e-02
5.855001881718635559e-02
5.812132358551025391e-02
5.838631838560104370e-02
5.840355902910232544e-02
5.742891132831573486e-02
5.749744921922683716e-02
5.805618315935134888e-02
5.779142677783966064e-02
5.739947408437728882e-02
5.737253278493881226e-02
5.786231160163879395e-02
5.771011859178543091e-02
5.664232745766639709e-02
5.661395937204360962e-02
5.725558102130889893e-02
5.691990256309509277e-02
5.706855654716491699e-02
5.777230486273765564e-02
5.747747421264648438e-02
5.701761320233345032e-02
5.631327629089355469e-02
5.754480510950088501e-02
5.672865360975265503e-02
5.703622475266456604e-02
5.587998777627944946e-02
5.773402005434036255e-02
5.781040340662002563e-02
5.686789751052856445e-02
5.699110031127929688e-02
5.730365961790084839e-02
5.588103458285331726e-02
5.692218244075775146e-02
5.689324438571929932e-02
5.616494268178939819e-02
5.671429634094238281e-02
5.609642714262008667e-02
5.506976321339607239e-02
5.628128349781036377e-02
5.669608712196350098e-02
5.519801005721092224e-02
5.567014589905738831e-02
5.515477806329727173e-02
5.609092116355895996e-02
5.621572211384773254e-02
5.513373017311096191e-02
5.599997937679290771e-02
5.600474029779434204e-02
5.517042055726051331e-02
5.607178062200546265e-02
5.604400485754013062e-02
5.558457225561141968e-02
5.532630532979965210e-02
5.528259649872779846e-02
5.521615594625473022e-02
5.526301264762878418e-02
5.555046349763870239e-02
5.552399903535842896e-02
5.457146465778350830e-02
5.538671836256980896e-02
5.514418333768844604e-02
5.457805842161178589e-02
5.529885739088058472e-02
5.520445480942726135e-02
5.417669937014579773e-02
5.470731109380722046e-02
5.377371609210968018e-02
5.442175269126892090e-02
5.434888228774070740e-02
5.494385585188865662e-02
5.437880754470825195e-02
5.451685935258865356e-02
5.399552732706069946e-02
5.435940250754356384e-02
5.502260476350784302e-02
5.478012561798095703e-02
5.424300208687782288e-02
5.459410324692726135e-02
5.408907681703567505e-02
5.451283231377601624e-02
5.476395040750503540e-02
5.381952971220016479e-02
5.373665690422058105e-02
5.398579686880111694e-02
5.390662327408790588e-02
5.336028710007667542e-02
5.386493727564811707e-02
5.320260301232337952e-02
5.419668927788734436e-02
5.316922813653945923e-02
5.443652346730232239e-02
5.358047410845756531e-02
5.319753661751747131e-02
5.314729735255241394e-02
5.265891551971435547e-02
5.396123975515365601e-02
5.394427478313446045e-02
5.331051722168922424e-02
5.296385288238525391e-02
5.332843214273452759e-02
5.330339074134826660e-02
5.354599654674530029e-02
5.339081585407257080e-02
5.289654061198234558e-02
5.283273011445999146e-02
5.297938734292984009e-02
5.187684297561645508e-02
5.227309465408325195e-02
5.292857438325881958e-02
5.323906615376472473e-02
5.374233797192573547e-02
5.302784964442253113e-02
5.414596945047378540e-02
5.204534530639648438e-02
5.307319015264511108e-02
5.320990458130836487e-02
5.326683819293975830e-02
5.455876886844635010e-02
5.288258194923400879e-02
5.245548486709594727e-02
5.269808322191238403e-02
5.378513783216476440e-02
5.182425677776336670e-02
5.331712216138839722e-02
5.229402333498001099e-02
5.178192257881164551e-02
5.190342664718627930e-02
5.235205590724945068e-02
5.227290093898773193e-02
5.201369896531105042e-02
5.176896601915359497e-02
5.281476303935050964e-02
5.193180963397026062e-02
5.227241665124893188e-02
5.168574675917625427e-02
5.275701731443405151e-02
5.196432024240493774e-02
5.203465744853019714e-02
5.250726640224456787e-02
5.176653712987899780e-02
5.179690569639205933e-02
5.269833654165267944e-02
5.262340605258941650e-02
5.137796327471733093e-02
5.145885795354843140e-02
5.237786471843719482e-02
5.144219100475311279e-02
5.257529765367507935e-02
5.106341838836669922e-02
5.107361078262329102e-02
5.195965617895126343e-02
5.096919462084770203e-02
5.159640312194824219e-02
5.251432955265045166e-02
5.179230496287345886e-02
5.154597014188766479e-02
5.162381380796432495e-02
5.134591460227966309e-02
5.121590942144393921e-02
5.100918933749198914e-02
5.156125500798225403e-02
5.136221274733543396e-02
5.134161561727523804e-02
5.182375758886337280e-02
5.119748413562774658e-02
5.147738009691238403e-02
5.109512433409690857e-02
5.201006680727005005e-02
5.038011819124221802e-02
5.108211562037467957e-02
5.152160674333572388e-02
5.072694271802902222e-02
5.253616720438003540e-02
5.053728446364402771e-02
5.118966102600097656e-02
5.033049732446670532e-02
5.080843344330787659e-02
5.095591396093368530e-02
5.088080465793609619e-02
5.032855272293090820e-02
5.065249651670455933e-02
5.047708749771118164e-02
5.230607092380523682e-02
5.064166337251663208e-02
5.103101581335067749e-02
5.044379085302352905e-02
5.021671205759048462e-02
4.981062561273574829e-02
5.003796517848968506e-02
5.061208456754684448e-02
5.109387636184692383e-02
5.002826824784278870e-02
4.968459904193878174e-02
5.040422454476356506e-02
5.077346786856651306e-02
5.079091712832450867e-02
5.002524331212043762e-02
4.987267404794692993e-02
5.026639997959136963e-02
5.005777254700660706e-02
5.098944157361984253e-02
4.981353506445884705e-02
5.079505592584609985e-02
5.051129683852195740e-02
5.044956132769584656e-02
5.073429644107818604e-02
5.090170726180076599e-02
5.035835504531860352e-02
5.039262771606445312e-02
4.933913052082061768e-02
4.979554563760757446e-02
5.031249299645423889e-02
5.097935348749160767e-02
4.984426498413085938e-02
4.990958049893379211e-02
5.045823752880096436e-02
5.007892474532127380e-02
4.972371459007263184e-02
4.926866665482521057e-02
4.994026571512222290e-02
5.005893483757972717e-02
4.890078306198120117e-02
4.970977455377578735e-02
4.974386096000671387e-02
4.999103397130966187e-02
4.969469830393791199e-02
5.020695924758911133e-02
5.007491260766983032e-02
4.902191460132598877e-02
4.952285438776016235e-02
4.906115680932998657e-02
4.944816976785659790e-02
5.002876371145248413e-02
4.990102350711822510e-02
4.871141910552978516e-02
4.970846325159072876e-02
4.986412823200225830e-02
4.925509542226791382e-02
4.955882951617240906e-02
4.976346343755722046e-02
4.932715743780136108e-02
4.857220500707626343e-02
4.832089692354202271e-02
4.889035969972610474e-02
4.931693524122238159e-02
5.023445934057235718e-02
4.973630607128143311e-02
4.883396625518798828e-02
4.961975291371345520e-02
4.831051826477050781e-02
4.864653572440147400e-02
4.915869235992431641e-02
4.853256791830062866e-02
4.889729619026184082e-02
4.883237555623054504e-02
4.840160906314849854e-02
4.908996820449829102e-02
4.862572997808456421e-02
4.829186201095581055e-02
4.792820662260055542e-02
4.956681281328201294e-02
4.905898496508598328e-02
4.940760508179664612e-02
4.852598160505294800e-02
4.900178685784339905e-02
4.860575124621391296e-02
4.796960204839706421e-02
4.876974225044250488e-02
4.810442775487899780e-02
4.867652803659439087e-02
4.823023825883865356e-02
4.778950661420822144e-02
4.797414690256118774e-02
4.933974891901016235e-02
4.877706244587898254e-02
4.887762665748596191e-02
4.881400614976882935e-02
4.837796837091445923e-02
4.792473837733268738e-02
4.823665693402290344e-02
4.835386201739311218e-02
4.935938119888305664e-02
4.834530502557754517e-02
4.730776324868202209e-02
4.866095259785652161e-02
4.808418080210685730e-02
4.768324643373489380e-02
4.850251600146293640e-02
4.865268245339393616e-02
4.817879199981689453e-02
4.833822697401046753e-02
4.822856187820434570e-02
4.782418534159660339e-02
4.750347137451171875e-02
4.871588945388793945e-02
4.910478740930557251e-02
4.810766875743865967e-02
4.815241321921348572e-02
4.816377162933349609e-02
4.823012650012969971e-02
4.848627001047134399e-02
2.704508304595947266e-01
2.693894803524017334e-01
2.664900124073028564e-01
2.663543522357940674e-01
2.670488953590393066e-01
2.611642479896545410e-01
2.611128985881805420e-01
2.623344957828521729e-01
2.612694799900054932e-01
2.587299644947052002e-01
2.577857673168182373e-01
2.574039995670318604e-01
2.586711347103118896e-01
2.548410594463348389e-01
2.543215155601501465e-01
2.559459209442138672e-01
2.514644563198089600e-01
2.515570521354675293e-01
2.518335878849029541e-01
2.512259185314178467e-01
2.495498061180114746e-01
2.506807744503021240e-01
2.487506419420242310e-01
2.491236180067062378e-01
2.488259524106979370e-01
2.470810711383819580e-01
2.479578405618667603e-01
2.482754588127136230e-01
2.449690252542495728e-01
2.446006238460540771e-01
2.473362237215042114e-01
2.452886551618576050e-01
2.426130026578903198e-01
2.434831112623214722e-01
2.454104721546173096e-01
2.426569610834121704e-01
2.439316362142562866e-01
2.437671869993209839e-01
2.408130317926406860e-01
2.422003895044326782e-01
2.398460805416107178e-01
2.417461574077606201e-01
2.415229231119155884e-01
2.413907945156097412e-01
2.418100535869598389e-01
2.417359203100204468e-01
2.405369430780410767e-01
2.405598610639572144e-01
2.392111420631408691e-01
2.389583140611648560e-01
2.391582429409027100e-01
2.383810281753540039e-01
2.403931617736816406e-01
2.380136400461196899e-01
2.400797009468078613e-01
2.366169244050979614e-01
2.413817048072814941e-01
2.392390966415405273e-01
2.386446148157119751e-01
2.376245707273483276e-01
2.355388700962066650e-01
2.381364405155181885e-01
2.357327491044998169e-01
2.378889322280883789e-01
2.373642474412918091e-01
2.396145015954971313e-01
2.349348515272140503e-01
2.325825095176696777e-01
2.369509488344192505e-01
2.343191355466842651e-01
2.366657406091690063e-01
2.369026839733123779e-01
2.338699251413345337e-01
2.344540804624557495e-01
2.342176437377929688e-01
2.341400980949401855e-01
2.347856014966964722e-01
2.307498455047607422e-01
2.327782660722732544e-01
2.343886941671371460e-01
2.340906858444213867e-01
2.342848330736160278e-01
2.310644388198852539e-01
2.325223535299301147e-01
2.341172993183135986e-01
2.315231710672378540e-01
2.330939769744873047e-01
2.335858643054962158e-01
2.324382811784744263e-01
2.314313203096389771e-01
2.307853698730468750e-01
2.296942025423049927e-01
2.309731245040893555e-01
2.328043133020401001e-01
2.286009043455123901e-01
2.307265847921371460e-01
2.304446846246719360e-01
2.312256246805191040e-01
2.315201610326766968e-01
2.288858592510223389e-01
2.323194295167922974e-01
2.327330261468887329e-01
2.304619699716567993e-01
2.279122173786163330e-01
2.301311641931533813e-01
2.291960716247558594e-01
2.298223525285720825e-01
2.278662770986557007e-01
2.307281643152236938e-01
2.301492393016815186e-01
2.276579439640045166e-01
2.277023345232009888e-01
2.286313325166702271e-01
2.269299328327178955e-01
2.273381799459457397e-01
2.290398031473159790e-01
2.271171063184738159e-01
2.259362041950225830e-01
2.275167852640151978e-01
2.255151122808456421e-01
2.265642732381820679e-01
2.262899130582809448e-01
2.299377024173736572e-01
2.289563864469528198e-01
2.273816615343093872e-01
2.257261276245117188e-01
2.271781414747238159e-01
2.234451770782470703e-01
2.266072928905487061e-01
2.270938903093338013e-01
2.250483632087707520e-01
2.263062149286270142e-01
2.257009148597717285e-01
2.259952723979949951e-01
2.255217134952545166e-01
2.255704402923583984e-01
2.216490805149078369e-01
2.262661904096603394e-01
2.262569069862365723e-01
2.247229069471359253e-01
2.248442471027374268e-01
2.253207415342330933e-01
2.245314717292785645e-01
2.256600558757781982e-01
2.257949560880661011e-01
2.236706465482711792e-01
2.247211784124374390e-01
2.225787937641143799e-01
2.259461432695388794e-01
2.232545763254165649e-01
2.222557365894317627e-01
2.240538895130157471e-01
2.202217578887939453e-01
2.219943553209304810e-01
2.215566039085388184e-01
2.210860997438430786e-01
2.220496088266372681e-01
2.219522446393966675e-01
2.204454988241195679e-01
2.217435240745544434e-01
2.210118621587753296e-01
2.218812704086303711e-01
2.219287604093551636e-01
2.244164496660232544e-01
2.172162085771560669e-01
2.210913598537445068e-01
2.234472483396530151e-01
2.234969437122344971e-01
2.232695221900939941e-01
2.206770777702331543e-01
2.218408286571502686e-01
2.203864455223083496e-01
2.209427803754806519e-01
2.226047664880752563e-01
2.194843739271163940e-01
2.224271893501281738e-01
2.194484919309616089e-01
2.191493064165115356e-01
2.226769775152206421e-01
2.198669761419296265e-01
2.221857756376266479e-01
2.202082425355911255e-01
2.223692387342453003e-01
2.202531993389129639e-01
2.204821109771728516e-01
2.195839881896972656e-01
2.202767282724380493e-01
2.181968986988067627e-01
2.198203057050704956e-01
2.196253687143325806e-01
2.200786173343658447e-01
2.189018130302429199e-01
2.199818491935729980e-01
2.175067812204360962e-01
2.195235490798950195e-01
2.187941670417785645e-01
2.173034697771072388e-01
2.195632308721542358e-01
2.206382155418395996e-01
2.180475294589996338e-01
2.200894355773925781e-01
2.185688316822052002e-01
2.166629433631896973e-01
2.186759859323501587e-01
2.171095013618469238e-01
2.187309563159942627e-01
2.169109284877777100e-01
2.212097644805908203e-01
2.181552350521087646e-01
2.176373451948165894e-01
2.170467227697372437e-01
2.205818891525268555e-01
2.162983268499374390e-01
2.184233963489532471e-01
2.187955677509307861e-01
2.172121703624725342e-01
2.179784476757049561e-01
2.159323245286941528e-01
2.182428985834121704e-01
2.186055034399032593e-01
2.166994214057922363e-01
2.176395952701568604e-01
2.173559963703155518e-01
2.178693413734436035e-01
2.176118344068527222e-01
2.168181985616683960e-01
2.192547172307968140e-01
2.165335118770599365e-01
2.167407721281051636e-01
2.162016034126281738e-01
2.175363004207611084e-01
2.158858180046081543e-01
2.178610563278198242e-01
2.166252285242080688e-01
2.151149511337280273e-01
2.153276056051254272e-01
2.176680266857147217e-01
2.173140645027160645e-01
2.156570553779602051e-01
2.140072137117385864e-01
2.168857455253601074e-01
2.154122143983840942e-01
2.141695320606231689e-01
2.171252071857452393e-01
2.175130397081375122e-01
2.160519361495971680e-01
2.151682674884796143e-01
2.170164734125137329e-01
2.136267870664596558e-01
2.142683714628219604e-01
2.144709378480911255e-01
2.162694633007049561e-01
2.127254158258438110e-01
2.157395333051681519e-01
2.169001698493957520e-01
2.159967571496963501e-01
2.141245454549789429e-01
2.138258516788482666e-01
2.143590748310089111e-01
2.137217074632644653e-01
2.138334512710571289e-01
2.144680768251419067e-01
2.147326171398162842e-01
2.132292836904525757e-01
2.160127162933349609e-01
2.119297683238983154e-01
2.126222997903823853e-01
2.134436964988708496e-01
2.165202945470809937e-01
2.128386646509170532e-01
2.170638442039489746e-01
2.144925594329833984e-01
2.145968079566955566e-01
2.156414687633514404e-01
2.143727391958236694e-01
2.146614938974380493e-01
2.124379873275756836e-01
2.117621004581451416e-01
2.097112983465194702e-01
2.146524786949157715e-01
2.129657715559005737e-01
2.124540507793426514e-01
2.103234827518463135e-01
2.133432030677795410e-01
2.115436792373657227e-01
2.143534123897552490e-01
2.139118760824203491e-01
2.168285548686981201e-01
2.117425203323364258e-01
2.129807025194168091e-01
2.107118070125579834e-01
2.107004970312118530e-01
2.140993475914001465e-01
2.107878476381301880e-01
2.121021598577499390e-01
2.114593684673309326e-01
2.118759751319885254e-01
2.106008529663085938e-01
2.119888216257095337e-01
2.122658193111419678e-01
2.125689089298248291e-01
2.112032473087310791e-01
2.123312354087829590e-01
2.091842144727706909e-01
2.108218967914581299e-01
2.118400484323501587e-01
2.106711566448211670e-01
2.078823745250701904e-01
2.109429389238357544e-01
2.127057164907455444e-01
2.088345140218734741e-01
2.127141952514648438e-01
2.100181281566619873e-01
2.115687876939773560e-01
2.096034735441207886e-01
2.107642441987991333e-01
2.109099328517913818e-01
2.136660963296890259e-01
2.107378989458084106e-01
2.109980732202529907e-01
2.102788537740707397e-01
2.157444804906845093e-01
2.106268852949142456e-01
2.098263353109359741e-01
2.105034589767456055e-01
2.103231847286224365e-01
2.131852507591247559e-01
2.101231664419174194e-01
2.103428840637207031e-01
2.092019319534301758e-01
2.077043801546096802e-01
2.105511575937271118e-01
2.095429450273513794e-01
2.106041014194488525e-01
2.117512822151184082e-01
2.109556198120117188e-01
2.108098566532135010e-01
2.087330818176269531e-01
2.077911198139190674e-01
2.079432904720306396e-01
2.094153910875320435e-01
2.101124078035354614e-01
2.095287889242172241e-01
2.102904468774795532e-01
2.103375494480133057e-01
2.093957513570785522e-01
2.063985615968704224e-01
2.089236378669738770e-01
2.082266360521316528e-01
2.112649083137512207e-01
2.083951234817504883e-01
2.092006653547286987e-01
2.067197114229202271e-01
2.074139118194580078e-01
2.093946784734725952e-01
2.083030492067337036e-01
2.095535546541213989e-01
2.084592133760452271e-01
2.079664170742034912e-01
2.105872184038162231e-01
2.050666660070419312e-01
2.097943872213363647e-01
2.064817547798156738e-01
2.086890786886215210e-01
2.073696851730346680e-01
2.059023678302764893e-01
2.092265933752059937e-01
2.073850780725479126e-01
2.078760862350463867e-01
2.071485817432403564e-01
2.062077373266220093e-01
2.076134979724884033e-01
2.070278525352478027e-01
2.055557370185852051e-01
2.082689255475997925e-01
2.112196385860443115e-01
2.089889198541641235e-01
2.075730562210083008e-01
2.055445760488510132e-01
2.068567276000976562e-01
2.072771638631820679e-01
2.081825286149978638e-01
2.079985290765762329e-01
2.069513797760009766e-01
2.053569555282592773e-01
2.073034197092056274e-01
2.070724666118621826e-01
2.066118717193603516e-01
2.079485505819320679e-01
2.070717215538024902e-01
2.077443599700927734e-01
2.062698155641555786e-01
2.057679742574691772e-01
2.078144103288650513e-01
2.062380164861679077e-01
2.068725079298019409e-01
2.058866620063781738e-01
2.071757912635803223e-01
2.085249125957489014e-01
2.064530998468399048e-01
2.087427526712417603e-01
2.062604427337646484e-01
2.049943655729293823e-01
2.071160227060317993e-01
2.043585628271102905e-01
2.054276615381240845e-01
2.071211785078048706e-01
2.046025693416595459e-01
2.082196474075317383e-01
2.043783217668533325e-01
2.063179910182952881e-01
2.033110260963439941e-01
2.056656479835510254e-01
2.046887129545211792e-01
2.060362696647644043e-01
2.047071754932403564e-01
2.054797708988189697e-01
2.032801061868667603e-01
2.029573768377304077e-01
2.061301469802856445e-01
2.047950476408004761e-01
2.038539052009582520e-01
2.051555067300796509e-01
2.054566591978073120e-01
2.034743279218673706e-01
2.064277231693267822e-01
2.038524299860000610e-01
2.048830986022949219e-01
2.031113654375076294e-01
2.050025463104248047e-01
2.042697072029113770e-01
2.045320272445678711e-01
2.036579102277755737e-01
2.020672112703323364e-01
2.045447528362274170e-01
2.048083245754241943e-01
2.022734582424163818e-01
2.028846740722656250e-01
2.046447694301605225e-01
2.036893367767333984e-01
2.048524767160415649e-01
2.045236974954605103e-01
2.036167979240417480e-01
2.038117349147796631e-01
2.060014456510543823e-01
2.053650021553039551e-01
2.028493732213973999e-01
2.038231790065765381e-01
2.017921656370162964e-01
2.076097726821899414e-01
2.030457109212875366e-01
2.034817785024642944e-01
2.023940235376358032e-01
2.075538337230682373e-01
2.058797180652618408e-01
2.049245536327362061e-01
2.023193538188934326e-01
2.056488841772079468e-01
2.039939165115356445e-01
2.028218954801559448e-01
2.039907574653625488e-01
2.039054334163665771e-01
2.014603465795516968e-01
2.031972408294677734e-01
2.016573697328567505e-01
2.027858197689056396e-01
2.052688598632812500e-01
2.024714201688766479e-01
2.031923979520797729e-01
2.034134417772293091e-01
2.009436190128326416e-01
2.003311067819595337e-01
2.020987421274185181e-01
2.027673572301864624e-01
2.038299888372421265e-01
2.016503363847732544e-01
2.039429247379302979e-01
2.031284868717193604e-01
2.006882727146148682e-01
2.037482857704162598e-01
2.043699026107788086e-01
2.008171677589416504e-01
2.057583481073379517e-01
2.053460627794265747e-01
2.028815746307373047e-01
2.046565860509872437e-01
2.033704966306686401e-01
2.018809467554092407e-01
2.020677328109741211e-01
2.026827037334442139e-01
2.018522173166275024e-01
2.050355821847915649e-01
2.027974575757980347e-01
2.020327597856521606e-01
2.030508965253829956e-01
2.041038721799850464e-01
2.005802989006042480e-01
1.997219920158386230e-01
2.051596194505691528e-01
2.014412730932235718e-01
2.006134241819381714e-01
2.007570564746856689e-01
2.000916898250579834e-01
2.019244879484176636e-01
2.013843506574630737e-01
2.031296640634536743e-01
2.012658864259719849e-01
2.018196582794189453e-01
2.014353871345520020e-01
1.980696618556976318e-01
2.036014497280120850e-01
2.016636431217193604e-01
1.988862752914428711e-01
2.004223614931106567e-01
2.015234082937240601e-01
2.026908695697784424e-01
2.022861391305923462e-01
2.051622122526168823e-01
1.991813182830810547e-01
2.028904706239700317e-01
1.989438831806182861e-01
1.989730447530746460e-01
2.054059654474258423e-01
2.003809809684753418e-01
2.003234475851058960e-01
2.036733925342559814e-01
2.014059573411941528e-01
1.984995901584625244e-01
1.990451961755752563e-01
2.018552422523498535e-01
2.014946639537811279e-01
1.996964514255523682e-01
2.008368223905563354e-01
1.993709206581115723e-01
2.000493407249450684e-01
2.008422017097473145e-01
1.994490176439285278e-01
2.001349478960037231e-01
2.014669179916381836e-01
1.996242254972457886e-01
1.999439001083374023e-01
2.039493024349212646e-01
1.994385123252868652e-01
2.004695832729339600e-01
2.016709446907043457e-01
1.991379559040069580e-01
2.006898373365402222e-01
2.016249746084213257e-01
1.981980651617050171e-01
1.982039958238601685e-01
1.988678872585296631e-01
2.009337693452835083e-01
1.996558010578155518e-01
1.975850164890289307e-01
1.991043537855148315e-01
2.013178914785385132e-01
1.987338215112686157e-01
1.986906975507736206e-01
2.016331702470779419e-01
1.988641619682312012e-01
1.992868185043334961e-01
2.009516507387161255e-01
2.002407312393188477e-01
1.978304386138916016e-01
1.988139152526855469e-01
1.996622979640960693e-01
1.998571008443832397e-01
1.993592977523803711e-01
1.968341618776321411e-01
1.997758746147155762e-01
2.000874429941177368e-01
1.994665563106536865e-01
2.013645768165588379e-01
1.975047737360000610e-01
1.998037844896316528e-01
1.981211602687835693e-01
1.955058574676513672e-01
2.001444399356842041e-01
2.000334411859512329e-01
2.009253948926925659e-01
1.990826874971389771e-01
1.996906250715255737e-01
2.023596912622451782e-01
1.992005854845046997e-01
2.009849995374679565e-01
1.993265002965927124e-01
1.966233402490615845e-01
1.994108408689498901e-01
2.001339644193649292e-01
1.991160213947296143e-01
1.993424296379089355e-01
1.993306726217269897e-01
1.994985491037368774e-01
1.986087262630462646e-01
1.975450515747070312e-01
2.002707123756408691e-01
1.975477337837219238e-01
1.990500986576080322e-01
1.986503750085830688e-01
1.981233954429626465e-01
2.005009055137634277e-01
2.011615484952926636e-01
1.982474923133850098e-01
1.992539018392562866e-01
2.019277960062026978e-01
1.998698562383651733e-01
1.991015374660491943e-01
1.977354884147644043e-01
1.998480409383773804e-01
1.964626461267471313e-01
1.998846977949142456e-01
1.961104124784469604e-01
1.959677636623382568e-01
1.973021328449249268e-01
1.968825310468673706e-01
2.001366466283798218e-01
1.980147212743759155e-01
2.001531720161437988e-01
2.002107501029968262e-01
1.983786225318908691e-01
1.969960927963256836e-01
1.974671483039855957e-01
1.978609859943389893e-01
1.988275498151779175e-01
1.996549814939498901e-01
1.978662014007568359e-01
1.999462693929672241e-01
1.951636075973510742e-01
1.967769563198089600e-01
1.971939206123352051e-01
1.972237527370452881e-01
2.000150978565216064e-01
1.977991759777069092e-01
1.994436532258987427e-01
1.986799687147140503e-01
1.986907571554183960e-01
2.010083496570587158e-01
1.960956007242202759e-01
1.983643621206283569e-01
1.963124573230743408e-01
1.943263560533523560e-01
1.973922252655029297e-01
1.986214518547058105e-01
2.018156647682189941e-01
1.968503296375274658e-01
1.992707252502441406e-01
1.995430290699005127e-01
1.987806111574172974e-01
1.979020535945892334e-01
1.955168396234512329e-01
1.968430429697036743e-01
1.984701156616210938e-01
1.973500102758407593e-01
1.967350393533706665e-01
1.972344517707824707e-01
1.954704672098159790e-01
1.974927335977554321e-01
1.952045708894729614e-01
1.960619986057281494e-01
1.947307735681533813e-01
1.942317336797714233e-01
1.970437765121459961e-01
2.006396502256393433e-01
1.973226666450500488e-01
1.959009021520614624e-01
1.958679705858230591e-01
1.969009488821029663e-01
1.941979527473449707e-01
1.961092352867126465e-01
1.967389881610870361e-01
1.952386647462844849e-01
1.961471736431121826e-01
1.987030208110809326e-01
1.961213648319244385e-01
1.964161545038223267e-01
1.979196071624755859e-01
1.968479603528976440e-01
1.959576010704040527e-01
1.931647062301635742e-01
1.950648874044418335e-01
1.972799003124237061e-01
1.947365105152130127e-01
1.975012719631195068e-01
1.935279220342636108e-01
1.957108527421951294e-01
1.952294409275054932e-01
1.961537748575210571e-01
1.958362907171249390e-01
1.961728483438491821e-01
1.954984664916992188e-01
1.945313513278961182e-01
1.947728544473648071e-01
1.991400420665740967e-01
1.929476261138916016e-01
1.965909898281097412e-01
1.960469931364059448e-01
1.983937323093414307e-01
1.974921673536300659e-01
1.977987736463546753e-01
1.976535469293594360e-01
