1.667022707462310738e+00
1.319137678146362402e+00
1.188612101078033501e+00
1.098343591690063459e+00
1.016912170052528319e+00
9.625528800487518355e-01
9.199601316452026278e-01
8.210168409347534668e-01
7.954768913984299195e-01
7.846402317285537942e-01
7.585654968023299860e-01
7.543586170673370894e-01
7.303920966386795444e-01
7.334884560108184681e-01
6.098835274577141252e-01
6.041606801748276023e-01
6.236452651023864924e-01
6.294386842846870778e-01
6.083583864569663824e-01
6.224486047029494928e-01
6.274974137544632180e-01
5.038013824820518627e-01
4.777710533142089933e-01
4.931930717825889765e-01
5.127184027433395741e-01
5.064136955142021224e-01
5.119419187307358010e-01
5.112421429157256725e-01
2.874351606518030233e-01
2.967226274311542400e-01
3.078021906316280587e-01
3.178683495521545388e-01
3.325792515277862793e-01
3.336580636352300400e-01
3.522598560154437952e-01
1.832622418925166086e-01
1.857629881799220950e-01
1.876209175586700528e-01
2.092885526269674390e-01
2.023227196559309882e-01
2.034137659519910935e-01
1.970043186843395133e-01
1.169929055497050258e-01
1.346597770228981916e-01
1.380440748482942570e-01
1.585197483748197467e-01
1.472524086013436428e-01
1.453634969517588749e-01
1.524944780394434929e-01
9.860530934296547756e-02
9.349715495482087413e-02
1.067423477396368947e-01
1.151070073060691396e-01
1.107376347109675363e-01
1.187196530494838975e-01
1.321044100541621524e-01
8.455348088406026974e-02
8.639501183293760156e-02
1.148563613183796461e-01
1.119778599776327654e-01
1.114635709952563059e-01
9.984553286805748773e-02
1.224673724360764021e-01
7.713921104557812380e-02
7.267567555885762198e-02
8.662146525457500856e-02
9.197487506084144060e-02
8.937548873014748707e-02
1.025877360906451985e-01
9.813310981728136373e-02
8.618594167288393115e-02
8.627142933197319563e-02
8.066565726883709320e-02
7.388696626992896643e-02
1.006431432347744681e-01
9.645021864678710033e-02
9.572608667425810958e-02
6.699817282613367009e-02
5.731317957863211326e-02
7.458028464578092542e-02
8.605121778324247017e-02
9.071760949213057701e-02
9.531521591357887402e-02
7.927011698950081620e-02
6.234021227573975643e-02
6.203566989861428876e-02
6.092334335437044751e-02
8.379608769435435700e-02
8.112774427048861925e-02
9.152006153482944439e-02
1.021073834039270822e-01
5.766319048590957952e-02
5.975238922983407835e-02
8.115939307957888149e-02
8.265874514356255642e-02
7.080631829099730268e-02
7.008741066325456515e-02
6.758862026501447073e-02
7.266370369354263614e-02
6.949154227040707510e-02
6.420752334874123279e-02
6.752835163846611366e-02
6.699505928903817797e-02
6.759932866320013389e-02
7.344597707502543982e-02
