1.760814726352691650e+00
1.409618012905120787e+00
1.282090619802475073e+00
1.124763340950012180e+00
1.034364414811134392e+00
9.826204550266265381e-01
9.242329758405685158e-01
8.412476003170012984e-01
8.431800809502602023e-01
8.010466313362121227e-01
8.324636495113373336e-01
7.938515925407410023e-01
7.942923283576965865e-01
7.514351841807365151e-01
6.145246192812919839e-01
6.124671527743339450e-01
5.913969030976296004e-01
5.734467235207557634e-01
5.820809447765350475e-01
5.887878084182739391e-01
5.805944830179214922e-01
4.027809274196624822e-01
4.179261320829391613e-01
4.044594614207744354e-01
4.163959945738315849e-01
4.344225095212459475e-01
4.243628637492656841e-01
4.554166652262210957e-01
2.637916650623083337e-01
2.554387345910072438e-01
2.919755887240171321e-01
2.749110490828752251e-01
3.088365277647971974e-01
3.083148463815450491e-01
3.103260765969753088e-01
1.709786350280046441e-01
1.711364533007145028e-01
1.919020637124776718e-01
2.237706564366817585e-01
2.182524762302636978e-01
2.298210804164409760e-01
2.365919850766658727e-01
1.449908081069588572e-01
1.501937472168356213e-01
1.537165069393813532e-01
1.570259250327944722e-01
1.682758213207125597e-01
1.751764057949185271e-01
1.855631813779473338e-01
1.131659906357526807e-01
1.149702356383204421e-01
1.334264712780713902e-01
1.317309910058975242e-01
1.412257798016071375e-01
1.501607854105532214e-01
1.434857875853776943e-01
9.004716777242720294e-02
8.132377155125140866e-02
1.010285212215967510e-01
1.174314816296100628e-01
1.109335916861891730e-01
1.283867488522082434e-01
1.256058974564075448e-01
1.048242576979100671e-01
8.195892477408051047e-02
9.402887065894902086e-02
1.065395153872668726e-01
1.113543849857523971e-01
1.091152194002643211e-01
1.228589898534119124e-01
1.028362224530428581e-01
7.319535313406959343e-02
8.717707344330846708e-02
8.294242592528462688e-02
1.111753293126821474e-01
1.121697603072971117e-01
1.256109269522130423e-01
8.184871420264244746e-02
8.667376697994769175e-02
1.032796816900372477e-01
9.200536939781159274e-02
1.046665516961365894e-01
9.857439305633305948e-02
1.038010469265282093e-01
6.140664176084101311e-02
7.504326363559812862e-02
9.092467578127980121e-02
8.040030039846897403e-02
7.363933615386486498e-02
9.229456649627536258e-02
1.083968553878366936e-01
9.208782084286212810e-02
6.226515439804643226e-02
7.803009601309895960e-02
9.386733772233128714e-02
7.364602343179285637e-02
8.976397031918167957e-02
9.653178867883979719e-02
5.772966598393395460e-02
6.517467238707468080e-02
6.641525374259799053e-02
8.294588565826416238e-02
9.720839289948343676e-02
8.434187627397476961e-02
7.302659419365227500e-02
