7.833292198181152077e-01
4.629955032467842346e-01
3.749076883494854018e-01
3.610623678565025307e-01
3.153522484004497306e-01
3.184947469830513023e-01
3.009113009274005934e-01
3.062048621475696453e-01
2.692521242797374925e-01
2.549978782981633940e-01
2.390990042686462480e-01
2.578614501655101532e-01
2.312902511656284299e-01
2.261299133300781194e-01
2.342813794314861364e-01
2.398816178739070770e-01
2.232554066181182961e-01
2.325906917452812139e-01
1.874286865442991168e-01
1.964194708317518190e-01
2.025470774620771464e-01
2.054392979294061561e-01
2.025121791660785542e-01
2.108098839968443050e-01
2.100384628772735685e-01
1.959250045567750842e-01
1.943850835040211722e-01
1.560254036635160546e-01
1.757630117237568013e-01
1.731635480374097702e-01
1.683104713261127372e-01
1.812105167657137028e-01
1.731564247608184948e-01
1.854530153423547822e-01
1.777604541182518094e-01
1.822240015864372287e-01
1.456176608055829991e-01
1.442917391657829174e-01
1.543881228566169606e-01
1.533000362664461158e-01
1.572440077364444799e-01
1.603838022053241663e-01
1.585241663455963235e-01
1.630945027619600252e-01
1.556928285956382663e-01
1.338533062487840541e-01
1.355231092870235465e-01
1.386729896068573109e-01
1.380576589331030946e-01
1.323537321388721377e-01
1.268369197100401025e-01
1.429856150597333952e-01
1.376072787120938279e-01
1.410802527889609415e-01
1.192754527926444957e-01
1.148827573657035805e-01
1.167482605949044239e-01
1.226842155680060442e-01
1.185384639352560082e-01
1.244230257719755178e-01
1.274159905314445618e-01
1.229014612734317807e-01
1.350675882399082206e-01
1.087809034064412123e-01
1.090055869519710591e-01
1.048205129429698040e-01
1.045949409529566831e-01
1.106440156698226956e-01
1.142681089788675358e-01
1.154365755617618589e-01
1.088826323673129093e-01
1.119779526814818349e-01
5.964423893950879241e-02
7.754703981801867874e-02
8.162295549176633302e-02
8.301376894116402338e-02
8.701093914918602013e-02
7.955421394668520108e-02
8.902215975336730258e-02
7.518614538945257719e-02
9.519498027861118816e-02
4.737585894297808436e-02
4.737113960087299680e-02
4.955754446331411822e-02
5.033329249592497640e-02
5.827215709723532200e-02
5.900964146014302941e-02
5.739958988968282827e-02
5.809832836501300363e-02
5.976922310306690550e-02
4.047534561599604869e-02
3.876558902440592480e-02
3.636495199636555903e-02
5.002485900651663236e-02
3.996559094870463097e-02
4.417380783415865431e-02
4.432671987917274209e-02
4.627848095726221772e-02
4.547967963619157367e-02
2.770306239952333160e-02
3.353375580452848392e-02
4.236480379040585831e-02
3.175955629965756394e-02
3.907270168070681171e-02
4.025261769653298155e-02
4.907094356021843989e-02
4.960486413794569505e-02
4.976039810222573911e-02
3.031208311440423270e-02
2.737722707970533659e-02
3.800112599623389764e-02
2.931539695942774262e-02
4.019098966848105164e-02
4.365895129041746231e-02
3.892048952984623889e-02
3.452928699203766660e-02
4.220886004739440867e-02
2.689954089932143633e-02
2.656098283012397684e-02
2.586402727407403207e-02
3.418769693525973430e-02
2.929818048403831296e-02
4.068340350931975991e-02
3.407550857868045513e-02
3.546601290814578589e-02
2.761991379200480837e-02
3.347704508574679549e-02
3.397569942928384962e-02
2.777582579583395134e-02
3.036936342483386245e-02
3.113173367499257396e-02
2.400996161682996885e-02
3.686539679634734390e-02
3.510337086860090827e-02
3.097298234468326070e-02
