7.147893667221069114e-01
3.490397623181343278e-01
3.055835060775279888e-01
2.723375728726387113e-01
2.501092422008514560e-01
2.249533390253782295e-01
2.176210912317037560e-01
2.142241676151752372e-01
2.151361428946256538e-01
1.835464230179786604e-01
1.890113178640603908e-01
1.878201146423816581e-01
1.768306403607129984e-01
1.813749696314334858e-01
1.793515626341104507e-01
1.790640202909707934e-01
1.681487117707729240e-01
1.684745380282401950e-01
1.604733184725046224e-01
1.507138457894325323e-01
1.517101759463548583e-01
1.561504127830266875e-01
1.548968132585287205e-01
1.632873950153589382e-01
1.610202815383672825e-01
1.522796669602394237e-01
1.556251640617847543e-01
1.427500804513692767e-01
1.424523004144430116e-01
1.364700697362422888e-01
1.403044494986534219e-01
1.479217052459716741e-01
1.427566023916005955e-01
1.444170264899730660e-01
1.479097301512956597e-01
1.472359664738178142e-01
1.303146644681692223e-01
1.345919813960790579e-01
1.302562763169407833e-01
1.326248382776975543e-01
1.318708038330078103e-01
1.352542192861437842e-01
1.379245839267969065e-01
1.374607454240322213e-01
1.361306488513946422e-01
1.249448852986097397e-01
1.239531880989670765e-01
1.236348549276590353e-01
1.229578774049878143e-01
1.222597092390060453e-01
1.224599849805235868e-01
1.222532110661268268e-01
1.248345503211021473e-01
1.290898068994283665e-01
1.190585015714168554e-01
1.158892692252993517e-01
1.180510766059160166e-01
1.144352579116821311e-01
1.161976444721221913e-01
1.146391706913709591e-01
1.201981245726346931e-01
1.171300434321165124e-01
1.215673366189003041e-01
1.079320618882775307e-01
1.069734735041856788e-01
1.117413873970508620e-01
1.093260251730680532e-01
1.092830698192119587e-01
1.128673990443348901e-01
1.138932486623525642e-01
1.170993762463331256e-01
1.263936589658260223e-01
1.341031358018517361e-01
1.405660955049097549e-01
1.351680518686771415e-01
1.322389494162052870e-01
1.278458037041127759e-01
1.250172297842800651e-01
1.289153707399964266e-01
1.276345589198172037e-01
1.143730828724801585e-01
7.466598493978381101e-02
7.479024480096996275e-02
8.135181052144617453e-02
7.874190316535532863e-02
8.491350137628614347e-02
8.948534213937818504e-02
7.944786504376680214e-02
8.922089276835322436e-02
8.072571191005409319e-02
5.912729022093117515e-02
5.077702811220660695e-02
5.815604908391833194e-02
6.827117731794714317e-02
6.221975888591260023e-02
6.576331372372806738e-02
7.671417331323027167e-02
6.867817371618002709e-02
6.928726567886769883e-02
3.990805015433579461e-02
4.480075910221785473e-02
4.991155778989195962e-02
4.662778860772959916e-02
5.676297487225383243e-02
5.277774917427450335e-02
5.559418077114969270e-02
5.504330452531576434e-02
6.768044883385300470e-02
3.968803032068535935e-02
4.157023045932874139e-02
4.205530274775810817e-02
4.467217971687205413e-02
5.062949568615295048e-02
4.317421890562399972e-02
5.099756103707477756e-02
4.268974725389853425e-02
5.868979108985513532e-02
5.080065668560564823e-02
3.236074222950265089e-02
3.663724854937754766e-02
3.429747021262301299e-02
3.351534921792335975e-02
3.579397397814318427e-02
3.871022225706838293e-02
4.865845343374530785e-02
4.351744956104084544e-02
3.482495732459937876e-02
3.016439458588138223e-02
3.468393632327206738e-02
2.851840269926469648e-02
3.788428036961704465e-02
3.784428512037266157e-02
4.406234536319970918e-02
4.372654036968014885e-02
3.519809644320048142e-02
