4.822304207086562933e-01
1.556563676148653153e-01
1.195418199151754429e-01
1.119241248443722664e-01
1.077868858352303560e-01
9.688296694308519419e-02
8.913100939244031351e-02
9.032863654196261749e-02
8.554434511810540820e-02
7.835731327533722312e-02
7.511981401592493501e-02
7.660948719829320519e-02
7.166711304336786936e-02
7.241137694567441330e-02
7.128753442317246891e-02
7.434602666646242253e-02
6.957872133702039386e-02
7.010475128889083474e-02
6.649892035871744767e-02
6.298857904970646404e-02
6.737508594989777277e-02
6.535512115806341171e-02
6.627199329435824737e-02
6.295145153999329168e-02
6.318081032484769433e-02
6.721940703690051921e-02
6.267500780522823611e-02
6.205262295901775582e-02
5.960457719862460868e-02
6.022387214004993466e-02
6.034796845167875179e-02
5.740347281098365922e-02
5.948463574051857106e-02
6.025226691737770729e-02
5.973436212167143600e-02
6.262839671224355864e-02
5.635151306167245078e-02
5.821913752704858946e-02
5.515135694295168062e-02
5.790438700467347849e-02
5.782284531742334227e-02
5.771202430129051403e-02
5.816249102354049960e-02
5.986079227179288975e-02
5.549139238893985998e-02
5.592733941972255485e-02
5.577221594750881445e-02
5.510748174041509712e-02
5.300986852496862578e-02
5.572777610272169196e-02
5.697246830910444176e-02
5.450601439923048047e-02
5.497286725789308354e-02
5.688956182450056326e-02
5.277082763612270244e-02
5.118859054520726037e-02
5.357300778850913187e-02
5.298062648624182053e-02
5.381396951153874508e-02
5.409907607361674059e-02
5.330298956483602718e-02
5.255573574453592522e-02
5.457158023491501947e-02
5.047684112563729369e-02
5.193573571741581102e-02
5.312090858817100636e-02
5.169087328016758187e-02
5.085149548947811432e-02
5.080681305378675211e-02
5.442609641700982964e-02
5.305474255234002984e-02
5.136119935661554586e-02
5.089063048362731795e-02
4.960349826142192164e-02
5.138130113482475281e-02
5.032634489238262121e-02
4.914020523428917070e-02
4.918032167479395589e-02
5.029309371486306163e-02
5.275071430951357165e-02
5.291604407131671878e-02
3.152036011964082785e-01
2.766159898042678811e-01
2.597801914811134205e-01
2.510635893046855860e-01
2.276360476016998369e-01
2.336575064808130153e-01
2.314938141405582517e-01
2.308918936550617140e-01
2.079932964965701125e-01
1.609037080407142717e-01
1.607497272826731161e-01
1.675419131666421868e-01
1.673745074123144105e-01
1.710598800517618701e-01
1.641400162503123261e-01
1.652505342289805335e-01
1.760960011184215523e-01
1.697978658601641544e-01
1.224977701529860463e-01
1.304056183621287446e-01
1.178684467822313370e-01
1.238135670498013430e-01
1.226510646194219623e-01
1.245688260532915592e-01
1.309899057820439472e-01
1.408700816519558308e-01
1.265823780745267968e-01
9.352843536995351925e-02
9.045162319205701795e-02
8.924827564740553387e-02
9.607744599692523424e-02
8.864342126995325422e-02
1.095014734566211734e-01
9.624676768667995985e-02
1.023112976551055903e-01
1.023064241465181101e-01
6.576613230630755369e-02
7.082016339525580573e-02
7.667615981306880046e-02
5.989487002370878777e-02
7.048718030564486703e-02
8.172867292072623358e-02
7.561024640686810072e-02
8.586122075095772854e-02
8.276209605857730300e-02
5.465619046241045054e-02
4.928978656651452489e-02
4.389730162452906703e-02
5.690599228255451003e-02
6.660174611024557989e-02
6.113160810433328207e-02
5.344616767019033654e-02
6.395669882185757438e-02
7.194190793670714179e-02
