9.755778908729553223e-01
9.605836272239685059e-01
9.470897912979125977e-01
9.324678182601928711e-01
9.173498153686523438e-01
9.025857448577880859e-01
8.847051262855529785e-01
8.688733577728271484e-01
8.474154472351074219e-01
8.273677825927734375e-01
8.045506477355957031e-01
7.809714078903198242e-01
7.576745748519897461e-01
7.358928918838500977e-01
7.088784575462341309e-01
6.861738562583923340e-01
6.594842076301574707e-01
6.530354619026184082e-01
6.214745640754699707e-01
6.255866289138793945e-01
6.154217720031738281e-01
6.015711426734924316e-01
5.957486033439636230e-01
5.624020695686340332e-01
5.668844580650329590e-01
5.475374460220336914e-01
5.522418022155761719e-01
5.630465745925903320e-01
5.520218610763549805e-01
5.188097357749938965e-01
5.152673721313476562e-01
4.927290081977844238e-01
4.974360466003417969e-01
4.967850744724273682e-01
4.960840046405792236e-01
4.929192066192626953e-01
4.834260642528533936e-01
4.718471467494964600e-01
4.683045744895935059e-01
4.693439602851867676e-01
4.628542065620422363e-01
4.568788707256317139e-01
4.535169005393981934e-01
4.535386264324188232e-01
4.626972973346710205e-01
4.421136081218719482e-01
4.439012706279754639e-01
4.449729025363922119e-01
4.429102838039398193e-01
4.404554069042205811e-01
4.378651082515716553e-01
4.311113655567169189e-01
4.377292692661285400e-01
4.387968480587005615e-01
4.275493025779724121e-01
4.274330139160156250e-01
4.237351417541503906e-01
4.206498563289642334e-01
4.191685020923614502e-01
4.189606904983520508e-01
4.121126532554626465e-01
4.072974324226379395e-01
4.157471358776092529e-01
4.168750941753387451e-01
4.132187068462371826e-01
4.141733944416046143e-01
4.095091223716735840e-01
4.043415784835815430e-01
4.022403657436370850e-01
4.022411406040191650e-01
4.018850624561309814e-01
3.982241749763488770e-01
4.033218026161193848e-01
3.976214528083801270e-01
3.975096344947814941e-01
3.969739377498626709e-01
3.940716981887817383e-01
3.955154120922088623e-01
3.947030603885650635e-01
3.911518156528472900e-01
3.903609812259674072e-01
3.879967927932739258e-01
3.879428803920745850e-01
3.888703286647796631e-01
3.831025362014770508e-01
3.839958906173706055e-01
3.841802179813385010e-01
3.852038383483886719e-01
3.784330189228057861e-01
3.769407272338867188e-01
3.810404837131500244e-01
3.778148889541625977e-01
3.797317445278167725e-01
3.731029033660888672e-01
3.755900263786315918e-01
3.797382116317749023e-01
3.725996911525726318e-01
3.695538341999053955e-01
3.692053258419036865e-01
3.686251938343048096e-01
3.714756965637207031e-01
3.661258220672607422e-01
3.674014508724212646e-01
3.687410652637481689e-01
3.702915608882904053e-01
3.587428331375122070e-01
3.656039535999298096e-01
3.627013564109802246e-01
3.636651039123535156e-01
3.618798851966857910e-01
3.657234311103820801e-01
3.597156405448913574e-01
3.655886054039001465e-01
3.595665693283081055e-01
3.615653812885284424e-01
3.579185605049133301e-01
3.571290969848632812e-01
3.538418412208557129e-01
3.539761006832122803e-01
3.518747687339782715e-01
3.558807969093322754e-01
3.485733568668365479e-01
3.528095185756683350e-01
3.516881763935089111e-01
3.517049252986907959e-01
3.499659895896911621e-01
3.522004783153533936e-01
3.501045107841491699e-01
3.524221777915954590e-01
3.533183634281158447e-01
3.452045619487762451e-01
3.450928926467895508e-01
3.433377146720886230e-01
3.460887372493743896e-01
3.434512913227081299e-01
3.407614827156066895e-01
3.416933715343475342e-01
3.412037491798400879e-01
3.436659872531890869e-01
3.372874855995178223e-01
3.419176936149597168e-01
3.393250405788421631e-01
3.401757776737213135e-01
3.382006585597991943e-01
3.402651250362396240e-01
3.383248150348663330e-01
3.391913771629333496e-01
3.320821821689605713e-01
3.368541598320007324e-01
3.337006866931915283e-01
3.377898335456848145e-01
3.324621021747589111e-01
3.345740437507629395e-01
3.344922661781311035e-01
3.315044939517974854e-01
3.309980332851409912e-01
3.313257694244384766e-01
3.277164101600646973e-01
3.331894874572753906e-01
3.285197317600250244e-01
3.272903561592102051e-01
3.276221454143524170e-01
3.279367089271545410e-01
3.233474195003509521e-01
3.249545693397521973e-01
3.268658220767974854e-01
3.247154057025909424e-01
3.283208310604095459e-01
3.245400786399841309e-01
3.230971693992614746e-01
3.213297128677368164e-01
3.241038322448730469e-01
3.232383430004119873e-01
3.202475309371948242e-01
3.217504620552062988e-01
3.207483291625976562e-01
3.179457187652587891e-01
3.179862797260284424e-01
3.178622722625732422e-01
3.159855008125305176e-01
3.169233500957489014e-01
3.180658519268035889e-01
3.156509399414062500e-01
3.119964003562927246e-01
3.146688044071197510e-01
3.144487738609313965e-01
3.139886558055877686e-01
3.144339919090270996e-01
3.144584894180297852e-01
3.128616213798522949e-01
3.144675493240356445e-01
3.113313913345336914e-01
3.119627833366394043e-01
3.134256899356842041e-01
3.098839223384857178e-01
3.116241395473480225e-01
3.117083311080932617e-01
3.108364939689636230e-01
3.115855157375335693e-01
3.096058964729309082e-01
3.069316446781158447e-01
3.063423335552215576e-01
3.107262551784515381e-01
3.119114041328430176e-01
3.027827441692352295e-01
3.023477196693420410e-01
3.056613206863403320e-01
3.027585148811340332e-01
3.060114383697509766e-01
3.023218214511871338e-01
3.033872544765472412e-01
3.041149377822875977e-01
2.998676896095275879e-01
3.022873997688293457e-01
3.002102375030517578e-01
3.019095659255981445e-01
2.993897497653961182e-01
2.986063957214355469e-01
2.966990470886230469e-01
2.976859807968139648e-01
2.971554994583129883e-01
2.964112758636474609e-01
2.947961390018463135e-01
2.974404394626617432e-01
2.959897220134735107e-01
2.967513799667358398e-01
2.986898124217987061e-01
2.940404713153839111e-01
2.903179824352264404e-01
2.968055605888366699e-01
2.927049100399017334e-01
2.938342690467834473e-01
2.962340116500854492e-01
2.949801981449127197e-01
2.932202219963073730e-01
2.943102419376373291e-01
2.899196147918701172e-01
2.891511023044586182e-01
2.903882861137390137e-01
2.930850386619567871e-01
2.894065380096435547e-01
2.916873097419738770e-01
2.886519730091094971e-01
2.901164889335632324e-01
2.901508212089538574e-01
2.910067737102508545e-01
2.895697653293609619e-01
2.887189984321594238e-01
2.861334681510925293e-01
2.875089347362518311e-01
2.850361466407775879e-01
2.881820201873779297e-01
2.866837084293365479e-01
2.845016121864318848e-01
2.847971916198730469e-01
2.890419661998748779e-01
2.845296263694763184e-01
2.873913347721099854e-01
2.849907875061035156e-01
2.910971343517303467e-01
2.809738516807556152e-01
2.817939519882202148e-01
2.836117744445800781e-01
2.795144915580749512e-01
2.788029611110687256e-01
2.833169400691986084e-01
2.807594835758209229e-01
2.809404730796813965e-01
2.784850001335144043e-01
2.823932766914367676e-01
2.800506651401519775e-01
2.779383957386016846e-01
2.774943709373474121e-01
2.791679799556732178e-01
2.776066660881042480e-01
2.771622240543365479e-01
2.766655385494232178e-01
2.758476138114929199e-01
2.772376239299774170e-01
2.769740223884582520e-01
2.759971618652343750e-01
2.755859196186065674e-01
2.773932814598083496e-01
2.751843035221099854e-01
2.754350006580352783e-01
2.762387394905090332e-01
2.749677598476409912e-01
2.741205692291259766e-01
2.751693129539489746e-01
2.723838388919830322e-01
2.695867717266082764e-01
2.694558799266815186e-01
2.694666981697082520e-01
2.706863880157470703e-01
2.717050015926361084e-01
2.693535387516021729e-01
2.707724571228027344e-01
2.719207108020782471e-01
2.677165269851684570e-01
2.695573568344116211e-01
2.671785354614257812e-01
2.672089040279388428e-01
2.691485881805419922e-01
2.670499980449676514e-01
2.653672099113464355e-01
2.689235210418701172e-01
2.634335756301879883e-01
2.668461501598358154e-01
2.672871947288513184e-01
2.665480375289916992e-01
2.626056373119354248e-01
2.651681005954742432e-01
2.625308334827423096e-01
2.663971483707427979e-01
2.599163055419921875e-01
2.676808238029479980e-01
2.622110247611999512e-01
2.636272907257080078e-01
2.595199644565582275e-01
2.607723176479339600e-01
2.603828608989715576e-01
2.621220350265502930e-01
2.611127793788909912e-01
2.629485726356506348e-01
2.609183192253112793e-01
2.585792541503906250e-01
2.596058249473571777e-01
2.636550664901733398e-01
2.570598423480987549e-01
2.602167725563049316e-01
2.607104182243347168e-01
2.606534361839294434e-01
2.615428566932678223e-01
2.555871605873107910e-01
2.601639032363891602e-01
2.593532204627990723e-01
2.581336200237274170e-01
2.567992806434631348e-01
2.552652955055236816e-01
2.577276825904846191e-01
2.555828988552093506e-01
2.563575804233551025e-01
2.537021338939666748e-01
2.532389760017395020e-01
2.549470961093902588e-01
2.544518113136291504e-01
2.543502748012542725e-01
2.558854520320892334e-01
2.518793046474456787e-01
2.560341954231262207e-01
2.532687485218048096e-01
2.502842545509338379e-01
2.537615597248077393e-01
2.513095438480377197e-01
2.522326707839965820e-01
2.515927851200103760e-01
2.516756653785705566e-01
2.474745810031890869e-01
2.493400722742080688e-01
2.500281035900115967e-01
2.483716756105422974e-01
2.480309456586837769e-01
2.485478967428207397e-01
2.470710277557373047e-01
2.502718269824981689e-01
2.486271411180496216e-01
2.480457574129104614e-01
2.499059736728668213e-01
2.473810464143753052e-01
2.475343048572540283e-01
2.459665834903717041e-01
2.500322163105010986e-01
2.461632639169692993e-01
2.453296780586242676e-01
2.481093257665634155e-01
2.456839233636856079e-01
2.432714402675628662e-01
2.442387342453002930e-01
2.475180774927139282e-01
2.430546879768371582e-01
2.437230795621871948e-01
2.451670467853546143e-01
2.452141344547271729e-01
2.418223172426223755e-01
2.418868094682693481e-01
2.431183308362960815e-01
2.457072287797927856e-01
2.466418743133544922e-01
2.424926310777664185e-01
2.422378957271575928e-01
2.438009232282638550e-01
2.435874938964843750e-01
2.407399415969848633e-01
2.429504543542861938e-01
2.418108135461807251e-01
2.387344986200332642e-01
2.429770678281784058e-01
2.405619919300079346e-01
2.420134395360946655e-01
2.371520847082138062e-01
2.405422031879425049e-01
2.424121052026748657e-01
2.366751432418823242e-01
2.394016087055206299e-01
2.383087426424026489e-01
2.370168566703796387e-01
2.420515120029449463e-01
2.381336390972137451e-01
2.388305366039276123e-01
2.370496094226837158e-01
2.393265962600708008e-01
2.393097430467605591e-01
2.382176816463470459e-01
2.382614314556121826e-01
2.384235113859176636e-01
2.389882802963256836e-01
2.367768436670303345e-01
2.354900389909744263e-01
2.366168797016143799e-01
2.371765971183776855e-01
2.344686537981033325e-01
2.353513389825820923e-01
2.350260168313980103e-01
2.374984771013259888e-01
2.362049221992492676e-01
2.352087646722793579e-01
2.311827391386032104e-01
2.339305579662322998e-01
2.328929454088211060e-01
2.336940467357635498e-01
2.356479614973068237e-01
2.354296445846557617e-01
2.313637733459472656e-01
2.348829060792922974e-01
2.312011420726776123e-01
2.357319295406341553e-01
2.328960299491882324e-01
2.322880029678344727e-01
2.349447309970855713e-01
2.336889505386352539e-01
2.316120266914367676e-01
2.318741828203201294e-01
2.316817939281463623e-01
2.332808077335357666e-01
2.335368245840072632e-01
2.335925102233886719e-01
2.313443273305892944e-01
2.306539118289947510e-01
2.327203303575515747e-01
2.330285906791687012e-01
2.334321588277816772e-01
2.311987280845642090e-01
2.290238440036773682e-01
2.308139055967330933e-01
2.335186004638671875e-01
2.289888709783554077e-01
2.313684225082397461e-01
2.318069934844970703e-01
2.266142517328262329e-01
2.272199243307113647e-01
2.296382337808609009e-01
2.267262786626815796e-01
2.282999604940414429e-01
2.265754193067550659e-01
2.268852144479751587e-01
2.255997061729431152e-01
2.265140265226364136e-01
2.298957258462905884e-01
2.269777804613113403e-01
2.279713302850723267e-01
2.280826419591903687e-01
2.254001051187515259e-01
2.265285253524780273e-01
2.282753735780715942e-01
2.272215336561203003e-01
2.274976521730422974e-01
2.247030884027481079e-01
2.286816090345382690e-01
2.246572673320770264e-01
2.247062027454376221e-01
2.277125120162963867e-01
2.238623946905136108e-01
2.253680825233459473e-01
2.243697941303253174e-01
2.274081110954284668e-01
2.272050529718399048e-01
2.269401550292968750e-01
2.263538241386413574e-01
2.269437462091445923e-01
2.256653755903244019e-01
2.265743911266326904e-01
2.248054295778274536e-01
2.266576290130615234e-01
2.232642471790313721e-01
2.237858325242996216e-01
2.253866344690322876e-01
2.226721495389938354e-01
2.216155081987380981e-01
2.232439368963241577e-01
2.250449657440185547e-01
2.269513607025146484e-01
2.238410115242004395e-01
2.236846238374710083e-01
2.241996675729751587e-01
2.249800562858581543e-01
2.229715585708618164e-01
2.223173975944519043e-01
2.223894149065017700e-01
2.227222770452499390e-01
2.231293320655822754e-01
2.238593995571136475e-01
2.223259657621383667e-01
2.207189798355102539e-01
2.229456901550292969e-01
2.248166501522064209e-01
2.203666865825653076e-01
2.221926748752593994e-01
2.243196964263916016e-01
2.213597148656845093e-01
2.221431583166122437e-01
2.184318006038665771e-01
2.219884246587753296e-01
2.188831716775894165e-01
2.212084084749221802e-01
2.205654531717300415e-01
2.223911881446838379e-01
2.198173850774765015e-01
2.213385403156280518e-01
2.207312583923339844e-01
2.201735675334930420e-01
2.229470163583755493e-01
2.230430096387863159e-01
2.209650129079818726e-01
2.215484380722045898e-01
2.234055995941162109e-01
2.223913967609405518e-01
2.196403145790100098e-01
2.173094749450683594e-01
2.188891172409057617e-01
2.158970981836318970e-01
2.185355871915817261e-01
2.207634001970291138e-01
2.186055928468704224e-01
2.193132042884826660e-01
2.201955765485763550e-01
2.176144719123840332e-01
2.202739715576171875e-01
2.167617380619049072e-01
2.175153642892837524e-01
2.191656976938247681e-01
2.210041731595993042e-01
2.209006249904632568e-01
2.167500108480453491e-01
2.161479741334915161e-01
2.201124131679534912e-01
2.176878750324249268e-01
2.172465622425079346e-01
2.149448990821838379e-01
2.155406922101974487e-01
2.191652953624725342e-01
2.203207015991210938e-01
2.157088071107864380e-01
2.197792828083038330e-01
2.171102464199066162e-01
2.184106707572937012e-01
2.168404459953308105e-01
2.172947078943252563e-01
2.157369107007980347e-01
2.194225937128067017e-01
2.142688333988189697e-01
2.165942341089248657e-01
2.181576937437057495e-01
2.185752242803573608e-01
2.173667997121810913e-01
2.142264693975448608e-01
2.175763696432113647e-01
2.145695239305496216e-01
2.168791741132736206e-01
2.187756299972534180e-01
2.153360098600387573e-01
2.160192728042602539e-01
2.152404338121414185e-01
2.165463864803314209e-01
2.139194458723068237e-01
2.153097242116928101e-01
2.147108465433120728e-01
2.148022502660751343e-01
2.183888107538223267e-01
2.139223068952560425e-01
2.166639119386672974e-01
2.149076461791992188e-01
2.144138813018798828e-01
2.148267477750778198e-01
2.131367772817611694e-01
2.131269574165344238e-01
2.161810547113418579e-01
2.131736129522323608e-01
2.178252339363098145e-01
2.135539352893829346e-01
2.163390368223190308e-01
2.140431106090545654e-01
2.121528834104537964e-01
2.192112058401107788e-01
2.164138555526733398e-01
2.139269262552261353e-01
2.119151651859283447e-01
2.150165736675262451e-01
2.142634093761444092e-01
2.134285420179367065e-01
2.152665555477142334e-01
2.126079201698303223e-01
2.130229771137237549e-01
2.131446003913879395e-01
2.134717553853988647e-01
2.126919180154800415e-01
2.130396664142608643e-01
2.154745906591415405e-01
2.148559540510177612e-01
2.140458375215530396e-01
2.118018120527267456e-01
2.156260013580322266e-01
2.111895233392715454e-01
2.141075581312179565e-01
2.135324329137802124e-01
2.135150432586669922e-01
2.120047509670257568e-01
2.134786248207092285e-01
2.134862393140792847e-01
2.129824906587600708e-01
2.140504121780395508e-01
2.123654037714004517e-01
2.093470692634582520e-01
2.128830850124359131e-01
2.131532132625579834e-01
2.114725112915039062e-01
2.136679589748382568e-01
2.101984769105911255e-01
2.113422453403472900e-01
2.114802747964859009e-01
2.131084501743316650e-01
2.104171663522720337e-01
2.106352150440216064e-01
2.108651846647262573e-01
2.109332382678985596e-01
2.112680673599243164e-01
2.122225612401962280e-01
2.109621465206146240e-01
2.124054282903671265e-01
2.102906554937362671e-01
2.081349641084671021e-01
2.093363702297210693e-01
2.075475752353668213e-01
2.121386826038360596e-01
2.099528014659881592e-01
2.133965343236923218e-01
2.092605680227279663e-01
2.110356986522674561e-01
2.102929949760437012e-01
2.107713967561721802e-01
2.078712582588195801e-01
2.101121991872787476e-01
2.074680030345916748e-01
2.110727727413177490e-01
2.085227072238922119e-01
2.077483385801315308e-01
2.093636393547058105e-01
2.089082747697830200e-01
2.095926105976104736e-01
2.100829035043716431e-01
2.098931372165679932e-01
2.084755301475524902e-01
2.089978307485580444e-01
2.087621539831161499e-01
2.073227763175964355e-01
2.111747264862060547e-01
2.076122015714645386e-01
2.089327573776245117e-01
2.097106724977493286e-01
2.085315436124801636e-01
2.090973854064941406e-01
2.073200643062591553e-01
2.097048759460449219e-01
2.082157135009765625e-01
2.109297364950180054e-01
2.080999463796615601e-01
2.098758518695831299e-01
2.070957869291305542e-01
2.103567570447921753e-01
2.097478359937667847e-01
2.089768648147583008e-01
2.076811790466308594e-01
2.074487805366516113e-01
2.074273079633712769e-01
2.097008824348449707e-01
2.087320685386657715e-01
2.095427811145782471e-01
2.097630798816680908e-01
2.097023427486419678e-01
2.096031159162521362e-01
2.076747715473175049e-01
2.074493020772933960e-01
2.066539376974105835e-01
2.069184631109237671e-01
2.077335566282272339e-01
2.059620618820190430e-01
2.057559192180633545e-01
2.067093849182128906e-01
2.068588882684707642e-01
2.060610353946685791e-01
2.054303139448165894e-01
2.062630057334899902e-01
2.067363560199737549e-01
2.061176151037216187e-01
2.067074775695800781e-01
2.051383852958679199e-01
2.060538083314895630e-01
2.037305086851119995e-01
2.063352912664413452e-01
2.065503895282745361e-01
2.050562053918838501e-01
2.048042118549346924e-01
2.070142626762390137e-01
2.065074443817138672e-01
2.058874815702438354e-01
2.054619342088699341e-01
2.081273496150970459e-01
2.056473046541213989e-01
2.050480842590332031e-01
2.034998238086700439e-01
2.045071274042129517e-01
2.043197453022003174e-01
2.045116573572158813e-01
2.065754830837249756e-01
2.039278298616409302e-01
2.056492269039154053e-01
2.065367996692657471e-01
2.035511434078216553e-01
2.050906717777252197e-01
2.010488659143447876e-01
2.055914998054504395e-01
2.063724249601364136e-01
2.053077220916748047e-01
2.044909000396728516e-01
2.033753693103790283e-01
2.042291611433029175e-01
2.065073847770690918e-01
2.040330469608306885e-01
2.033954411745071411e-01
2.044735550880432129e-01
2.040334343910217285e-01
2.030529677867889404e-01
2.049033343791961670e-01
2.039459049701690674e-01
2.011235654354095459e-01
2.045642286539077759e-01
2.016282379627227783e-01
2.057317942380905151e-01
2.018120884895324707e-01
2.044838666915893555e-01
2.032806873321533203e-01
2.038871496915817261e-01
2.025218755006790161e-01
2.042628228664398193e-01
2.007242143154144287e-01
2.028625160455703735e-01
2.026205360889434814e-01
2.022777944803237915e-01
2.036241143941879272e-01
2.020231932401657104e-01
2.019871026277542114e-01
2.027077227830886841e-01
2.016233801841735840e-01
2.026696503162384033e-01
2.027674019336700439e-01
2.029291838407516479e-01
2.029125690460205078e-01
2.036376446485519409e-01
2.013674676418304443e-01
2.011961042881011963e-01
2.019596546888351440e-01
2.013023495674133301e-01
2.015766501426696777e-01
2.008773535490036011e-01
2.028672695159912109e-01
2.002891749143600464e-01
2.025218009948730469e-01
2.003074437379837036e-01
2.024056464433670044e-01
2.005098313093185425e-01
1.985874325037002563e-01
2.014314383268356323e-01
2.010987848043441772e-01
2.002078890800476074e-01
2.038869708776473999e-01
2.008159607648849487e-01
2.017747014760971069e-01
2.011563181877136230e-01
2.027351707220077515e-01
2.008683085441589355e-01
2.031961679458618164e-01
1.993334293365478516e-01
2.006231844425201416e-01
1.998156905174255371e-01
1.983492672443389893e-01
1.997562795877456665e-01
2.018211632966995239e-01
1.980227828025817871e-01
2.015660405158996582e-01
1.985847204923629761e-01
2.002714872360229492e-01
2.010371685028076172e-01
2.012613266706466675e-01
1.996441185474395752e-01
2.002921849489212036e-01
1.994427442550659180e-01
1.985493749380111694e-01
2.011656165122985840e-01
1.991354376077651978e-01
1.998294591903686523e-01
1.997067928314208984e-01
2.022113353013992310e-01
2.023264765739440918e-01
2.020162642002105713e-01
1.995146125555038452e-01
1.997143477201461792e-01
1.990938484668731689e-01
1.992039531469345093e-01
1.970105916261672974e-01
2.008834630250930786e-01
1.984560340642929077e-01
1.994258612394332886e-01
1.996631473302841187e-01
1.989197283983230591e-01
1.984192579984664917e-01
2.003730237483978271e-01
1.997011452913284302e-01
1.977457404136657715e-01
2.014748007059097290e-01
1.999059915542602539e-01
1.996160596609115601e-01
1.993947625160217285e-01
1.983810514211654663e-01
1.995679289102554321e-01
1.971484720706939697e-01
2.011544555425643921e-01
1.981039643287658691e-01
1.978632062673568726e-01
1.990097165107727051e-01
1.977601945400238037e-01
1.991387009620666504e-01
1.966110616922378540e-01
1.986608058214187622e-01
2.001897096633911133e-01
1.978537142276763916e-01
1.985719949007034302e-01
1.985288709402084351e-01
1.968792676925659180e-01
1.988560259342193604e-01
1.980541348457336426e-01
1.975786536931991577e-01
1.987327635288238525e-01
1.990714073181152344e-01
1.983283758163452148e-01
1.989421248435974121e-01
1.970795989036560059e-01
1.974777877330780029e-01
1.975615918636322021e-01
1.962673217058181763e-01
1.985027939081192017e-01
1.986910700798034668e-01
1.968406289815902710e-01
1.980922073125839233e-01
1.991025209426879883e-01
1.959786713123321533e-01
1.967672556638717651e-01
1.993171423673629761e-01
1.963085979223251343e-01
1.964155733585357666e-01
1.989397257566452026e-01
1.973197609186172485e-01
1.952572613954544067e-01
1.978486180305480957e-01
1.952929943799972534e-01
1.983598470687866211e-01
1.960993260145187378e-01
1.972046345472335815e-01
1.970357894897460938e-01
1.984335333108901978e-01
1.967699825763702393e-01
1.950428485870361328e-01
1.968566030263900757e-01
1.951213628053665161e-01
1.980358362197875977e-01
1.980997323989868164e-01
1.961746662855148315e-01
1.955211907625198364e-01
1.926039159297943115e-01
1.970637887716293335e-01
1.944681853055953979e-01
1.961395591497421265e-01
1.931492835283279419e-01
1.948944777250289917e-01
1.952347308397293091e-01
1.946186721324920654e-01
1.956184953451156616e-01
1.966205686330795288e-01
1.953200697898864746e-01
1.950254440307617188e-01
1.982005238533020020e-01
1.961204856634140015e-01
1.965638548135757446e-01
1.955361813306808472e-01
1.955079585313796997e-01
1.987341195344924927e-01
1.948900371789932251e-01
1.964273452758789062e-01
1.956887096166610718e-01
1.940172761678695679e-01
1.955776512622833252e-01
1.946195960044860840e-01
1.952250450849533081e-01
1.967835873365402222e-01
1.942593902349472046e-01
1.948468089103698730e-01
1.944902539253234863e-01
1.954790651798248291e-01
1.943539679050445557e-01
1.947589665651321411e-01
1.947337836027145386e-01
1.933002620935440063e-01
1.936156004667282104e-01
1.945377588272094727e-01
1.944849044084548950e-01
1.933382451534271240e-01
1.954421252012252808e-01
1.940025836229324341e-01
1.936857998371124268e-01
1.934118568897247314e-01
1.958383172750473022e-01
1.958739757537841797e-01
1.947219073772430420e-01
1.941276937723159790e-01
1.907357275485992432e-01
1.935797333717346191e-01
1.914217621088027954e-01
1.949414908885955811e-01
1.943642944097518921e-01
1.944701522588729858e-01
1.946008056402206421e-01
1.929313093423843384e-01
1.941867619752883911e-01
1.945891976356506348e-01
1.935485005378723145e-01
1.928762644529342651e-01
1.931841820478439331e-01
1.960892528295516968e-01
1.948668807744979858e-01
1.918386518955230713e-01
1.945397108793258667e-01
1.931251734495162964e-01
1.927737444639205933e-01
1.931183338165283203e-01
1.920042484998703003e-01
1.958345919847488403e-01
1.923582553863525391e-01
1.927447021007537842e-01
1.911093890666961670e-01
1.919420510530471802e-01
1.913055032491683960e-01
1.931161880493164062e-01
1.910353600978851318e-01
1.927443593740463257e-01
1.937195509672164917e-01
1.934480220079421997e-01
1.920268237590789795e-01
1.902994960546493530e-01
1.957604289054870605e-01
1.935376226902008057e-01
1.921822130680084229e-01
1.937615573406219482e-01
1.928851008415222168e-01
1.934261471033096313e-01
1.922763288021087646e-01
1.924311220645904541e-01
1.947479546070098877e-01
1.925633400678634644e-01
1.903942376375198364e-01
1.916234046220779419e-01
1.916090548038482666e-01
1.923884153366088867e-01
1.913618296384811401e-01
1.922295391559600830e-01
1.919133961200714111e-01
1.921920925378799438e-01
1.931932419538497925e-01
1.918330937623977661e-01
1.931181252002716064e-01
1.948254555463790894e-01
1.916677653789520264e-01
1.915641129016876221e-01
1.914950907230377197e-01
1.909906715154647827e-01
1.930940151214599609e-01
1.928005814552307129e-01
1.907921284437179565e-01
1.917398571968078613e-01
1.915202140808105469e-01
1.893918812274932861e-01
1.899973154067993164e-01
1.896351277828216553e-01
1.920425593852996826e-01
1.906831264495849609e-01
1.894851326942443848e-01
1.887786984443664551e-01
1.933353096246719360e-01
1.910703182220458984e-01
1.925579309463500977e-01
1.899679005146026611e-01
1.923557072877883911e-01
1.899910122156143188e-01
1.918800622224807739e-01
1.890100836753845215e-01
1.898666322231292725e-01
1.922675818204879761e-01
1.893573105335235596e-01
1.899335235357284546e-01
1.892101913690567017e-01
1.876105815172195435e-01
1.894992291927337646e-01
1.889724135398864746e-01
1.917999535799026489e-01
1.896859854459762573e-01
1.890683919191360474e-01
1.897151321172714233e-01
1.901397854089736938e-01
1.890552788972854614e-01
1.909075081348419189e-01
1.901962757110595703e-01
1.909857541322708130e-01
1.895455569028854370e-01
1.895961463451385498e-01
1.916096806526184082e-01
1.891739964485168457e-01
1.896769106388092041e-01
1.891518831253051758e-01
1.896032094955444336e-01
1.891583800315856934e-01
1.910465955734252930e-01
1.886588931083679199e-01
1.918246746063232422e-01
1.904323846101760864e-01
1.894850134849548340e-01
1.868436187505722046e-01
1.902882158756256104e-01
1.893215328454971313e-01
1.898158639669418335e-01
1.897188574075698853e-01
1.898758709430694580e-01
1.896896660327911377e-01
1.905772536993026733e-01
1.872364282608032227e-01
1.880938857793807983e-01
1.888067722320556641e-01
1.891703307628631592e-01
1.904346048831939697e-01
1.871885657310485840e-01
1.879389286041259766e-01
1.909810453653335571e-01
1.884209662675857544e-01
1.906810998916625977e-01
1.892960816621780396e-01
1.887280046939849854e-01
1.888260096311569214e-01
1.900028139352798462e-01
1.880902647972106934e-01
1.907065212726593018e-01
1.886198967695236206e-01
1.887494772672653198e-01
1.881989389657974243e-01
1.883215755224227905e-01
1.879632323980331421e-01
1.872676014900207520e-01
1.897439807653427124e-01
1.889471411705017090e-01
1.897221058607101440e-01
1.876863837242126465e-01
1.867151260375976562e-01
1.868028640747070312e-01
1.886230260133743286e-01
1.894374936819076538e-01
1.867965608835220337e-01
1.887127459049224854e-01
1.889617592096328735e-01
1.885552257299423218e-01
1.886783242225646973e-01
1.854247748851776123e-01
1.883390098810195923e-01
1.881089806556701660e-01
1.891971975564956665e-01
1.901682466268539429e-01
1.893512904644012451e-01
1.865800321102142334e-01
1.896604150533676147e-01
1.885961294174194336e-01
1.879514455795288086e-01
1.881875246763229370e-01
1.873893886804580688e-01
1.857664734125137329e-01
1.895559877157211304e-01
1.857666373252868652e-01
1.867125481367111206e-01
1.877799481153488159e-01
1.870469748973846436e-01
1.870813369750976562e-01
1.871306449174880981e-01
1.869519054889678955e-01
1.880843937397003174e-01
1.859542429447174072e-01
1.876215934753417969e-01
1.884425282478332520e-01
1.855944097042083740e-01
1.871301531791687012e-01
1.859780102968215942e-01
1.831869930028915405e-01
1.870942115783691406e-01
1.871728301048278809e-01
1.861073821783065796e-01
1.850477904081344604e-01
1.870363652706146240e-01
1.861522942781448364e-01
1.877655237913131714e-01
1.895791590213775635e-01
1.890822798013687134e-01
1.863604038953781128e-01
1.873591095209121704e-01
1.853184700012207031e-01
1.862341463565826416e-01
1.864165663719177246e-01
1.873896569013595581e-01
1.872228384017944336e-01
1.853440254926681519e-01
1.880846321582794189e-01
1.874036043882369995e-01
1.868740916252136230e-01
1.883317083120346069e-01
1.847854256629943848e-01
1.840388774871826172e-01
1.866428405046463013e-01
1.856268197298049927e-01
1.879093497991561890e-01
1.864721328020095825e-01
1.868493109941482544e-01
1.861850470304489136e-01
1.843525618314743042e-01
1.873984038829803467e-01
1.841941624879837036e-01
1.844407767057418823e-01
1.868511438369750977e-01
1.865021139383316040e-01
1.848927438259124756e-01
1.884729415178298950e-01
1.855693161487579346e-01
1.864567697048187256e-01
1.869050860404968262e-01
1.848420947790145874e-01
1.859946995973587036e-01
1.870633661746978760e-01
1.854727268218994141e-01
1.860661506652832031e-01
1.881387382745742798e-01
1.857952177524566650e-01
1.856777667999267578e-01
1.849938482046127319e-01
1.856381297111511230e-01
1.859175264835357666e-01
1.860404908657073975e-01
1.852147132158279419e-01
1.846345514059066772e-01
1.847093403339385986e-01
1.851685792207717896e-01
1.866159737110137939e-01
1.860165894031524658e-01
1.864691078662872314e-01
1.858862638473510742e-01
1.846736222505569458e-01
1.834780573844909668e-01
1.865589916706085205e-01
1.866972446441650391e-01
1.851453334093093872e-01
1.836948245763778687e-01
1.854296028614044189e-01
1.844280809164047241e-01
1.871542930603027344e-01
1.857618391513824463e-01
1.840927004814147949e-01
1.877178698778152466e-01
1.847719103097915649e-01
1.831743717193603516e-01
1.857155561447143555e-01
1.847444325685501099e-01
1.850806772708892822e-01
1.864297389984130859e-01
1.822543591260910034e-01
1.822440475225448608e-01
1.848894208669662476e-01
1.852203160524368286e-01
1.842080801725387573e-01
1.832221895456314087e-01
1.869180649518966675e-01
1.874277293682098389e-01
1.846275031566619873e-01
1.845002621412277222e-01
1.865601688623428345e-01
1.829226315021514893e-01
1.848117411136627197e-01
1.835585236549377441e-01
1.829412430524826050e-01
1.835791766643524170e-01
1.836867183446884155e-01
1.866655498743057251e-01
1.833994686603546143e-01
1.853350996971130371e-01
1.856127083301544189e-01
1.845820099115371704e-01
1.857969313859939575e-01
1.844071149826049805e-01
1.830149143934249878e-01
1.841241866350173950e-01
1.828181147575378418e-01
1.849378496408462524e-01
1.838288605213165283e-01
1.841823160648345947e-01
1.864300519227981567e-01
1.834566444158554077e-01
1.814446747303009033e-01
1.845283210277557373e-01
1.826701462268829346e-01
1.837015450000762939e-01
1.841224879026412964e-01
1.831984966993331909e-01
1.832941323518753052e-01
1.849669963121414185e-01
1.825681030750274658e-01
1.848773062229156494e-01
1.845347583293914795e-01
1.819069832563400269e-01
1.837453544139862061e-01
1.820791363716125488e-01
1.853374987840652466e-01
1.832268238067626953e-01
1.849067956209182739e-01
1.844808310270309448e-01
1.820292174816131592e-01
1.837816536426544189e-01
1.825643181800842285e-01
1.858342140913009644e-01
1.820660978555679321e-01
1.846383512020111084e-01
1.828527599573135376e-01
1.841383278369903564e-01
1.841636896133422852e-01
1.842412650585174561e-01
1.839130520820617676e-01
1.789656281471252441e-01
1.844789087772369385e-01
1.844011098146438599e-01
1.843809634447097778e-01
1.848148405551910400e-01
1.834015548229217529e-01
1.853892654180526733e-01
1.834569126367568970e-01
1.824401617050170898e-01
1.847145259380340576e-01
1.826630085706710815e-01
1.820257902145385742e-01
1.827311068773269653e-01
1.827716380357742310e-01
1.836295723915100098e-01
1.841977834701538086e-01
1.815785616636276245e-01
1.822856664657592773e-01
1.821325719356536865e-01
1.823783367872238159e-01
1.822147518396377563e-01
1.826930642127990723e-01
1.832334697246551514e-01
1.839548647403717041e-01
1.802821457386016846e-01
1.820623278617858887e-01
1.808448731899261475e-01
1.824250817298889160e-01
1.809681951999664307e-01
1.822842955589294434e-01
1.830854415893554688e-01
1.822160780429840088e-01
1.819444894790649414e-01
1.833812594413757324e-01
1.812047362327575684e-01
1.820312291383743286e-01
1.850662380456924438e-01
1.843525767326354980e-01
1.808634698390960693e-01
1.820119768381118774e-01
1.824841797351837158e-01
1.805215179920196533e-01
1.805280447006225586e-01
1.829138249158859253e-01
1.841143816709518433e-01
1.836638450622558594e-01
1.819975376129150391e-01
1.822181344032287598e-01
1.783536076545715332e-01
1.816650331020355225e-01
1.818708479404449463e-01
1.813683062791824341e-01
1.843781471252441406e-01
1.840684711933135986e-01
1.807844340801239014e-01
1.818148791790008545e-01
1.811197549104690552e-01
1.836585253477096558e-01
1.823566406965255737e-01
1.833426803350448608e-01
1.812057346105575562e-01
1.825966835021972656e-01
1.840810179710388184e-01
1.818187087774276733e-01
1.801909357309341431e-01
1.804082095623016357e-01
1.828387081623077393e-01
1.810788959264755249e-01
1.825014948844909668e-01
1.823587268590927124e-01
1.801233291625976562e-01
1.808857917785644531e-01
1.812910139560699463e-01
1.827195435762405396e-01
1.817128360271453857e-01
1.815449297428131104e-01
1.808556914329528809e-01
1.838195770978927612e-01
1.817687153816223145e-01
1.797814816236495972e-01
1.802970618009567261e-01
1.849573254585266113e-01
1.789256334304809570e-01
1.780846565961837769e-01
1.811376214027404785e-01
1.799223273992538452e-01
1.813676208257675171e-01
1.799517869949340820e-01
1.798436194658279419e-01
1.805223077535629272e-01
1.802780926227569580e-01
1.809312999248504639e-01
1.790975034236907959e-01
1.802421212196350098e-01
1.823537498712539673e-01
1.801669597625732422e-01
1.829733997583389282e-01
1.817227154970169067e-01
1.819349676370620728e-01
1.771997958421707153e-01
1.805099397897720337e-01
1.826224327087402344e-01
1.801588535308837891e-01
1.823765337467193604e-01
1.785516589879989624e-01
1.797914654016494751e-01
1.819144487380981445e-01
1.832001656293869019e-01
1.803347468376159668e-01
1.811558455228805542e-01
1.836327463388442993e-01
1.822561174631118774e-01
1.806322187185287476e-01
1.788777559995651245e-01
1.786805838346481323e-01
1.805024743080139160e-01
1.768946647644042969e-01
1.808058172464370728e-01
1.816864907741546631e-01
1.787093728780746460e-01
1.800107508897781372e-01
1.795923262834548950e-01
1.821535676717758179e-01
1.797720640897750854e-01
1.803256422281265259e-01
1.812500655651092529e-01
1.806806325912475586e-01
1.799651831388473511e-01
1.815985739231109619e-01
1.802351772785186768e-01
1.803491115570068359e-01
1.813502609729766846e-01
1.791173070669174194e-01
1.805058270692825317e-01
1.813602745532989502e-01
1.817065775394439697e-01
1.805508881807327271e-01
1.965720951557159424e-01
1.965107619762420654e-01
1.946759223937988281e-01
1.947590410709381104e-01
1.990381330251693726e-01
1.970648020505905151e-01
1.963219493627548218e-01
1.929378658533096313e-01
1.975333243608474731e-01
1.926184147596359253e-01
1.939487010240554810e-01
1.963305771350860596e-01
1.954260766506195068e-01
1.944353580474853516e-01
1.975257992744445801e-01
1.961780190467834473e-01
1.957170963287353516e-01
1.959120035171508789e-01
1.932107955217361450e-01
1.945150494575500488e-01
1.924175620079040527e-01
1.932667344808578491e-01
1.967804729938507080e-01
1.976470202207565308e-01
1.970839798450469971e-01
1.961084306240081787e-01
1.912850588560104370e-01
1.982054859399795532e-01
1.934253871440887451e-01
1.941480934619903564e-01
1.937488317489624023e-01
1.955412626266479492e-01
1.951445341110229492e-01
1.958569586277008057e-01
1.961641460657119751e-01
1.959027349948883057e-01
1.953536272048950195e-01
1.949022263288497925e-01
1.951833069324493408e-01
1.947363317012786865e-01
1.936056613922119141e-01
1.936435550451278687e-01
1.980688422918319702e-01
1.916633099317550659e-01
1.934594213962554932e-01
1.928367912769317627e-01
1.940116584300994873e-01
1.946235746145248413e-01
1.956814378499984741e-01
1.920329779386520386e-01
1.952687054872512817e-01
1.934794485569000244e-01
1.924095451831817627e-01
1.941802799701690674e-01
1.938275992870330811e-01
1.949276328086853027e-01
1.960406005382537842e-01
1.951164454221725464e-01
1.961934715509414673e-01
1.927151083946228027e-01
1.937947273254394531e-01
1.934069991111755371e-01
1.966945677995681763e-01
1.942970901727676392e-01
1.915886104106903076e-01
1.931864172220230103e-01
1.958641409873962402e-01
1.940727233886718750e-01
1.938520073890686035e-01
1.942510902881622314e-01
1.964630037546157837e-01
1.926175504922866821e-01
1.922289282083511353e-01
1.948622614145278931e-01
1.935913860797882080e-01
1.942910403013229370e-01
1.938478648662567139e-01
1.940549910068511963e-01
1.939354836940765381e-01
1.952708065509796143e-01
1.921527981758117676e-01
1.942279487848281860e-01
1.937865018844604492e-01
1.957374662160873413e-01
1.950110495090484619e-01
1.929345279932022095e-01
1.942038983106613159e-01
1.949414908885955811e-01
1.939537227153778076e-01
1.924714893102645874e-01
1.946173012256622314e-01
1.908916532993316650e-01
1.920229643583297729e-01
1.934919357299804688e-01
1.910194158554077148e-01
1.932593286037445068e-01
1.927952468395233154e-01
1.942500919103622437e-01
1.936816126108169556e-01
1.903684288263320923e-01
