5.956440183520317344e-01
3.251955962181091175e-01
2.781065100431442394e-01
2.423463004827499379e-01
2.213744108378887243e-01
2.131103949248790708e-01
2.037472355365753107e-01
1.837438808381557376e-01
1.872807939350605022e-01
1.839943709969520669e-01
1.845223884284496185e-01
1.805292639136314436e-01
1.838234335184097401e-01
1.805869549512863215e-01
1.697142484784126271e-01
1.674510633945465177e-01
1.699951063096523385e-01
1.706565682590007738e-01
1.693867865204811141e-01
1.709530535340309243e-01
1.647797960042953480e-01
1.610829599201679119e-01
1.594468571245670208e-01
1.613099355995654960e-01
1.616197636723518405e-01
1.627499459683895144e-01
1.613126292824745289e-01
1.604967851936817125e-01
1.578404693305492379e-01
1.532997478544712022e-01
1.571683783829212200e-01
1.575906072556972626e-01
1.577790300548076730e-01
1.587724916636943928e-01
1.584387908875942164e-01
1.545164844393730197e-01
1.542025578022003240e-01
1.554439002275466997e-01
1.526969807595014439e-01
1.514520212262868981e-01
1.542070251703262229e-01
1.551602947711944458e-01
1.510086993873119288e-01
1.516975539922714167e-01
1.502689085900783539e-01
1.521531064808368805e-01
1.512706357240676813e-01
1.502914090454578466e-01
1.538359467685222748e-01
1.482879339158534870e-01
1.504018925130367335e-01
1.480782638490200087e-01
1.471976766735315356e-01
1.497761338949203380e-01
1.518883110582828488e-01
1.505964051187038411e-01
1.457059732824564080e-01
1.470399656891822893e-01
1.488466853648424126e-01
1.464196065813302972e-01
1.492858865857124295e-01
1.479351837933063629e-01
1.474702599644660828e-01
1.467186910659074861e-01
1.427641233801841825e-01
1.435895460844039961e-01
1.459748612344264895e-01
1.471191471815109231e-01
1.477438625693321128e-01
1.458980169147253148e-01
1.457422835379839077e-01
1.427812044322490648e-01
1.418007647246122271e-01
1.436738739907741647e-01
1.441001547127962190e-01
1.485319165885448378e-01
1.452556629478931327e-01
1.434354192018508778e-01
1.427954732626676437e-01
1.449565710872411650e-01
1.439802148193120857e-01
1.423164876550435942e-01
1.435396493971347887e-01
1.448000384867191292e-01
1.415976537764072340e-01
1.407063338160514931e-01
1.419429382681846596e-01
1.430179295688867591e-01
1.439562147855758534e-01
1.417288827896118208e-01
1.440373203158378523e-01
1.073249707818031418e+00
9.263352769613265592e-01
8.421349167823791726e-01
7.991297161579131725e-01
7.584453046321868452e-01
7.474734976887702498e-01
7.565052974224090176e-01
4.904824763536453358e-01
4.585049927234649547e-01
4.809026215970516049e-01
4.729700882732867928e-01
4.779176139831542991e-01
4.884978753328323431e-01
4.822045470774173892e-01
