1.000403165221214197e+00
6.378501385450363603e-01
4.957286378741264099e-01
4.033984073996543795e-01
3.554025313258171170e-01
3.358118778467178434e-01
3.069029054045677163e-01
2.635051439702510989e-01
2.520753455162048073e-01
2.498301285505294678e-01
2.459076128900051228e-01
2.457777418196201435e-01
2.454694190621375949e-01
2.378273388743400441e-01
2.004638028144836437e-01
2.084387062489986286e-01
2.061564068496227198e-01
2.036778146028518643e-01
2.041702371835708574e-01
2.032972547411918685e-01
2.071513096988201186e-01
1.799081748723983798e-01
1.764396955072879691e-01
1.754049049317836784e-01
1.751558807492256120e-01
1.794760753214359184e-01
1.850291767716407687e-01
1.818705983459949493e-01
1.585017015039920929e-01
1.561067770421505074e-01
1.638654491305351346e-01
1.574814692884683731e-01
1.668787416815757652e-01
1.642797676473856106e-01
1.669593972712755114e-01
1.470277944952249616e-01
1.468679076433181685e-01
1.473386974632739932e-01
1.530160377174615838e-01
1.487107375264167808e-01
1.519981928169727436e-01
1.529738625138997998e-01
1.372252587974071569e-01
1.428675015270710058e-01
1.355186793208122131e-01
1.397382586449384678e-01
1.403644771128892965e-01
1.436145613342523497e-01
1.432376760244369607e-01
1.311917583644389984e-01
1.320236743241548494e-01
1.361746379733085599e-01
1.338816017657518398e-01
1.358820445090532236e-01
1.366735643148422330e-01
1.361141303926706181e-01
1.367205058783292904e-01
1.298424587398767371e-01
1.291588319092988879e-01
1.310797820985317164e-01
1.331135757267475073e-01
1.331532102823257402e-01
1.332707793265581198e-01
7.623136383295059382e-01
7.097662952542305170e-01
6.282910096645355491e-01
6.551732650399207936e-01
6.069662320613861128e-01
5.881666013598442211e-01
5.880515405535697848e-01
3.385623863339424222e-01
3.241024790704250536e-01
3.288965146243572057e-01
3.347482125461101465e-01
3.362941972911357991e-01
3.392112821340561024e-01
3.497757303714752464e-01
1.710382322221994378e-01
1.924620994180440969e-01
1.849910401925444481e-01
1.951616415381431657e-01
1.957365842536091805e-01
1.927501603215932835e-01
2.322101389244198844e-01
1.183853954449295975e-01
1.109497652389109107e-01
1.153730709850788183e-01
1.387637174874544188e-01
1.321350486576557126e-01
1.344665670767426491e-01
1.471722582727670592e-01
9.433092753402888553e-02
9.031226299703121185e-02
8.811261719092726430e-02
1.068992247059941253e-01
1.195548391155898532e-01
1.104676160775125010e-01
1.218133812956511963e-01
6.616929284296929614e-02
7.161846808157860955e-02
7.311855459120124301e-02
9.090186261571943371e-02
1.089988761348649887e-01
9.696581527590751592e-02
1.033505005016922967e-01
