1.425898073911666897e+00
1.063268362283706692e+00
9.095324742794036466e-01
8.156189548969269287e-01
7.351528298854828058e-01
6.770105397701263739e-01
6.617630672454833940e-01
5.681129458546638755e-01
5.598765006661414745e-01
5.534692096710205345e-01
5.405064767599105924e-01
5.608464851975440979e-01
5.551331776380539207e-01
5.321953332424164129e-01
4.461413154006004245e-01
4.490868091583252175e-01
4.528399538993835294e-01
4.541894078254699596e-01
4.563989153504371399e-01
4.401783496141433716e-01
4.464753553271293418e-01
3.731354036927223006e-01
3.704003071784973122e-01
3.788376408815383733e-01
3.796445885300636092e-01
3.885247841477393882e-01
3.894122213125228993e-01
3.849525314569473000e-01
3.285149279236793673e-01
3.197136472165584831e-01
3.288091696798801644e-01
3.315884646773338273e-01
3.364277678728103682e-01
3.411007921397686271e-01
3.388786625862121316e-01
3.095772787928581238e-01
2.994030641019344574e-01
2.999412424862384907e-01
2.939218053221702709e-01
3.092938977479934848e-01
3.027549780905246513e-01
3.052933548390865393e-01
3.066711019724607246e-01
3.419544662535190516e-01
3.342070201039314403e-01
3.232689078897237889e-01
3.026333460211753645e-01
2.782989187538623677e-01
2.926966936141252584e-01
1.315263431333005550e-01
1.218792539648711620e-01
1.059390684962272650e-01
1.204186627268791221e-01
1.331477238237857852e-01
1.494528859481215610e-01
1.671019305661320675e-01
6.937632344663142991e-02
7.523413479328155962e-02
9.974044600501656699e-02
9.963607311248778853e-02
9.765662643127143161e-02
1.014514766819775149e-01
1.141913683339953467e-01
6.620861826464534416e-02
8.628041494637728182e-02
9.234954946208745463e-02
1.154707717336714290e-01
8.737234917469322015e-02
1.036603123135864668e-01
9.315455927513539847e-02
8.296472589951008059e-02
7.769838514737785473e-02
7.655905351508408840e-02
8.170576476957648604e-02
7.178400133736431710e-02
9.544619387947023137e-02
8.493277373723685797e-02
5.919718561461195100e-02
5.578783839475363188e-02
6.178898748010396708e-02
6.679324344266206193e-02
6.581273434218019858e-02
7.690081712091341448e-02
7.784827931551262237e-02
5.488127095624804191e-02
6.277011091122403075e-02
6.055148106999694996e-02
5.741906929761171618e-02
7.222222779877483789e-02
7.552831770386546351e-02
7.392938899109140205e-02
6.612889797892421151e-02
5.149731026380322679e-02
6.195006895228288846e-02
6.243572231614961943e-02
7.080370548181236234e-02
8.566387341823428203e-02
8.229129776358604098e-02
6.371006859000771794e-02
5.176843065768479968e-02
6.878185019828379765e-02
6.025359285529702930e-02
6.916102104587480703e-02
6.490073775639756959e-02
7.181726625189184532e-02
