8.909561634063720703e-01
8.781005144119262695e-01
8.651179075241088867e-01
8.536987900733947754e-01
8.396232128143310547e-01
8.257807493209838867e-01
8.107393383979797363e-01
7.919325828552246094e-01
7.761051654815673828e-01
7.529730200767517090e-01
7.316764593124389648e-01
7.086933255195617676e-01
6.802547574043273926e-01
6.548584103584289551e-01
6.246092319488525391e-01
5.999871492385864258e-01
5.720092654228210449e-01
5.460263490676879883e-01
5.226758718490600586e-01
5.100800395011901855e-01
4.856292903423309326e-01
4.908767938613891602e-01
4.870539903640747070e-01
4.771949648857116699e-01
4.772335886955261230e-01
4.705722332000732422e-01
4.914811253547668457e-01
4.502351284027099609e-01
4.562907218933105469e-01
4.445241093635559082e-01
4.458613395690917969e-01
4.289872348308563232e-01
4.321335554122924805e-01
4.113353192806243896e-01
4.259339570999145508e-01
4.086186885833740234e-01
4.165254831314086914e-01
4.077278375625610352e-01
4.104586839675903320e-01
4.067560434341430664e-01
4.028920531272888184e-01
4.113297760486602783e-01
3.978443145751953125e-01
3.976040482521057129e-01
4.003237485885620117e-01
3.912127017974853516e-01
3.950121402740478516e-01
3.838691413402557373e-01
3.854092359542846680e-01
3.892116546630859375e-01
3.757387101650238037e-01
3.761467337608337402e-01
3.854324817657470703e-01
3.727123141288757324e-01
3.694719374179840088e-01
3.692429065704345703e-01
3.626540601253509521e-01
3.781276345252990723e-01
3.733065724372863770e-01
3.637155592441558838e-01
3.630447685718536377e-01
3.605781197547912598e-01
3.552399873733520508e-01
3.492371439933776855e-01
3.492206037044525146e-01
3.450600206851959229e-01
3.539421856403350830e-01
3.456503748893737793e-01
3.410003781318664551e-01
3.429714143276214600e-01
3.450637459754943848e-01
3.409948348999023438e-01
3.430336713790893555e-01
3.404849469661712646e-01
3.350991606712341309e-01
3.325235843658447266e-01
3.358948230743408203e-01
3.282082378864288330e-01
3.324753344058990479e-01
3.297511637210845947e-01
3.299187719821929932e-01
3.248225748538970947e-01
3.290840983390808105e-01
3.274084329605102539e-01
3.217377066612243652e-01
3.245218992233276367e-01
3.244458436965942383e-01
3.176097273826599121e-01
3.150905668735504150e-01
3.167084455490112305e-01
3.158791363239288330e-01
3.178844451904296875e-01
3.209090530872344971e-01
3.164256215095520020e-01
3.122133314609527588e-01
3.137072324752807617e-01
3.085879981517791748e-01
3.109726905822753906e-01
3.063439726829528809e-01
3.066756129264831543e-01
3.064504265785217285e-01
3.064999878406524658e-01
3.042017519474029541e-01
3.061393499374389648e-01
3.011710345745086670e-01
3.002580702304840088e-01
3.022057116031646729e-01
2.978901863098144531e-01
3.035731017589569092e-01
2.946101725101470947e-01
2.964622378349304199e-01
2.966134250164031982e-01
2.966061234474182129e-01
2.968921363353729248e-01
2.957343459129333496e-01
2.928611338138580322e-01
2.907019555568695068e-01
2.921687066555023193e-01
2.905780076980590820e-01
2.937994599342346191e-01
2.919757366180419922e-01
2.934687435626983643e-01
2.881585359573364258e-01
2.865664660930633545e-01
2.842578887939453125e-01
2.837186455726623535e-01
2.869256734848022461e-01
2.867641746997833252e-01
2.831948995590209961e-01
2.818633615970611572e-01
2.823472321033477783e-01
2.791154384613037109e-01
2.821595072746276855e-01
2.801527976989746094e-01
2.773271799087524414e-01
2.814743220806121826e-01
2.809669673442840576e-01
2.912604808807373047e-01
2.771846354007720947e-01
2.792688906192779541e-01
2.722844183444976807e-01
2.756366133689880371e-01
2.756188213825225830e-01
2.739996016025543213e-01
2.717317342758178711e-01
2.715699672698974609e-01
2.725074887275695801e-01
2.718468606472015381e-01
2.687981426715850830e-01
2.742001116275787354e-01
2.685110569000244141e-01
2.699829638004302979e-01
2.668503820896148682e-01
2.690483629703521729e-01
2.658175826072692871e-01
2.679228782653808594e-01
2.689443230628967285e-01
2.671959102153778076e-01
2.676959037780761719e-01
2.656264007091522217e-01
2.641305029392242432e-01
2.621254026889801025e-01
2.619213163852691650e-01
2.642605602741241455e-01
2.648461759090423584e-01
2.588595151901245117e-01
2.643634378910064697e-01
2.616012096405029297e-01
2.601345479488372803e-01
2.639580368995666504e-01
2.581440508365631104e-01
2.580299973487854004e-01
2.592983245849609375e-01
2.569902241230010986e-01
2.572778761386871338e-01
2.551331520080566406e-01
2.572968602180480957e-01
2.576096057891845703e-01
2.522475123405456543e-01
2.527669668197631836e-01
2.545930147171020508e-01
2.522432506084442139e-01
2.486138790845870972e-01
2.519731521606445312e-01
2.522061467170715332e-01
2.526619732379913330e-01
2.511347234249114990e-01
2.480906695127487183e-01
2.483144998550415039e-01
2.511993348598480225e-01
2.509863674640655518e-01
2.463036030530929565e-01
2.447382956743240356e-01
2.467510402202606201e-01
2.507066726684570312e-01
2.458403706550598145e-01
2.492735087871551514e-01
2.438839375972747803e-01
2.438392341136932373e-01
2.409341186285018921e-01
2.418035268783569336e-01
2.396299690008163452e-01
2.418821305036544800e-01
2.403960824012756348e-01
2.402520924806594849e-01
2.404074966907501221e-01
2.391375899314880371e-01
2.413516044616699219e-01
2.367529273033142090e-01
2.396633177995681763e-01
2.382278889417648315e-01
2.391160428524017334e-01
2.405922412872314453e-01
2.384327203035354614e-01
2.371108680963516235e-01
2.368233948945999146e-01
2.347369790077209473e-01
2.345481812953948975e-01
2.343685477972030640e-01
2.314574122428894043e-01
2.340518683195114136e-01
2.330219894647598267e-01
2.344039082527160645e-01
2.315414398908615112e-01
2.337392717599868774e-01
2.307761609554290771e-01
2.314365506172180176e-01
2.320948541164398193e-01
2.281227707862854004e-01
2.299190461635589600e-01
2.300277352333068848e-01
2.270868420600891113e-01
2.293617427349090576e-01
2.266422957181930542e-01
2.285224795341491699e-01
2.260539531707763672e-01
2.249485403299331665e-01
2.284112125635147095e-01
2.285719364881515503e-01
2.245617359876632690e-01
2.244610488414764404e-01
2.232291102409362793e-01
2.253208309412002563e-01
2.229283154010772705e-01
2.230277210474014282e-01
2.204631119966506958e-01
2.189292758703231812e-01
2.228046953678131104e-01
2.217949628829956055e-01
2.198785692453384399e-01
2.224489748477935791e-01
2.174968719482421875e-01
2.221453785896301270e-01
2.208373844623565674e-01
2.188183665275573730e-01
2.176022678613662720e-01
2.173299640417098999e-01
2.162938714027404785e-01
2.146343737840652466e-01
2.155724912881851196e-01
2.198869585990905762e-01
2.147313654422760010e-01
2.146973758935928345e-01
2.125795483589172363e-01
2.134932875633239746e-01
2.160762697458267212e-01
2.142896801233291626e-01
2.118079364299774170e-01
2.131844311952590942e-01
2.108632475137710571e-01
2.101409584283828735e-01
2.091982066631317139e-01
2.088970541954040527e-01
2.083824425935745239e-01
2.111850529909133911e-01
2.100654989480972290e-01
2.087115198373794556e-01
2.115652114152908325e-01
2.094327807426452637e-01
2.084098160266876221e-01
2.055449932813644409e-01
2.065765261650085449e-01
2.067140340805053711e-01
2.054568827152252197e-01
2.072430551052093506e-01
2.060725390911102295e-01
2.077420055866241455e-01
2.043584287166595459e-01
2.032716572284698486e-01
2.039211839437484741e-01
2.046628892421722412e-01
2.050529271364212036e-01
2.024658173322677612e-01
2.005488723516464233e-01
2.035131305456161499e-01
2.048625051975250244e-01
2.014073282480239868e-01
2.008920460939407349e-01
2.027292102575302124e-01
2.023396641016006470e-01
2.007462829351425171e-01
1.979476362466812134e-01
1.983811557292938232e-01
2.001157402992248535e-01
1.990679502487182617e-01
1.997835934162139893e-01
1.978648900985717773e-01
2.019338160753250122e-01
1.960521489381790161e-01
1.983323991298675537e-01
1.973869651556015015e-01
1.958816349506378174e-01
1.990091949701309204e-01
1.972852051258087158e-01
1.958303600549697876e-01
1.952344626188278198e-01
1.974507719278335571e-01
1.958285868167877197e-01
1.949732899665832520e-01
1.957316100597381592e-01
1.938763409852981567e-01
1.951498985290527344e-01
1.946013271808624268e-01
1.916278600692749023e-01
1.933983415365219116e-01
1.913335323333740234e-01
1.923723965883255005e-01
1.919403225183486938e-01
1.899843961000442505e-01
1.905006468296051025e-01
1.926602423191070557e-01
1.912592947483062744e-01
1.882432848215103149e-01
1.920881122350692749e-01
1.900070607662200928e-01
1.909825056791305542e-01
1.894408166408538818e-01
1.877161860466003418e-01
1.873066127300262451e-01
1.888566166162490845e-01
1.863909512758255005e-01
1.887098997831344604e-01
1.882822066545486450e-01
1.902798712253570557e-01
1.846933215856552124e-01
1.864565610885620117e-01
1.842269897460937500e-01
1.867149770259857178e-01
1.851686984300613403e-01
1.862188726663589478e-01
1.852391660213470459e-01
1.863449960947036743e-01
1.849397569894790649e-01
1.856034100055694580e-01
1.864984631538391113e-01
1.842665225267410278e-01
1.843260228633880615e-01
1.839124560356140137e-01
1.844108700752258301e-01
1.846408247947692871e-01
1.857135295867919922e-01
1.833973228931427002e-01
1.820931881666183472e-01
1.822279244661331177e-01
1.863738298416137695e-01
1.814835816621780396e-01
1.827665567398071289e-01
1.836354136466979980e-01
1.816199272871017456e-01
1.804861426353454590e-01
1.819670051336288452e-01
1.823263615369796753e-01
1.797420978546142578e-01
1.795776188373565674e-01
1.810637116432189941e-01
1.813007444143295288e-01
1.816056966781616211e-01
1.797332912683486938e-01
1.795274913311004639e-01
1.803625226020812988e-01
1.819021403789520264e-01
1.787818670272827148e-01
1.787081211805343628e-01
1.773888468742370605e-01
1.789614856243133545e-01
1.770221292972564697e-01
1.797292232513427734e-01
1.775507330894470215e-01
1.788462102413177490e-01
1.783415973186492920e-01
1.769312918186187744e-01
1.788375079631805420e-01
1.773831546306610107e-01
1.765402704477310181e-01
1.770499497652053833e-01
1.778676360845565796e-01
1.749976128339767456e-01
1.762927025556564331e-01
1.758109480142593384e-01
1.762367635965347290e-01
1.754456162452697754e-01
1.756136566400527954e-01
1.758210062980651855e-01
1.763047128915786743e-01
1.746766865253448486e-01
1.735062450170516968e-01
1.737549155950546265e-01
1.740372627973556519e-01
1.754501909017562866e-01
1.752205044031143188e-01
1.761363148689270020e-01
1.754749417304992676e-01
1.741237491369247437e-01
1.725423783063888550e-01
1.759739667177200317e-01
1.735309362411499023e-01
1.730301380157470703e-01
1.751877069473266602e-01
1.711143553256988525e-01
1.731114536523818970e-01
1.723674237728118896e-01
1.714874356985092163e-01
1.729409545660018921e-01
1.716310977935791016e-01
1.718464940786361694e-01
1.728155314922332764e-01
1.710366159677505493e-01
1.732810139656066895e-01
1.717776209115982056e-01
1.714865863323211670e-01
1.717034280300140381e-01
1.712862253189086914e-01
1.715168207883834839e-01
1.691989302635192871e-01
1.702465564012527466e-01
1.691356301307678223e-01
1.725852638483047485e-01
1.698216646909713745e-01
1.694967299699783325e-01
1.702529639005661011e-01
1.716720908880233765e-01
1.697342395782470703e-01
1.699486821889877319e-01
1.710618734359741211e-01
1.705998331308364868e-01
1.687613725662231445e-01
1.691776961088180542e-01
1.679324060678482056e-01
1.704826205968856812e-01
1.693757325410842896e-01
1.702138781547546387e-01
1.673157811164855957e-01
1.697611957788467407e-01
1.684878617525100708e-01
1.697720438241958618e-01
1.697623580694198608e-01
1.679609715938568115e-01
1.686372607946395874e-01
1.683297455310821533e-01
1.673593670129776001e-01
1.683256030082702637e-01
1.709545254707336426e-01
1.677364706993103027e-01
1.681871414184570312e-01
1.692626029253005981e-01
1.683533936738967896e-01
1.666650772094726562e-01
1.666158437728881836e-01
1.659262031316757202e-01
1.673607826232910156e-01
1.665651798248291016e-01
1.670284420251846313e-01
1.662004441022872925e-01
1.639354526996612549e-01
1.676066815853118896e-01
1.676877290010452271e-01
1.676371693611145020e-01
1.650016158819198608e-01
1.660397499799728394e-01
1.647943556308746338e-01
1.649013310670852661e-01
1.643840968608856201e-01
1.653054505586624146e-01
1.635874807834625244e-01
1.642989218235015869e-01
1.661483049392700195e-01
1.638333350419998169e-01
1.671162843704223633e-01
1.663559973239898682e-01
1.647718101739883423e-01
1.643581688404083252e-01
1.639486849308013916e-01
1.666171699762344360e-01
1.631569415330886841e-01
1.643503308296203613e-01
1.647540330886840820e-01
1.646301448345184326e-01
1.643914580345153809e-01
1.644523292779922485e-01
1.639816910028457642e-01
1.625567972660064697e-01
1.649873554706573486e-01
1.618999242782592773e-01
1.616670787334442139e-01
1.641507148742675781e-01
1.618017852306365967e-01
1.635052561759948730e-01
1.626210212707519531e-01
1.652674674987792969e-01
1.638708859682083130e-01
1.648503243923187256e-01
1.628277748823165894e-01
1.656369715929031372e-01
1.617922484874725342e-01
1.637809425592422485e-01
1.624878942966461182e-01
1.614870280027389526e-01
1.624090522527694702e-01
1.615889519453048706e-01
1.623174101114273071e-01
1.617784053087234497e-01
1.645671725273132324e-01
1.639687716960906982e-01
1.628162860870361328e-01
1.609442830085754395e-01
1.614375114440917969e-01
1.614672839641571045e-01
1.624319404363632202e-01
1.604010760784149170e-01
1.615899205207824707e-01
1.606728434562683105e-01
1.615791320800781250e-01
1.609609276056289673e-01
1.604985445737838745e-01
1.589265018701553345e-01
1.605170667171478271e-01
1.586848944425582886e-01
1.599476188421249390e-01
1.613967567682266235e-01
1.614371538162231445e-01
1.602410972118377686e-01
1.581541001796722412e-01
1.587999016046524048e-01
1.587899029254913330e-01
1.612528413534164429e-01
1.611743718385696411e-01
1.612498015165328979e-01
1.602540761232376099e-01
1.595354825258255005e-01
1.611154973506927490e-01
1.613355875015258789e-01
1.595745086669921875e-01
1.609542816877365112e-01
1.613573133945465088e-01
1.592855751514434814e-01
1.596505641937255859e-01
1.607274860143661499e-01
1.599376499652862549e-01
1.595518738031387329e-01
1.583171486854553223e-01
1.571998000144958496e-01
1.574215143918991089e-01
1.603439748287200928e-01
1.581244617700576782e-01
1.580355614423751831e-01
1.578504592180252075e-01
1.585776060819625854e-01
1.584157198667526245e-01
1.563612967729568481e-01
1.591916680335998535e-01
1.582345664501190186e-01
1.571779251098632812e-01
1.579664498567581177e-01
1.569215804338455200e-01
1.581174582242965698e-01
1.577315926551818848e-01
1.575979739427566528e-01
1.564111262559890747e-01
1.579337567090988159e-01
1.582077294588088989e-01
1.577453911304473877e-01
1.572482436895370483e-01
1.563058793544769287e-01
1.586094051599502563e-01
1.573360115289688110e-01
1.562682986259460449e-01
1.581585556268692017e-01
1.568283885717391968e-01
1.557639837265014648e-01
1.566514223814010620e-01
1.567363739013671875e-01
1.568359583616256714e-01
1.569422632455825806e-01
1.558569371700286865e-01
1.566782444715499878e-01
1.546187996864318848e-01
1.555086523294448853e-01
1.557566374540328979e-01
1.578149348497390747e-01
1.576641947031021118e-01
2.354461848735809326e-01
2.354923486709594727e-01
2.360328882932662964e-01
2.371761649847030640e-01
2.362430840730667114e-01
2.332917451858520508e-01
2.340945154428482056e-01
2.344914227724075317e-01
2.348208129405975342e-01
2.324668765068054199e-01
2.359788119792938232e-01
2.342048436403274536e-01
2.337338328361511230e-01
2.343250215053558350e-01
2.357039153575897217e-01
2.351386398077011108e-01
2.329995334148406982e-01
2.320575267076492310e-01
2.306221127510070801e-01
2.326657921075820923e-01
2.328635305166244507e-01
2.326341867446899414e-01
2.321462631225585938e-01
2.306091487407684326e-01
2.347722053527832031e-01
2.327191233634948730e-01
2.342843711376190186e-01
2.330424040555953979e-01
2.322400659322738647e-01
2.287556380033493042e-01
2.320892065763473511e-01
2.304385304450988770e-01
2.281577885150909424e-01
2.337472885847091675e-01
2.328713834285736084e-01
2.297358810901641846e-01
2.314283400774002075e-01
2.296390086412429810e-01
2.306092679500579834e-01
2.299059778451919556e-01
2.294671386480331421e-01
2.296369969844818115e-01
2.325458973646163940e-01
2.310980707406997681e-01
2.304759919643402100e-01
2.324296534061431885e-01
2.325088530778884888e-01
2.316535264253616333e-01
2.275373935699462891e-01
2.292818129062652588e-01
2.285603135824203491e-01
2.308167666196823120e-01
2.276697903871536255e-01
2.298173010349273682e-01
2.291251122951507568e-01
2.281133383512496948e-01
2.296010702848434448e-01
2.291904985904693604e-01
2.301214039325714111e-01
2.263351529836654663e-01
2.275366336107254028e-01
2.279932647943496704e-01
2.279657125473022461e-01
2.305750399827957153e-01
2.279975116252899170e-01
2.312798053026199341e-01
2.301766425371170044e-01
2.285625934600830078e-01
2.268294692039489746e-01
2.275223582983016968e-01
2.306241095066070557e-01
2.277872860431671143e-01
2.285131961107254028e-01
2.302488833665847778e-01
2.289717346429824829e-01
2.272868305444717407e-01
2.287053614854812622e-01
2.273918837308883667e-01
2.278377562761306763e-01
2.262808084487915039e-01
2.275856733322143555e-01
2.323918044567108154e-01
2.274871468544006348e-01
2.268177270889282227e-01
2.237752676010131836e-01
2.268830239772796631e-01
2.264402508735656738e-01
2.247539907693862915e-01
2.241919785737991333e-01
2.266612499952316284e-01
2.273959815502166748e-01
2.268605828285217285e-01
2.253884226083755493e-01
2.280216813087463379e-01
2.243974357843399048e-01
2.270093560218811035e-01
2.225780636072158813e-01
2.260140627622604370e-01
2.278452664613723755e-01
2.263266295194625854e-01
2.257349640130996704e-01
2.259788215160369873e-01
2.271759510040283203e-01
2.242780029773712158e-01
2.238599509000778198e-01
2.258934527635574341e-01
2.236117273569107056e-01
2.261137515306472778e-01
2.263253927230834961e-01
2.259678840637207031e-01
2.246273756027221680e-01
2.245716899633407593e-01
2.248541712760925293e-01
2.261665761470794678e-01
2.238154858350753784e-01
2.268683314323425293e-01
2.259006351232528687e-01
2.263484150171279907e-01
2.240041792392730713e-01
2.235004603862762451e-01
2.228534370660781860e-01
2.250344902276992798e-01
2.228667140007019043e-01
2.257867008447647095e-01
2.256814241409301758e-01
2.257726490497589111e-01
2.223136276006698608e-01
2.233365029096603394e-01
2.264594137668609619e-01
2.240002304315567017e-01
2.259993553161621094e-01
2.238002270460128784e-01
2.250569611787796021e-01
2.246564775705337524e-01
2.199130654335021973e-01
2.227427512407302856e-01
2.217258065938949585e-01
2.227112203836441040e-01
2.202980816364288330e-01
2.219171375036239624e-01
2.217432111501693726e-01
2.228808701038360596e-01
2.246358096599578857e-01
2.192126363515853882e-01
2.216657102108001709e-01
2.213075309991836548e-01
2.219284772872924805e-01
2.227337658405303955e-01
2.220340073108673096e-01
2.199734300374984741e-01
2.205217927694320679e-01
2.238181531429290771e-01
2.216996699571609497e-01
2.202221453189849854e-01
2.207287698984146118e-01
2.209087312221527100e-01
2.221348732709884644e-01
2.200733125209808350e-01
2.206018716096878052e-01
2.233921438455581665e-01
2.225296199321746826e-01
2.248585820198059082e-01
2.204717993736267090e-01
2.226223349571228027e-01
2.218572348356246948e-01
2.196542620658874512e-01
2.184963077306747437e-01
2.185299843549728394e-01
2.249058336019515991e-01
2.218753993511199951e-01
2.213648408651351929e-01
2.214991599321365356e-01
2.191244661808013916e-01
2.207177877426147461e-01
2.196187376976013184e-01
2.189410328865051270e-01
2.224663943052291870e-01
2.190790325403213501e-01
2.188916206359863281e-01
2.236113548278808594e-01
2.211513966321945190e-01
2.180950790643692017e-01
2.233940809965133667e-01
2.192542552947998047e-01
2.190791964530944824e-01
2.215896099805831909e-01
2.181202769279479980e-01
2.230818271636962891e-01
2.199019044637680054e-01
2.199352830648422241e-01
2.181466519832611084e-01
2.175639569759368896e-01
2.186158746480941772e-01
2.163082063198089600e-01
2.184177339076995850e-01
2.214089632034301758e-01
2.179175168275833130e-01
2.173380255699157715e-01
2.158331423997879028e-01
2.168335020542144775e-01
2.167920023202896118e-01
2.180453836917877197e-01
2.164633870124816895e-01
2.189216911792755127e-01
2.187462151050567627e-01
2.199942171573638916e-01
2.178438901901245117e-01
2.199917584657669067e-01
2.176066190004348755e-01
2.179743349552154541e-01
2.185605466365814209e-01
2.167447954416275024e-01
2.175264060497283936e-01
2.191880345344543457e-01
2.208300679922103882e-01
2.160887420177459717e-01
2.172104269266128540e-01
2.170158326625823975e-01
2.130860835313796997e-01
2.156372368335723877e-01
2.175769805908203125e-01
2.173584848642349243e-01
2.161497771739959717e-01
2.184245288372039795e-01
2.180909067392349243e-01
2.163187563419342041e-01
2.157302498817443848e-01
2.119338512420654297e-01
2.158198505640029907e-01
2.152978777885437012e-01
2.165655344724655151e-01
2.168207317590713501e-01
2.184392064809799194e-01
2.179119586944580078e-01
2.165276110172271729e-01
2.157680988311767578e-01
2.165369838476181030e-01
2.170452773571014404e-01
2.173808664083480835e-01
2.164993882179260254e-01
2.166989445686340332e-01
2.162470519542694092e-01
2.132679820060729980e-01
2.130234837532043457e-01
2.172633707523345947e-01
2.154564708471298218e-01
2.156103998422622681e-01
2.177726328372955322e-01
2.188973724842071533e-01
2.148555815219879150e-01
2.165873050689697266e-01
2.160732597112655640e-01
2.173001468181610107e-01
2.138689756393432617e-01
2.176296263933181763e-01
2.193399071693420410e-01
2.158156931400299072e-01
2.144410014152526855e-01
2.145779281854629517e-01
2.165178507566452026e-01
2.148798704147338867e-01
2.164732068777084351e-01
2.150001227855682373e-01
2.117851376533508301e-01
2.139639407396316528e-01
2.125798314809799194e-01
2.135231792926788330e-01
2.147456854581832886e-01
2.154216915369033813e-01
2.108437418937683105e-01
2.122807800769805908e-01
2.135415226221084595e-01
2.136144787073135376e-01
2.136862576007843018e-01
2.139169126749038696e-01
2.142844200134277344e-01
2.133115381002426147e-01
2.152245640754699707e-01
2.133906632661819458e-01
2.168772965669631958e-01
2.134796828031539917e-01
2.141214460134506226e-01
2.134769260883331299e-01
2.140344381332397461e-01
2.130603343248367310e-01
2.140809744596481323e-01
2.124918848276138306e-01
2.127038836479187012e-01
2.141010761260986328e-01
2.129223495721817017e-01
2.147557735443115234e-01
2.126268744468688965e-01
2.140628993511199951e-01
2.132041305303573608e-01
2.137934267520904541e-01
2.112734168767929077e-01
2.114594578742980957e-01
2.124700844287872314e-01
2.136738747358322144e-01
2.106047868728637695e-01
2.122966498136520386e-01
2.132924497127532959e-01
2.122870087623596191e-01
2.116703242063522339e-01
2.139407843351364136e-01
2.120715230703353882e-01
2.129307538270950317e-01
2.149653881788253784e-01
2.114855647087097168e-01
2.131289541721343994e-01
2.127474993467330933e-01
2.129166424274444580e-01
2.111077755689620972e-01
2.120577991008758545e-01
2.116904854774475098e-01
2.099212706089019775e-01
2.104001343250274658e-01
2.162051200866699219e-01
2.111473381519317627e-01
2.104866802692413330e-01
2.086315602064132690e-01
2.128624022006988525e-01
2.109093666076660156e-01
2.088208198547363281e-01
2.105305045843124390e-01
2.120964229106903076e-01
2.096895426511764526e-01
2.119123786687850952e-01
2.086720764636993408e-01
2.093210071325302124e-01
2.120428830385208130e-01
2.102234959602355957e-01
2.131375670433044434e-01
2.108499109745025635e-01
2.096867710351943970e-01
2.149490416049957275e-01
2.112251967191696167e-01
2.106991559267044067e-01
2.123295664787292480e-01
2.113198190927505493e-01
2.112472653388977051e-01
2.098123133182525635e-01
2.097012400627136230e-01
2.096511423587799072e-01
2.119220495223999023e-01
2.102256864309310913e-01
2.093968689441680908e-01
2.113046646118164062e-01
2.100424319505691528e-01
2.107636183500289917e-01
2.124185711145401001e-01
2.102356851100921631e-01
2.111392319202423096e-01
2.106500267982482910e-01
2.097145766019821167e-01
2.080662250518798828e-01
2.093648910522460938e-01
2.090783864259719849e-01
2.103223800659179688e-01
2.092608958482742310e-01
2.085391283035278320e-01
2.119107544422149658e-01
2.072291672229766846e-01
2.079775333404541016e-01
2.104022949934005737e-01
2.099477499723434448e-01
2.091822475194931030e-01
2.099230587482452393e-01
2.085274904966354370e-01
2.094770669937133789e-01
2.100405991077423096e-01
2.064978033304214478e-01
2.078347355127334595e-01
2.084092497825622559e-01
2.070873528718948364e-01
2.071386873722076416e-01
2.082821428775787354e-01
2.083761543035507202e-01
2.093450576066970825e-01
2.074905186891555786e-01
2.099874764680862427e-01
2.028069943189620972e-01
2.073531895875930786e-01
2.091104984283447266e-01
2.061016410589218140e-01
2.074438035488128662e-01
2.073156535625457764e-01
2.054536789655685425e-01
2.090987265110015869e-01
2.074409425258636475e-01
2.080883085727691650e-01
2.035625129938125610e-01
2.100184112787246704e-01
2.084835469722747803e-01
2.097574323415756226e-01
2.086184769868850708e-01
2.050148695707321167e-01
2.087558060884475708e-01
2.092196494340896606e-01
2.090701609849929810e-01
2.086225152015686035e-01
2.075158506631851196e-01
2.070503830909729004e-01
2.067198604345321655e-01
2.071150094270706177e-01
2.040449976921081543e-01
2.078639417886734009e-01
2.089852541685104370e-01
2.060759514570236206e-01
2.075530737638473511e-01
2.079463750123977661e-01
2.073852866888046265e-01
2.084264457225799561e-01
2.070836126804351807e-01
2.060580849647521973e-01
2.084760367870330811e-01
2.062197923660278320e-01
2.037890553474426270e-01
2.091422230005264282e-01
2.082940787076950073e-01
2.063781023025512695e-01
2.071484625339508057e-01
2.074158340692520142e-01
2.080662101507186890e-01
2.063716351985931396e-01
2.082282453775405884e-01
2.063430845737457275e-01
2.046959847211837769e-01
2.045686990022659302e-01
2.045997977256774902e-01
2.071955651044845581e-01
2.045731693506240845e-01
2.060149163007736206e-01
2.052860110998153687e-01
2.069720029830932617e-01
2.053291797637939453e-01
2.030193358659744263e-01
2.053294926881790161e-01
2.056887447834014893e-01
2.075247019529342651e-01
2.073628008365631104e-01
2.058453261852264404e-01
2.058914005756378174e-01
2.064853608608245850e-01
2.061295509338378906e-01
2.067863792181015015e-01
2.050049751996994019e-01
2.021756023168563843e-01
2.033347189426422119e-01
2.057437747716903687e-01
2.072881311178207397e-01
2.065104693174362183e-01
2.066067308187484741e-01
2.081619799137115479e-01
2.040919065475463867e-01
2.077556848526000977e-01
2.042925953865051270e-01
2.058226466178894043e-01
2.067531049251556396e-01
2.060824781656265259e-01
2.038172930479049683e-01
2.044166773557662964e-01
2.012157291173934937e-01
2.053899019956588745e-01
2.069700509309768677e-01
2.040446400642395020e-01
2.044537514448165894e-01
2.069230526685714722e-01
2.067143321037292480e-01
2.048213928937911987e-01
2.034936994314193726e-01
2.032872289419174194e-01
2.068563103675842285e-01
2.076304256916046143e-01
2.046288102865219116e-01
2.035341560840606689e-01
2.050334364175796509e-01
2.047788798809051514e-01
2.067879140377044678e-01
2.033573985099792480e-01
2.024839818477630615e-01
2.038349807262420654e-01
2.028488069772720337e-01
2.042231559753417969e-01
2.044438421726226807e-01
2.052315324544906616e-01
2.012040615081787109e-01
2.028551250696182251e-01
2.046650052070617676e-01
2.022207379341125488e-01
2.031732201576232910e-01
2.074256092309951782e-01
2.052074074745178223e-01
2.055726349353790283e-01
2.056398242712020874e-01
2.039287090301513672e-01
2.014087885618209839e-01
2.039540857076644897e-01
2.036749720573425293e-01
2.036497145891189575e-01
2.025398164987564087e-01
2.038834393024444580e-01
2.027953118085861206e-01
2.033664286136627197e-01
2.021586447954177856e-01
2.037353515625000000e-01
2.029160112142562866e-01
2.022045552730560303e-01
2.021858692169189453e-01
2.030442059040069580e-01
2.055102437734603882e-01
2.021124958992004395e-01
2.041772753000259399e-01
2.047981172800064087e-01
2.021248191595077515e-01
2.035235315561294556e-01
2.027705013751983643e-01
2.042814344167709351e-01
2.035488188266754150e-01
2.029166072607040405e-01
2.008610069751739502e-01
2.030605971813201904e-01
2.026422172784805298e-01
2.038521617650985718e-01
2.032965123653411865e-01
2.023542523384094238e-01
2.021224796772003174e-01
2.035441398620605469e-01
2.024114727973937988e-01
2.018305212259292603e-01
2.004949599504470825e-01
1.994293630123138428e-01
2.002155035734176636e-01
1.994860768318176270e-01
2.005416750907897949e-01
2.024872153997421265e-01
2.016535252332687378e-01
2.008483111858367920e-01
2.054580897092819214e-01
2.017248272895812988e-01
2.033554464578628540e-01
2.008735686540603638e-01
2.012023478746414185e-01
2.032422125339508057e-01
2.030090838670730591e-01
1.992144435644149780e-01
2.012499868869781494e-01
2.021148949861526489e-01
2.024900466203689575e-01
2.018489539623260498e-01
2.006930857896804810e-01
2.016792595386505127e-01
2.019023299217224121e-01
1.999045759439468384e-01
2.001310884952545166e-01
1.987706422805786133e-01
2.017694264650344849e-01
2.016596943140029907e-01
1.988744139671325684e-01
1.996085196733474731e-01
2.033966630697250366e-01
2.021738439798355103e-01
2.019907385110855103e-01
1.994877904653549194e-01
2.008966505527496338e-01
2.013341784477233887e-01
2.030946016311645508e-01
2.020724862813949585e-01
2.021929770708084106e-01
2.007918506860733032e-01
2.021949589252471924e-01
2.019537389278411865e-01
1.998394876718521118e-01
2.011731266975402832e-01
2.005838155746459961e-01
2.008853554725646973e-01
2.004539221525192261e-01
1.979597955942153931e-01
2.037174999713897705e-01
1.987183690071105957e-01
2.020913511514663696e-01
1.985837370157241821e-01
2.023860216140747070e-01
2.028055340051651001e-01
2.012755572795867920e-01
2.011586278676986694e-01
2.019516676664352417e-01
2.008569389581680298e-01
1.997590065002441406e-01
1.994933784008026123e-01
2.010653018951416016e-01
2.009805142879486084e-01
2.005406767129898071e-01
2.010720819234848022e-01
2.004993408918380737e-01
1.988062262535095215e-01
1.975404620170593262e-01
1.995010226964950562e-01
2.013363540172576904e-01
2.006959468126296997e-01
1.969749927520751953e-01
2.006474584341049194e-01
1.997532248497009277e-01
1.988694220781326294e-01
1.996357142925262451e-01
1.986083537340164185e-01
2.019037306308746338e-01
2.013825178146362305e-01
2.025872170925140381e-01
1.979414224624633789e-01
1.989107877016067505e-01
2.000739127397537231e-01
1.990632116794586182e-01
1.977382004261016846e-01
2.006143182516098022e-01
1.992445886135101318e-01
1.978885233402252197e-01
1.990355998277664185e-01
1.985586434602737427e-01
1.995367556810379028e-01
1.986811459064483643e-01
1.988822221755981445e-01
2.056741565465927124e-01
1.970942467451095581e-01
2.019841670989990234e-01
1.995485574007034302e-01
2.048226892948150635e-01
1.996101588010787964e-01
1.986618489027023315e-01
1.974152326583862305e-01
1.991249471902847290e-01
2.013794630765914917e-01
1.974409818649291992e-01
1.997076272964477539e-01
2.000334560871124268e-01
2.029176950454711914e-01
1.996653079986572266e-01
1.989707946777343750e-01
1.980599015951156616e-01
1.984031498432159424e-01
2.001972645521163940e-01
1.993463635444641113e-01
1.991840898990631104e-01
1.991953402757644653e-01
1.980852186679840088e-01
1.992403119802474976e-01
1.992335617542266846e-01
1.979817003011703491e-01
2.011932581663131714e-01
1.994842588901519775e-01
1.945429593324661255e-01
1.993002742528915405e-01
1.990642696619033813e-01
1.985493749380111694e-01
1.971324980258941650e-01
1.962195336818695068e-01
1.982499212026596069e-01
1.969802975654602051e-01
1.980688869953155518e-01
1.965844184160232544e-01
1.981414407491683960e-01
1.956774592399597168e-01
2.004003673791885376e-01
1.990445554256439209e-01
1.970867812633514404e-01
1.990960836410522461e-01
1.962006688117980957e-01
2.000980675220489502e-01
1.975181400775909424e-01
1.976986378431320190e-01
1.984865367412567139e-01
1.954295188188552856e-01
1.966141909360885620e-01
1.960242390632629395e-01
1.968960762023925781e-01
1.951899528503417969e-01
1.956423670053482056e-01
1.965938806533813477e-01
1.966435909271240234e-01
1.989685893058776855e-01
1.946846097707748413e-01
1.962872296571731567e-01
1.977090388536453247e-01
1.962047517299652100e-01
1.989181637763977051e-01
1.998201161623001099e-01
1.962073594331741333e-01
1.975766420364379883e-01
2.002825587987899780e-01
1.992796361446380615e-01
1.957638710737228394e-01
1.955030709505081177e-01
1.951979994773864746e-01
1.989655196666717529e-01
1.955378651618957520e-01
1.974765360355377197e-01
1.957498788833618164e-01
1.981820166110992432e-01
1.957964152097702026e-01
2.010271698236465454e-01
1.968158781528472900e-01
1.970504373311996460e-01
1.983084827661514282e-01
1.990830153226852417e-01
1.972534656524658203e-01
1.981865316629409790e-01
1.957103163003921509e-01
1.978071630001068115e-01
1.969344913959503174e-01
1.928006261587142944e-01
1.974818408489227295e-01
1.972097903490066528e-01
1.978900283575057983e-01
1.950314491987228394e-01
1.934827119112014771e-01
1.960987746715545654e-01
1.965583264827728271e-01
1.984255760908126831e-01
1.966670453548431396e-01
1.958772838115692139e-01
1.971877813339233398e-01
1.956553310155868530e-01
1.972264349460601807e-01
1.940114796161651611e-01
1.960829198360443115e-01
1.971359252929687500e-01
1.955411434173583984e-01
1.958631426095962524e-01
1.949449628591537476e-01
1.969178915023803711e-01
1.977880597114562988e-01
1.943243443965911865e-01
1.938731223344802856e-01
1.984172463417053223e-01
1.968463063240051270e-01
2.002373039722442627e-01
1.958813369274139404e-01
1.961151510477066040e-01
1.957033127546310425e-01
1.941575706005096436e-01
1.950207203626632690e-01
1.951063275337219238e-01
1.949211657047271729e-01
1.974514722824096680e-01
1.958055645227432251e-01
1.952339559793472290e-01
1.955925077199935913e-01
1.933631896972656250e-01
1.968860775232315063e-01
1.963144838809967041e-01
1.968495398759841919e-01
1.960437148809432983e-01
1.935766637325286865e-01
1.948882341384887695e-01
1.962301880121231079e-01
1.920448392629623413e-01
1.984987407922744751e-01
1.949838250875473022e-01
1.948009729385375977e-01
1.963581740856170654e-01
1.946136951446533203e-01
1.939706057310104370e-01
1.955799013376235962e-01
1.960757523775100708e-01
1.950837969779968262e-01
1.936052441596984863e-01
1.940919756889343262e-01
1.943404078483581543e-01
1.950351744890213013e-01
1.952922195196151733e-01
1.944345980882644653e-01
1.949159353971481323e-01
1.958109289407730103e-01
1.951751857995986938e-01
1.935990452766418457e-01
1.922510117292404175e-01
1.928237527608871460e-01
1.919673234224319458e-01
1.932123154401779175e-01
1.939917057752609253e-01
1.924799233675003052e-01
1.956757307052612305e-01
1.932065188884735107e-01
1.947900056838989258e-01
1.940468549728393555e-01
1.958760917186737061e-01
1.953663378953933716e-01
1.932301521301269531e-01
1.948396712541580200e-01
1.955867111682891846e-01
1.950844526290893555e-01
1.940902322530746460e-01
1.956350356340408325e-01
1.929085999727249146e-01
1.943756341934204102e-01
1.911503672599792480e-01
1.944020539522171021e-01
1.925390660762786865e-01
1.956959962844848633e-01
1.935019940137863159e-01
1.945927590131759644e-01
1.964249163866043091e-01
1.925320029258728027e-01
1.930373460054397583e-01
1.910050213336944580e-01
1.943891048431396484e-01
1.917147040367126465e-01
1.923929899930953979e-01
1.945140808820724487e-01
1.928898841142654419e-01
1.912687718868255615e-01
1.941612809896469116e-01
1.926833093166351318e-01
1.964569985866546631e-01
1.917913854122161865e-01
1.920533925294876099e-01
1.926206797361373901e-01
1.949011385440826416e-01
1.958998441696166992e-01
1.932294368743896484e-01
1.937382668256759644e-01
1.915951669216156006e-01
1.950477063655853271e-01
1.935476213693618774e-01
1.925855726003646851e-01
1.928784996271133423e-01
1.934000551700592041e-01
1.943739801645278931e-01
1.951771378517150879e-01
1.905038207769393921e-01
1.934167444705963135e-01
1.923092901706695557e-01
1.889339387416839600e-01
1.938240826129913330e-01
1.936521828174591064e-01
1.916172355413436890e-01
1.912629753351211548e-01
1.928553879261016846e-01
1.908594816923141479e-01
1.943683475255966187e-01
1.918766647577285767e-01
1.922259330749511719e-01
1.932381540536880493e-01
1.942892372608184814e-01
1.929480582475662231e-01
1.925359070301055908e-01
1.944615840911865234e-01
1.911388933658599854e-01
1.940391361713409424e-01
1.898191869258880615e-01
1.898169815540313721e-01
1.934227496385574341e-01
1.928803026676177979e-01
1.955041140317916870e-01
1.929167509078979492e-01
1.899745017290115356e-01
1.967071145772933960e-01
1.922713220119476318e-01
1.923424750566482544e-01
1.909632384777069092e-01
1.893115341663360596e-01
1.945141553878784180e-01
1.905002892017364502e-01
1.884045898914337158e-01
1.929317414760589600e-01
1.909811496734619141e-01
1.923121064901351929e-01
1.904636770486831665e-01
1.924075037240982056e-01
1.926416158676147461e-01
1.900622695684432983e-01
1.948652714490890503e-01
1.907449066638946533e-01
1.890147626399993896e-01
1.942415833473205566e-01
1.912457644939422607e-01
1.915218681097030640e-01
1.935349106788635254e-01
1.904469281435012817e-01
1.906402111053466797e-01
1.910811364650726318e-01
1.893759667873382568e-01
1.917301267385482788e-01
1.914721280336380005e-01
1.900256574153900146e-01
1.911982446908950806e-01
1.925582736730575562e-01
1.909447610378265381e-01
1.880898177623748779e-01
1.943852156400680542e-01
1.923653781414031982e-01
1.915448755025863647e-01
1.935886442661285400e-01
1.911574304103851318e-01
1.925662159919738770e-01
1.907726526260375977e-01
1.925607919692993164e-01
1.918563246726989746e-01
1.935007274150848389e-01
1.920059621334075928e-01
