1.605071341991424649e+00
1.257251487970352244e+00
1.130420466661453238e+00
9.694296354055405018e-01
8.993426382541656050e-01
8.305828797817230713e-01
7.972423118352890414e-01
6.216117355227470664e-01
6.458666536211967735e-01
6.255391877889633356e-01
6.058693546056747037e-01
6.079762217402457924e-01
5.902632656693458379e-01
5.804311850666999950e-01
4.198013360798358851e-01
4.204252994060516113e-01
4.331851024925708615e-01
4.225019410252571217e-01
4.197021265327930406e-01
4.400319014489650904e-01
4.345909446477890237e-01
2.805551838874816850e-01
2.894868651032447837e-01
2.757590228319168335e-01
2.947669543325900920e-01
2.882164907455444514e-01
3.124944984912872425e-01
3.167084124684333979e-01
1.840485189855098624e-01
1.823391111940145526e-01
1.936162209510803311e-01
1.902626310288905997e-01
2.059843956679105748e-01
2.107529465854167949e-01
2.105903761833906040e-01
1.479401472955942098e-01
1.380885281413793686e-01
1.441974002867937033e-01
1.497960979491472222e-01
1.523043474555015597e-01
1.557195693999528785e-01
1.565348272025585130e-01
1.143293587490916280e-01
1.166641673818230585e-01
1.170344607532024378e-01
1.272102402150631084e-01
1.269411490112543062e-01
1.329259366542100973e-01
1.472681713849306184e-01
1.094365233182907071e-01
1.094465273991227089e-01
1.194958312436938258e-01
1.149181581661105206e-01
1.234456861764192531e-01
1.221000622585415862e-01
1.189687982201576288e-01
1.096195855364203442e-01
1.122649016231298397e-01
1.109072117134928676e-01
1.133296707272529596e-01
1.106245447322726227e-01
1.178814636915922198e-01
1.200516502559185045e-01
1.549122298136353382e-01
1.886649267561733845e-01
2.220270860940218027e-01
2.024221079051494732e-01
1.937941384315490789e-01
2.090799566730856818e-01
2.068378730118274611e-01
1.049110293947160266e-01
8.794147897511721268e-02
1.026350775919854658e-01
9.860717171803116965e-02
1.100239505153149389e-01
1.142079924792051282e-01
1.239198352955281773e-01
7.309501335024833069e-02
6.864012021571397337e-02
7.531086480244994497e-02
8.264844203367829878e-02
7.743449521251022372e-02
9.418710181955247673e-02
8.281738102436066173e-02
7.083451114129274417e-02
6.232129523530602344e-02
7.060078577138483025e-02
7.180988116888328832e-02
7.492193634156137094e-02
9.297922764671966156e-02
9.647305244579910954e-02
6.391396968625485953e-02
7.251550686545669977e-02
5.671421000733971318e-02
6.903475998435169847e-02
7.801294442266225315e-02
8.746106598759069428e-02
7.035511024296284277e-02
5.196710499934852068e-02
6.956167317461221800e-02
7.283702243585139791e-02
6.709430708782747332e-02
9.437265977263450956e-02
6.708893107250332721e-02
7.212001125328243445e-02
