1.691719884872436630e+00
1.346275675296783492e+00
1.208337914943695024e+00
1.131486476659774754e+00
1.040335032343864485e+00
9.988130033016204834e-01
9.494250029325485007e-01
8.236010158061981556e-01
8.227146500349045155e-01
7.961715674400329235e-01
7.915394842624664529e-01
7.721098387241362992e-01
7.590714013576507213e-01
7.734106540679931419e-01
6.510055309534072965e-01
6.312240183353423628e-01
6.302427068352699502e-01
6.481502306461334184e-01
6.314968422055244890e-01
6.318403029441833629e-01
6.208516201376914623e-01
5.131414511799812228e-01
5.110122522711754156e-01
5.121640017628670272e-01
5.131838390231132641e-01
5.231981441378593667e-01
5.348704183101653520e-01
5.142591810226440074e-01
4.051647391915321195e-01
4.069448450207710510e-01
4.112833312153816312e-01
4.202635732293129034e-01
4.217213779687881692e-01
4.392763906717300215e-01
4.435556572675705134e-01
3.522389674186706676e-01
3.397576034069061390e-01
3.474256980419159202e-01
3.532268175482750072e-01
3.520330387353897139e-01
3.643473204970359980e-01
3.695304101705551014e-01
3.077477997541427368e-01
3.051150000095367298e-01
3.071799084544181713e-01
3.089389643073082170e-01
3.179951265454292186e-01
3.220280513167381176e-01
3.271674168109893754e-01
2.878969332575798123e-01
2.875614997744559975e-01
2.914801755547523632e-01
2.902566167712211653e-01
2.991991154849529266e-01
2.962646435201168327e-01
2.994362279772758706e-01
2.797364597022533594e-01
2.794038791954517320e-01
2.754619085788727051e-01
2.817989364266395569e-01
2.826271145045757271e-01
2.853678067028522225e-01
2.889291538298129902e-01
2.696678009629249750e-01
2.678886817395687014e-01
2.652616623044014021e-01
2.674011556804180012e-01
2.756914673745632371e-01
2.751338617503643058e-01
2.789638167619705178e-01
2.642221984267234536e-01
2.609924934804439545e-01
2.673711866140365823e-01
2.655276986956596197e-01
2.703041841089725561e-01
2.734354817867278853e-01
2.751688347756862663e-01
2.575380571186542400e-01
2.567198887467384560e-01
2.622321744263171883e-01
2.590591889619827115e-01
2.617196232080459817e-01
2.640044778585434182e-01
2.680642795562744318e-01
2.534232993423938818e-01
2.522792774438857855e-01
2.544728288054466381e-01
2.569864371418952853e-01
2.580136099457741028e-01
2.607192003726959140e-01
2.617606733739376024e-01
2.550248149037361300e-01
2.547771115601062952e-01
2.525030617415904843e-01
2.580485031008720176e-01
2.577652564644813404e-01
2.563833214342594036e-01
2.584231184422969840e-01
7.237497333437203917e-02
1.919527415931224779e-01
1.540241374820470743e-01
1.447064356505870786e-01
1.100151844695210490e-01
1.107394223473966155e-01
9.539106517564505117e-02
