1.022278070449829102e-01
1.011440753936767578e-01
1.001304984092712402e-01
9.899313002824783325e-02
9.788247197866439819e-02
9.669907391071319580e-02
9.521280974149703979e-02
9.358650445938110352e-02
9.173126518726348877e-02
8.951614797115325928e-02
8.756747841835021973e-02
8.503487706184387207e-02
8.219646662473678589e-02
7.914599031209945679e-02
7.638032734394073486e-02
7.305904477834701538e-02
6.954787671566009521e-02
6.670888513326644897e-02
6.304191797971725464e-02
6.058601289987564087e-02
5.883169174194335938e-02
5.688602849841117859e-02
5.694635584950447083e-02
5.595290660858154297e-02
5.738183856010437012e-02
5.706843733787536621e-02
5.762528255581855774e-02
5.671845003962516785e-02
5.536190420389175415e-02
5.419975146651268005e-02
5.422876402735710144e-02
5.199822410941123962e-02
5.260065197944641113e-02
5.148272588849067688e-02
5.141865834593772888e-02
5.096077919006347656e-02
5.066094547510147095e-02
5.040956661105155945e-02
5.089523270726203918e-02
4.999145865440368652e-02
5.022688582539558411e-02
4.911207035183906555e-02
4.923305287957191467e-02
4.807444289326667786e-02
4.815857857465744019e-02
4.785553738474845886e-02
4.712825641036033630e-02
4.769191145896911621e-02
4.746538400650024414e-02
4.700272530317306519e-02
4.679442569613456726e-02
4.618051275610923767e-02
4.663091897964477539e-02
4.554589465260505676e-02
4.537275061011314392e-02
4.530902206897735596e-02
4.530416801571846008e-02
4.540959000587463379e-02
4.573321714997291565e-02
4.476226866245269775e-02
4.447305947542190552e-02
4.396310821175575256e-02
4.430601000785827637e-02
4.378644376993179321e-02
4.444979131221771240e-02
4.365953430533409119e-02
4.443230852484703064e-02
4.316458478569984436e-02
4.355072602629661560e-02
4.252928495407104492e-02
4.316985607147216797e-02
4.287607967853546143e-02
4.269496724009513855e-02
4.220110923051834106e-02
4.265866056084632874e-02
4.207335039973258972e-02
4.191412404179573059e-02
4.165100306272506714e-02
4.199440404772758484e-02
4.187148436903953552e-02
4.144605621695518494e-02
4.122083261609077454e-02
4.121690988540649414e-02
4.108624905347824097e-02
4.136525467038154602e-02
4.106855764985084534e-02
4.136558622121810913e-02
4.073784872889518738e-02
4.058605432510375977e-02
4.035161435604095459e-02
4.066369310021400452e-02
4.075654596090316772e-02
4.016415774822235107e-02
4.051911458373069763e-02
3.998814523220062256e-02
4.009416699409484863e-02
4.001506417989730835e-02
3.917287290096282959e-02
3.999710083007812500e-02
4.012140259146690369e-02
3.939060121774673462e-02
3.951381891965866089e-02
3.929695859551429749e-02
3.988426551222801208e-02
3.941583260893821716e-02
3.909743577241897583e-02
3.882928192615509033e-02
3.903085365891456604e-02
3.873194754123687744e-02
3.892181441187858582e-02
3.835586830973625183e-02
3.894750401377677917e-02
3.850511088967323303e-02
3.859895467758178711e-02
3.819488361477851868e-02
3.871436044573783875e-02
3.803231194615364075e-02
3.773865848779678345e-02
3.846746683120727539e-02
3.781839832663536072e-02
3.757833689451217651e-02
3.803737461566925049e-02
3.751574084162712097e-02
3.748828172683715820e-02
3.770951554179191589e-02
3.707664459943771362e-02
3.767902404069900513e-02
3.791718557476997375e-02
3.786429017782211304e-02
3.725505247712135315e-02
3.765965998172760010e-02
3.687044233083724976e-02
3.726902231574058533e-02
3.663621097803115845e-02
3.677763417363166809e-02
3.702425584197044373e-02
3.649248182773590088e-02
3.681996092200279236e-02
3.684635460376739502e-02
3.675494715571403503e-02
3.649535402655601501e-02
3.687391430139541626e-02
3.618064150214195251e-02
3.653999790549278259e-02
3.626357764005661011e-02
3.640292212367057800e-02
3.635458648204803467e-02
3.628377243876457214e-02
3.631302341818809509e-02
3.606459870934486389e-02
3.606981411576271057e-02
3.580361977219581604e-02
3.561327233910560608e-02
3.571629151701927185e-02
3.549534454941749573e-02
3.562540933489799500e-02
3.557670861482620239e-02
3.556846454739570618e-02
3.559670969843864441e-02
3.568561002612113953e-02
3.539314493536949158e-02
3.564779087901115417e-02
3.492503985762596130e-02
3.532635048031806946e-02
3.537357971072196960e-02
3.471395000815391541e-02
3.501577302813529968e-02
3.518250957131385803e-02
3.480322659015655518e-02
3.500320762395858765e-02
3.462157770991325378e-02
3.469363227486610413e-02
3.456010296940803528e-02
3.485105186700820923e-02
3.467135503888130188e-02
3.482827171683311462e-02
3.416032716631889343e-02
3.443804010748863220e-02
3.414228558540344238e-02
3.392425179481506348e-02
3.437061235308647156e-02
3.390430659055709839e-02
3.363850340247154236e-02
3.381223976612091064e-02
3.394596278667449951e-02
3.405245020985603333e-02
3.355237469077110291e-02
3.356545045971870422e-02
3.359322994947433472e-02
3.366423770785331726e-02
3.364548087120056152e-02
3.366207331418991089e-02
3.333128243684768677e-02
3.350713849067687988e-02
3.340407088398933411e-02
3.304832056164741516e-02
3.351717442274093628e-02
3.307126089930534363e-02
3.327762335538864136e-02
3.299780189990997314e-02
3.313483297824859619e-02
3.300978988409042358e-02
3.296067193150520325e-02
3.306180238723754883e-02
3.289366140961647034e-02
3.212838247418403625e-02
3.293749317526817322e-02
3.284656256437301636e-02
3.284024819731712341e-02
3.241948410868644714e-02
3.224069997668266296e-02
3.243288025259971619e-02
3.257665783166885376e-02
3.231183812022209167e-02
3.278350457549095154e-02
3.235047683119773865e-02
3.229660913348197937e-02
3.231780230998992920e-02
3.224538266658782959e-02
3.206517919898033142e-02
3.215482831001281738e-02
3.183718770742416382e-02
3.207227215170860291e-02
3.205111250281333923e-02
3.196897730231285095e-02
3.189436718821525574e-02
3.222797438502311707e-02
3.162058815360069275e-02
3.233288973569869995e-02
3.159598633646965027e-02
3.151931986212730408e-02
3.162638843059539795e-02
3.190609440207481384e-02
3.193907067179679871e-02
3.169360384345054626e-02
3.145750984549522400e-02
3.154389560222625732e-02
3.123546577990055084e-02
3.130899369716644287e-02
3.142115101218223572e-02
3.127575665712356567e-02
3.097608685493469238e-02
3.130861744284629822e-02
3.090332448482513428e-02
3.095306269824504852e-02
3.068256191909313202e-02
3.078652359545230865e-02
3.083698451519012451e-02
3.050412237644195557e-02
3.094571828842163086e-02
3.127986565232276917e-02
3.074980340898036957e-02
3.065881505608558655e-02
3.063563816249370575e-02
3.067456185817718506e-02
3.047685697674751282e-02
3.013206459581851959e-02
3.040812350809574127e-02
3.070041537284851074e-02
3.074568510055541992e-02
3.017283789813518524e-02
3.035186789929866791e-02
3.010272793471813202e-02
3.013484552502632141e-02
3.044940531253814697e-02
2.991345524787902832e-02
3.030079044401645660e-02
3.030383586883544922e-02
2.991229295730590820e-02
2.990449406206607819e-02
2.982138656079769135e-02
2.984378673136234283e-02
3.011919930577278137e-02
2.983262017369270325e-02
2.981802262365818024e-02
2.996429800987243652e-02
2.976445667445659637e-02
3.011465631425380707e-02
2.965368889272212982e-02
2.994382940232753754e-02
2.930667437613010406e-02
2.994543686509132385e-02
2.963104285299777985e-02
2.931955456733703613e-02
2.977470494806766510e-02
2.977959252893924713e-02
2.955155447125434875e-02
2.949883043766021729e-02
2.896653674542903900e-02
2.923203818500041962e-02
2.961132489144802094e-02
2.933000028133392334e-02
2.905265800654888153e-02
2.896412089467048645e-02
2.897321246564388275e-02
2.950136736035346985e-02
2.888587675988674164e-02
2.917819283902645111e-02
2.885730378329753876e-02
2.899439632892608643e-02
2.896909788250923157e-02
2.892548777163028717e-02
2.914983965456485748e-02
2.895318530499935150e-02
2.880010008811950684e-02
2.893974818289279938e-02
2.857751958072185516e-02
2.880139090120792389e-02
2.857158891856670380e-02
2.897215820848941803e-02
2.885670401155948639e-02
2.877833880484104156e-02
2.876803651452064514e-02
2.856463007628917694e-02
2.834698557853698730e-02
2.857573702931404114e-02
2.823284082114696503e-02
2.846420183777809143e-02
2.835113741457462311e-02
2.854302898049354553e-02
2.822823263704776764e-02
2.806725911796092987e-02
2.845593169331550598e-02
2.830264903604984283e-02
2.783146873116493225e-02
2.813668362796306610e-02
2.796950936317443848e-02
2.832489088177680969e-02
2.798030711710453033e-02
2.799336053431034088e-02
2.812720835208892822e-02
2.778076566755771637e-02
2.843000926077365875e-02
2.810806408524513245e-02
2.805986069142818451e-02
2.779241465032100677e-02
2.772147394716739655e-02
2.779255248606204987e-02
2.794287540018558502e-02
2.781895175576210022e-02
2.797453477978706360e-02
2.757726982235908508e-02
2.721344493329524994e-02
2.780632115900516510e-02
2.761056832969188690e-02
2.710543572902679443e-02
2.737458981573581696e-02
2.731213346123695374e-02
2.757890895009040833e-02
2.733798325061798096e-02
2.774779312312602997e-02
2.751257084310054779e-02
2.743691205978393555e-02
2.743261866271495819e-02
2.750839665532112122e-02
2.741436474025249481e-02
2.715914323925971985e-02
2.741469256579875946e-02
2.698505483567714691e-02
2.698299102485179901e-02
2.706092409789562225e-02
2.722670696675777435e-02
2.710485458374023438e-02
2.699426375329494476e-02
2.705306187272071838e-02
2.719100750982761383e-02
2.707299031317234039e-02
2.701669000089168549e-02
2.683252096176147461e-02
2.688312530517578125e-02
2.681333385407924652e-02
2.686651609838008881e-02
2.685062959790229797e-02
2.700951509177684784e-02
2.689716592431068420e-02
2.657353691756725311e-02
2.650272287428379059e-02
2.660276927053928375e-02
2.639505639672279358e-02
2.666658535599708557e-02
2.669344842433929443e-02
2.666020393371582031e-02
2.662856876850128174e-02
2.642076089978218079e-02
2.652298286557197571e-02
2.651654556393623352e-02
2.648455835878849030e-02
2.649008668959140778e-02
2.666955254971981049e-02
2.661154232919216156e-02
2.664224244654178619e-02
2.659998834133148193e-02
2.668832056224346161e-02
2.630846574902534485e-02
2.622104063630104065e-02
2.624852396547794342e-02
2.618586085736751556e-02
2.621516399085521698e-02
2.638970315456390381e-02
2.607991732656955719e-02
2.596543729305267334e-02
2.596501819789409637e-02
2.632330358028411865e-02
2.612166665494441986e-02
2.605006098747253418e-02
2.592734433710575104e-02
2.616525255143642426e-02
2.605779841542243958e-02
2.605577185750007629e-02
2.619282901287078857e-02
2.603300847113132477e-02
2.579873241484165192e-02
2.577774226665496826e-02
2.583892084658145905e-02
2.574593760073184967e-02
2.561075426638126373e-02
2.600192464888095856e-02
2.546690404415130615e-02
2.554741501808166504e-02
2.549513988196849823e-02
2.564831636846065521e-02
2.555854618549346924e-02
2.569310180842876434e-02
2.584292925894260406e-02
2.559844963252544403e-02
2.557270228862762451e-02
2.572236023843288422e-02
2.570993266999721527e-02
2.532462216913700104e-02
2.546116523444652557e-02
2.541147172451019287e-02
2.585667930543422699e-02
2.546679973602294922e-02
2.543540671467781067e-02
2.527533285319805145e-02
2.552388049662113190e-02
2.525728940963745117e-02
2.540460042655467987e-02
2.533198706805706024e-02
2.531510032713413239e-02
2.535320818424224854e-02
2.541293017566204071e-02
2.539660967886447906e-02
2.540841512382030487e-02
2.513111568987369537e-02
2.533965744078159332e-02
2.514372766017913818e-02
2.515099011361598969e-02
2.516771666705608368e-02
2.500882558524608612e-02
2.508619427680969238e-02
2.562397718429565430e-02
2.496191300451755524e-02
2.515313960611820221e-02
2.504772506654262543e-02
2.551912702620029449e-02
2.519182302057743073e-02
2.471466735005378723e-02
2.484453283250331879e-02
2.501975372433662415e-02
2.523823641240596771e-02
2.466147951781749725e-02
2.479596622288227081e-02
2.486259676516056061e-02
2.501166239380836487e-02
2.437467500567436218e-02
2.498010359704494476e-02
2.494723908603191376e-02
2.479688636958599091e-02
2.451308816671371460e-02
2.467537857592105865e-02
2.472468279302120209e-02
2.484438382089138031e-02
2.483064495027065277e-02
2.455655857920646667e-02
2.453809790313243866e-02
2.481393702328205109e-02
2.465394698083400726e-02
2.446970716118812561e-02
2.479735389351844788e-02
2.443273738026618958e-02
2.455764822661876678e-02
2.489724941551685333e-02
2.453017048537731171e-02
2.443263120949268341e-02
2.457095496356487274e-02
2.468069829046726227e-02
2.463684789836406708e-02
2.446070127189159393e-02
2.466524951159954071e-02
2.460150420665740967e-02
2.465256489813327789e-02
2.439023181796073914e-02
2.457790821790695190e-02
2.470964007079601288e-02
2.440628223121166229e-02
2.434938400983810425e-02
2.425814233720302582e-02
2.405948564410209656e-02
2.453060075640678406e-02
2.432663366198539734e-02
2.454158850014209747e-02
2.444167993962764740e-02
2.443068288266658783e-02
2.440139092504978180e-02
2.453844621777534485e-02
2.455607056617736816e-02
2.388239465653896332e-02
2.409236691892147064e-02
2.407440543174743652e-02
2.457707747817039490e-02
2.408368885517120361e-02
2.454568259418010712e-02
2.440636791288852692e-02
2.456668578088283539e-02
2.403225190937519073e-02
2.428787760436534882e-02
2.418865077197551727e-02
2.414213493466377258e-02
2.419375441968441010e-02
2.417084202170372009e-02
2.408917993307113647e-02
2.415752969682216644e-02
2.416976727545261383e-02
2.406309358775615692e-02
2.390335872769355774e-02
2.431661076843738556e-02
2.415423095226287842e-02
2.397580444812774658e-02
2.407162077724933624e-02
2.400047704577445984e-02
2.419815212488174438e-02
2.382245659828186035e-02
2.405685745179653168e-02
2.408976666629314423e-02
2.406799606978893280e-02
2.409434877336025238e-02
2.402376942336559296e-02
2.421984821557998657e-02
2.385668829083442688e-02
2.380524761974811554e-02
2.383206412196159363e-02
2.378957532346248627e-02
2.373614721000194550e-02
2.395789138972759247e-02
2.391101978719234467e-02
2.392978779971599579e-02
2.385232038795948029e-02
2.405687049031257629e-02
2.359988912940025330e-02
2.361647784709930420e-02
2.341182716190814972e-02
2.391254715621471405e-02
2.397973090410232544e-02
2.366893365979194641e-02
2.396087907254695892e-02
2.381057292222976685e-02
2.377157844603061676e-02
2.367644570767879486e-02
2.358763106167316437e-02
2.382745966315269470e-02
2.346300147473812103e-02
2.390190586447715759e-02
2.338634617626667023e-02
2.400994114577770233e-02
2.339700795710086823e-02
2.349417842924594879e-02
2.344880066812038422e-02
2.369689941406250000e-02
2.358138374984264374e-02
2.344133332371711731e-02
2.400873228907585144e-02
2.345855534076690674e-02
2.352794632315635681e-02
2.367616631090641022e-02
2.343768998980522156e-02
2.338168770074844360e-02
2.356416918337345123e-02
2.353777922689914703e-02
2.341701276600360870e-02
2.366345375776290894e-02
2.361817657947540283e-02
2.313913404941558838e-02
2.358764223754405975e-02
2.336037531495094299e-02
2.352735027670860291e-02
2.348153479397296906e-02
2.364944480359554291e-02
2.356677316129207611e-02
2.360715344548225403e-02
2.360720746219158173e-02
2.320217713713645935e-02
2.325121685862541199e-02
2.379795350134372711e-02
2.360113337635993958e-02
2.361132949590682983e-02
2.327375486493110657e-02
2.335279434919357300e-02
2.332074008882045746e-02
2.307914383709430695e-02
2.322950772941112518e-02
2.341446094214916229e-02
2.339761704206466675e-02
2.371480688452720642e-02
2.332527562975883484e-02
2.307012304663658142e-02
2.336681447923183441e-02
2.330651506781578064e-02
2.337650023400783539e-02
2.323339879512786865e-02
2.330697886645793915e-02
2.345838956534862518e-02
2.342330478131771088e-02
2.296005003154277802e-02
2.347532846033573151e-02
2.338861860334873199e-02
2.291811443865299225e-02
2.314250729978084564e-02
2.327379398047924042e-02
2.343979291617870331e-02
2.342717908322811127e-02
2.332929894328117371e-02
2.317618764936923981e-02
2.306484989821910858e-02
2.306877821683883667e-02
2.342930063605308533e-02
2.305008657276630402e-02
2.346490882337093353e-02
2.322983182966709137e-02
2.355808578431606293e-02
2.304586581885814667e-02
2.328433282673358917e-02
2.323716878890991211e-02
2.311444096267223358e-02
2.303813211619853973e-02
2.310785651206970215e-02
2.290665172040462494e-02
2.317335456609725952e-02
2.318405918776988983e-02
2.291510812938213348e-02
2.317831851541996002e-02
2.330246195197105408e-02
2.309509180486202240e-02
2.312992326915264130e-02
2.307722531259059906e-02
2.292176336050033569e-02
2.308347076177597046e-02
2.294376306235790253e-02
2.328646183013916016e-02
2.311315014958381653e-02
2.300137095153331757e-02
2.333416789770126343e-02
2.287340350449085236e-02
2.263675443828105927e-02
2.319204993546009064e-02
2.288784645497798920e-02
2.308175526559352875e-02
2.283602952957153320e-02
2.292980253696441650e-02
2.292092144489288330e-02
2.284790202975273132e-02
2.299550361931324005e-02
2.288581989705562592e-02
2.317097038030624390e-02
2.293026261031627655e-02
2.286090888082981110e-02
2.259752899408340454e-02
2.315104380249977112e-02
2.282324805855751038e-02
2.299783937633037567e-02
2.295731380581855774e-02
2.276680804789066315e-02
2.306435070931911469e-02
2.282697521150112152e-02
2.287950552999973297e-02
2.279831841588020325e-02
2.307233586907386780e-02
2.276600711047649384e-02
2.296800352632999420e-02
2.255813591182231903e-02
2.290747687220573425e-02
2.252264693379402161e-02
2.239312976598739624e-02
2.293278090655803680e-02
2.300716750323772430e-02
2.271822281181812286e-02
2.294399403035640717e-02
2.298917062580585480e-02
2.290998585522174835e-02
2.273563668131828308e-02
2.265178598463535309e-02
2.279795333743095398e-02
2.258168347179889679e-02
2.255744673311710358e-02
2.275865525007247925e-02
2.294003777205944061e-02
2.268756739795207977e-02
2.266084030270576477e-02
2.265053801238536835e-02
2.255748398602008820e-02
2.264626137912273407e-02
2.264229021966457367e-02
2.278999611735343933e-02
2.260002307593822479e-02
2.261307649314403534e-02
2.258071489632129669e-02
2.239773236215114594e-02
2.276296354830265045e-02
2.248837053775787354e-02
2.251478098332881927e-02
2.269104868173599243e-02
2.255698479712009430e-02
2.253393456339836121e-02
2.240883931517601013e-02
2.251753397285938263e-02
2.261647582054138184e-02
2.244299650192260742e-02
2.246207371354103088e-02
2.220345661044120789e-02
2.274843864142894745e-02
2.240571193397045135e-02
2.241301350295543671e-02
2.240035496652126312e-02
2.261843532323837280e-02
2.250086516141891479e-02
2.221945486962795258e-02
2.266679890453815460e-02
2.247982285916805267e-02
2.241423539817333221e-02
2.237370423972606659e-02
2.227130532264709473e-02
2.259852737188339233e-02
2.247488126158714294e-02
2.234710566699504852e-02
2.225447632372379303e-02
2.263619564473628998e-02
2.242969162762165070e-02
2.245109714567661285e-02
2.247764915227890015e-02
2.253136225044727325e-02
2.269047126173973083e-02
2.243831381201744080e-02
2.217537350952625275e-02
2.252623438835144043e-02
2.236735634505748749e-02
2.235955186188220978e-02
2.233321033418178558e-02
2.219978906214237213e-02
2.226548641920089722e-02
2.247533202171325684e-02
2.252721227705478668e-02
2.209333702921867371e-02
2.217816933989524841e-02
2.203322015702724457e-02
2.227384224534034729e-02
2.246790006756782532e-02
2.210901863873004913e-02
2.228166349232196808e-02
2.208947949111461639e-02
2.167433872818946838e-02
2.206323109567165375e-02
2.232628688216209412e-02
2.236152254045009613e-02
2.242528088390827179e-02
2.241580002009868622e-02
2.226695977151393890e-02
2.236052416265010834e-02
2.180903218686580658e-02
2.222565561532974243e-02
2.231504581868648529e-02
2.243411540985107422e-02
2.241798304021358490e-02
2.213676646351814270e-02
2.235056273639202118e-02
2.192970365285873413e-02
2.262533642351627350e-02
2.168486826121807098e-02
2.214786596596240997e-02
2.208373509347438812e-02
2.176752872765064240e-02
2.225657925009727478e-02
2.236590720713138580e-02
2.218059077858924866e-02
2.229806594550609589e-02
2.210788987576961517e-02
2.201194502413272858e-02
2.177580632269382477e-02
2.228270657360553741e-02
2.208781056106090546e-02
2.217007614672183990e-02
2.239511720836162567e-02
2.207425795495510101e-02
2.212516590952873230e-02
2.205938473343849182e-02
2.196374349296092987e-02
2.204622328281402588e-02
2.173500321805477142e-02
2.194256894290447235e-02
2.218731306493282318e-02
2.182811684906482697e-02
2.196503244340419769e-02
2.202736027538776398e-02
2.190814726054668427e-02
2.194953523576259613e-02
2.201263979077339172e-02
2.216210775077342987e-02
2.200294844806194305e-02
2.167177386581897736e-02
2.201997116208076477e-02
2.194702625274658203e-02
2.192591875791549683e-02
2.181944251060485840e-02
2.187842503190040588e-02
2.215426973998546600e-02
2.183744497597217560e-02
2.182165347039699554e-02
2.190453559160232544e-02
2.181822620332241058e-02
2.190343663096427917e-02
2.185198664665222168e-02
2.205318957567214966e-02
2.187800407409667969e-02
2.186006307601928711e-02
2.207518182694911957e-02
2.197828143835067749e-02
2.177030406892299652e-02
2.175183221697807312e-02
2.199672721326351166e-02
2.190608344972133636e-02
2.193186245858669281e-02
2.181952446699142456e-02
2.187068574130535126e-02
2.198566310107707977e-02
2.179561927914619446e-02
2.174276299774646759e-02
2.179965004324913025e-02
2.173634432256221771e-02
2.179360017180442810e-02
2.173586934804916382e-02
2.160046622157096863e-02
2.198396436870098114e-02
2.164317481219768524e-02
2.191255055367946625e-02
2.179538831114768982e-02
2.182013168931007385e-02
2.182980254292488098e-02
2.176494896411895752e-02
2.125604264438152313e-02
2.151135727763175964e-02
2.178387157618999481e-02
2.150731347501277924e-02
2.182398363947868347e-02
2.185853011906147003e-02
2.166909910738468170e-02
2.181182987987995148e-02
2.175951935350894928e-02
2.139145322144031525e-02
2.162291482090950012e-02
2.175221405923366547e-02
2.172813750803470612e-02
2.166185714304447174e-02
2.176554314792156219e-02
2.174318395555019379e-02
2.172961272299289703e-02
2.154164947569370270e-02
2.163645438849925995e-02
2.146198600530624390e-02
2.161957137286663055e-02
2.156838402152061462e-02
2.142091281712055206e-02
2.166446857154369354e-02
2.163996174931526184e-02
2.134865336120128632e-02
2.167052961885929108e-02
2.156373672187328339e-02
2.143801562488079071e-02
2.147652767598628998e-02
2.146970108151435852e-02
2.135558240115642548e-02
2.144195698201656342e-02
2.152423560619354248e-02
2.171528711915016174e-02
2.164773270487785339e-02
2.155055850744247437e-02
2.138092555105686188e-02
2.144485525786876678e-02
2.175686135888099670e-02
2.146605961024761200e-02
2.135889418423175812e-02
2.139451913535594940e-02
2.140371315181255341e-02
2.138858288526535034e-02
2.153749763965606689e-02
2.118450403213500977e-02
2.144119329750537872e-02
2.151741832494735718e-02
2.147452346980571747e-02
2.127478830516338348e-02
2.100767008960247040e-02
2.167642302811145782e-02
2.159964852035045624e-02
2.143536694347858429e-02
2.140471711754798889e-02
2.129422686994075775e-02
2.157050743699073792e-02
2.120668068528175354e-02
2.153147943317890167e-02
2.118683420121669769e-02
2.162727899849414825e-02
2.120007388293743134e-02
2.148891426622867584e-02
2.144403941929340363e-02
2.136637456715106964e-02
2.143869362771511078e-02
2.129258029162883759e-02
2.152783796191215515e-02
2.126196026802062988e-02
2.127949707210063934e-02
2.150302939116954803e-02
2.124637551605701447e-02
2.151471562683582306e-02
2.122827433049678802e-02
2.115927450358867645e-02
2.135291695594787598e-02
2.118792198598384857e-02
2.128464542329311371e-02
2.139166556298732758e-02
2.127154730260372162e-02
2.122833393514156342e-02
2.134576253592967987e-02
2.127247303724288940e-02
2.121768891811370850e-02
2.114131487905979156e-02
2.123062871396541595e-02
2.119267545640468597e-02
2.128884196281433105e-02
2.140003815293312073e-02
2.126798592507839203e-02
2.101247385144233704e-02
2.091014012694358826e-02
2.119714021682739258e-02
2.126427553594112396e-02
2.122390829026699066e-02
2.124970033764839172e-02
2.124558389186859131e-02
2.108397893607616425e-02
2.099559083580970764e-02
2.079818211495876312e-02
2.139867655932903290e-02
2.120732329785823822e-02
2.099144458770751953e-02
2.103812061250209808e-02
2.118820697069168091e-02
2.106795273721218109e-02
2.105619572103023529e-02
2.098156325519084930e-02
2.108149603009223938e-02
2.100009471178054810e-02
2.114957384765148163e-02
2.098172158002853394e-02
2.089102938771247864e-02
2.138175070285797119e-02
2.100192755460739136e-02
2.128611691296100616e-02
2.127315849065780640e-02
2.110118046402931213e-02
2.123636379837989807e-02
2.134371548891067505e-02
2.120280265808105469e-02
2.082544192671775818e-02
2.093631960451602936e-02
2.097716741263866425e-02
2.110444568097591400e-02
2.108446508646011353e-02
2.097911760210990906e-02
2.112332545220851898e-02
2.084884420037269592e-02
2.116467058658599854e-02
2.118690498173236847e-02
2.107190713286399841e-02
2.097273431718349457e-02
2.106245793402194977e-02
2.078569494187831879e-02
2.097238227725028992e-02
2.106182463467121124e-02
2.098319865763187408e-02
2.100802026689052582e-02
2.107961103320121765e-02
2.087539993226528168e-02
2.083374559879302979e-02
2.087507955729961395e-02
2.103193663060665131e-02
2.091210149228572845e-02
2.105082944035530090e-02
2.079822868108749390e-02
2.084912918508052826e-02
2.107058092951774597e-02
2.105485834181308746e-02
2.068121545016765594e-02
2.083859778940677643e-02
2.085411362349987030e-02
2.078926004469394684e-02
2.102307975292205811e-02
2.090813033282756805e-02
2.099873498082160950e-02
2.091700397431850433e-02
2.088471315801143646e-02
2.106978558003902435e-02
2.084189467132091522e-02
2.098353579640388489e-02
2.082137763500213623e-02
2.087670378386974335e-02
2.073798701167106628e-02
2.074884064495563507e-02
2.087852731347084045e-02
2.082820795476436615e-02
2.083647437393665314e-02
2.072455734014511108e-02
2.065150253474712372e-02
2.078113146126270294e-02
2.086991630494594574e-02
2.091149054467678070e-02
2.072838693857192993e-02
2.089102379977703094e-02
2.058111689984798431e-02
2.090484462678432465e-02
2.098887600004673004e-02
2.088675461709499359e-02
2.092056348919868469e-02
2.102629654109477997e-02
2.055145986378192902e-02
2.075546421110630035e-02
2.071210183203220367e-02
2.084687724709510803e-02
2.087402157485485077e-02
2.076327987015247345e-02
2.066134661436080933e-02
2.092327177524566650e-02
2.088969759643077850e-02
2.095003612339496613e-02
2.102937549352645874e-02
2.086573466658592224e-02
2.084941603243350983e-02
2.069044671952724457e-02
2.063982747495174408e-02
2.086432464420795441e-02
2.065022848546504974e-02
2.077395096421241760e-02
2.067243866622447968e-02
2.093780227005481720e-02
2.088767848908901215e-02
2.067511528730392456e-02
2.064165845513343811e-02
2.071411535143852234e-02
2.070601470768451691e-02
2.087859064340591431e-02
2.076620608568191528e-02
2.069850452244281769e-02
2.073221094906330109e-02
2.054238133132457733e-02
2.068958058953285217e-02
2.062407508492469788e-02
2.079281769692897797e-02
2.050966955721378326e-02
2.065735124051570892e-02
2.060523442924022675e-02
2.082934975624084473e-02
2.050455100834369659e-02
2.077945694327354431e-02
2.060075849294662476e-02
2.089694328606128693e-02
2.059666626155376434e-02
2.058879844844341278e-02
2.060504816472530365e-02
2.085765264928340912e-02
2.062797173857688904e-02
2.079516462981700897e-02
2.064441516995429993e-02
2.052533440291881561e-02
2.060088887810707092e-02
2.077558450400829315e-02
2.055180817842483521e-02
2.078977599740028381e-02
2.094337157905101776e-02
2.056521922349929810e-02
2.046850882470607758e-02
2.032334171235561371e-02
2.036506310105323792e-02
2.074033580720424652e-02
2.052161283791065216e-02
2.045218832790851593e-02
2.049155160784721375e-02
2.053357288241386414e-02
2.022403292357921600e-02
2.033377066254615784e-02
2.065764181315898895e-02
2.037064731121063232e-02
2.047986350953578949e-02
2.044858969748020172e-02
2.075926028192043304e-02
2.041191235184669495e-02
2.051267027854919434e-02
2.043701522052288055e-02
2.052832953631877899e-02
2.025168947875499725e-02
2.044369839131832123e-02
2.064065821468830109e-02
2.048363350331783295e-02
2.052145637571811676e-02
2.040947414934635162e-02
2.059604786336421967e-02
2.017607167363166809e-02
2.046774327754974365e-02
2.053461782634258270e-02
2.030788734555244446e-02
2.047377638518810272e-02
2.051159180700778961e-02
2.079909667372703552e-02
2.048207260668277740e-02
2.052654884755611420e-02
2.049144916236400604e-02
2.067498117685317993e-02
2.034659497439861298e-02
2.065802551805973053e-02
2.049729600548744202e-02
2.062104642391204834e-02
2.034944854676723480e-02
2.046371065080165863e-02
2.047730050981044769e-02
2.031345479190349579e-02
2.035837434232234955e-02
2.031481079757213593e-02
2.038433775305747986e-02
2.029561996459960938e-02
2.023066394031047821e-02
2.035305090248584747e-02
2.042512223124504089e-02
2.018494904041290283e-02
2.041464857757091522e-02
2.041614241898059845e-02
2.039697952568531036e-02
2.042375318706035614e-02
2.026786841452121735e-02
2.034697495400905609e-02
2.030296623706817627e-02
2.039997093379497528e-02
2.061849087476730347e-02
2.036114595830440521e-02
2.065395377576351166e-02
2.054737322032451630e-02
2.043607644736766815e-02
2.021955139935016632e-02
2.037811279296875000e-02
2.026840671896934509e-02
2.033848688006401062e-02
2.034727297723293304e-02
2.033100090920925140e-02
2.020001970231533051e-02
2.040385082364082336e-02
2.015477232635021210e-02
2.014210261404514313e-02
2.021451480686664581e-02
2.033582888543605804e-02
2.011827193200588226e-02
2.023220621049404144e-02
2.008225955069065094e-02
2.007787488400936127e-02
2.014974318444728851e-02
2.047788910567760468e-02
2.027168311178684235e-02
2.001060172915458679e-02
2.036060206592082977e-02
2.043158374726772308e-02
2.034172601997852325e-02
2.047624066472053528e-02
2.039982192218303680e-02
2.010570280253887177e-02
2.006406150758266449e-02
2.016765438020229340e-02
2.037826739251613617e-02
2.024412341415882111e-02
2.040094137191772461e-02
2.015279047191143036e-02
2.011699602007865906e-02
2.017805166542530060e-02
2.012915164232254028e-02
2.029904723167419434e-02
2.017602883279323578e-02
2.008958347141742706e-02
2.034502290189266205e-02
2.016329765319824219e-02
2.007749117910861969e-02
2.011276781558990479e-02
1.999694295227527618e-02
1.993050612509250641e-02
2.019826695322990417e-02
2.001714333891868591e-02
2.015590853989124298e-02
2.034531347453594208e-02
2.008955925703048706e-02
2.036222256720066071e-02
1.998258195817470551e-02
2.021347545087337494e-02
2.030064165592193604e-02
2.009486034512519836e-02
2.018922194838523865e-02
1.981636695563793182e-02
2.008254639804363251e-02
2.015656232833862305e-02
2.027375996112823486e-02
2.009023539721965790e-02
1.997439377009868622e-02
2.031290531158447266e-02
1.991865597665309906e-02
2.007925324141979218e-02
2.022765763103961945e-02
2.012268267571926117e-02
2.014258317649364471e-02
2.002063579857349396e-02
1.998251117765903473e-02
2.003889158368110657e-02
2.011537365615367889e-02
2.010763064026832581e-02
2.016818895936012268e-02
2.027075365185737610e-02
1.991385966539382935e-02
1.997513882815837860e-02
2.007314376533031464e-02
2.020199596881866455e-02
2.000800520181655884e-02
1.998053677380084991e-02
2.000805176794528961e-02
2.003116533160209656e-02
2.026708237826824188e-02
2.006339095532894135e-02
1.991769671440124512e-02
1.995806582272052765e-02
2.027698792517185211e-02
2.028376609086990356e-02
2.008855901658535004e-02
2.025607787072658539e-02
1.990294270217418671e-02
1.994685642421245575e-02
1.991349458694458008e-02
1.996328122913837433e-02
1.993448659777641296e-02
2.012273110449314117e-02
1.974627189338207245e-02
2.008662559092044830e-02
2.008324302732944489e-02
2.010967209935188293e-02
1.985746063292026520e-02
2.002809010446071625e-02
2.009388245642185211e-02
2.005253545939922333e-02
1.982915401458740234e-02
2.002941258251667023e-02
2.011911943554878235e-02
1.993064768612384796e-02
2.006666176021099091e-02
1.993519999086856842e-02
1.993677020072937012e-02
1.987818256020545959e-02
2.018076367676258087e-02
1.998982951045036316e-02
1.975600980222225189e-02
1.992944441735744476e-02
2.006381563842296600e-02
1.997272856533527374e-02
1.983874291181564331e-02
2.028878778219223022e-02
1.967726834118366241e-02
1.996921934187412262e-02
1.979472301900386810e-02
2.001797594130039215e-02
1.973613165318965912e-02
1.971216313540935516e-02
1.962301880121231079e-02
1.988967508077621460e-02
1.974313706159591675e-02
1.977616921067237854e-02
2.009811811149120331e-02
1.997080631554126740e-02
1.972007006406784058e-02
2.003438770771026611e-02
1.978476159274578094e-02
1.980981789529323578e-02
1.977991126477718353e-02
2.005697973072528839e-02
1.989441923797130585e-02
1.988677307963371277e-02
1.975475624203681946e-02
1.988056860864162445e-02
2.006345801055431366e-02
1.969450153410434723e-02
1.992086879909038544e-02
1.972194574773311615e-02
1.954101584851741791e-02
1.994349993765354156e-02
1.973857916891574860e-02
1.976992040872573853e-01
2.011468559503555298e-01
2.571984529495239258e-01
2.075820118188858032e-01
2.425513863563537598e-01
2.027831524610519409e-01
2.276085168123245239e-01
2.191507816314697266e-01
2.037540674209594727e-01
2.188484668731689453e-01
2.111857384443283081e-01
2.031332105398178101e-01
2.124624848365783691e-01
2.093209773302078247e-01
1.985716521739959717e-01
2.098561674356460571e-01
2.063131034374237061e-01
1.993648558855056763e-01
2.027917802333831787e-01
2.048470824956893921e-01
1.983242928981781006e-01
2.005880177021026611e-01
2.036228626966476440e-01
2.020137459039688110e-01
2.005181014537811279e-01
2.012309432029724121e-01
2.037504017353057861e-01
1.989065557718276978e-01
1.987260580062866211e-01
1.992375254631042480e-01
1.985667645931243896e-01
2.000231444835662842e-01
1.989234089851379395e-01
1.983579099178314209e-01
1.979321688413619995e-01
2.003021836280822754e-01
1.989178210496902466e-01
1.968020647764205933e-01
1.987913548946380615e-01
1.991498172283172607e-01
1.972431540489196777e-01
1.984576582908630371e-01
1.957526355981826782e-01
1.944455802440643311e-01
1.964486986398696899e-01
1.975374817848205566e-01
1.969898641109466553e-01
1.943940967321395874e-01
1.950000524520874023e-01
1.954338252544403076e-01
1.966336220502853394e-01
1.969876587390899658e-01
1.941200643777847290e-01
1.958162188529968262e-01
1.963185817003250122e-01
1.945120990276336670e-01
1.941357105970382690e-01
1.967632025480270386e-01
1.975474953651428223e-01
1.958495974540710449e-01
1.964815706014633179e-01
1.972354650497436523e-01
1.967597603797912598e-01
1.954284757375717163e-01
1.926183402538299561e-01
1.951097249984741211e-01
1.965083628892898560e-01
1.935609281063079834e-01
1.971484273672103882e-01
1.931493878364562988e-01
1.971617937088012695e-01
1.940706223249435425e-01
1.951890140771865845e-01
1.985575854778289795e-01
1.956388801336288452e-01
1.951847076416015625e-01
1.949346363544464111e-01
1.967585086822509766e-01
1.946378648281097412e-01
1.923751831054687500e-01
1.932724416255950928e-01
1.933856308460235596e-01
1.934656500816345215e-01
1.908389925956726074e-01
1.932018697261810303e-01
1.924583911895751953e-01
1.941287666559219360e-01
1.933661401271820068e-01
1.932107061147689819e-01
1.932411044836044312e-01
1.943578869104385376e-01
1.935923397541046143e-01
1.921025961637496948e-01
1.944811642169952393e-01
1.924708038568496704e-01
1.917144954204559326e-01
1.926273703575134277e-01
1.932385712862014771e-01
1.942843943834304810e-01
1.943188756704330444e-01
1.926188915967941284e-01
1.940595656633377075e-01
1.950224041938781738e-01
1.948770582675933838e-01
1.913692206144332886e-01
1.920512616634368896e-01
1.930763870477676392e-01
1.955254673957824707e-01
1.913390755653381348e-01
1.917415559291839600e-01
1.926964670419692993e-01
1.924872398376464844e-01
1.954227089881896973e-01
1.910097002983093262e-01
1.946575790643692017e-01
1.940553039312362671e-01
1.949757337570190430e-01
1.907389461994171143e-01
1.952259838581085205e-01
1.945608258247375488e-01
1.921752542257308960e-01
1.900558024644851685e-01
1.912268847227096558e-01
1.888270080089569092e-01
1.919109374284744263e-01
1.922631114721298218e-01
1.910350769758224487e-01
1.948065757751464844e-01
1.940438300371170044e-01
1.931742578744888306e-01
1.944870501756668091e-01
1.952065974473953247e-01
1.910527497529983521e-01
1.920320093631744385e-01
1.944722980260848999e-01
1.924570351839065552e-01
1.934242844581604004e-01
1.912408620119094849e-01
1.910216212272644043e-01
1.892827451229095459e-01
1.917887479066848755e-01
1.891508698463439941e-01
1.933126896619796753e-01
1.918597817420959473e-01
1.915351152420043945e-01
1.881401538848876953e-01
1.932462155818939209e-01
1.929554343223571777e-01
1.940165907144546509e-01
1.910232454538345337e-01
1.912171989679336548e-01
1.929199397563934326e-01
1.918109357357025146e-01
1.919381767511367798e-01
1.910893917083740234e-01
1.894083768129348755e-01
1.875746250152587891e-01
1.919226199388504028e-01
1.905826330184936523e-01
1.884164363145828247e-01
1.912856847047805786e-01
1.925371438264846802e-01
1.869835257530212402e-01
1.888037919998168945e-01
1.911532431840896606e-01
1.901040524244308472e-01
1.919229626655578613e-01
1.919738650321960449e-01
1.900357306003570557e-01
1.910854279994964600e-01
1.908873021602630615e-01
1.883197426795959473e-01
1.917241960763931274e-01
1.909229010343551636e-01
1.901349723339080811e-01
1.892501413822174072e-01
1.880072802305221558e-01
1.910691112279891968e-01
1.861535161733627319e-01
1.896009445190429688e-01
1.925595402717590332e-01
1.901467889547348022e-01
1.889344751834869385e-01
1.888814419507980347e-01
1.898289769887924194e-01
1.879215687513351440e-01
1.918835937976837158e-01
1.917883306741714478e-01
1.893833130598068237e-01
1.897526532411575317e-01
1.908415555953979492e-01
1.916129887104034424e-01
1.882010400295257568e-01
1.887020617723464966e-01
1.881027966737747192e-01
1.891579180955886841e-01
1.887485235929489136e-01
1.894690990447998047e-01
1.898174434900283813e-01
1.903194785118103027e-01
