1.771399633884430003e+00
1.453513010740280054e+00
1.300120017528533900e+00
1.186489228010177532e+00
1.104263650774955696e+00
1.025131369829177963e+00
9.867147773504256758e-01
8.145194369554519254e-01
7.821446847915649592e-01
7.829388901591300964e-01
7.459240305423736617e-01
7.243125027418136908e-01
7.444073519110679937e-01
7.676652246713637773e-01
5.158591526746749700e-01
5.331747618317603798e-01
5.439160522818565768e-01
5.595741572976112854e-01
5.327167055010795238e-01
5.627559345960616577e-01
5.457755240797996787e-01
3.385358801484107949e-01
3.533276288211345539e-01
3.422864232957363306e-01
3.454161573946475938e-01
4.019887924194335826e-01
3.835950779914856223e-01
3.831156802177428933e-01
2.207280354201793804e-01
2.290467067062854634e-01
2.219110899418592353e-01
2.456040892750024907e-01
2.555007874965667947e-01
2.295362687855958816e-01
2.436291512101888546e-01
1.452536749094724688e-01
1.340444209240377049e-01
1.605353086628019676e-01
1.724251083098352066e-01
2.029501226171851191e-01
1.883414098247885582e-01
1.843027263879775945e-01
9.436385124921799206e-02
1.199951800704002342e-01
1.324748018290847484e-01
1.337625935114920006e-01
1.484749204479157980e-01
1.479302584752440475e-01
1.508104580268263828e-01
1.046855705231428124e-01
8.794964995235204919e-02
1.164570432156324387e-01
1.050319245550781488e-01
1.104086956288665572e-01
1.224213927797973139e-01
1.216938550025224719e-01
9.229304813314229139e-02
8.113904510624707356e-02
8.919106053188442795e-02
9.611148476600646362e-02
9.313829555176197927e-02
1.003671608958393302e-01
1.078031252138316604e-01
6.341022573411464469e-02
7.801499136257916689e-02
7.181001448072493742e-02
9.325552543159573715e-02
8.906361981295049524e-02
1.010670012421906044e-01
9.039999598637223077e-02
8.558761944528668619e-02
8.694789255037903286e-02
6.460992749314754813e-02
8.036625449545681255e-02
8.052747835870832649e-02
1.149658017419278588e-01
1.048791398014873311e-01
6.744475372601300978e-02
6.170797722646966660e-02
6.977077800780534522e-02
7.150330101139842909e-02
8.059771812986582518e-02
9.256279218941926290e-02
6.879434125032275749e-02
8.779964231420307741e-02
6.597545494325458837e-02
7.046256732894107255e-02
7.715416397433727536e-02
8.161994407419115305e-02
8.487287353491410058e-02
9.371324231382459347e-02
6.593044087290764188e-02
6.922264487249776832e-02
6.933562265243381484e-02
8.153069406747817660e-02
6.401455330662429721e-02
7.124305727891623585e-02
7.024659082759171502e-02
5.669405467808246585e-02
5.477149221813306518e-02
6.093489608028903465e-02
5.761734852450899752e-02
6.854081750847398902e-02
7.805153977591544612e-02
6.934276790358126497e-02
