7.369444152712821827e-01
3.748716753721237360e-01
2.976064698398113162e-01
2.583455736190080620e-01
2.314414498955011390e-01
2.302797983586788166e-01
2.226120247691869836e-01
2.093683165311813477e-01
2.072986423969268854e-01
1.877534499019384295e-01
1.837389343231916328e-01
1.791330809891223952e-01
1.800321392714977209e-01
1.809803242981433968e-01
1.753103379160165787e-01
1.728180688619613548e-01
1.765210085362196035e-01
1.753983804583549577e-01
1.622073383629322185e-01
1.532208742946386260e-01
1.556396590918302514e-01
1.602209825068712234e-01
1.572041939198970673e-01
1.546167510002851575e-01
1.582570857554674026e-01
1.567670238018036011e-01
1.536261180043220487e-01
1.435789762064814679e-01
1.412273762747645323e-01
1.422621078044176146e-01
1.448924596235156015e-01
1.424390125274658248e-01
1.336332257837057058e-01
1.450153303891420498e-01
1.423877370357513328e-01
1.548020140081644014e-01
1.261808370053768280e-01
1.327113146707415703e-01
1.310916138812899534e-01
1.291554009169340045e-01
1.300862541794776950e-01
1.397445826232433241e-01
1.277258490771055188e-01
1.354566937312483843e-01
1.353942609578371037e-01
1.708089249208569471e-01
1.724027919024229139e-01
1.659353647008538213e-01
1.647486031800508566e-01
1.707778631150722592e-01
1.633743241056799800e-01
1.609288620203733478e-01
1.613432932645082474e-01
1.407805655896663677e-01
1.177484706044197027e-01
1.179620366543531473e-01
1.223573067784309437e-01
1.143590619973838263e-01
1.107026648521423351e-01
1.248809628188610049e-01
1.199495064280927115e-01
1.269878314435481936e-01
1.192453340813517532e-01
7.782276012934744025e-02
7.222090059891343727e-02
8.446978336665779408e-02
8.399104754440486764e-02
9.645435533486307333e-02
9.786378609016538332e-02
9.411017076112329627e-02
9.761009238660335596e-02
1.056138381920754959e-01
6.424225062131881658e-02
6.893644765950739106e-02
7.217765333130955752e-02
5.905152943450957259e-02
7.410861996002494900e-02
7.386308408342301401e-02
7.361745032481849249e-02
8.235474686138331835e-02
7.211670192889868547e-02
4.971449085045605981e-02
5.142588628921657828e-02
5.012009427184239280e-02
6.222520879469811694e-02
6.177534186746925365e-02
6.182862908579409011e-02
6.072243555914610957e-02
5.320343358907848874e-02
7.367146946780848971e-02
4.080796579131856783e-02
3.984197240555659159e-02
3.746261225198395384e-02
4.959967546164989471e-02
5.286061345133930695e-02
4.721470435149967976e-02
4.361316815949976139e-02
5.680555139202624754e-02
5.885761830955743568e-02
3.761518904240802180e-02
3.778257299680262693e-02
3.778064428595825919e-02
4.905254400335252313e-02
4.698538491735235190e-02
5.214372685411945013e-02
5.056181242922321017e-02
5.676484193652868437e-02
5.320180669426918113e-02
3.590521382633596326e-02
2.960669900057837436e-02
3.416926872916519614e-02
2.927965946088079488e-02
3.769518483662977898e-02
4.281620143796317085e-02
4.687829841393977709e-02
5.279162660706788329e-02
5.039027808932587671e-02
3.299271116673480747e-02
3.678436558577231896e-02
2.303083834063727325e-02
3.098202245659194970e-02
3.699541867128573053e-02
3.861089127021841844e-02
3.286518838140182336e-02
4.248548822361044447e-02
4.642117049312219357e-02
2.290823171642841771e-02
3.326906664762645932e-02
3.280895382165908980e-02
3.476949219533707891e-02
3.168674439599272058e-02
3.837740137416403852e-02
3.571530542336404102e-02
3.557178145856596668e-02
3.992036556242965079e-02
