4.852717360854149065e-01
1.660821063071489245e-01
1.350427839159965560e-01
1.126510569453239435e-01
1.083315551653504377e-01
1.001854486018419199e-01
9.197143647819756851e-02
9.018509462475776672e-02
8.366750217974186499e-02
7.740075506269931960e-02
7.733600262552499383e-02
7.784942541271448746e-02
7.513635888695717469e-02
7.723623782396316084e-02
7.487767610698937981e-02
7.624619837850332704e-02
7.587591893970965784e-02
7.161087732762098923e-02
6.471946671605109669e-02
6.548366915434598867e-02
6.651712864637375489e-02
6.830423429608345476e-02
6.761030323803424169e-02
6.456157352775335201e-02
6.903997868299484308e-02
6.516018129885196852e-02
6.422529924660920486e-02
6.232728119939565797e-02
6.086910825222730664e-02
6.187786720693111420e-02
5.933135982602835007e-02
6.250758897513150614e-02
6.277926146984100231e-02
6.177153639495372439e-02
6.170507485046982515e-02
6.565590303391218019e-02
3.379768590629100844e-01
3.044341441988944741e-01
2.800209942460060164e-01
2.633105401694774694e-01
2.558889289200305672e-01
2.574514832347631343e-01
2.503357349336147175e-01
2.193688464164733898e-01
2.338226452469825689e-01
1.966440236568450795e-01
1.837018605321645848e-01
1.764528660476207822e-01
1.847416415065527007e-01
1.818492752313613792e-01
1.912687062472105126e-01
1.889119635894894733e-01
1.962603222206235065e-01
1.864136720448732465e-01
1.424769464135169916e-01
1.438028970360755998e-01
1.416760138422250848e-01
1.471486717276275225e-01
1.558911838009953421e-01
1.509052979387343063e-01
1.505814030766487177e-01
1.388182844407856442e-01
1.485191911831498235e-01
1.101928781718015671e-01
1.114255645126104310e-01
1.126547558419406375e-01
1.121892418339848485e-01
1.135077920928597439e-01
1.273596750199794680e-01
1.213110025972127942e-01
1.310800421610474609e-01
1.219323049113154450e-01
7.348898639902472218e-02
9.349301643669605255e-02
8.429197486490011548e-02
9.490787553600966986e-02
9.280359506607055442e-02
9.628142433241010378e-02
8.918200669810176506e-02
1.030809715390205439e-01
1.075854929536581017e-01
6.424992672167718910e-02
6.933847089298068866e-02
7.168776285368949619e-02
6.079091561259701570e-02
7.506923818029463680e-02
7.367612755857408380e-02
8.013622087426483520e-02
7.196464576758444809e-02
8.647018286166713308e-02
5.143540561199188427e-02
5.949048133566975372e-02
5.236156413797288939e-02
5.601993156829848663e-02
6.051258451305329550e-02
6.344030379317701362e-02
6.353948366362600908e-02
6.588685265276580938e-02
6.618967921938746779e-02
4.212257460691035127e-02
4.219244328094646362e-02
4.874890343518927666e-02
4.584250355605035826e-02
5.195917561184614647e-02
5.309586139745078870e-02
5.317981430562213063e-02
6.052159477607346738e-02
5.860015919082797731e-02
3.589360822050366440e-02
3.554854221758432797e-02
4.046042856993153913e-02
5.179589820094406688e-02
4.368937370774801654e-02
4.288549757795408202e-02
4.319493786402744950e-02
5.315232499036937758e-02
4.988831260008737278e-02
3.218640379724092837e-02
3.838828568463213686e-02
3.759721639798953990e-02
3.464052291354164509e-02
3.845652090036310450e-02
3.521404970379080762e-02
4.472750898916274392e-02
4.004369559348561203e-02
4.444285982055589529e-02
3.029488812317140262e-02
3.105414810532238293e-02
2.565596919448580662e-02
3.987440643599256956e-02
3.234620096511207216e-02
4.481756419932935581e-02
3.174614459101576108e-02
3.932126261701341524e-02
5.052294729626737729e-02
