1.721639860868453997e+00
1.373864663839340139e+00
1.244383631944656399e+00
1.140313740372657758e+00
1.066918698549270683e+00
1.012864446043968192e+00
9.490073353052139726e-01
8.280508744716644776e-01
8.273859614133834972e-01
8.185396254062652366e-01
8.247710537910460937e-01
7.945102417469024347e-01
7.960038018226623935e-01
7.644507181644439875e-01
6.672983628511428567e-01
6.463852861523627924e-01
6.457601210474968045e-01
6.492502236366272106e-01
6.630642127990722390e-01
6.520915424823761075e-01
6.548895159363746776e-01
5.418201059103011641e-01
5.256698802113533020e-01
5.235918545722961781e-01
5.437132844328880221e-01
5.403216198086738808e-01
5.422436845302581743e-01
5.471683222055435669e-01
4.392427715659141807e-01
4.271166682243346946e-01
4.379762557148933477e-01
4.437414580583572410e-01
4.491190499067306274e-01
4.504416620731353516e-01
4.532850661873817355e-01
3.684498032927512878e-01
3.556890568137168751e-01
3.623351782560348400e-01
3.658353304862976274e-01
3.696337485313415661e-01
3.805102267861366072e-01
3.820939937233924777e-01
3.150395420193672358e-01
3.106951710581779547e-01
3.164845490455627242e-01
3.339742410182953147e-01
3.322067213058471635e-01
3.367524942755699136e-01
3.372954487800597922e-01
3.022680349647998699e-01
2.973659133911132901e-01
2.945261873304844125e-01
3.028341385722160273e-01
3.059799599647521906e-01
3.083981540799141108e-01
3.179305326938628995e-01
2.884644271433353668e-01
2.838679467141628221e-01
2.819267961382865839e-01
2.884118881821632341e-01
2.931961524486541570e-01
2.914705683290958471e-01
2.982587243616581230e-01
2.758500428497791535e-01
2.774218471348285919e-01
2.804456932842731565e-01
2.847065034508705073e-01
2.794193379580974801e-01
2.842219044268131101e-01
2.866950744390487915e-01
2.692299528419971333e-01
2.666158768534660495e-01
2.668462303280830228e-01
2.715003658831119382e-01
2.717521205544471963e-01
2.765724445879459426e-01
2.752412731945514945e-01
2.647806392610073112e-01
2.623191569745540463e-01
2.688069495558738642e-01
2.675289034843444935e-01
2.683544574677944050e-01
2.658193032443523229e-01
2.674217693507671134e-01
7.676543490961193483e-02
1.647994741797447205e-01
1.669397055357694504e-01
1.566710917651653323e-01
1.547751943394541640e-01
1.398042155057191982e-01
1.170968386530876204e-01
7.549923941958695817e-02
8.239414862357080649e-02
8.265206936048344333e-02
8.360715375281869977e-02
8.907516637817025629e-02
8.832291255705058963e-02
7.390704101882875077e-02
5.380729708820581464e-02
5.261354437796399164e-02
5.923571862396784238e-02
6.419362709391862598e-02
7.686693153809756596e-02
6.021242941729724324e-02
7.916204081382602342e-02
