7.339965105056762695e-01
7.214306592941284180e-01
7.097470760345458984e-01
7.000746726989746094e-01
6.911696195602416992e-01
6.822646856307983398e-01
6.733988523483276367e-01
6.640994548797607422e-01
6.526131629943847656e-01
6.413509845733642578e-01
6.276661157608032227e-01
6.143383383750915527e-01
5.985004305839538574e-01
5.815063714981079102e-01
5.607295632362365723e-01
5.451516509056091309e-01
5.221459269523620605e-01
5.000680685043334961e-01
4.779123365879058838e-01
4.604196846485137939e-01
4.365365207195281982e-01
4.148948192596435547e-01
3.940806090831756592e-01
3.871753811836242676e-01
3.620806634426116943e-01
3.578958809375762939e-01
3.521369397640228271e-01
3.361485600471496582e-01
3.750065863132476807e-01
3.410305380821228027e-01
3.365136981010437012e-01
3.288299143314361572e-01
3.259762227535247803e-01
2.920031249523162842e-01
2.855610847473144531e-01
2.965291738510131836e-01
2.826538085937500000e-01
2.725640833377838135e-01
2.705688476562500000e-01
2.712564766407012939e-01
2.650352716445922852e-01
2.613681554794311523e-01
2.584450244903564453e-01
2.527621090412139893e-01
2.525885999202728271e-01
2.471675425767898560e-01
2.420094907283782959e-01
2.415951043367385864e-01
2.386793941259384155e-01
2.363771200180053711e-01
2.364207208156585693e-01
2.315091788768768311e-01
2.296348661184310913e-01
2.270822823047637939e-01
2.246051877737045288e-01
2.198604643344879150e-01
2.143089473247528076e-01
2.159737050533294678e-01
2.177220284938812256e-01
2.063822895288467407e-01
2.127242833375930786e-01
2.127965539693832397e-01
2.096233367919921875e-01
2.059231400489807129e-01
2.036920040845870972e-01
2.000998556613922119e-01
2.029784470796585083e-01
1.976829320192337036e-01
1.998601406812667847e-01
1.978314071893692017e-01
1.927654743194580078e-01
1.951175332069396973e-01
1.878990530967712402e-01
1.945077180862426758e-01
1.905735582113265991e-01
1.893020123243331909e-01
1.858675479888916016e-01
1.800296902656555176e-01
1.832345873117446899e-01
1.829488575458526611e-01
1.816659718751907349e-01
1.827194988727569580e-01
1.784407645463943481e-01
1.777794659137725830e-01
1.723012328147888184e-01
1.792830377817153931e-01
1.769381612539291382e-01
1.742973923683166504e-01
1.738072484731674194e-01
1.721914410591125488e-01
1.695426255464553833e-01
1.699062883853912354e-01
1.668328344821929932e-01
1.644220948219299316e-01
1.662341356277465820e-01
1.653705537319183350e-01
1.654588133096694946e-01
1.591374874114990234e-01
1.638590097427368164e-01
1.650118976831436157e-01
1.597504615783691406e-01
1.608827412128448486e-01
1.587283909320831299e-01
1.589402705430984497e-01
1.567929685115814209e-01
1.540034115314483643e-01
1.545404046773910522e-01
1.532729119062423706e-01
1.507190018892288208e-01
1.522421985864639282e-01
1.513909250497817993e-01
1.527249068021774292e-01
1.505448222160339355e-01
1.485618948936462402e-01
1.475165188312530518e-01
1.493397504091262817e-01
1.482265442609786987e-01
1.461952179670333862e-01
1.455468982458114624e-01
1.472211182117462158e-01
1.444246023893356323e-01
1.446034610271453857e-01
1.401850581169128418e-01
1.412326097488403320e-01
1.407435536384582520e-01
1.419339478015899658e-01
1.400703191757202148e-01
1.386014223098754883e-01
1.416659802198410034e-01
1.355752795934677124e-01
1.379577070474624634e-01
1.380829215049743652e-01
1.373697668313980103e-01
1.324634701013565063e-01
1.342602074146270752e-01
1.332613974809646606e-01
1.347366273403167725e-01
1.354517638683319092e-01
1.316966712474822998e-01
1.310172677040100098e-01
1.294142007827758789e-01
1.278499215841293335e-01
1.275705546140670776e-01
1.291095167398452759e-01
1.272898316383361816e-01
1.288640350103378296e-01
1.265612840652465820e-01
1.259920746088027954e-01
1.259565502405166626e-01
1.233585923910140991e-01
1.243278086185455322e-01
1.267521381378173828e-01
1.268924027681350708e-01
1.250177174806594849e-01
1.254054307937622070e-01
1.215599477291107178e-01
1.211180761456489563e-01
1.212317496538162231e-01
1.193248778581619263e-01
1.201972961425781250e-01
1.201234310865402222e-01
1.183863803744316101e-01
1.186743080615997314e-01
1.189784854650497437e-01
1.167436242103576660e-01
1.169759333133697510e-01
1.159064620733261108e-01
1.161562204360961914e-01
1.159799695014953613e-01
1.178152114152908325e-01
1.145816147327423096e-01
1.154591441154479980e-01
1.144313886761665344e-01
1.141366213560104370e-01
1.141966059803962708e-01
1.123094856739044189e-01
1.133862286806106567e-01
1.121345758438110352e-01
1.125137656927108765e-01
1.097983270883560181e-01
1.094346195459365845e-01
1.081517338752746582e-01
1.104971319437026978e-01
1.087085753679275513e-01
1.095683872699737549e-01
1.069621220231056213e-01
1.083295792341232300e-01
1.076571345329284668e-01
1.087661832571029663e-01
1.086751967668533325e-01
1.060422062873840332e-01
1.080798208713531494e-01
1.059914231300354004e-01
1.032005175948143005e-01
1.076399385929107666e-01
1.046733558177947998e-01
1.047216728329658508e-01
1.036367863416671753e-01
1.065743193030357361e-01
1.024985611438751221e-01
1.042595356702804565e-01
1.032101735472679138e-01
1.026706099510192871e-01
1.034603416919708252e-01
1.019355207681655884e-01
1.005179360508918762e-01
1.004879027605056763e-01
1.015862375497817993e-01
1.015087813138961792e-01
1.030857712030410767e-01
1.022564917802810669e-01
9.784743934869766235e-02
9.966757893562316895e-02
9.991323947906494141e-02
9.991076588630676270e-02
9.919453412294387817e-02
9.838856011629104614e-02
9.906372427940368652e-02
9.895457327365875244e-02
9.702066332101821899e-02
9.886626899242401123e-02
9.587847441434860229e-02
9.655933082103729248e-02
9.676723182201385498e-02
9.542232751846313477e-02
9.394854307174682617e-02
9.516043961048126221e-02
9.476248919963836670e-02
9.373112022876739502e-02
9.552922844886779785e-02
9.649649262428283691e-02
9.369867295026779175e-02
9.307742118835449219e-02
9.230460226535797119e-02
9.461027383804321289e-02
9.258832037448883057e-02
9.258185327053070068e-02
9.132855385541915894e-02
9.054262936115264893e-02
9.042593836784362793e-02
9.158025681972503662e-02
9.288826584815979004e-02
9.140639752149581909e-02
9.126386046409606934e-02
9.054210036993026733e-02
8.888243138790130615e-02
8.946406841278076172e-02
9.024166315793991089e-02
8.886794745922088623e-02
8.805081248283386230e-02
8.859224617481231689e-02
8.850201964378356934e-02
8.802125602960586548e-02
8.799877762794494629e-02
8.633990585803985596e-02
8.832221478223800659e-02
8.529445528984069824e-02
8.571962267160415649e-02
8.531219512224197388e-02
8.662118017673492432e-02
8.519747108221054077e-02
8.679430186748504639e-02
8.743404597043991089e-02
8.556431531906127930e-02
8.475612103939056396e-02
8.392305672168731689e-02
8.474434912204742432e-02
8.495752513408660889e-02
8.403702080249786377e-02
8.393345028162002563e-02
8.455210179090499878e-02
8.388412743806838989e-02
8.314657211303710938e-02
8.349014818668365479e-02
8.198519796133041382e-02
8.395095169544219971e-02
8.265547454357147217e-02
8.105095475912094116e-02
8.175894618034362793e-02
8.162970840930938721e-02
8.160461485385894775e-02
8.143530040979385376e-02
8.105289936065673828e-02
8.234228193759918213e-02
8.216364681720733643e-02
8.141084015369415283e-02
8.028721809387207031e-02
8.060689270496368408e-02
7.928213477134704590e-02
7.980889827013015747e-02
7.895664125680923462e-02
7.884718477725982666e-02
7.982005178928375244e-02
7.957063615322113037e-02
7.907120138406753540e-02
7.713153958320617676e-02
7.839354872703552246e-02
7.793205976486206055e-02
7.879581302404403687e-02
7.754161953926086426e-02
7.661157846450805664e-02
7.737918198108673096e-02
7.679956406354904175e-02
7.640901207923889160e-02
7.779920101165771484e-02
7.624920457601547241e-02
7.555205374956130981e-02
7.565376162528991699e-02
7.417687773704528809e-02
7.584783434867858887e-02
7.648446410894393921e-02
7.582551985979080200e-02
7.403080165386199951e-02
7.362487912178039551e-02
7.445303350687026978e-02
7.488173991441726685e-02
7.352338731288909912e-02
7.366366684436798096e-02
7.281066477298736572e-02
7.375946640968322754e-02
7.374651730060577393e-02
7.361651957035064697e-02
7.256770133972167969e-02
7.312363386154174805e-02
7.170758396387100220e-02
7.042712718248367310e-02
7.304859161376953125e-02
7.203435152769088745e-02
7.208018749952316284e-02
7.238412648439407349e-02
7.023551315069198608e-02
7.076214998960494995e-02
7.227646559476852417e-02
7.050500065088272095e-02
7.123727351427078247e-02
7.108391821384429932e-02
7.077340781688690186e-02
7.139303535223007202e-02
6.922218203544616699e-02
6.973427534103393555e-02
7.088117301464080811e-02
7.043168693780899048e-02
6.985904276371002197e-02
7.051543891429901123e-02
7.038610428571701050e-02
6.887815892696380615e-02
6.925808638334274292e-02
6.862139701843261719e-02
6.906915456056594849e-02
6.854768842458724976e-02
6.978111714124679565e-02
6.813082098960876465e-02
6.828972697257995605e-02
6.966495513916015625e-02
6.862758845090866089e-02
6.784711033105850220e-02
6.660794466733932495e-02
6.883248686790466309e-02
6.801400333642959595e-02
6.710942834615707397e-02
6.658690422773361206e-02
6.570255756378173828e-02
6.779561191797256470e-02
6.798297166824340820e-02
6.651528179645538330e-02
6.645022332668304443e-02
6.622608751058578491e-02
6.627732515335083008e-02
6.551821529865264893e-02
6.581377983093261719e-02
6.557726860046386719e-02
6.687463074922561646e-02
6.527929008007049561e-02
6.574906408786773682e-02
6.507873535156250000e-02
6.515947729349136353e-02
6.455011665821075439e-02
6.431392580270767212e-02
6.426441669464111328e-02
6.428278982639312744e-02
6.422822177410125732e-02
6.399121135473251343e-02
6.346507370471954346e-02
6.519395112991333008e-02
6.396760791540145874e-02
6.395168602466583252e-02
6.375407427549362183e-02
6.347797065973281860e-02
6.489333510398864746e-02
6.288793683052062988e-02
6.313019245862960815e-02
6.296191364526748657e-02
6.226533651351928711e-02
6.287832558155059814e-02
6.343961507081985474e-02
6.220851838588714600e-02
6.261385977268218994e-02
6.173056364059448242e-02
6.257307529449462891e-02
6.195148825645446777e-02
2.803911268711090088e-01
2.755179405212402344e-01
2.819240987300872803e-01
2.784023284912109375e-01
2.790889441967010498e-01
2.782009541988372803e-01
2.752304077148437500e-01
2.760696411132812500e-01
2.762203216552734375e-01
2.730446755886077881e-01
2.718740701675415039e-01
2.694961726665496826e-01
2.696932554244995117e-01
2.726347446441650391e-01
2.691334784030914307e-01
2.672014832496643066e-01
2.676035463809967041e-01
2.685713768005371094e-01
2.686114013195037842e-01
2.671904861927032471e-01
2.679649293422698975e-01
2.642191648483276367e-01
2.662343382835388184e-01
2.659120261669158936e-01
2.670313715934753418e-01
2.672162353992462158e-01
2.657125890254974365e-01
2.643245160579681396e-01
2.654246091842651367e-01
2.672449946403503418e-01
2.636442780494689941e-01
2.615214586257934570e-01
2.647342383861541748e-01
2.633149921894073486e-01
2.636775970458984375e-01
2.638878822326660156e-01
2.648977041244506836e-01
2.665594816207885742e-01
2.638449966907501221e-01
2.634175121784210205e-01
2.603971064090728760e-01
2.601136267185211182e-01
2.621947824954986572e-01
2.573731541633605957e-01
2.607148885726928711e-01
2.618132233619689941e-01
2.596037089824676514e-01
2.586618363857269287e-01
2.586507201194763184e-01
2.571954131126403809e-01
2.592473924160003662e-01
2.583847343921661377e-01
2.626886963844299316e-01
2.546269297599792480e-01
2.558606863021850586e-01
2.604817450046539307e-01
2.552813291549682617e-01
2.583525478839874268e-01
2.597283124923706055e-01
2.560946047306060791e-01
2.592471837997436523e-01
2.592110335826873779e-01
2.531992793083190918e-01
2.564442455768585205e-01
2.559493184089660645e-01
2.547879815101623535e-01
2.575782239437103271e-01
2.561740875244140625e-01
2.541441619396209717e-01
2.549237310886383057e-01
2.585743069648742676e-01
2.560393512248992920e-01
2.542108297348022461e-01
2.581373453140258789e-01
2.549384236335754395e-01
2.536747753620147705e-01
2.548857033252716064e-01
2.541175782680511475e-01
2.515640854835510254e-01
2.542251348495483398e-01
2.545084357261657715e-01
2.531143426895141602e-01
2.523876726627349854e-01
2.513300478458404541e-01
2.535062432289123535e-01
2.532391846179962158e-01
2.543611228466033936e-01
2.529034018516540527e-01
2.549156844615936279e-01
2.522972226142883301e-01
2.538566887378692627e-01
2.504572272300720215e-01
2.547805011272430420e-01
2.510481774806976318e-01
2.496699243783950806e-01
2.520569264888763428e-01
2.510045170783996582e-01
2.479359507560729980e-01
2.514524161815643311e-01
2.537624239921569824e-01
2.508032619953155518e-01
2.527514994144439697e-01
2.477720677852630615e-01
2.491633147001266479e-01
2.505230307579040527e-01
2.511349618434906006e-01
2.491656690835952759e-01
2.513738274574279785e-01
2.512976527214050293e-01
2.478305250406265259e-01
2.512095868587493896e-01
2.476041465997695923e-01
2.470016330480575562e-01
2.490700483322143555e-01
2.467541098594665527e-01
2.482668310403823853e-01
2.498754411935806274e-01
2.501999139785766602e-01
2.497161477804183960e-01
2.458581477403640747e-01
2.474495023488998413e-01
2.475773692131042480e-01
2.439792603254318237e-01
2.476221621036529541e-01
2.501193284988403320e-01
2.449209541082382202e-01
2.476596534252166748e-01
2.443054765462875366e-01
2.465260177850723267e-01
2.454686164855957031e-01
2.455100119113922119e-01
2.488971054553985596e-01
2.493594884872436523e-01
2.480643540620803833e-01
2.463313788175582886e-01
2.475648075342178345e-01
2.446777522563934326e-01
2.450192123651504517e-01
2.461158931255340576e-01
2.450708150863647461e-01
2.434501349925994873e-01
2.427409589290618896e-01
2.436523437500000000e-01
2.483603656291961670e-01
2.426923364400863647e-01
2.436919808387756348e-01
2.452034354209899902e-01
2.426319867372512817e-01
2.457756847143173218e-01
2.412285804748535156e-01
2.455920428037643433e-01
2.435968965291976929e-01
2.415766716003417969e-01
2.438809424638748169e-01
2.421002238988876343e-01
2.427681684494018555e-01
2.431427687406539917e-01
2.434054762125015259e-01
2.439340949058532715e-01
2.432532608509063721e-01
2.450048029422760010e-01
2.399651408195495605e-01
2.394358962774276733e-01
2.412384599447250366e-01
2.424648851156234741e-01
2.424303889274597168e-01
2.423576563596725464e-01
2.420276552438735962e-01
2.400621026754379272e-01
2.399594783782958984e-01
2.363305538892745972e-01
2.408855408430099487e-01
2.385029196739196777e-01
2.408120185136795044e-01
2.389969676733016968e-01
2.412620931863784790e-01
2.411774694919586182e-01
2.378433644771575928e-01
2.384507209062576294e-01
2.428439259529113770e-01
2.412496805191040039e-01
2.381325364112854004e-01
2.416160106658935547e-01
2.390913218259811401e-01
2.377770543098449707e-01
2.391370534896850586e-01
2.376872748136520386e-01
2.386761754751205444e-01
2.363426387310028076e-01
2.409157305955886841e-01
2.386213839054107666e-01
2.394204586744308472e-01
2.385750412940979004e-01
2.386791259050369263e-01
2.386207580566406250e-01
2.389417290687561035e-01
2.350951731204986572e-01
2.367795407772064209e-01
2.349729984998703003e-01
2.390698790550231934e-01
2.383762001991271973e-01
2.386540770530700684e-01
2.385709881782531738e-01
2.377781122922897339e-01
2.381885796785354614e-01
2.348285019397735596e-01
2.352695316076278687e-01
2.373152822256088257e-01
2.372414618730545044e-01
2.356293350458145142e-01
2.357649952173233032e-01
2.372585386037826538e-01
2.375853955745697021e-01
2.379114031791687012e-01
2.367660403251647949e-01
2.382148951292037964e-01
2.336319983005523682e-01
2.353727966547012329e-01
2.364233732223510742e-01
2.348121255636215210e-01
2.351037859916687012e-01
2.383163273334503174e-01
2.341703623533248901e-01
2.347914129495620728e-01
2.366010844707489014e-01
2.316589653491973877e-01
2.351864874362945557e-01
2.365512400865554810e-01
2.339622080326080322e-01
2.343213111162185669e-01
2.323239892721176147e-01
2.352441400289535522e-01
2.343370616436004639e-01
2.336468100547790527e-01
2.349036484956741333e-01
2.352766990661621094e-01
2.326119393110275269e-01
2.337411940097808838e-01
2.307001352310180664e-01
2.327329665422439575e-01
2.339054346084594727e-01
2.363924682140350342e-01
2.325274497270584106e-01
2.321746051311492920e-01
2.318499684333801270e-01
2.331576645374298096e-01
2.322058379650115967e-01
2.335966229438781738e-01
2.342932075262069702e-01
2.325661331415176392e-01
2.332531809806823730e-01
2.351897507905960083e-01
2.321855127811431885e-01
2.332702428102493286e-01
2.342539876699447632e-01
2.327502220869064331e-01
2.328629046678543091e-01
2.311813533306121826e-01
2.313457429409027100e-01
2.336998879909515381e-01
2.323718965053558350e-01
2.311090528964996338e-01
2.327149808406829834e-01
2.305114120244979858e-01
2.318833768367767334e-01
2.324443459510803223e-01
2.326571643352508545e-01
2.288724035024642944e-01
2.314434200525283813e-01
2.291909456253051758e-01
2.308611869812011719e-01
2.309086322784423828e-01
2.304855436086654663e-01
2.281699031591415405e-01
2.304275333881378174e-01
2.295087128877639771e-01
2.311397194862365723e-01
2.292303293943405151e-01
2.312499880790710449e-01
2.277494072914123535e-01
2.287455350160598755e-01
2.308567017316818237e-01
2.289678305387496948e-01
2.263063788414001465e-01
2.311729341745376587e-01
2.300816476345062256e-01
2.298392355442047119e-01
2.309668511152267456e-01
2.294613420963287354e-01
2.315541654825210571e-01
2.301395237445831299e-01
2.272640317678451538e-01
2.282557189464569092e-01
2.281756103038787842e-01
2.289717346429824829e-01
2.289669662714004517e-01
2.280584871768951416e-01
2.292876839637756348e-01
2.305580228567123413e-01
2.292534112930297852e-01
2.260349243879318237e-01
2.300664782524108887e-01
2.268619835376739502e-01
2.292585372924804688e-01
2.265789061784744263e-01
2.298519462347030640e-01
2.278079688549041748e-01
2.280879616737365723e-01
2.262701541185379028e-01
2.238488048315048218e-01
2.281314730644226074e-01
2.256288379430770874e-01
2.275242209434509277e-01
2.258494049310684204e-01
2.283047735691070557e-01
2.259682416915893555e-01
2.265689224004745483e-01
2.265867888927459717e-01
2.254595607519149780e-01
2.270229011774063110e-01
2.278844416141510010e-01
2.269414216279983521e-01
2.262812405824661255e-01
2.260054051876068115e-01
2.267671376466751099e-01
2.296876311302185059e-01
2.263853400945663452e-01
2.273446470499038696e-01
2.277211844921112061e-01
2.305560857057571411e-01
2.264791727066040039e-01
2.281271517276763916e-01
2.261456847190856934e-01
2.227224558591842651e-01
2.246195524930953979e-01
2.278355956077575684e-01
2.254117578268051147e-01
2.228892743587493896e-01
2.254595160484313965e-01
2.283858954906463623e-01
2.262119054794311523e-01
2.269620001316070557e-01
2.253988683223724365e-01
2.257377505302429199e-01
2.254091352224349976e-01
2.244165986776351929e-01
2.236096560955047607e-01
2.263644337654113770e-01
2.237496674060821533e-01
2.252964377403259277e-01
2.256085276603698730e-01
2.247606366872787476e-01
2.237484604120254517e-01
2.272976785898208618e-01
2.227289974689483643e-01
2.242711037397384644e-01
2.229403406381607056e-01
2.265897393226623535e-01
2.246354073286056519e-01
2.232287824153900146e-01
2.221106886863708496e-01
2.222331166267395020e-01
2.247010171413421631e-01
2.239432036876678467e-01
2.223602384328842163e-01
2.229913473129272461e-01
2.229991257190704346e-01
2.218705117702484131e-01
2.212073355913162231e-01
2.204591929912567139e-01
2.216421365737915039e-01
2.228661179542541504e-01
2.211129516363143921e-01
2.224731147289276123e-01
2.245073467493057251e-01
2.216452360153198242e-01
2.247621715068817139e-01
2.252302318811416626e-01
2.253514677286148071e-01
2.216256111860275269e-01
2.215586155652999878e-01
2.224243879318237305e-01
2.212411016225814819e-01
2.221108376979827881e-01
2.226976752281188965e-01
2.194532603025436401e-01
2.222165018320083618e-01
2.197544276714324951e-01
2.218607217073440552e-01
2.257802635431289673e-01
2.236277610063552856e-01
2.202762365341186523e-01
2.209777086973190308e-01
2.208057790994644165e-01
2.201996743679046631e-01
2.219195216894149780e-01
2.195864766836166382e-01
2.203175127506256104e-01
2.218110561370849609e-01
2.215162515640258789e-01
2.223074287176132202e-01
2.212797999382019043e-01
2.192772030830383301e-01
2.187591046094894409e-01
2.201965153217315674e-01
2.212989628314971924e-01
2.222055345773696899e-01
2.191548049449920654e-01
2.199822217226028442e-01
2.221887111663818359e-01
2.205137759447097778e-01
2.187064886093139648e-01
2.205927670001983643e-01
2.204157561063766479e-01
2.214803993701934814e-01
2.182339280843734741e-01
2.226121574640274048e-01
2.190039455890655518e-01
2.212968021631240845e-01
2.194055020809173584e-01
2.179752439260482788e-01
2.199138998985290527e-01
2.222507297992706299e-01
2.182969301939010620e-01
2.186186909675598145e-01
2.190627157688140869e-01
2.203120440244674683e-01
2.190770804882049561e-01
2.211519777774810791e-01
2.190866023302078247e-01
2.196020334959030151e-01
2.201388627290725708e-01
2.214801758527755737e-01
2.190880328416824341e-01
2.221195250749588013e-01
2.210503518581390381e-01
2.179748862981796265e-01
2.198327779769897461e-01
2.187251746654510498e-01
2.196963578462600708e-01
2.212214022874832153e-01
2.158110588788986206e-01
2.201533913612365723e-01
2.189137935638427734e-01
2.206525206565856934e-01
2.204267978668212891e-01
2.184438258409500122e-01
2.171313464641571045e-01
2.181128561496734619e-01
2.186596244573593140e-01
2.195252180099487305e-01
2.156423926353454590e-01
2.195991724729537964e-01
2.200038582086563110e-01
2.199254631996154785e-01
2.182223945856094360e-01
2.153010517358779907e-01
2.161616832017898560e-01
2.163900285959243774e-01
2.157815545797348022e-01
2.170024514198303223e-01
2.169028669595718384e-01
2.181261926889419556e-01
2.171634286642074585e-01
2.155069112777709961e-01
2.176426798105239868e-01
2.149419784545898438e-01
2.163863331079483032e-01
2.183822840452194214e-01
2.169362753629684448e-01
2.142014056444168091e-01
2.171261906623840332e-01
2.222398370504379272e-01
2.164950966835021973e-01
2.174513489007949829e-01
2.175870537757873535e-01
2.145367562770843506e-01
2.172369509935379028e-01
2.164423763751983643e-01
2.166465073823928833e-01
2.160103619098663330e-01
2.167924344539642334e-01
2.177729010581970215e-01
2.152563035488128662e-01
2.170840054750442505e-01
2.147795557975769043e-01
2.148672789335250854e-01
2.147503942251205444e-01
2.151686400175094604e-01
2.147347778081893921e-01
2.147455215454101562e-01
2.150467336177825928e-01
2.144413590431213379e-01
2.157527655363082886e-01
2.130355685949325562e-01
2.155288755893707275e-01
2.161895632743835449e-01
2.140746265649795532e-01
2.137217819690704346e-01
2.153821885585784912e-01
2.156185656785964966e-01
2.130086570978164673e-01
2.167574316263198853e-01
2.162095308303833008e-01
2.157671004533767700e-01
2.118456065654754639e-01
2.137509584426879883e-01
2.156196832656860352e-01
2.167282402515411377e-01
2.139339596033096313e-01
2.159545421600341797e-01
2.131920754909515381e-01
2.145709991455078125e-01
2.142891138792037964e-01
2.155564278364181519e-01
2.154164165258407593e-01
2.159686386585235596e-01
2.132712304592132568e-01
2.124037295579910278e-01
2.120877057313919067e-01
2.150347530841827393e-01
2.129239141941070557e-01
2.127982378005981445e-01
2.118370234966278076e-01
2.112083733081817627e-01
2.120122760534286499e-01
2.150389254093170166e-01
2.145437151193618774e-01
2.139267772436141968e-01
2.130921483039855957e-01
2.118271589279174805e-01
2.138802558183670044e-01
2.154460847377777100e-01
2.140349298715591431e-01
2.150529026985168457e-01
2.140458226203918457e-01
2.122642993927001953e-01
2.135285884141921997e-01
2.108039706945419312e-01
2.134577780961990356e-01
2.138208746910095215e-01
2.133166790008544922e-01
2.121973931789398193e-01
2.120461612939834595e-01
2.102671712636947632e-01
2.139276266098022461e-01
2.140409499406814575e-01
2.182142585515975952e-01
2.138177305459976196e-01
2.119798958301544189e-01
2.140310704708099365e-01
2.133823335170745850e-01
2.118488550186157227e-01
2.134124934673309326e-01
2.119916081428527832e-01
2.111969590187072754e-01
2.148360013961791992e-01
2.099607735872268677e-01
2.137589603662490845e-01
2.111812680959701538e-01
2.120015919208526611e-01
2.107231616973876953e-01
2.092536836862564087e-01
2.106092423200607300e-01
2.137596607208251953e-01
2.110504657030105591e-01
2.121605873107910156e-01
2.104932963848114014e-01
2.117471396923065186e-01
2.117676734924316406e-01
2.125424295663833618e-01
2.108537554740905762e-01
2.101093977689743042e-01
2.131296247243881226e-01
2.101602405309677124e-01
2.110847085714340210e-01
2.109033763408660889e-01
2.103490829467773438e-01
2.122194766998291016e-01
2.115640640258789062e-01
2.125446349382400513e-01
2.114844769239425659e-01
2.103707492351531982e-01
2.123892158269882202e-01
2.117049396038055420e-01
2.076880633831024170e-01
2.115719169378280640e-01
2.084514945745468140e-01
2.115055620670318604e-01
2.107573300600051880e-01
2.119154632091522217e-01
2.111796289682388306e-01
2.098664194345474243e-01
2.108381837606430054e-01
2.086206674575805664e-01
2.095230668783187866e-01
2.104826271533966064e-01
2.097592651844024658e-01
2.103296965360641479e-01
2.109350711107254028e-01
2.104589939117431641e-01
2.123882621526718140e-01
2.107511311769485474e-01
2.127431184053421021e-01
2.105355858802795410e-01
2.093908488750457764e-01
2.079690098762512207e-01
2.104827761650085449e-01
2.100460827350616455e-01
2.115589380264282227e-01
2.098829895257949829e-01
2.094566822052001953e-01
2.107654958963394165e-01
2.100382000207901001e-01
2.112419307231903076e-01
2.088143378496170044e-01
2.089403122663497925e-01
2.079117298126220703e-01
2.095701992511749268e-01
2.093108147382736206e-01
2.091011554002761841e-01
2.089286297559738159e-01
2.086270302534103394e-01
2.095593214035034180e-01
2.077133208513259888e-01
2.105157077312469482e-01
2.080061435699462891e-01
2.099623531103134155e-01
2.083081007003784180e-01
2.070241272449493408e-01
2.112886607646942139e-01
2.116031646728515625e-01
2.071155309677124023e-01
2.073391973972320557e-01
2.075434178113937378e-01
2.082773447036743164e-01
2.082024663686752319e-01
2.092851102352142334e-01
2.065941542387008667e-01
2.088603675365447998e-01
2.093064635992050171e-01
2.055919915437698364e-01
2.096087187528610229e-01
2.091178894042968750e-01
2.074997723102569580e-01
2.075600326061248779e-01
2.074281126260757446e-01
2.077611535787582397e-01
2.082923799753189087e-01
2.098558694124221802e-01
2.084642499685287476e-01
2.067303508520126343e-01
2.050802856683731079e-01
2.101124972105026245e-01
2.088137865066528320e-01
2.061262726783752441e-01
2.059180140495300293e-01
2.073545902967453003e-01
2.063041776418685913e-01
2.076845765113830566e-01
2.092517018318176270e-01
2.090510874986648560e-01
2.074995040893554688e-01
2.102912217378616333e-01
2.082109302282333374e-01
2.055084258317947388e-01
2.049141675233840942e-01
2.078685611486434937e-01
2.101367712020874023e-01
2.065284997224807739e-01
2.059677839279174805e-01
2.091402858495712280e-01
2.057399004697799683e-01
2.080675810575485229e-01
2.096401751041412354e-01
2.067629843950271606e-01
2.060001790523529053e-01
2.075597643852233887e-01
2.081782817840576172e-01
2.070618271827697754e-01
2.062160074710845947e-01
2.080186009407043457e-01
2.060167789459228516e-01
2.051959931850433350e-01
2.074237316846847534e-01
2.070293575525283813e-01
2.072521001100540161e-01
2.067120820283889771e-01
2.049065530300140381e-01
2.067893296480178833e-01
2.067410051822662354e-01
2.073068171739578247e-01
2.048276066780090332e-01
2.031310349702835083e-01
2.064474821090698242e-01
2.038888037204742432e-01
2.062215954065322876e-01
2.060217559337615967e-01
2.072273939847946167e-01
2.058986872434616089e-01
2.063997387886047363e-01
2.060578018426895142e-01
2.081387490034103394e-01
2.034826725721359253e-01
2.063304781913757324e-01
2.068776041269302368e-01
2.048415392637252808e-01
2.057004570960998535e-01
2.047951966524124146e-01
2.044176310300827026e-01
2.057265937328338623e-01
2.035215049982070923e-01
2.070523053407669067e-01
2.062434107065200806e-01
2.040681988000869751e-01
2.061053365468978882e-01
2.072725445032119751e-01
2.062901705503463745e-01
2.079247385263442993e-01
2.048382312059402466e-01
2.072732895612716675e-01
2.042669951915740967e-01
2.082815170288085938e-01
2.058770358562469482e-01
2.038272321224212646e-01
2.063551098108291626e-01
2.032372504472732544e-01
2.042738944292068481e-01
2.037956416606903076e-01
2.036858052015304565e-01
2.050478905439376831e-01
2.050941288471221924e-01
2.019493877887725830e-01
2.048338949680328369e-01
2.047453522682189941e-01
2.042665630578994751e-01
2.033259868621826172e-01
2.041650861501693726e-01
2.006557136774063110e-01
2.053856700658798218e-01
2.046198248863220215e-01
2.061663269996643066e-01
2.052331715822219849e-01
2.058745473623275757e-01
2.037584036588668823e-01
2.059848904609680176e-01
2.019739001989364624e-01
2.016118466854095459e-01
2.005967050790786743e-01
2.025879770517349243e-01
2.044398635625839233e-01
2.035962790250778198e-01
2.037541866302490234e-01
2.019816637039184570e-01
2.032184898853302002e-01
2.058195769786834717e-01
2.054002881050109863e-01
2.027378231287002563e-01
2.048373222351074219e-01
2.031002640724182129e-01
2.034304440021514893e-01
2.046819329261779785e-01
2.052315920591354370e-01
2.062167376279830933e-01
2.033711820840835571e-01
2.006592303514480591e-01
2.036191374063491821e-01
2.043953388929367065e-01
2.043132185935974121e-01
2.037936002016067505e-01
2.044010311365127563e-01
2.016520500183105469e-01
2.029514610767364502e-01
2.026319801807403564e-01
2.048675268888473511e-01
2.025179862976074219e-01
2.054327428340911865e-01
2.029852271080017090e-01
2.026142179965972900e-01
2.048081308603286743e-01
2.027319967746734619e-01
2.022792249917984009e-01
2.025168985128402710e-01
2.045874148607254028e-01
2.036584913730621338e-01
2.016958594322204590e-01
2.030322700738906860e-01
2.038921713829040527e-01
2.020925581455230713e-01
2.049572020769119263e-01
2.031247317790985107e-01
2.026908099651336670e-01
2.018936574459075928e-01
2.038011401891708374e-01
2.000830024480819702e-01
2.023541629314422607e-01
2.028256803750991821e-01
2.023029327392578125e-01
2.027503699064254761e-01
2.019000649452209473e-01
2.036003321409225464e-01
2.028005719184875488e-01
2.040620595216751099e-01
2.014855146408081055e-01
2.023134976625442505e-01
1.999615877866744995e-01
2.008577436208724976e-01
2.005636245012283325e-01
2.044654190540313721e-01
2.031950950622558594e-01
2.048504054546356201e-01
2.029804140329360962e-01
1.999766975641250610e-01
2.011335343122482300e-01
2.054940462112426758e-01
2.027614563703536987e-01
2.036369144916534424e-01
2.000837326049804688e-01
2.022098004817962646e-01
2.031928002834320068e-01
2.015165537595748901e-01
2.019423544406890869e-01
2.009539604187011719e-01
2.038278579711914062e-01
2.014682739973068237e-01
2.016434818506240845e-01
2.033217698335647583e-01
2.011398226022720337e-01
1.982913017272949219e-01
2.028357088565826416e-01
2.018022537231445312e-01
2.027798742055892944e-01
2.010397315025329590e-01
2.018651366233825684e-01
2.040132135152816772e-01
2.011554837226867676e-01
2.036513686180114746e-01
2.043543457984924316e-01
2.006755471229553223e-01
2.018179446458816528e-01
2.016297876834869385e-01
2.021713554859161377e-01
2.005480080842971802e-01
1.988465636968612671e-01
2.025582641363143921e-01
2.037525624036788940e-01
2.009780108928680420e-01
2.029852271080017090e-01
2.016937136650085449e-01
2.009180635213851929e-01
2.003214359283447266e-01
1.994346231222152710e-01
2.002403140068054199e-01
2.012403309345245361e-01
2.002718299627304077e-01
2.013258337974548340e-01
2.020029127597808838e-01
1.996533572673797607e-01
2.003951370716094971e-01
2.008703947067260742e-01
1.999265998601913452e-01
2.018752694129943848e-01
2.023610025644302368e-01
1.988046467304229736e-01
1.995464563369750977e-01
1.995694637298583984e-01
2.012088000774383545e-01
2.015529572963714600e-01
2.002329826354980469e-01
1.989298462867736816e-01
2.000826150178909302e-01
2.007677555084228516e-01
2.000454962253570557e-01
1.981884986162185669e-01
1.995520144701004028e-01
1.986392140388488770e-01
1.970552206039428711e-01
1.987513005733489990e-01
2.017211318016052246e-01
2.018154710531234741e-01
1.991199254989624023e-01
2.007887214422225952e-01
2.016259282827377319e-01
2.006289213895797729e-01
2.001451849937438965e-01
1.967330276966094971e-01
1.983891278505325317e-01
1.978050917387008667e-01
2.013952881097793579e-01
1.989020407199859619e-01
1.983596384525299072e-01
1.972765922546386719e-01
2.016250193119049072e-01
2.008568793535232544e-01
1.997929215431213379e-01
1.990293860435485840e-01
2.026478201150894165e-01
1.999149471521377563e-01
2.002177387475967407e-01
1.997776478528976440e-01
1.973831057548522949e-01
2.004529684782028198e-01
1.975687295198440552e-01
2.002359181642532349e-01
1.988246440887451172e-01
2.009214609861373901e-01
1.985335499048233032e-01
1.989092528820037842e-01
1.981839090585708618e-01
1.997972279787063599e-01
1.998900175094604492e-01
1.960816234350204468e-01
1.970425248146057129e-01
1.996262967586517334e-01
2.017232179641723633e-01
2.006338238716125488e-01
2.012271434068679810e-01
1.968876868486404419e-01
1.994374841451644897e-01
2.001971453428268433e-01
1.977993249893188477e-01
1.993720829486846924e-01
1.984587907791137695e-01
1.998024582862854004e-01
2.019100487232208252e-01
2.003297954797744751e-01
1.984049230813980103e-01
1.997806876897811890e-01
1.972797363996505737e-01
1.993841677904129028e-01
1.982818692922592163e-01
2.002365142107009888e-01
1.973355859518051147e-01
1.983627378940582275e-01
2.003152519464492798e-01
1.977862566709518433e-01
1.984270513057708740e-01
1.995344161987304688e-01
1.988604366779327393e-01
1.982229053974151611e-01
2.030768096446990967e-01
1.975075155496597290e-01
1.990466415882110596e-01
1.976353526115417480e-01
2.004105001688003540e-01
1.976508200168609619e-01
1.970268338918685913e-01
2.000298053026199341e-01
1.982085406780242920e-01
1.986318975687026978e-01
1.989148408174514771e-01
1.971482336521148682e-01
1.975261121988296509e-01
1.999713480472564697e-01
1.974538117647171021e-01
1.988915652036666870e-01
1.989550143480300903e-01
1.979551017284393311e-01
1.977657675743103027e-01
1.985346525907516479e-01
1.995315998792648315e-01
1.966354399919509888e-01
1.994094252586364746e-01
1.977403312921524048e-01
1.971626877784729004e-01
1.974420994520187378e-01
1.994855403900146484e-01
1.989409476518630981e-01
1.975475251674652100e-01
2.002709060907363892e-01
2.007855921983718872e-01
1.980267018079757690e-01
1.964455991983413696e-01
1.982384026050567627e-01
1.965880095958709717e-01
1.977970749139785767e-01
1.971559673547744751e-01
1.985492259263992310e-01
1.989692002534866333e-01
1.975414603948593140e-01
1.980642527341842651e-01
1.965409368276596069e-01
1.977361589670181274e-01
1.987674087285995483e-01
1.980637013912200928e-01
1.970629692077636719e-01
1.987431496381759644e-01
1.958543062210083008e-01
1.957206279039382935e-01
1.985286027193069458e-01
1.959053426980972290e-01
1.997153609991073608e-01
1.991986483335494995e-01
1.961514949798583984e-01
1.966846138238906860e-01
1.968802511692047119e-01
1.954805850982666016e-01
1.989388018846511841e-01
1.972863227128982544e-01
1.962572783231735229e-01
1.972668319940567017e-01
1.967780888080596924e-01
1.976007521152496338e-01
1.966765373945236206e-01
1.977708488702774048e-01
1.996436119079589844e-01
1.976027041673660278e-01
1.961539387702941895e-01
1.954224705696105957e-01
1.951242834329605103e-01
2.000374197959899902e-01
1.947248578071594238e-01
1.967140287160873413e-01
1.980794072151184082e-01
1.986943930387496948e-01
1.959422081708908081e-01
1.971482336521148682e-01
1.973973959684371948e-01
1.944598108530044556e-01
1.978553533554077148e-01
1.972842812538146973e-01
1.968024820089340210e-01
1.936336159706115723e-01
1.968412399291992188e-01
1.950624436140060425e-01
1.971757858991622925e-01
1.975154876708984375e-01
1.988353878259658813e-01
1.950596123933792114e-01
1.963764578104019165e-01
1.985463201999664307e-01
1.965511590242385864e-01
1.948996037244796753e-01
1.950792819261550903e-01
1.950680613517761230e-01
1.954387724399566650e-01
1.932329982519149780e-01
1.986584961414337158e-01
1.962066739797592163e-01
1.957265883684158325e-01
1.940314173698425293e-01
1.960602402687072754e-01
1.941263675689697266e-01
1.962540447711944580e-01
1.978975534439086914e-01
1.954734325408935547e-01
1.956323981285095215e-01
1.963389515876770020e-01
1.947122812271118164e-01
1.955525875091552734e-01
1.950299590826034546e-01
1.978771239519119263e-01
1.987071037292480469e-01
1.955967694520950317e-01
1.941684782505035400e-01
1.940425634384155273e-01
1.952954083681106567e-01
1.953874826431274414e-01
1.939582079648971558e-01
1.964064836502075195e-01
1.990803033113479614e-01
1.962053477764129639e-01
1.962896287441253662e-01
1.965637654066085815e-01
1.952566206455230713e-01
1.951653063297271729e-01
1.924671530723571777e-01
1.968076974153518677e-01
1.971625536680221558e-01
1.962089538574218750e-01
1.951443403959274292e-01
1.945422589778900146e-01
1.981228739023208618e-01
1.986578553915023804e-01
1.985416561365127563e-01
1.955981850624084473e-01
1.972093284130096436e-01
1.963687837123870850e-01
1.950722336769104004e-01
1.939666420221328735e-01
1.946499496698379517e-01
1.964441686868667603e-01
1.956637054681777954e-01
1.933555305004119873e-01
1.921203434467315674e-01
1.942853331565856934e-01
1.946484893560409546e-01
1.954326629638671875e-01
1.935275197029113770e-01
1.915769279003143311e-01
1.946078538894653320e-01
1.977038681507110596e-01
1.941326260566711426e-01
1.951537579298019409e-01
1.949702650308609009e-01
1.965060681104660034e-01
1.964529752731323242e-01
1.931299865245819092e-01
1.939056217670440674e-01
1.954635828733444214e-01
