1.677597751617431632e+00
1.304243454337119967e+00
1.152463961243629376e+00
1.049673973321914699e+00
9.549151515960693226e-01
8.726947319507598610e-01
8.096123570203781483e-01
6.841818559169768887e-01
6.565207934379577726e-01
6.727615797519683749e-01
6.537038540840148793e-01
6.407752743363380743e-01
6.324687972664833069e-01
6.421528807282448348e-01
4.752903044223785178e-01
4.841183954477309981e-01
4.755878049135208174e-01
5.041968038678169561e-01
5.031465145945549500e-01
5.022932788729668196e-01
4.885394546389579817e-01
3.503565664589405326e-01
3.490334305167198115e-01
3.625433883070945940e-01
3.753578321635723247e-01
3.638038775324821672e-01
3.728318543732166424e-01
3.579501771926880127e-01
2.459643153846263752e-01
2.617412838339805425e-01
2.579295407235622228e-01
2.800394643843173714e-01
2.775788204371928969e-01
2.888648740947246663e-01
2.833983816206455120e-01
1.978116558492183652e-01
2.004892718046903666e-01
1.922164446115493808e-01
2.016875020414590769e-01
2.171942493319511391e-01
2.199532610177993841e-01
2.305495515465736389e-01
1.554252230376005073e-01
1.543113885074853808e-01
1.645764361321926106e-01
1.561993905529379945e-01
1.786372575908899418e-01
1.715785354375839178e-01
1.705580513924360164e-01
1.350722118467092558e-01
1.405975431948900123e-01
1.422928169369697682e-01
1.438534396886825550e-01
1.466300388425588741e-01
1.503306210041046032e-01
1.512563421204686231e-01
1.273053464666008827e-01
1.191553182527422955e-01
1.343824492394924131e-01
1.353445748984813679e-01
1.294487843662500415e-01
1.325788343697786309e-01
1.326762510091066272e-01
1.112637865915894475e-01
1.114838936924934382e-01
1.201346412301063510e-01
1.200131997466087341e-01
1.210134520381689061e-01
1.238388127833604802e-01
1.283666425198316530e-01
1.804792052879929665e-01
2.323797380179166705e-01
1.827077932283282247e-01
2.023428541049361318e-01
2.103830447793006986e-01
2.256551567465066854e-01
2.224297423660755169e-01
1.220970460399985330e-01
1.182905947230756261e-01
1.075797879509627769e-01
1.215815289504826036e-01
1.165075729414820627e-01
1.225920137949287891e-01
1.314123095292598076e-01
9.123850962147116161e-02
9.485639894381164838e-02
8.582688258029520789e-02
1.145569607242941795e-01
1.023878754489123827e-01
1.237871192023158040e-01
1.227142976596951457e-01
7.905960523989051525e-02
8.517023150343447369e-02
8.263583442196249795e-02
9.089654464274644907e-02
9.633287025615572263e-02
1.040216426877304950e-01
9.774510236456990242e-02
7.403570607304572893e-02
6.597484140656888207e-02
7.635750068351626618e-02
8.559830940328538862e-02
8.870095096528529677e-02
8.035885292105376942e-02
1.054879374429583544e-01
