8.131179809570312500e-01
4.654518677294254281e-01
3.894153036177158134e-01
3.716438452899455958e-01
3.379282465577125305e-01
3.176808512210845814e-01
3.071584980189800418e-01
2.892941819876432286e-01
2.865337431430816650e-01
2.569203422963619032e-01
2.436138604581356004e-01
2.488963483273982924e-01
2.369232405722141166e-01
2.243905678391456548e-01
2.266495947539806377e-01
2.194235629588365544e-01
2.156757595390081383e-01
2.133884519338607733e-01
1.945600922405719690e-01
1.889309787750244052e-01
1.874676265940070086e-01
1.873320817574858632e-01
1.948422626405954261e-01
1.723084467276930765e-01
1.784382147341966596e-01
1.895471821725368544e-01
1.863722235709428798e-01
1.544643287733197257e-01
1.531675436720252026e-01
1.562406702898442856e-01
1.660531101748347338e-01
1.574474731087684709e-01
1.522964950650930460e-01
1.491410209238529239e-01
1.661061618849635213e-01
1.569225341081619263e-01
1.223017585650086336e-01
1.258972229063510806e-01
1.324221982434392042e-01
1.205221785977482751e-01
1.319981005787849437e-01
1.386028118431568146e-01
1.245941820740699701e-01
1.388735334202647331e-01
1.278021609410643633e-01
1.059552146494388558e-01
1.034279758483171441e-01
1.043167340382933628e-01
1.109652042016387036e-01
1.103943924326449694e-01
1.126572342589497594e-01
1.111870178021490546e-01
1.141467442363500590e-01
1.270643801614642077e-01
8.585895003750920740e-02
9.044143680483102132e-02
8.986511973664164377e-02
9.034052779898046892e-02
1.053979273140430439e-01
9.081305287778378144e-02
9.959895331412553510e-02
9.671512024477124658e-02
1.017844875529408388e-01
7.943583875894547064e-02
7.098003258928656245e-02
8.139271613210440071e-02
8.176983192563057334e-02
7.349136112257838305e-02
8.113625671714544407e-02
8.004306612536310483e-02
9.383671889081597606e-02
9.243869457393884270e-02
6.165208829566836551e-02
6.680610448122024925e-02
6.974957784637808578e-02
7.187592841684818656e-02
7.187782966066151580e-02
6.314905392006039953e-02
6.945742955431341570e-02
7.631225956603884808e-02
8.070473592728376333e-02
4.910736432764679221e-02
5.374801931902765950e-02
6.385975294746458475e-02
6.427765935659408847e-02
6.243294793181121405e-02
7.201442599296570268e-02
7.104247858747840538e-02
7.062483885325492039e-02
7.480956827756017613e-02
5.511771907098591411e-02
5.654884845134802024e-02
6.256144053768367130e-02
4.738075606990605620e-02
5.212763210758566967e-02
5.506212686188519112e-02
6.073051891056820834e-02
5.224355262704193786e-02
5.414036414586007734e-02
3.498210507794283219e-02
3.597739992197603043e-02
3.501189770642668120e-02
3.924753666971809996e-02
4.387630960671231456e-02
3.901825555600225981e-02
4.580738919088617189e-02
5.985588510753586666e-02
5.742392889689654223e-02
3.870312566286884109e-02
3.225616721902042905e-02
3.883738493110286405e-02
3.438184302882291155e-02
4.403664804762229268e-02
3.871297574834898364e-02
4.121687533915974200e-02
4.516007528756744993e-02
5.096055610105395400e-02
2.893708170042373282e-02
3.646523734671063693e-02
2.570671935332938945e-02
3.461747907189419160e-02
3.952360024326481008e-02
3.586911881691776105e-02
3.982568369712680828e-02
3.809513611544389222e-02
5.719197639031335656e-02
3.003411191413761158e-02
2.969386741926427833e-02
2.589028844085987727e-02
2.773614433623151909e-02
3.704672844149172611e-02
2.690642756060697069e-02
3.256043276167474437e-02
4.293348082923330311e-02
3.986995298764668683e-02
