6.052774190902709961e-01
6.017725467681884766e-01
5.979528427124023438e-01
5.948015451431274414e-01
5.894711017608642578e-01
5.845376849174499512e-01
5.787760019302368164e-01
5.717405080795288086e-01
5.642189383506774902e-01
5.562347173690795898e-01
5.467544198036193848e-01
5.355675816535949707e-01
5.224090814590454102e-01
5.085492730140686035e-01
4.956036806106567383e-01
4.767961502075195312e-01
4.581034481525421143e-01
4.404784739017486572e-01
4.191782772541046143e-01
4.044016003608703613e-01
3.885256350040435791e-01
3.619127869606018066e-01
3.569999933242797852e-01
3.454842567443847656e-01
3.429376482963562012e-01
3.518916666507720947e-01
3.370890617370605469e-01
3.473778367042541504e-01
3.432270288467407227e-01
3.471406698226928711e-01
3.371074497699737549e-01
3.199733495712280273e-01
3.259271383285522461e-01
3.198036551475524902e-01
3.154754638671875000e-01
3.156358301639556885e-01
3.155645132064819336e-01
3.122688531875610352e-01
3.100519180297851562e-01
3.079556822776794434e-01
3.034259378910064697e-01
2.995457053184509277e-01
2.993555963039398193e-01
2.983811497688293457e-01
3.016462326049804688e-01
2.919939756393432617e-01
2.939953804016113281e-01
2.937217950820922852e-01
2.889275550842285156e-01
2.912176251411437988e-01
2.848387360572814941e-01
2.786844670772552490e-01
2.937663495540618896e-01
2.802573740482330322e-01
2.835511267185211182e-01
2.802962958812713623e-01
2.745217978954315186e-01
2.734019160270690918e-01
2.750664353370666504e-01
2.723281681537628174e-01
2.790982723236083984e-01
2.714904844760894775e-01
2.680813372135162354e-01
2.720485925674438477e-01
2.650671601295471191e-01
2.623901367187500000e-01
2.623474001884460449e-01
2.608890533447265625e-01
2.614167630672454834e-01
2.637387514114379883e-01
2.667197883129119873e-01
2.550527453422546387e-01
2.554440200328826904e-01
2.570667862892150879e-01
2.537448108196258545e-01
2.572035193443298340e-01
2.531018257141113281e-01
2.542717754840850830e-01
2.466518729925155640e-01
2.463328540325164795e-01
2.485457807779312134e-01
2.504891157150268555e-01
2.494609206914901733e-01
2.442143559455871582e-01
2.461537122726440430e-01
2.445587664842605591e-01
2.477179616689682007e-01
2.431107610464096069e-01
2.443645596504211426e-01
2.419194132089614868e-01
2.420893311500549316e-01
2.426674813032150269e-01
2.399733662605285645e-01
2.414566874504089355e-01
2.405525892972946167e-01
2.403421550989151001e-01
2.396752387285232544e-01
2.349197417497634888e-01
2.393118292093276978e-01
2.397196292877197266e-01
3.922714591026306152e-01
3.899576961994171143e-01
3.895376920700073242e-01
3.875032067298889160e-01
3.852790892124176025e-01
3.816524147987365723e-01
3.869188427925109863e-01
3.850425183773040771e-01
3.839722275733947754e-01
3.870539665222167969e-01
3.837123513221740723e-01
3.787574470043182373e-01
3.773291409015655518e-01
3.805883228778839111e-01
3.792256712913513184e-01
3.785046041011810303e-01
3.751204609870910645e-01
3.755289912223815918e-01
3.682752847671508789e-01
3.723354339599609375e-01
3.699659407138824463e-01
3.752537369728088379e-01
3.677530884742736816e-01
3.648368120193481445e-01
3.626129925251007080e-01
3.652172684669494629e-01
3.639867007732391357e-01
3.684665262699127197e-01
3.596999943256378174e-01
3.619630932807922363e-01
3.645796179771423340e-01
3.586382269859313965e-01
3.606614172458648682e-01
3.565686345100402832e-01
3.562712073326110840e-01
3.541627228260040283e-01
3.556484282016754150e-01
3.594210743904113770e-01
3.547815680503845215e-01
3.558657467365264893e-01
3.517589867115020752e-01
3.517102897167205811e-01
3.520937263965606689e-01
3.460062146186828613e-01
3.468322157859802246e-01
3.495216369628906250e-01
3.492569923400878906e-01
3.450908958911895752e-01
3.438923954963684082e-01
3.442053496837615967e-01
3.465179204940795898e-01
3.425459265708923340e-01
3.425887525081634521e-01
3.378480970859527588e-01
3.394836783409118652e-01
3.427275419235229492e-01
3.397530913352966309e-01
3.367331922054290771e-01
3.387263417243957520e-01
3.406566381454467773e-01
3.366295397281646729e-01
3.355338871479034424e-01
3.375486731529235840e-01
3.340677618980407715e-01
3.352801799774169922e-01
3.360511660575866699e-01
3.314888775348663330e-01
3.366598188877105713e-01
3.295736908912658691e-01
3.296654820442199707e-01
3.345131576061248779e-01
3.295196592807769775e-01
3.321283757686614990e-01
3.294009864330291748e-01
3.265046775341033936e-01
3.307318389415740967e-01
3.302065432071685791e-01
3.266718685626983643e-01
3.261877894401550293e-01
3.198204338550567627e-01
3.261837661266326904e-01
3.245306313037872314e-01
3.192576766014099121e-01
3.239995539188385010e-01
3.218257427215576172e-01
3.208342790603637695e-01
3.242256641387939453e-01
3.245984315872192383e-01
3.182987868785858154e-01
3.185574412345886230e-01
3.182399570941925049e-01
3.214229643344879150e-01
3.214595615863800049e-01
3.177495002746582031e-01
3.182192146778106689e-01
3.139728903770446777e-01
3.173820376396179199e-01
3.136117756366729736e-01
3.163107633590698242e-01
3.155389428138732910e-01
3.143003880977630615e-01
3.103527724742889404e-01
3.121692240238189697e-01
3.135387301445007324e-01
3.121352791786193848e-01
3.143129050731658936e-01
3.122293055057525635e-01
3.087860345840454102e-01
3.130439817905426025e-01
3.064250051975250244e-01
3.126709759235382080e-01
3.087724149227142334e-01
3.061484396457672119e-01
3.064728975296020508e-01
3.076807558536529541e-01
3.097220659255981445e-01
3.048082590103149414e-01
3.059943616390228271e-01
3.078109920024871826e-01
3.027826547622680664e-01
3.040061295032501221e-01
3.035487532615661621e-01
3.023166358470916748e-01
3.055115938186645508e-01
3.024218976497650146e-01
3.027394711971282959e-01
2.989118695259094238e-01
2.990231812000274658e-01
2.969801425933837891e-01
2.985072731971740723e-01
2.987652420997619629e-01
2.998022735118865967e-01
3.006258308887481689e-01
2.988562583923339844e-01
2.981745898723602295e-01
2.988184392452239990e-01
3.013989031314849854e-01
2.952760457992553711e-01
2.961942255496978760e-01
2.954749166965484619e-01
2.960309088230133057e-01
2.959358394145965576e-01
2.935661077499389648e-01
2.919481694698333740e-01
2.930614650249481201e-01
2.954294979572296143e-01
2.936940789222717285e-01
2.942293584346771240e-01
2.936715185642242432e-01
2.915495038032531738e-01
2.902860343456268311e-01
2.897709608078002930e-01
2.885401546955108643e-01
2.862053811550140381e-01
2.875914275646209717e-01
2.900621294975280762e-01
2.857959866523742676e-01
2.890614867210388184e-01
2.871712446212768555e-01
2.873147130012512207e-01
2.855074405670166016e-01
2.842353284358978271e-01
2.846964001655578613e-01
2.852557897567749023e-01
2.855266332626342773e-01
2.872530817985534668e-01
2.834514081478118896e-01
2.825669348239898682e-01
2.828985452651977539e-01
2.811925709247589111e-01
2.796187102794647217e-01
2.833837270736694336e-01
2.837596833705902100e-01
2.806363999843597412e-01
2.776294350624084473e-01
2.827231884002685547e-01
2.803101241588592529e-01
2.760894596576690674e-01
2.809540033340454102e-01
2.792387008666992188e-01
2.786944806575775146e-01
2.801145315170288086e-01
2.782789170742034912e-01
2.779390811920166016e-01
2.746169865131378174e-01
2.783315479755401611e-01
2.743916511535644531e-01
2.732107341289520264e-01
2.752127051353454590e-01
2.735399603843688965e-01
2.736431956291198730e-01
2.734674811363220215e-01
2.717421650886535645e-01
2.745134830474853516e-01
2.731486558914184570e-01
2.722528278827667236e-01
2.704407274723052979e-01
2.693654000759124756e-01
2.728299796581268311e-01
2.705750763416290283e-01
2.742730379104614258e-01
2.698681950569152832e-01
2.707537114620208740e-01
2.690460383892059326e-01
2.734836041927337646e-01
2.722144424915313721e-01
2.699973583221435547e-01
2.672310471534729004e-01
2.635630965232849121e-01
2.693363726139068604e-01
2.675671577453613281e-01
2.665193676948547363e-01
2.624072730541229248e-01
2.632078528404235840e-01
2.653340101242065430e-01
2.658804059028625488e-01
2.647117674350738525e-01
2.652609646320343018e-01
2.625189423561096191e-01
2.631340920925140381e-01
2.634463608264923096e-01
2.630770504474639893e-01
2.604661583900451660e-01
2.627647519111633301e-01
2.645649909973144531e-01
2.630142569541931152e-01
2.606094479560852051e-01
2.588206529617309570e-01
2.608074545860290527e-01
2.603470087051391602e-01
2.617794871330261230e-01
2.593010663986206055e-01
2.561315596103668213e-01
2.601368725299835205e-01
2.612213790416717529e-01
2.584153115749359131e-01
2.595843374729156494e-01
2.558179795742034912e-01
2.575019001960754395e-01
2.560582756996154785e-01
2.578847706317901611e-01
2.576161324977874756e-01
2.544241547584533691e-01
2.541497945785522461e-01
2.552596032619476318e-01
2.549856007099151611e-01
2.551721930503845215e-01
2.568835914134979248e-01
2.539770901203155518e-01
2.568149864673614502e-01
2.574754953384399414e-01
2.573731839656829834e-01
2.562561631202697754e-01
2.554387450218200684e-01
2.546242475509643555e-01
2.546939849853515625e-01
2.534486651420593262e-01
2.512963414192199707e-01
2.532539665699005127e-01
2.535927891731262207e-01
2.547701895236968994e-01
2.557089030742645264e-01
2.483441531658172607e-01
2.513603270053863525e-01
2.506687343120574951e-01
2.511259019374847412e-01
2.488579303026199341e-01
2.507128417491912842e-01
2.517482936382293701e-01
2.519131004810333252e-01
2.503663897514343262e-01
2.498847246170043945e-01
2.496591657400131226e-01
2.506522238254547119e-01
2.507502138614654541e-01
2.502955496311187744e-01
2.498283684253692627e-01
2.458601891994476318e-01
2.502077221870422363e-01
2.490376085042953491e-01
2.470084279775619507e-01
2.510632276535034180e-01
2.474860250949859619e-01
2.494895756244659424e-01
2.478470802307128906e-01
2.463407516479492188e-01
2.491594105958938599e-01
2.490490525960922241e-01
2.516996860504150391e-01
2.462329119443893433e-01
2.436117678880691528e-01
2.478569746017456055e-01
2.479599416255950928e-01
2.462631314992904663e-01
2.447020113468170166e-01
2.474435865879058838e-01
2.439063042402267456e-01
2.457129806280136108e-01
2.480378150939941406e-01
2.437403500080108643e-01
2.462251335382461548e-01
2.484349012374877930e-01
2.457260042428970337e-01
2.455527931451797485e-01
2.460465580224990845e-01
2.420014142990112305e-01
2.444435209035873413e-01
2.462120950222015381e-01
2.454838454723358154e-01
2.424795478582382202e-01
2.426688373088836670e-01
2.422931045293807983e-01
2.421714663505554199e-01
2.443763166666030884e-01
2.420119941234588623e-01
2.448792904615402222e-01
2.442456632852554321e-01
2.431595772504806519e-01
2.433136999607086182e-01
2.397462427616119385e-01
2.425940632820129395e-01
2.410869747400283813e-01
2.419228404760360718e-01
2.402085512876510620e-01
2.430514544248580933e-01
2.404238134622573853e-01
2.423415929079055786e-01
2.446316331624984741e-01
2.406174093484878540e-01
2.394608259201049805e-01
2.394867539405822754e-01
2.406944334506988525e-01
2.432089149951934814e-01
2.422050088644027710e-01
2.429416775703430176e-01
2.393638938665390015e-01
2.376224845647811890e-01
2.404475212097167969e-01
2.399791479110717773e-01
2.407457828521728516e-01
2.410762906074523926e-01
2.405364215373992920e-01
2.415208816528320312e-01
2.393067777156829834e-01
2.384302914142608643e-01
2.380383163690567017e-01
2.387588918209075928e-01
2.389494627714157104e-01
2.387497425079345703e-01
2.360782921314239502e-01
2.370754480361938477e-01
2.413552850484848022e-01
2.413280606269836426e-01
2.403532266616821289e-01
2.384825050830841064e-01
2.365269064903259277e-01
2.375224530696868896e-01
2.367122918367385864e-01
2.351124137639999390e-01
2.344040125608444214e-01
2.356902658939361572e-01
2.373104840517044067e-01
2.405922114849090576e-01
2.350415587425231934e-01
2.349674701690673828e-01
2.370732575654983521e-01
2.361147552728652954e-01
2.344122380018234253e-01
2.383888810873031616e-01
2.376837283372879028e-01
2.346522510051727295e-01
2.365770637989044189e-01
2.370563149452209473e-01
2.344998419284820557e-01
2.390067577362060547e-01
2.348717153072357178e-01
2.342630773782730103e-01
2.367545068264007568e-01
2.345836609601974487e-01
2.335861325263977051e-01
2.360575199127197266e-01
2.345623075962066650e-01
2.353695631027221680e-01
2.324413210153579712e-01
2.373495250940322876e-01
2.345833927392959595e-01
2.334925681352615356e-01
2.342677414417266846e-01
2.302277535200119019e-01
2.324030846357345581e-01
2.327414005994796753e-01
2.340114861726760864e-01
2.353011220693588257e-01
2.311237007379531860e-01
2.329848557710647583e-01
2.328194528818130493e-01
2.323809266090393066e-01
2.306017875671386719e-01
2.315073460340499878e-01
2.332008630037307739e-01
2.306504100561141968e-01
2.358908057212829590e-01
2.316672503948211670e-01
2.309636175632476807e-01
2.317998260259628296e-01
2.318319231271743774e-01
2.334982007741928101e-01
2.331034690141677856e-01
2.289532721042633057e-01
2.323603183031082153e-01
2.336921989917755127e-01
2.353048324584960938e-01
2.326096296310424805e-01
2.305680811405181885e-01
2.330643534660339355e-01
2.286222577095031738e-01
2.297624051570892334e-01
2.325742095708847046e-01
2.322916388511657715e-01
2.307527214288711548e-01
2.318928986787796021e-01
2.284896671772003174e-01
2.303225100040435791e-01
2.283269912004470825e-01
2.292891144752502441e-01
2.314132004976272583e-01
2.289942800998687744e-01
2.296117544174194336e-01
2.314414978027343750e-01
2.309156954288482666e-01
2.336096763610839844e-01
2.301819771528244019e-01
2.308833152055740356e-01
2.304937392473220825e-01
2.276310920715332031e-01
2.289979159832000732e-01
2.290170937776565552e-01
2.297954410314559937e-01
2.315953671932220459e-01
2.282093316316604614e-01
2.281836271286010742e-01
2.309249192476272583e-01
2.306910157203674316e-01
2.301691174507141113e-01
2.288914769887924194e-01
2.293468415737152100e-01
2.307097613811492920e-01
2.279455661773681641e-01
2.266610860824584961e-01
2.281879931688308716e-01
2.280985862016677856e-01
2.297395467758178711e-01
2.282405644655227661e-01
2.281595319509506226e-01
2.291129976511001587e-01
2.285440862178802490e-01
2.295690327882766724e-01
2.286035120487213135e-01
2.285465002059936523e-01
2.249056845903396606e-01
2.269650995731353760e-01
2.257626503705978394e-01
2.248765677213668823e-01
2.284446358680725098e-01
2.268727272748947144e-01
2.247654497623443604e-01
2.267231494188308716e-01
2.265858650207519531e-01
2.273099422454833984e-01
2.303909361362457275e-01
2.253322452306747437e-01
2.273327112197875977e-01
2.261272370815277100e-01
2.268221974372863770e-01
2.245791107416152954e-01
2.245284914970397949e-01
2.261421084403991699e-01
2.258631736040115356e-01
2.239892929792404175e-01
2.273303270339965820e-01
2.249905914068222046e-01
2.263518273830413818e-01
2.266508042812347412e-01
2.254811376333236694e-01
2.249974608421325684e-01
2.261303961277008057e-01
2.234340608119964600e-01
2.251667231321334839e-01
2.254962772130966187e-01
2.247546166181564331e-01
2.221203893423080444e-01
2.271910905838012695e-01
2.267835587263107300e-01
2.249279767274856567e-01
2.251621484756469727e-01
2.261165082454681396e-01
2.233881801366806030e-01
2.235293686389923096e-01
2.275567501783370972e-01
2.238961458206176758e-01
2.215449810028076172e-01
2.224342226982116699e-01
2.237297445535659790e-01
2.248038798570632935e-01
2.242867946624755859e-01
2.236540168523788452e-01
2.217472493648529053e-01
2.245110571384429932e-01
2.233375459909439087e-01
2.228495031595230103e-01
2.214850932359695435e-01
2.225610017776489258e-01
2.241181880235671997e-01
2.233092337846755981e-01
2.219808399677276611e-01
2.240165621042251587e-01
2.244313508272171021e-01
2.214924544095993042e-01
2.216814011335372925e-01
2.227226942777633667e-01
2.215240299701690674e-01
2.219294011592864990e-01
2.236256003379821777e-01
2.241808623075485229e-01
2.232014238834381104e-01
2.225500196218490601e-01
2.211593240499496460e-01
2.217195928096771240e-01
2.209527641534805298e-01
2.196778208017349243e-01
2.209082841873168945e-01
2.203276157379150391e-01
2.208462804555892944e-01
2.228532880544662476e-01
2.231301069259643555e-01
2.223885655403137207e-01
2.216961085796356201e-01
2.222205847501754761e-01
2.205283641815185547e-01
2.219883352518081665e-01
2.193968147039413452e-01
2.243025749921798706e-01
2.216424196958541870e-01
2.222347110509872437e-01
2.204205691814422607e-01
2.204519510269165039e-01
2.219324856996536255e-01
2.206788510084152222e-01
2.199494689702987671e-01
2.218906134366989136e-01
2.230611890554428101e-01
2.212001234292984009e-01
2.205441594123840332e-01
2.203436791896820068e-01
2.232109159231185913e-01
2.227342277765274048e-01
2.218344658613204956e-01
2.199630290269851685e-01
2.213853001594543457e-01
2.217869609594345093e-01
2.191270589828491211e-01
2.194650620222091675e-01
2.194516956806182861e-01
2.216535955667495728e-01
2.192461490631103516e-01
2.205583751201629639e-01
2.191415280103683472e-01
2.190146446228027344e-01
2.187279909849166870e-01
2.188705354928970337e-01
2.203843444585800171e-01
2.188191562891006470e-01
2.194382995367050171e-01
2.204679548740386963e-01
2.179142087697982788e-01
2.190391868352890015e-01
2.177230119705200195e-01
2.165027558803558350e-01
2.191338688135147095e-01
2.196395695209503174e-01
2.172582596540451050e-01
2.184281051158905029e-01
2.188446670770645142e-01
2.181161642074584961e-01
2.181684523820877075e-01
2.189827263355255127e-01
2.175276577472686768e-01
2.192574739456176758e-01
2.193485945463180542e-01
2.168308049440383911e-01
2.154755741357803345e-01
2.173191606998443604e-01
2.142926007509231567e-01
2.190529555082321167e-01
2.199819982051849365e-01
2.154951691627502441e-01
2.173753827810287476e-01
2.188651561737060547e-01
2.180908322334289551e-01
2.157253921031951904e-01
2.178622037172317505e-01
2.196914255619049072e-01
2.163103073835372925e-01
2.198363244533538818e-01
2.187278568744659424e-01
2.174912393093109131e-01
2.195622920989990234e-01
2.196093350648880005e-01
2.192191034555435181e-01
2.149286121129989624e-01
2.177234739065170288e-01
2.164594233036041260e-01
2.164588868618011475e-01
2.179316282272338867e-01
2.153518497943878174e-01
2.174777388572692871e-01
2.197926789522171021e-01
2.175291478633880615e-01
2.168232500553131104e-01
2.154231220483779907e-01
2.156233489513397217e-01
2.173120677471160889e-01
2.177591919898986816e-01
2.138976752758026123e-01
2.134573906660079956e-01
2.157582938671112061e-01
2.156074494123458862e-01
2.173003107309341431e-01
2.181010544300079346e-01
2.166684716939926147e-01
2.132095992565155029e-01
2.152737677097320557e-01
2.162000983953475952e-01
2.163891494274139404e-01
2.155969589948654175e-01
2.162663638591766357e-01
2.163966596126556396e-01
2.144667208194732666e-01
2.135906070470809937e-01
2.155339717864990234e-01
2.163595408201217651e-01
2.127964645624160767e-01
2.157925218343734741e-01
2.142900228500366211e-01
2.139318287372589111e-01
2.143577635288238525e-01
2.144635915756225586e-01
2.121072560548782349e-01
2.156532704830169678e-01
2.134692072868347168e-01
2.166198641061782837e-01
2.155513018369674683e-01
2.139006853103637695e-01
2.128872275352478027e-01
2.135402113199234009e-01
2.165581881999969482e-01
2.156823873519897461e-01
2.149803042411804199e-01
2.161233276128768921e-01
2.143957614898681641e-01
2.149803340435028076e-01
2.149728536605834961e-01
2.111758142709732056e-01
2.167529910802841187e-01
2.122244387865066528e-01
2.142103463411331177e-01
2.138560414314270020e-01
2.123757004737854004e-01
2.120987772941589355e-01
2.149745672941207886e-01
2.134095430374145508e-01
2.178156375885009766e-01
2.123678773641586304e-01
2.144380211830139160e-01
2.129318714141845703e-01
2.147520780563354492e-01
2.111957818269729614e-01
2.135951071977615356e-01
2.134525924921035767e-01
2.136676162481307983e-01
2.105286121368408203e-01
2.108227312564849854e-01
2.124518007040023804e-01
2.115653008222579956e-01
2.147779017686843872e-01
2.126232981681823730e-01
2.128079086542129517e-01
2.133244425058364868e-01
2.125040739774703979e-01
2.127330005168914795e-01
2.145489901304244995e-01
2.129008471965789795e-01
2.095200270414352417e-01
2.127562314271926880e-01
2.138250172138214111e-01
2.095940411090850830e-01
2.139658927917480469e-01
2.133118659257888794e-01
2.135518044233322144e-01
2.143410593271255493e-01
2.132840752601623535e-01
2.114665657281875610e-01
2.105792313814163208e-01
2.122936397790908813e-01
2.130693793296813965e-01
2.119800001382827759e-01
2.146340906620025635e-01
2.133251577615737915e-01
2.105569541454315186e-01
2.117433696985244751e-01
2.100000530481338501e-01
2.138997763395309448e-01
2.107856273651123047e-01
2.086666673421859741e-01
2.100775688886642456e-01
2.105761766433715820e-01
2.140492945909500122e-01
2.108796387910842896e-01
2.109601795673370361e-01
2.137142717838287354e-01
2.101702243089675903e-01
2.119855731725692749e-01
2.106421440839767456e-01
2.109996527433395386e-01
2.106649726629257202e-01
2.118477672338485718e-01
2.130171060562133789e-01
2.111119627952575684e-01
2.123480141162872314e-01
2.123041003942489624e-01
2.113230675458908081e-01
2.117120474576950073e-01
2.115225046873092651e-01
2.126630395650863647e-01
2.111577093601226807e-01
2.131925523281097412e-01
2.109783440828323364e-01
2.107218205928802490e-01
2.087621837854385376e-01
2.090707868337631226e-01
2.082977294921875000e-01
2.105371803045272827e-01
2.081174999475479126e-01
2.068212628364562988e-01
2.116191834211349487e-01
2.092101573944091797e-01
2.115446627140045166e-01
2.079604864120483398e-01
2.079589068889617920e-01
2.108044475317001343e-01
2.111585140228271484e-01
2.105573117733001709e-01
2.110646218061447144e-01
2.104632407426834106e-01
2.097185552120208740e-01
2.092702090740203857e-01
2.101818919181823730e-01
2.078338712453842163e-01
2.106811404228210449e-01
2.081005126237869263e-01
2.096912413835525513e-01
2.123620957136154175e-01
2.101425379514694214e-01
2.078884094953536987e-01
2.081044614315032959e-01
2.096964269876480103e-01
2.069617509841918945e-01
2.108032703399658203e-01
2.092890441417694092e-01
2.072032094001770020e-01
2.070615589618682861e-01
2.103309482336044312e-01
2.100629657506942749e-01
2.079461514949798584e-01
2.061950862407684326e-01
2.073331922292709351e-01
2.087700814008712769e-01
2.069581747055053711e-01
2.116038501262664795e-01
2.136165350675582886e-01
2.058158069849014282e-01
2.064002007246017456e-01
2.069637328386306763e-01
2.101501077413558960e-01
2.088587582111358643e-01
2.108523845672607422e-01
2.096384614706039429e-01
2.070550918579101562e-01
2.079101055860519409e-01
2.073849588632583618e-01
2.074442058801651001e-01
2.053802609443664551e-01
2.075155079364776611e-01
2.071730494499206543e-01
2.068694382905960083e-01
2.093697488307952881e-01
2.060381025075912476e-01
2.060561776161193848e-01
2.107743173837661743e-01
2.090169340372085571e-01
2.079875320196151733e-01
2.077553272247314453e-01
2.082447558641433716e-01
2.078566700220108032e-01
2.080237567424774170e-01
2.088242769241333008e-01
2.074742317199707031e-01
2.091067731380462646e-01
2.073244452476501465e-01
2.062741369009017944e-01
2.072111964225769043e-01
2.038336694240570068e-01
2.040696889162063599e-01
2.072895914316177368e-01
2.060684114694595337e-01
2.086615413427352905e-01
2.057836949825286865e-01
2.048260867595672607e-01
2.075891494750976562e-01
2.082727998495101929e-01
2.084137201309204102e-01
2.063786685466766357e-01
2.061053365468978882e-01
2.074875086545944214e-01
2.100822031497955322e-01
2.015028148889541626e-01
2.065098732709884644e-01
2.088890224695205688e-01
2.056950479745864868e-01
2.086580693721771240e-01
2.056213319301605225e-01
2.071593701839447021e-01
2.059057801961898804e-01
2.075260430574417114e-01
2.064698934555053711e-01
2.070913314819335938e-01
2.046195864677429199e-01
2.079463005065917969e-01
2.063114643096923828e-01
2.051419615745544434e-01
2.032758593559265137e-01
2.081561088562011719e-01
2.052005827426910400e-01
2.059811055660247803e-01
2.071893513202667236e-01
2.054142951965332031e-01
2.076402902603149414e-01
2.060009241104125977e-01
2.034885436296463013e-01
2.068846672773361206e-01
2.062634676694869995e-01
2.063307315111160278e-01
2.039800286293029785e-01
2.041119635105133057e-01
2.059840708971023560e-01
2.066915631294250488e-01
2.077999562025070190e-01
2.050322890281677246e-01
2.051992714405059814e-01
2.055158764123916626e-01
2.040121406316757202e-01
2.078903913497924805e-01
2.050274908542633057e-01
2.038492113351821899e-01
2.068022191524505615e-01
2.041689008474349976e-01
2.012463659048080444e-01
2.054117023944854736e-01
2.030606269836425781e-01
2.030024975538253784e-01
2.038953155279159546e-01
2.060981839895248413e-01
2.016878277063369751e-01
2.045146524906158447e-01
2.049374431371688843e-01
2.023621648550033569e-01
2.062909305095672607e-01
2.058467864990234375e-01
2.014725804328918457e-01
2.029133886098861694e-01
2.030941992998123169e-01
2.025053799152374268e-01
2.038400322198867798e-01
2.033891528844833374e-01
2.054022550582885742e-01
2.053252160549163818e-01
2.046195268630981445e-01
2.039592266082763672e-01
2.026660591363906860e-01
2.056937962770462036e-01
2.042382657527923584e-01
2.036880105733871460e-01
2.073736339807510376e-01
2.035868167877197266e-01
2.057802379131317139e-01
2.036764770746231079e-01
2.049676775932312012e-01
1.994638144969940186e-01
2.044082432985305786e-01
2.038320153951644897e-01
2.021898031234741211e-01
2.052612006664276123e-01
2.067748904228210449e-01
2.041938751935958862e-01
2.039659470319747925e-01
2.037118077278137207e-01
2.037729620933532715e-01
2.028673142194747925e-01
2.051822990179061890e-01
2.035587280988693237e-01
2.021500468254089355e-01
2.052335441112518311e-01
2.026760429143905640e-01
2.036480605602264404e-01
2.016938030719757080e-01
2.042212486267089844e-01
2.010074853897094727e-01
1.999057531356811523e-01
2.044047564268112183e-01
2.008461654186248779e-01
2.054210007190704346e-01
2.019206583499908447e-01
2.002481371164321899e-01
2.008818089962005615e-01
2.025183588266372681e-01
2.010198533535003662e-01
2.041421681642532349e-01
2.023200392723083496e-01
2.019506394863128662e-01
2.006407082080841064e-01
2.015297710895538330e-01
2.034354060888290405e-01
2.012152075767517090e-01
2.039492726325988770e-01
2.038620710372924805e-01
2.017350643873214722e-01
2.021597176790237427e-01
2.009780704975128174e-01
2.007235735654830933e-01
2.022821754217147827e-01
2.023613005876541138e-01
2.010292857885360718e-01
1.989215165376663208e-01
2.033359855413436890e-01
1.996188461780548096e-01
2.021482288837432861e-01
2.019455432891845703e-01
2.038405686616897583e-01
2.014416307210922241e-01
2.016005367040634155e-01
1.996517032384872437e-01
2.017645388841629028e-01
2.009892165660858154e-01
2.009399086236953735e-01
2.032382041215896606e-01
2.001672238111495972e-01
2.009625881910324097e-01
2.015787214040756226e-01
1.996724307537078857e-01
2.021823823451995850e-01
1.991039365530014038e-01
2.031206190586090088e-01
2.009489089250564575e-01
2.014917731285095215e-01
2.016614824533462524e-01
2.029663175344467163e-01
2.015441358089447021e-01
2.011610567569732666e-01
2.015747874975204468e-01
2.007436156272888184e-01
2.009575366973876953e-01
2.010875791311264038e-01
2.007269412279129028e-01
2.016826421022415161e-01
2.015453875064849854e-01
2.000862807035446167e-01
1.985979676246643066e-01
1.996183395385742188e-01
2.017345875501632690e-01
1.996034383773803711e-01
2.001925259828567505e-01
1.998592466115951538e-01
2.018502205610275269e-01
2.020671665668487549e-01
2.019729018211364746e-01
1.995377838611602783e-01
2.010531425476074219e-01
2.030138969421386719e-01
2.027475535869598389e-01
2.020132988691329956e-01
2.011588364839553833e-01
2.015232443809509277e-01
2.019025683403015137e-01
2.003874480724334717e-01
1.993333548307418823e-01
2.029638588428497314e-01
1.988021135330200195e-01
2.003457099199295044e-01
2.000946551561355591e-01
1.993482112884521484e-01
1.999743431806564331e-01
2.001801729202270508e-01
2.004588544368743896e-01
2.001656442880630493e-01
1.997619867324829102e-01
2.030370831489562988e-01
2.009251862764358521e-01
2.017037719488143921e-01
2.028872370719909668e-01
2.002595514059066772e-01
2.036412507295608521e-01
1.997546404600143433e-01
1.989715248346328735e-01
1.978137940168380737e-01
1.982177346944808960e-01
1.991548985242843628e-01
2.006593197584152222e-01
1.991644799709320068e-01
1.993726938962936401e-01
1.994175016880035400e-01
2.021583765745162964e-01
2.012914270162582397e-01
2.007593810558319092e-01
2.001150697469711304e-01
1.994727700948715210e-01
1.989006847143173218e-01
1.999220401048660278e-01
2.014808952808380127e-01
1.983493566513061523e-01
1.966595351696014404e-01
2.010425627231597900e-01
1.978821158409118652e-01
1.993816941976547241e-01
1.969168931245803833e-01
1.994086205959320068e-01
2.013320028781890869e-01
1.973100006580352783e-01
1.986395120620727539e-01
2.007870972156524658e-01
1.974465698003768921e-01
1.996959149837493896e-01
1.984891891479492188e-01
2.009381800889968872e-01
1.998933851718902588e-01
1.988555490970611572e-01
2.027724534273147583e-01
1.953326016664505005e-01
1.988626271486282349e-01
1.991984099149703979e-01
1.969432681798934937e-01
1.979355961084365845e-01
2.006500363349914551e-01
1.994705647230148315e-01
1.986316442489624023e-01
1.982470899820327759e-01
1.988094300031661987e-01
2.010037600994110107e-01
2.007448822259902954e-01
1.983895748853683472e-01
1.985795348882675171e-01
1.979364007711410522e-01
1.994939148426055908e-01
1.977743059396743774e-01
2.012942731380462646e-01
1.996467411518096924e-01
1.960425078868865967e-01
2.003364861011505127e-01
1.980447322130203247e-01
1.967534422874450684e-01
1.984505951404571533e-01
1.990644484758377075e-01
2.015538513660430908e-01
1.983910202980041504e-01
1.965409368276596069e-01
1.992148309946060181e-01
1.997089236974716187e-01
1.980903446674346924e-01
1.993338018655776978e-01
1.990053206682205200e-01
1.992527544498443604e-01
1.962279677391052246e-01
1.988297700881958008e-01
1.975905299186706543e-01
2.019008249044418335e-01
1.972629874944686890e-01
1.983055770397186279e-01
1.976229250431060791e-01
1.980683654546737671e-01
1.986405402421951294e-01
2.000194936990737915e-01
1.984793692827224731e-01
1.970482170581817627e-01
1.977723836898803711e-01
1.971900910139083862e-01
1.960235387086868286e-01
1.993075311183929443e-01
1.944727152585983276e-01
1.967831701040267944e-01
1.950342208147048950e-01
1.975379139184951782e-01
1.985415667295455933e-01
1.955002844333648682e-01
1.971483379602432251e-01
1.972404867410659790e-01
1.961633712053298950e-01
1.953041702508926392e-01
1.959776878356933594e-01
1.965207904577255249e-01
1.938132196664810181e-01
1.984595805406570435e-01
1.964763998985290527e-01
1.959378123283386230e-01
1.948938667774200439e-01
1.987496316432952881e-01
1.949588507413864136e-01
1.989215016365051270e-01
1.988379210233688354e-01
1.998601853847503662e-01
1.969830095767974854e-01
2.000299096107482910e-01
1.982174068689346313e-01
1.967727541923522949e-01
1.974958628416061401e-01
1.968141943216323853e-01
1.968515664339065552e-01
1.972452551126480103e-01
1.970716118812561035e-01
1.950539350509643555e-01
1.975493282079696655e-01
1.975204646587371826e-01
1.961465924978256226e-01
1.972402781248092651e-01
1.968067735433578491e-01
1.979113221168518066e-01
1.941727697849273682e-01
1.962121725082397461e-01
1.955269426107406616e-01
1.979604363441467285e-01
1.953048706054687500e-01
1.969382911920547485e-01
1.942987591028213501e-01
1.968579292297363281e-01
1.976235508918762207e-01
1.972230970859527588e-01
1.952300220727920532e-01
1.963105201721191406e-01
1.946168988943099976e-01
1.965565383434295654e-01
1.961416155099868774e-01
1.975743919610977173e-01
1.921752244234085083e-01
1.961294263601303101e-01
1.980173885822296143e-01
1.961233317852020264e-01
1.937741935253143311e-01
1.939388066530227661e-01
1.977861374616622925e-01
1.947938799858093262e-01
1.942384392023086548e-01
1.963745504617691040e-01
1.945539861917495728e-01
1.963987052440643311e-01
1.930323094129562378e-01
1.950585693120956421e-01
1.943897455930709839e-01
1.988259851932525635e-01
1.958296447992324829e-01
1.964889317750930786e-01
1.979093253612518311e-01
1.959950327873229980e-01
1.936168819665908813e-01
1.958213895559310913e-01
1.947444975376129150e-01
1.943854391574859619e-01
1.956705600023269653e-01
1.953661143779754639e-01
1.969494223594665527e-01
1.929990798234939575e-01
1.951733380556106567e-01
1.925806254148483276e-01
1.953309774398803711e-01
1.969433426856994629e-01
1.934185773134231567e-01
1.960570365190505981e-01
1.947367936372756958e-01
1.934264302253723145e-01
1.935289353132247925e-01
1.973482519388198853e-01
1.936374157667160034e-01
1.925000399351119995e-01
1.928277015686035156e-01
1.945795118808746338e-01
1.944921910762786865e-01
1.939669251441955566e-01
1.944914907217025757e-01
1.954109072685241699e-01
1.921336501836776733e-01
1.940066963434219360e-01
1.946114003658294678e-01
1.943142563104629517e-01
1.941200345754623413e-01
1.946185827255249023e-01
1.957793831825256348e-01
1.959621310234069824e-01
1.904958039522171021e-01
1.936285793781280518e-01
1.915755420923233032e-01
1.936145275831222534e-01
1.952694207429885864e-01
1.926691830158233643e-01
1.961655765771865845e-01
1.945863962173461914e-01
1.945762485265731812e-01
1.945109367370605469e-01
1.938740164041519165e-01
1.952116787433624268e-01
1.948575973510742188e-01
1.915957480669021606e-01
1.978496760129928589e-01
1.950827240943908691e-01
1.903329640626907349e-01
1.949116587638854980e-01
1.959824115037918091e-01
1.936658322811126709e-01
1.930067390203475952e-01
1.948743760585784912e-01
1.914734542369842529e-01
1.933957189321517944e-01
1.946216225624084473e-01
1.938565522432327271e-01
1.940219849348068237e-01
1.937106996774673462e-01
1.902048438787460327e-01
1.941795051097869873e-01
1.916873455047607422e-01
1.920163333415985107e-01
1.946129947900772095e-01
1.939229518175125122e-01
1.933261901140213013e-01
1.925202012062072754e-01
1.933699101209640503e-01
1.920126080513000488e-01
1.965584754943847656e-01
1.953190118074417114e-01
1.934244334697723389e-01
1.944546997547149658e-01
1.913785040378570557e-01
1.926558762788772583e-01
1.915927529335021973e-01
1.920309960842132568e-01
1.925591975450515747e-01
1.909486502408981323e-01
1.918812096118927002e-01
1.927213370800018311e-01
1.925295442342758179e-01
1.929630339145660400e-01
1.925174146890640259e-01
1.944821774959564209e-01
1.939585208892822266e-01
1.962583363056182861e-01
1.921419203281402588e-01
1.942422837018966675e-01
1.914161890745162964e-01
1.925257593393325806e-01
1.900824606418609619e-01
1.925773620605468750e-01
1.936753690242767334e-01
1.893161535263061523e-01
1.924262791872024536e-01
1.953087002038955688e-01
1.921431422233581543e-01
1.923746168613433838e-01
1.903740614652633667e-01
1.928303986787796021e-01
1.923632025718688965e-01
1.919483244419097900e-01
1.953742951154708862e-01
1.919754445552825928e-01
1.908867657184600830e-01
1.918636858463287354e-01
1.912218332290649414e-01
1.921143084764480591e-01
1.906430721282958984e-01
1.935537308454513550e-01
1.927172988653182983e-01
1.925887316465377808e-01
1.926901191473007202e-01
1.930724680423736572e-01
1.917168349027633667e-01
1.910471022129058838e-01
1.932961493730545044e-01
1.899862587451934814e-01
1.886765062808990479e-01
1.932356208562850952e-01
1.927247196435928345e-01
1.937633454799652100e-01
1.892935037612915039e-01
1.894414126873016357e-01
1.892891526222229004e-01
1.912515312433242798e-01
1.924735754728317261e-01
1.935419142246246338e-01
1.937536746263504028e-01
1.930012851953506470e-01
1.907157897949218750e-01
1.913207024335861206e-01
1.909085065126419067e-01
1.937014907598495483e-01
1.902811527252197266e-01
1.923854351043701172e-01
1.902691423892974854e-01
1.920167207717895508e-01
1.914870142936706543e-01
1.902592927217483521e-01
1.916292756795883179e-01
1.917863488197326660e-01
1.915300935506820679e-01
1.932439059019088745e-01
1.907188892364501953e-01
1.925014555454254150e-01
1.937600374221801758e-01
1.909551322460174561e-01
1.906068176031112671e-01
1.912411451339721680e-01
1.895913630723953247e-01
1.939118802547454834e-01
1.948443502187728882e-01
1.911073029041290283e-01
1.903273463249206543e-01
1.890199780464172363e-01
1.881456822156906128e-01
1.896990388631820679e-01
1.897446960210800171e-01
1.914800256490707397e-01
1.917490214109420776e-01
1.881201565265655518e-01
1.892080157995223999e-01
1.904519647359848022e-01
1.929212808609008789e-01
1.898777931928634644e-01
1.915237903594970703e-01
1.927304118871688843e-01
1.903270781040191650e-01
1.908061951398849487e-01
1.901652961969375610e-01
1.877785474061965942e-01
1.909295469522476196e-01
1.905858218669891357e-01
1.910119801759719849e-01
1.908048242330551147e-01
1.903476566076278687e-01
1.904711127281188965e-01
1.926568150520324707e-01
1.924279332160949707e-01
1.903688758611679077e-01
1.880848556756973267e-01
1.894019693136215210e-01
1.906070411205291748e-01
1.913518607616424561e-01
1.935770213603973389e-01
1.911892592906951904e-01
1.894134432077407837e-01
1.914498507976531982e-01
1.888666301965713501e-01
1.904693990945816040e-01
1.905557215213775635e-01
1.909648627042770386e-01
1.919354796409606934e-01
1.914476156234741211e-01
1.884336471557617188e-01
1.903667449951171875e-01
1.931060105562210083e-01
1.897186487913131714e-01
1.903761923313140869e-01
1.925950348377227783e-01
1.886745393276214600e-01
1.892596334218978882e-01
1.877755671739578247e-01
1.896451860666275024e-01
1.883211433887481689e-01
1.892383545637130737e-01
1.893913894891738892e-01
1.885881274938583374e-01
1.905677765607833862e-01
1.916973888874053955e-01
1.917563676834106445e-01
1.889579892158508301e-01
1.913618594408035278e-01
1.901348233222961426e-01
1.906431913375854492e-01
1.925611197948455811e-01
1.908456534147262573e-01
1.918337494134902954e-01
1.896182745695114136e-01
1.923698335886001587e-01
1.924295872449874878e-01
1.906958520412445068e-01
1.889166682958602905e-01
1.886435896158218384e-01
1.920264512300491333e-01
