1.013217123150825572e+00
6.338357535004616183e-01
5.002158337831497104e-01
4.008314478397369540e-01
3.581767052412033192e-01
3.292442686855793221e-01
3.078157266974448913e-01
2.568092827498912878e-01
2.611838844418525873e-01
2.514786888659000241e-01
2.561909557878971344e-01
2.425429195165634266e-01
2.446285246312618344e-01
2.383795779943466142e-01
2.077568712830543396e-01
2.001255619525909302e-01
2.037595111131668135e-01
2.044205239415168851e-01
2.006051428616046906e-01
2.052413533627986952e-01
2.019401155412197113e-01
1.731994657218456357e-01
1.694873384386300919e-01
1.722765317559242226e-01
1.776723666489124220e-01
1.833604834973812103e-01
1.866884931921958812e-01
1.813372732698917411e-01
1.607346348464488983e-01
1.571917681396007571e-01
1.578940451890230301e-01
1.612588617205619745e-01
1.629256178438663605e-01
1.617640535533428070e-01
1.637411817908286937e-01
1.459930561482906397e-01
1.444263891875743888e-01
1.439524196088314001e-01
1.479535362124443088e-01
1.498533529043197532e-01
1.527858987450599615e-01
1.493235990405082647e-01
1.353973030298948332e-01
1.367215681076049683e-01
1.379357953369617362e-01
1.430530875921249279e-01
1.416913517564535041e-01
1.441833807528019040e-01
1.433577135205268971e-01
1.330897972732782431e-01
1.318472051620483421e-01
1.309520503133535518e-01
1.337225274741649650e-01
1.336579953134059973e-01
1.369862125068903036e-01
1.345138321816921334e-01
1.270848057419061705e-01
1.266379577666520984e-01
1.276450269669294479e-01
1.273247276246547710e-01
1.286959400027990474e-01
1.326731511205434810e-01
1.354491789638996024e-01
1.269827327877283141e-01
1.228953227400779724e-01
1.255703137069940634e-01
1.234080728888511669e-01
1.249198625236749710e-01
1.272828023135662012e-01
1.261619239300489359e-01
1.231269174814224182e-01
1.212894851714372696e-01
1.229341411590576111e-01
1.223847085237503018e-01
1.200299773365259143e-01
1.247301688045263229e-01
1.242304787039756747e-01
1.196034310013055768e-01
1.173928324133157730e-01
1.177077911049127512e-01
1.204202090948820053e-01
1.203441257029771866e-01
1.218142141401767770e-01
1.231394835561513967e-01
1.155557925999164542e-01
1.185151953250169754e-01
1.169218034297227898e-01
1.144878901541233063e-01
1.172988169640302725e-01
1.182183748483657815e-01
1.174671513587236399e-01
1.132899519801139898e-01
1.144546990841627115e-01
1.157662352174520515e-01
1.161014115810394265e-01
1.151359959691762858e-01
1.151139074563980041e-01
1.172182217985391628e-01
1.141362063586711939e-01
1.112144528329372384e-01
1.128463978320360245e-01
1.131679332256317200e-01
1.146906730532646218e-01
1.140766736119985525e-01
1.136063030362129272e-01
