8.021576839685440330e-01
4.777860547602176822e-01
4.037010867893695565e-01
3.578025422990321891e-01
3.477175304293632641e-01
3.053712433576583618e-01
2.943875604867935425e-01
2.967324545979500017e-01
2.726922214776277276e-01
2.397332350909709975e-01
2.448885027319192831e-01
2.374812668561935292e-01
2.339662051945924637e-01
2.323980584740638622e-01
2.307411614060402016e-01
2.124220138043165229e-01
2.157283424213528589e-01
2.141270101815462013e-01
2.022619210556149405e-01
2.040607892721891525e-01
2.086686187982559337e-01
1.982817927375435940e-01
1.900887124985456422e-01
1.909039137884974424e-01
2.021979961916804402e-01
1.813151251897215932e-01
1.842250696569681101e-01
1.610382146760821476e-01
1.606111377477645874e-01
1.675468296557664771e-01
1.559318317845463653e-01
1.580688830837607417e-01
1.726993579044938110e-01
1.654811688140034598e-01
1.668530464917421241e-01
1.756613435968756576e-01
1.202605908922851075e-01
1.349834607169032030e-01
1.360750909894704874e-01
1.251845121756196000e-01
1.292187694273889131e-01
1.407490657269954704e-01
1.440157356858253468e-01
1.314119189791381481e-01
1.488675771653652224e-01
1.079499152861535527e-01
1.024217581097036645e-01
1.048793445341289071e-01
1.149185466021299395e-01
1.089070215541869391e-01
1.188717324472963743e-01
1.216107555478811303e-01
1.170386990904807994e-01
1.183256559446454054e-01
8.117216667160391530e-02
7.783155373297631630e-02
9.275532018393278788e-02
9.497651200741528965e-02
9.504500940442085766e-02
9.213868599385023617e-02
9.618817962007597533e-02
9.760026112198830206e-02
9.273005031049251501e-02
6.457444416359066353e-02
7.348392859101295083e-02
7.016136387130245122e-02
7.213845382444560028e-02
7.757794581353665009e-02
8.269613746553659828e-02
8.174515695776790603e-02
8.564982742071151900e-02
8.241179366596043665e-02
4.889225448714569489e-02
5.939091749023646394e-02
5.620020890142768399e-02
6.325265296734869369e-02
6.379116413882002234e-02
7.092428398784250687e-02
6.381237634457648245e-02
7.296120524406432550e-02
7.448988372460008112e-02
5.225597337353974497e-02
4.827839071280323052e-02
5.242249935399741212e-02
5.305633317213505340e-02
5.789690391160547817e-02
4.848558250407222769e-02
5.890322084072976971e-02
5.673869001679122254e-02
6.814097834518179075e-02
4.604747651435900369e-02
4.677038034889847290e-02
4.195043577987234845e-02
4.071630935650318722e-02
5.483153996523469631e-02
4.674871826777234757e-02
5.714536488987505269e-02
5.659798372071236233e-02
5.191552722360939093e-02
3.666737561929039879e-02
3.840974039398133838e-02
3.854217267711646661e-02
4.448942302726208858e-02
4.586832441273145516e-02
4.126159514416940371e-02
4.685430187731981500e-02
4.741120321734342696e-02
5.084078581887297582e-02
3.624720129009802172e-02
3.588105252245440968e-02
3.572898313810583121e-02
4.313636858714744310e-02
4.475163978087948885e-02
4.413510139682329941e-02
3.827777549275197116e-02
4.588076829444617116e-02
4.358905539091210979e-02
2.773714492213912378e-02
2.787911706516751909e-02
3.476878196495818141e-02
3.763725715267355471e-02
3.322859428939409221e-02
4.173974099045153763e-02
4.077339950366876825e-02
4.134798875311389288e-02
4.351750490372069402e-02
2.975206990406149832e-02
3.294183494057506545e-02
3.526625551632605465e-02
2.986546306899981462e-02
3.397853396018035710e-02
3.850813653145451071e-02
3.578150880552129903e-02
4.172939303331077432e-02
4.628431342425756018e-02
