9.728422760963439941e-01
9.649782180786132812e-01
9.553016424179077148e-01
9.452934265136718750e-01
9.351577758789062500e-01
9.235572814941406250e-01
9.099579453468322754e-01
8.918179869651794434e-01
8.736213445663452148e-01
8.587724566459655762e-01
8.327915668487548828e-01
8.092228770256042480e-01
7.894436717033386230e-01
7.508043050765991211e-01
7.248102426528930664e-01
6.906551718711853027e-01
6.700161695480346680e-01
6.395772695541381836e-01
6.063743829727172852e-01
6.162452697753906250e-01
5.758621692657470703e-01
5.548690557479858398e-01
5.574485659599304199e-01
5.481215715408325195e-01
5.440279841423034668e-01
5.429863929748535156e-01
5.491010546684265137e-01
5.555418729782104492e-01
5.482683777809143066e-01
5.494772195816040039e-01
5.299496054649353027e-01
5.157809257507324219e-01
5.075934529304504395e-01
5.167003273963928223e-01
4.988340735435485840e-01
4.959138631820678711e-01
4.987170994281768799e-01
4.957345128059387207e-01
4.952247440814971924e-01
4.874073863029479980e-01
4.874559640884399414e-01
4.802655577659606934e-01
4.809010326862335205e-01
4.757291078567504883e-01
4.646796882152557373e-01
4.658685028553009033e-01
4.654434919357299805e-01
4.629450142383575439e-01
4.598679542541503906e-01
4.521779119968414307e-01
4.600363671779632568e-01
4.541843831539154053e-01
4.604316651821136475e-01
4.502363204956054688e-01
4.487915933132171631e-01
4.445755481719970703e-01
4.421614110469818115e-01
4.387519955635070801e-01
4.388278424739837646e-01
4.376838207244873047e-01
4.333300590515136719e-01
4.314120411872863770e-01
4.290856420993804932e-01
4.251537024974822998e-01
4.289258420467376709e-01
4.227337837219238281e-01
4.271702170372009277e-01
4.248765110969543457e-01
4.225566983222961426e-01
4.221587777137756348e-01
4.200236499309539795e-01
4.155347347259521484e-01
4.202096462249755859e-01
4.149781763553619385e-01
4.106415510177612305e-01
4.080708622932434082e-01
4.075495004653930664e-01
4.087980687618255615e-01
4.017472863197326660e-01
4.056244194507598877e-01
4.057402014732360840e-01
3.987983763217926025e-01
3.974855840206146240e-01
4.002427756786346436e-01
3.972426950931549072e-01
3.933403193950653076e-01
3.950531482696533203e-01
3.973388373851776123e-01
3.905725181102752686e-01
3.881401121616363525e-01
3.895893394947052002e-01
3.814884722232818604e-01
3.857403099536895752e-01
3.828255534172058105e-01
3.829201459884643555e-01
3.831135332584381104e-01
3.843640089035034180e-01
3.821352720260620117e-01
3.845471441745758057e-01
3.773576021194458008e-01
3.721181452274322510e-01
3.795636892318725586e-01
3.757804036140441895e-01
3.714724183082580566e-01
3.733209669589996338e-01
3.712953627109527588e-01
3.718134164810180664e-01
3.715491890907287598e-01
3.699373602867126465e-01
3.641807436943054199e-01
3.630240559577941895e-01
3.654185235500335693e-01
3.638630509376525879e-01
3.628554940223693848e-01
3.595279455184936523e-01
3.631626963615417480e-01
3.625799715518951416e-01
3.562206923961639404e-01
3.592156171798706055e-01
3.590348064899444580e-01
3.584594130516052246e-01
3.567170202732086182e-01
3.584523797035217285e-01
3.564360737800598145e-01
3.550530374050140381e-01
3.533685207366943359e-01
3.533621728420257568e-01
3.536742627620697021e-01
3.501975834369659424e-01
3.464627265930175781e-01
3.518693745136260986e-01
3.499428927898406982e-01
3.471767902374267578e-01
3.472678065299987793e-01
3.488395214080810547e-01
3.473416864871978760e-01
3.481227159500122070e-01
3.455848395824432373e-01
3.476358056068420410e-01
3.430407643318176270e-01
3.447872698307037354e-01
3.411829471588134766e-01
3.412744402885437012e-01
3.391274213790893555e-01
3.421364724636077881e-01
3.381415903568267822e-01
3.407038748264312744e-01
3.376435339450836182e-01
3.351170420646667480e-01
3.345164954662322998e-01
3.337163031101226807e-01
3.336481750011444092e-01
3.335648179054260254e-01
3.289931118488311768e-01
3.307804167270660400e-01
3.317505419254302979e-01
3.336753249168395996e-01
3.300665616989135742e-01
3.308584690093994141e-01
3.334453999996185303e-01
3.314466774463653564e-01
3.278464972972869873e-01
3.284765183925628662e-01
3.216448128223419189e-01
3.258637189865112305e-01
3.301291465759277344e-01
3.247981667518615723e-01
3.236933946609497070e-01
3.225453794002532959e-01
3.252958357334136963e-01
3.211784660816192627e-01
3.204497694969177246e-01
3.198845386505126953e-01
3.229076564311981201e-01
3.214673995971679688e-01
3.220369517803192139e-01
3.193264901638031006e-01
3.168437480926513672e-01
3.171322047710418701e-01
3.171767890453338623e-01
3.155240118503570557e-01
3.190239369869232178e-01
3.133237957954406738e-01
3.149062097072601318e-01
3.173688948154449463e-01
3.142481744289398193e-01
3.151116073131561279e-01
3.131910264492034912e-01
3.112125694751739502e-01
3.112062215805053711e-01
3.131344616413116455e-01
3.143706321716308594e-01
3.099421560764312744e-01
3.082750141620635986e-01
3.061441779136657715e-01
3.078722059726715088e-01
3.072762787342071533e-01
3.071871399879455566e-01
3.090455532073974609e-01
3.081622123718261719e-01
3.067263662815093994e-01
3.077687025070190430e-01
3.052588403224945068e-01
3.064875304698944092e-01
3.038232326507568359e-01
3.004953861236572266e-01
3.028875887393951416e-01
2.999394536018371582e-01
3.002342879772186279e-01
3.046796917915344238e-01
2.985959649085998535e-01
2.976094782352447510e-01
3.002880811691284180e-01
3.010279834270477295e-01
3.014689385890960693e-01
2.943569719791412354e-01
3.003074228763580322e-01
2.954862117767333984e-01
2.962032258510589600e-01
3.002218008041381836e-01
2.950836718082427979e-01
2.952646911144256592e-01
2.945664525032043457e-01
2.973653078079223633e-01
2.980278134346008301e-01
2.947276830673217773e-01
2.950907051563262939e-01
2.983207702636718750e-01
2.974709272384643555e-01
2.946040332317352295e-01
2.925393581390380859e-01
2.915531098842620850e-01
2.918412685394287109e-01
2.937117218971252441e-01
2.915964424610137939e-01
2.922621667385101318e-01
2.882942855358123779e-01
2.913261353969573975e-01
2.889249026775360107e-01
2.857239842414855957e-01
2.943475842475891113e-01
2.906423509120941162e-01
2.869051694869995117e-01
2.888674736022949219e-01
2.874796688556671143e-01
2.880982756614685059e-01
2.836225032806396484e-01
2.851940095424652100e-01
2.847760319709777832e-01
2.884120047092437744e-01
2.864484190940856934e-01
2.832804620265960693e-01
2.861808538436889648e-01
2.851679325103759766e-01
2.819655835628509521e-01
2.837150692939758301e-01
2.806470096111297607e-01
2.821916937828063965e-01
2.841111123561859131e-01
2.779624164104461670e-01
2.829138636589050293e-01
2.798467576503753662e-01
2.812140583992004395e-01
2.823264002799987793e-01
2.842183709144592285e-01
2.788361310958862305e-01
2.806220948696136475e-01
2.797342538833618164e-01
2.770591080188751221e-01
2.768681943416595459e-01
2.767538428306579590e-01
2.775050699710845947e-01
2.779420316219329834e-01
2.774606049060821533e-01
2.747056484222412109e-01
2.749611735343933105e-01
2.767378389835357666e-01
2.723685801029205322e-01
2.775371670722961426e-01
2.743243873119354248e-01
2.718369066715240479e-01
2.738360762596130371e-01
2.739745974540710449e-01
2.728334665298461914e-01
2.728744149208068848e-01
2.727929651737213135e-01
2.738973498344421387e-01
2.696368396282196045e-01
2.702361941337585449e-01
2.683188021183013916e-01
2.692563831806182861e-01
2.698080539703369141e-01
2.678073048591613770e-01
2.695786356925964355e-01
2.710576355457305908e-01
2.695664167404174805e-01
2.685433924198150635e-01
2.668527066707611084e-01
2.674281001091003418e-01
2.660337388515472412e-01
2.687884271144866943e-01
2.657319605350494385e-01
2.671869099140167236e-01
2.660415172576904297e-01
2.665044069290161133e-01
2.655683159828186035e-01
2.637357115745544434e-01
2.636311054229736328e-01
2.642741203308105469e-01
2.643354237079620361e-01
2.647109627723693848e-01
2.665651738643646240e-01
2.615199089050292969e-01
2.608985900878906250e-01
2.650951147079467773e-01
2.580851614475250244e-01
2.615177333354949951e-01
2.592331767082214355e-01
2.600791156291961670e-01
2.605893015861511230e-01
2.605476379394531250e-01
2.586520314216613770e-01
2.579078376293182373e-01
2.599350214004516602e-01
2.573685348033905029e-01
2.583646178245544434e-01
2.598243951797485352e-01
2.575108408927917480e-01
2.595587670803070068e-01
2.581866681575775146e-01
2.578436136245727539e-01
2.589558362960815430e-01
2.531174123287200928e-01
2.571690976619720459e-01
2.540459632873535156e-01
2.566400766372680664e-01
2.544122636318206787e-01
2.559604644775390625e-01
2.539966702461242676e-01
2.542143762111663818e-01
2.545126676559448242e-01
2.516382634639739990e-01
2.553710639476776123e-01
2.549974620342254639e-01
2.545312643051147461e-01
2.544032633304595947e-01
2.495453506708145142e-01
2.516833543777465820e-01
2.508081495761871338e-01
2.540828585624694824e-01
2.522480487823486328e-01
2.509145438671112061e-01
2.492203861474990845e-01
2.501331269741058350e-01
2.497947067022323608e-01
2.502988874912261963e-01
2.527073919773101807e-01
2.532618045806884766e-01
2.514832615852355957e-01
2.472756505012512207e-01
2.476460486650466919e-01
2.475164383649826050e-01
2.463472038507461548e-01
2.494440078735351562e-01
2.495131641626358032e-01
2.506439089775085449e-01
2.491502761840820312e-01
2.461320012807846069e-01
2.445688545703887939e-01
2.463895082473754883e-01
2.452247589826583862e-01
2.464110553264617920e-01
2.464793622493743896e-01
2.460713386535644531e-01
2.447350323200225830e-01
2.452838271856307983e-01
2.452803105115890503e-01
2.475610673427581787e-01
2.447659224271774292e-01
2.434710860252380371e-01
2.452979981899261475e-01
2.447209507226943970e-01
2.427769154310226440e-01
2.436872422695159912e-01
2.427282929420471191e-01
2.444828152656555176e-01
2.447824776172637939e-01
2.409698367118835449e-01
2.393231838941574097e-01
2.399948686361312866e-01
2.421367019414901733e-01
2.400041520595550537e-01
2.439255118370056152e-01
2.421034127473831177e-01
2.414756417274475098e-01
2.402177304029464722e-01
2.413452416658401489e-01
2.396811693906784058e-01
2.391392588615417480e-01
2.401941865682601929e-01
2.405964881181716919e-01
2.405824810266494751e-01
2.375845909118652344e-01
2.406431138515472412e-01
2.404738813638687134e-01
2.408220767974853516e-01
2.356933653354644775e-01
2.389059215784072876e-01
2.373138815164566040e-01
2.376118451356887817e-01
2.373739778995513916e-01
2.386041134595870972e-01
2.378201484680175781e-01
2.369810342788696289e-01
2.397455573081970215e-01
2.385210692882537842e-01
2.394262850284576416e-01
2.384128719568252563e-01
2.359510064125061035e-01
2.373741865158081055e-01
2.388322353363037109e-01
2.356248795986175537e-01
2.345643788576126099e-01
2.347247153520584106e-01
2.346233874559402466e-01
2.359620481729507446e-01
2.366594076156616211e-01
2.368722558021545410e-01
2.365324944257736206e-01
2.361109107732772827e-01
2.364238798618316650e-01
2.358688563108444214e-01
2.330823093652725220e-01
2.376995533704757690e-01
2.354505807161331177e-01
2.339415699243545532e-01
2.329996228218078613e-01
2.317616045475006104e-01
2.340799123048782349e-01
2.331564873456954956e-01
2.357185035943984985e-01
2.308768630027770996e-01
2.314777374267578125e-01
2.324292510747909546e-01
2.334948629140853882e-01
2.337270081043243408e-01
2.328609377145767212e-01
2.330002933740615845e-01
2.354532331228256226e-01
2.349530458450317383e-01
2.311411499977111816e-01
2.323534637689590454e-01
2.327627688646316528e-01
2.321378439664840698e-01
2.304676175117492676e-01
2.280126661062240601e-01
2.288912534713745117e-01
2.314210683107376099e-01
2.306251078844070435e-01
2.298370599746704102e-01
2.310400009155273438e-01
2.326134443283081055e-01
2.320494204759597778e-01
2.289472371339797974e-01
2.281169742345809937e-01
2.303399145603179932e-01
2.329174429178237915e-01
2.303737699985504150e-01
2.319408953189849854e-01
2.283731102943420410e-01
2.279618680477142334e-01
2.303215414285659790e-01
2.312765568494796753e-01
2.321766018867492676e-01
2.281435281038284302e-01
2.289309948682785034e-01
2.297499477863311768e-01
2.273565977811813354e-01
2.264620065689086914e-01
2.267501354217529297e-01
2.309090048074722290e-01
2.286230772733688354e-01
2.289908975362777710e-01
2.282286733388900757e-01
2.263331562280654907e-01
2.276006191968917847e-01
2.281294614076614380e-01
2.273263782262802124e-01
2.248620688915252686e-01
2.263563871383666992e-01
2.254700064659118652e-01
2.259370088577270508e-01
2.279298305511474609e-01
2.283129245042800903e-01
2.259857654571533203e-01
2.274054139852523804e-01
2.256608307361602783e-01
2.254745215177536011e-01
2.267567664384841919e-01
2.234125435352325439e-01
2.261773198843002319e-01
2.226341068744659424e-01
2.245582491159439087e-01
2.303732931613922119e-01
2.258141040802001953e-01
2.224754244089126587e-01
2.237041443586349487e-01
2.246437519788742065e-01
2.225368022918701172e-01
2.254820317029953003e-01
2.247912138700485229e-01
2.194627672433853149e-01
2.238962203264236450e-01
2.244776636362075806e-01
2.243593335151672363e-01
2.260661721229553223e-01
2.231857925653457642e-01
2.240775376558303833e-01
2.230579853057861328e-01
2.250758707523345947e-01
2.232243120670318604e-01
2.208596616983413696e-01
2.250868976116180420e-01
2.247084081172943115e-01
2.245208024978637695e-01
2.242330908775329590e-01
2.222488224506378174e-01
2.239279597997665405e-01
2.228992581367492676e-01
2.214151173830032349e-01
2.201624810695648193e-01
2.218480110168457031e-01
2.208173573017120361e-01
2.246887236833572388e-01
2.227269262075424194e-01
2.203298211097717285e-01
2.244742363691329956e-01
2.232365161180496216e-01
2.245867997407913208e-01
2.231865525245666504e-01
2.207577973604202271e-01
2.218307256698608398e-01
2.201298624277114868e-01
2.220629900693893433e-01
2.198218703269958496e-01
2.190102785825729370e-01
2.208431959152221680e-01
2.220049351453781128e-01
2.219109982252120972e-01
2.226675748825073242e-01
2.215251028537750244e-01
2.207091450691223145e-01
2.199079990386962891e-01
2.212420403957366943e-01
2.193023860454559326e-01
2.201866805553436279e-01
2.191680073738098145e-01
2.239857912063598633e-01
2.200722098350524902e-01
2.198438495397567749e-01
2.203319817781448364e-01
2.191327065229415894e-01
2.214371711015701294e-01
2.222272902727127075e-01
2.184585779905319214e-01
2.197579145431518555e-01
2.226013392210006714e-01
2.200607806444168091e-01
2.176654934883117676e-01
2.183163017034530640e-01
2.163500338792800903e-01
2.190144956111907959e-01
2.179953157901763916e-01
2.188880294561386108e-01
2.209220528602600098e-01
2.182748168706893921e-01
2.180153876543045044e-01
2.168606370687484741e-01
2.163620293140411377e-01
2.192315906286239624e-01
2.161846011877059937e-01
2.192489951848983765e-01
2.198666185140609741e-01
2.185216248035430908e-01
2.192669063806533813e-01
2.191064208745956421e-01
2.163450419902801514e-01
2.163909673690795898e-01
2.188451290130615234e-01
2.185225039720535278e-01
2.196324020624160767e-01
2.168650329113006592e-01
2.164155840873718262e-01
2.176746428012847900e-01
2.174129337072372437e-01
2.157550454139709473e-01
2.199030518531799316e-01
2.159932106733322144e-01
2.181023806333541870e-01
2.187732458114624023e-01
2.332186400890350342e-01
2.345453351736068726e-01
2.345271706581115723e-01
2.347100079059600830e-01
2.333025038242340088e-01
2.348929494619369507e-01
2.340495437383651733e-01
2.329182028770446777e-01
2.337814569473266602e-01
2.302712649106979370e-01
2.334573119878768921e-01
2.311597168445587158e-01
2.303036600351333618e-01
2.315379232168197632e-01
2.314846366643905640e-01
2.325429171323776245e-01
2.345146834850311279e-01
2.340287417173385620e-01
2.314335107803344727e-01
2.336865365505218506e-01
2.311415821313858032e-01
2.332732975482940674e-01
2.317346334457397461e-01
2.312094420194625854e-01
2.332008033990859985e-01
2.333773672580718994e-01
2.304668724536895752e-01
2.321489304304122925e-01
2.300601601600646973e-01
2.321629375219345093e-01
2.290805578231811523e-01
2.306352853775024414e-01
2.302700877189636230e-01
2.294419109821319580e-01
2.287479639053344727e-01
2.353045940399169922e-01
2.287258654832839966e-01
2.313281595706939697e-01
2.286244928836822510e-01
2.287032604217529297e-01
2.285710573196411133e-01
2.304052710533142090e-01
2.254261225461959839e-01
2.306688874959945679e-01
2.298174649477005005e-01
2.287281006574630737e-01
2.320885658264160156e-01
2.278948724269866943e-01
2.307896912097930908e-01
2.282395958900451660e-01
2.305382639169692993e-01
2.302705943584442139e-01
2.303618937730789185e-01
2.313299626111984253e-01
2.309948205947875977e-01
2.298404723405838013e-01
2.305836826562881470e-01
2.297437638044357300e-01
2.289836853742599487e-01
2.280241549015045166e-01
2.265357375144958496e-01
2.294140905141830444e-01
2.245313674211502075e-01
2.303126007318496704e-01
2.280583977699279785e-01
2.275608628988265991e-01
2.257297933101654053e-01
2.279561311006546021e-01
2.274897396564483643e-01
2.292248606681823730e-01
2.278642803430557251e-01
2.277166694402694702e-01
2.261326164007186890e-01
2.297812700271606445e-01
2.269260585308074951e-01
2.303180247545242310e-01
2.249454855918884277e-01
2.270790487527847290e-01
2.255785167217254639e-01
2.243388891220092773e-01
2.271374315023422241e-01
2.281169742345809937e-01
2.264399826526641846e-01
2.271206229925155640e-01
2.282982170581817627e-01
2.278832197189331055e-01
2.287182807922363281e-01
2.253198921680450439e-01
2.261177450418472290e-01
2.263190746307373047e-01
2.295533418655395508e-01
2.281183153390884399e-01
2.256892025470733643e-01
2.283091545104980469e-01
2.243503481149673462e-01
2.249487787485122681e-01
2.277431637048721313e-01
2.247348725795745850e-01
2.247619926929473877e-01
2.233961671590805054e-01
2.257597148418426514e-01
2.255018502473831177e-01
2.271949946880340576e-01
2.273293435573577881e-01
2.252421826124191284e-01
2.247212976217269897e-01
2.245733886957168579e-01
2.244176566600799561e-01
2.237109392881393433e-01
2.248660624027252197e-01
2.227015644311904907e-01
2.257958054542541504e-01
2.251508533954620361e-01
2.248757183551788330e-01
2.228499352931976318e-01
2.249622195959091187e-01
2.223796993494033813e-01
2.253437489271163940e-01
2.239230871200561523e-01
2.245330959558486938e-01
2.260367125272750854e-01
2.263307720422744751e-01
2.215793430805206299e-01
2.248619496822357178e-01
2.231342047452926636e-01
2.246327400207519531e-01
2.242837697267532349e-01
2.258648574352264404e-01
2.221141159534454346e-01
2.208743095397949219e-01
2.233417183160781860e-01
2.260566949844360352e-01
2.241595536470413208e-01
2.226045280694961548e-01
2.256492972373962402e-01
2.221692651510238647e-01
2.223935723304748535e-01
2.235181927680969238e-01
2.209855467081069946e-01
2.224662303924560547e-01
2.218139171600341797e-01
2.230837792158126831e-01
2.229718565940856934e-01
2.219162732362747192e-01
2.204339653253555298e-01
2.215069830417633057e-01
2.201520353555679321e-01
2.247288376092910767e-01
2.209279388189315796e-01
2.237977087497711182e-01
2.223983854055404663e-01
2.225479334592819214e-01
2.185415178537368774e-01
2.211963981389999390e-01
2.223501503467559814e-01
2.229917049407958984e-01
2.214825898408889771e-01
2.217142283916473389e-01
2.203121334314346313e-01
2.216087132692337036e-01
2.212810367345809937e-01
2.203208208084106445e-01
2.218703925609588623e-01
2.196577787399291992e-01
2.216020971536636353e-01
2.228395938873291016e-01
2.197699844837188721e-01
2.218772470951080322e-01
2.207866609096527100e-01
2.196947634220123291e-01
2.222796380519866943e-01
2.213800698518753052e-01
2.193586081266403198e-01
2.210947424173355103e-01
2.203980833292007446e-01
2.225565910339355469e-01
2.205646932125091553e-01
2.198199182748794556e-01
2.201329022645950317e-01
2.210006415843963623e-01
2.185955792665481567e-01
2.197563350200653076e-01
2.191954255104064941e-01
2.199989259243011475e-01
2.216917425394058228e-01
2.182261496782302856e-01
2.196540981531143188e-01
2.222450524568557739e-01
2.189437150955200195e-01
2.195191234350204468e-01
2.167357206344604492e-01
2.189801484346389771e-01
2.164492160081863403e-01
2.190691232681274414e-01
2.177436947822570801e-01
2.206025570631027222e-01
2.168075740337371826e-01
2.187420874834060669e-01
2.156900167465209961e-01
2.165327668190002441e-01
2.185022085905075073e-01
2.201602011919021606e-01
2.183675765991210938e-01
2.183855473995208740e-01
2.187993228435516357e-01
2.172396481037139893e-01
2.168401926755905151e-01
2.174227237701416016e-01
2.168809771537780762e-01
2.180131077766418457e-01
2.153702974319458008e-01
2.213377505540847778e-01
2.153632789850234985e-01
2.165754437446594238e-01
2.173795998096466064e-01
2.159279435873031616e-01
2.162183225154876709e-01
2.152076810598373413e-01
2.188753783702850342e-01
2.198987007141113281e-01
2.165139019489288330e-01
2.167125046253204346e-01
2.166869342327117920e-01
2.179332673549652100e-01
2.161238342523574829e-01
2.160101383924484253e-01
2.166016846895217896e-01
2.165134698152542114e-01
2.172998040914535522e-01
2.192160487174987793e-01
2.172331064939498901e-01
2.202562689781188965e-01
2.166714370250701904e-01
2.178735584020614624e-01
2.175916284322738647e-01
2.186639010906219482e-01
2.174913883209228516e-01
2.174843996763229370e-01
2.154349386692047119e-01
2.139073461294174194e-01
2.166344374418258667e-01
2.144909948110580444e-01
2.150021046400070190e-01
2.151060998439788818e-01
2.160589396953582764e-01
2.154515832662582397e-01
2.152202874422073364e-01
2.170803248882293701e-01
2.139621973037719727e-01
2.121282219886779785e-01
2.149956822395324707e-01
2.171570509672164917e-01
2.161910980939865112e-01
2.161440849304199219e-01
2.153709828853607178e-01
2.196934670209884644e-01
2.162616997957229614e-01
2.165514379739761353e-01
2.145708948373794556e-01
2.160166949033737183e-01
2.130438685417175293e-01
2.141544371843338013e-01
2.181395739316940308e-01
2.141101658344268799e-01
2.139617204666137695e-01
2.135633826255798340e-01
2.154768407344818115e-01
2.143045514822006226e-01
2.144927531480789185e-01
2.118594795465469360e-01
2.132424563169479370e-01
2.144319713115692139e-01
2.139403820037841797e-01
2.144165933132171631e-01
2.170263826847076416e-01
2.169882208108901978e-01
2.160335481166839600e-01
2.128419131040573120e-01
2.127666622400283813e-01
2.138495296239852905e-01
2.124463617801666260e-01
2.139672935009002686e-01
2.141327857971191406e-01
2.153276503086090088e-01
2.133632302284240723e-01
2.156992554664611816e-01
2.114486098289489746e-01
2.133915424346923828e-01
2.124366462230682373e-01
2.115978002548217773e-01
2.125276327133178711e-01
2.117427885532379150e-01
2.138298898935317993e-01
2.143412083387374878e-01
2.151562273502349854e-01
2.127345055341720581e-01
2.145672738552093506e-01
2.130278050899505615e-01
2.106721550226211548e-01
2.125152200460433960e-01
2.113485932350158691e-01
2.148571610450744629e-01
2.139795720577239990e-01
2.128410041332244873e-01
2.128595560789108276e-01
2.134971320629119873e-01
2.125073224306106567e-01
2.103571891784667969e-01
2.143993824720382690e-01
2.142738699913024902e-01
2.108550369739532471e-01
2.111659795045852661e-01
2.128100991249084473e-01
2.145608067512512207e-01
2.116027474403381348e-01
2.128424793481826782e-01
2.118855863809585571e-01
2.114535421133041382e-01
2.117860019207000732e-01
2.123848050832748413e-01
2.112423777580261230e-01
2.111697196960449219e-01
2.112328708171844482e-01
2.091808617115020752e-01
2.120858579874038696e-01
2.099403291940689087e-01
2.124822437763214111e-01
2.089034020900726318e-01
2.083939462900161743e-01
2.115224748849868774e-01
2.124790549278259277e-01
2.125847935676574707e-01
2.125436663627624512e-01
2.143866121768951416e-01
2.116577029228210449e-01
2.105519473552703857e-01
2.115893959999084473e-01
2.118930667638778687e-01
2.102292925119400024e-01
2.114534229040145874e-01
2.113352268934249878e-01
2.111882865428924561e-01
2.094998061656951904e-01
2.118494957685470581e-01
2.122070938348770142e-01
2.107783108949661255e-01
2.098812162876129150e-01
2.103996276855468750e-01
2.104228734970092773e-01
2.123719602823257446e-01
2.117853611707687378e-01
2.102222740650177002e-01
2.091553658246994019e-01
2.077258527278900146e-01
2.100561857223510742e-01
2.114630192518234253e-01
2.083180099725723267e-01
2.085407525300979614e-01
2.085569053888320923e-01
2.101654261350631714e-01
2.103437334299087524e-01
2.119793593883514404e-01
2.091931253671646118e-01
2.112148851156234741e-01
2.123239487409591675e-01
2.111597508192062378e-01
2.102279961109161377e-01
2.092011570930480957e-01
2.097968161106109619e-01
2.090709060430526733e-01
2.090713083744049072e-01
2.084153145551681519e-01
2.108711749315261841e-01
2.111442089080810547e-01
2.077303379774093628e-01
2.110378146171569824e-01
2.101513445377349854e-01
2.119805812835693359e-01
2.093843817710876465e-01
2.097432017326354980e-01
2.084282040596008301e-01
2.107496857643127441e-01
2.097896635532379150e-01
2.094555050134658813e-01
2.117755860090255737e-01
2.103787809610366821e-01
2.094812095165252686e-01
2.102547287940979004e-01
2.090891450643539429e-01
2.086354047060012817e-01
2.078305333852767944e-01
2.074983566999435425e-01
2.083919346332550049e-01
2.085725069046020508e-01
2.078840583562850952e-01
2.105956971645355225e-01
2.096070200204849243e-01
2.067902982234954834e-01
2.077781409025192261e-01
2.091507166624069214e-01
2.075107693672180176e-01
2.108158022165298462e-01
2.068367898464202881e-01
2.080293148756027222e-01
2.088036388158798218e-01
2.064315378665924072e-01
2.084654122591018677e-01
2.084368318319320679e-01
2.058328986167907715e-01
2.098711580038070679e-01
2.062569707632064819e-01
2.068723589181900024e-01
2.092215120792388916e-01
2.091553062200546265e-01
2.093624770641326904e-01
2.082214951515197754e-01
2.090735584497451782e-01
2.089168578386306763e-01
2.068318277597427368e-01
2.119016498327255249e-01
2.061903923749923706e-01
2.069526463747024536e-01
2.048646360635757446e-01
2.089421153068542480e-01
2.062466293573379517e-01
2.095469087362289429e-01
2.094261944293975830e-01
2.099925428628921509e-01
2.079196721315383911e-01
2.100492715835571289e-01
2.066786736249923706e-01
2.067995816469192505e-01
2.078664749860763550e-01
2.089464217424392700e-01
2.093999087810516357e-01
2.077375948429107666e-01
2.095552831888198853e-01
2.060187458992004395e-01
2.064530104398727417e-01
2.093250602483749390e-01
2.040077447891235352e-01
2.071099430322647095e-01
2.061120271682739258e-01
2.053258866071701050e-01
2.068956345319747925e-01
2.078932076692581177e-01
2.043280452489852905e-01
2.057325243949890137e-01
2.075498700141906738e-01
2.057373523712158203e-01
2.072521746158599854e-01
2.071953117847442627e-01
2.071861177682876587e-01
2.067827284336090088e-01
2.049627006053924561e-01
2.069409340620040894e-01
2.055610120296478271e-01
2.036278694868087769e-01
2.057860791683197021e-01
2.042511850595474243e-01
2.062605470418930054e-01
2.063191682100296021e-01
2.057183086872100830e-01
2.067939043045043945e-01
2.052803337574005127e-01
2.046309411525726318e-01
2.043748646974563599e-01
2.061096131801605225e-01
2.062541842460632324e-01
2.046614587306976318e-01
2.052336186170578003e-01
2.037678807973861694e-01
2.038637995719909668e-01
2.059102952480316162e-01
2.033802568912506104e-01
2.057439237833023071e-01
2.063764184713363647e-01
2.061766088008880615e-01
2.055801600217819214e-01
2.065989524126052856e-01
2.027519494295120239e-01
2.040846198797225952e-01
2.058343440294265747e-01
2.058957368135452271e-01
2.052746862173080444e-01
2.085172832012176514e-01
2.049304991960525513e-01
2.043872028589248657e-01
2.051854729652404785e-01
2.057520449161529541e-01
2.034676074981689453e-01
2.035384923219680786e-01
2.044518440961837769e-01
2.051057070493698120e-01
2.049748003482818604e-01
2.036017179489135742e-01
2.018706202507019043e-01
2.059293091297149658e-01
2.021630406379699707e-01
2.058879435062408447e-01
2.050286829471588135e-01
2.033979445695877075e-01
2.061289250850677490e-01
2.059499770402908325e-01
2.027154713869094849e-01
2.034708708524703979e-01
2.010416090488433838e-01
2.026998549699783325e-01
2.041656523942947388e-01
2.017344683408737183e-01
2.026459127664566040e-01
2.044904232025146484e-01
2.033343911170959473e-01
2.035395652055740356e-01
2.069195657968521118e-01
2.029394507408142090e-01
2.041029930114746094e-01
2.029006481170654297e-01
2.043053209781646729e-01
2.021877616643905640e-01
2.040043026208877563e-01
2.024862766265869141e-01
2.014445811510086060e-01
2.035006582736968994e-01
2.042890340089797974e-01
2.027456015348434448e-01
2.063348740339279175e-01
2.025858312845230103e-01
2.046880424022674561e-01
2.036138474941253662e-01
2.017678469419479370e-01
2.024621069431304932e-01
2.000089585781097412e-01
2.031743824481964111e-01
2.010421156883239746e-01
2.035598903894424438e-01
2.030445784330368042e-01
2.046217620372772217e-01
2.018123269081115723e-01
2.027911841869354248e-01
2.038544118404388428e-01
2.028658092021942139e-01
2.020085006952285767e-01
2.048263549804687500e-01
2.035114467144012451e-01
2.027492374181747437e-01
2.035314887762069702e-01
2.026512324810028076e-01
2.036814987659454346e-01
2.052176445722579956e-01
2.029118239879608154e-01
2.033278048038482666e-01
2.049186676740646362e-01
2.046122252941131592e-01
2.020134925842285156e-01
2.053485214710235596e-01
2.030343562364578247e-01
2.036568671464920044e-01
2.039779871702194214e-01
2.019291520118713379e-01
1.996029317378997803e-01
2.006922662258148193e-01
1.991457045078277588e-01
2.008372694253921509e-01
1.989484280347824097e-01
1.999211609363555908e-01
2.026989609003067017e-01
2.002881914377212524e-01
2.002027928829193115e-01
2.020774632692337036e-01
2.022970914840698242e-01
1.997388005256652832e-01
1.999470293521881104e-01
2.026533037424087524e-01
2.025911211967468262e-01
2.043223083019256592e-01
2.024791985750198364e-01
2.045144438743591309e-01
2.010457515716552734e-01
1.995191872119903564e-01
1.998387724161148071e-01
2.020322978496551514e-01
2.009990811347961426e-01
2.013506889343261719e-01
2.028968185186386108e-01
2.023573219776153564e-01
2.020135223865509033e-01
2.016878128051757812e-01
2.033251672983169556e-01
2.020333707332611084e-01
2.018167972564697266e-01
1.976269036531448364e-01
2.003336250782012939e-01
2.015943378210067749e-01
2.019612044095993042e-01
2.005322277545928955e-01
2.024898827075958252e-01
2.008949220180511475e-01
2.002232819795608521e-01
1.979807466268539429e-01
2.011269778013229370e-01
1.992554962635040283e-01
2.002183794975280762e-01
2.004694193601608276e-01
1.983584314584732056e-01
2.013713121414184570e-01
2.014792859554290771e-01
1.997699588537216187e-01
1.996729373931884766e-01
2.015132606029510498e-01
1.991929113864898682e-01
1.989128291606903076e-01
1.977497786283493042e-01
2.006309330463409424e-01
1.979632973670959473e-01
2.005243897438049316e-01
1.967175155878067017e-01
2.018821090459823608e-01
1.985652446746826172e-01
2.016155868768692017e-01
2.005331069231033325e-01
1.975303739309310913e-01
2.006434798240661621e-01
2.005058377981185913e-01
2.018091976642608643e-01
2.004817873239517212e-01
1.998388618230819702e-01
1.996949613094329834e-01
2.026546746492385864e-01
2.010933309793472290e-01
1.970560997724533081e-01
1.984792351722717285e-01
1.980370432138442993e-01
1.981053203344345093e-01
2.004849761724472046e-01
1.982675939798355103e-01
1.983126252889633179e-01
1.982816010713577271e-01
1.991687417030334473e-01
1.991668045520782471e-01
2.016979753971099854e-01
2.006023228168487549e-01
2.015059441328048706e-01
1.941103935241699219e-01
1.988662034273147583e-01
1.985350251197814941e-01
2.003646045923233032e-01
1.986608058214187622e-01
1.983036398887634277e-01
1.972013115882873535e-01
1.968560218811035156e-01
1.972156912088394165e-01
1.970630586147308350e-01
2.005521059036254883e-01
1.979808360338211060e-01
1.983773559331893921e-01
1.971345096826553345e-01
1.988333463668823242e-01
1.982935518026351929e-01
1.996052414178848267e-01
1.982787251472473145e-01
1.983847320079803467e-01
2.023955732583999634e-01
1.989610493183135986e-01
1.981717199087142944e-01
1.988710463047027588e-01
2.004232406616210938e-01
1.993813663721084595e-01
1.999628692865371704e-01
1.983287334442138672e-01
1.995872110128402710e-01
1.990032345056533813e-01
1.961217671632766724e-01
1.965056061744689941e-01
1.966599225997924805e-01
1.994547396898269653e-01
1.967349648475646973e-01
1.968685984611511230e-01
1.975506991147994995e-01
1.947393864393234253e-01
1.998016089200973511e-01
1.984334290027618408e-01
1.981980055570602417e-01
1.997562199831008911e-01
1.970933824777603149e-01
1.978913247585296631e-01
1.996596902608871460e-01
1.970813274383544922e-01
1.966463476419448853e-01
1.982278674840927124e-01
1.977000832557678223e-01
1.955839395523071289e-01
1.959721148014068604e-01
1.993937045335769653e-01
1.992414593696594238e-01
1.967055648565292358e-01
1.965985894203186035e-01
2.008351385593414307e-01
1.965964734554290771e-01
1.965388059616088867e-01
2.000327855348587036e-01
1.989638507366180420e-01
1.968313753604888916e-01
1.971974074840545654e-01
1.972663104534149170e-01
1.949679404497146606e-01
1.945262551307678223e-01
1.980640143156051636e-01
1.968716681003570557e-01
1.966543942689895630e-01
1.958971917629241943e-01
1.963837742805480957e-01
1.964958310127258301e-01
1.986127197742462158e-01
1.965201646089553833e-01
1.986281275749206543e-01
1.965820044279098511e-01
1.963952183723449707e-01
1.967127323150634766e-01
1.981314420700073242e-01
1.958614885807037354e-01
1.973368972539901733e-01
1.950868368148803711e-01
1.957719773054122925e-01
1.967922151088714600e-01
1.956189274787902832e-01
1.939648091793060303e-01
1.953329890966415405e-01
1.954716593027114868e-01
1.943956613540649414e-01
1.977387368679046631e-01
1.959879994392395020e-01
1.944335550069808960e-01
1.969872117042541504e-01
1.990491002798080444e-01
1.950584948062896729e-01
1.992143988609313965e-01
1.954095512628555298e-01
1.966180950403213501e-01
1.968285888433456421e-01
1.927179694175720215e-01
1.978347897529602051e-01
1.941654533147811890e-01
1.956266462802886963e-01
1.943876147270202637e-01
1.949040293693542480e-01
1.963494718074798584e-01
1.964154690504074097e-01
1.956813484430313110e-01
1.962767243385314941e-01
1.945045739412307739e-01
1.964816004037857056e-01
1.961498558521270752e-01
1.976041346788406372e-01
1.959369927644729614e-01
1.966586560010910034e-01
1.966633200645446777e-01
1.945749074220657349e-01
1.959703713655471802e-01
1.958913952112197876e-01
1.940136700868606567e-01
1.964291185140609741e-01
1.959184408187866211e-01
1.970113217830657959e-01
1.977870464324951172e-01
1.955628842115402222e-01
1.957572400569915771e-01
1.923457533121109009e-01
1.945443153381347656e-01
1.956066489219665527e-01
1.942718178033828735e-01
1.938620954751968384e-01
1.945075690746307373e-01
1.943836361169815063e-01
1.943054795265197754e-01
1.951230317354202271e-01
1.959779411554336548e-01
1.960610598325729370e-01
1.950030028820037842e-01
1.949544847011566162e-01
1.947581917047500610e-01
1.944811344146728516e-01
1.939287334680557251e-01
1.948022395372390747e-01
1.954055726528167725e-01
1.929628849029541016e-01
1.948129534721374512e-01
1.954675614833831787e-01
1.944981962442398071e-01
1.931169480085372925e-01
1.935686022043228149e-01
1.958806663751602173e-01
1.950548440217971802e-01
1.956003159284591675e-01
1.939350217580795288e-01
1.962003409862518311e-01
1.943314969539642334e-01
1.927226185798645020e-01
1.969227045774459839e-01
1.933353543281555176e-01
1.944225132465362549e-01
1.955105364322662354e-01
1.934268325567245483e-01
1.929559260606765747e-01
1.948035359382629395e-01
1.925638765096664429e-01
1.946013718843460083e-01
1.935759037733078003e-01
1.959241479635238647e-01
1.923379004001617432e-01
1.961227357387542725e-01
1.964174360036849976e-01
1.949309855699539185e-01
1.964383423328399658e-01
1.932497322559356689e-01
1.933386772871017456e-01
1.956329196691513062e-01
1.975715458393096924e-01
1.961472630500793457e-01
1.948643475770950317e-01
1.943729519844055176e-01
1.948171854019165039e-01
1.958277374505996704e-01
1.941276490688323975e-01
1.932912915945053101e-01
1.946545690298080444e-01
1.945895403623580933e-01
1.954614669084548950e-01
1.918387711048126221e-01
1.951130926609039307e-01
1.920246779918670654e-01
1.931218206882476807e-01
1.959165930747985840e-01
1.933321058750152588e-01
1.940621137619018555e-01
1.934801042079925537e-01
1.943293064832687378e-01
1.948849558830261230e-01
1.936833411455154419e-01
1.919564306735992432e-01
1.914350688457489014e-01
1.946852058172225952e-01
1.917536556720733643e-01
1.966935098171234131e-01
1.946263462305068970e-01
1.944499611854553223e-01
1.910400092601776123e-01
1.948007941246032715e-01
1.919452846050262451e-01
1.939237862825393677e-01
1.963807195425033569e-01
1.933989971876144409e-01
1.899085789918899536e-01
1.958124190568923950e-01
1.941052526235580444e-01
1.914580017328262329e-01
1.945482343435287476e-01
1.933398246765136719e-01
1.930925548076629639e-01
1.936050504446029663e-01
1.925264149904251099e-01
1.937996000051498413e-01
1.930428147315979004e-01
1.896487027406692505e-01
1.933338493108749390e-01
1.932741403579711914e-01
1.930905729532241821e-01
1.924973130226135254e-01
1.911426335573196411e-01
1.934821307659149170e-01
1.911306083202362061e-01
1.920066028833389282e-01
1.915416866540908813e-01
1.885134726762771606e-01
1.948563307523727417e-01
1.945567727088928223e-01
1.914043277502059937e-01
1.932762861251831055e-01
1.934926807880401611e-01
1.912774145603179932e-01
1.918531060218811035e-01
1.955702304840087891e-01
1.924525797367095947e-01
1.918570995330810547e-01
1.919674575328826904e-01
1.936857551336288452e-01
1.931819468736648560e-01
1.937050372362136841e-01
1.918511986732482910e-01
1.942252516746520996e-01
1.933366060256958008e-01
1.924568563699722290e-01
1.927378773689270020e-01
1.944847404956817627e-01
1.920680701732635498e-01
1.935393214225769043e-01
1.917790621519088745e-01
1.942845135927200317e-01
1.900653988122940063e-01
1.905850470066070557e-01
