1.742070380449294964e+00
1.421715031862258893e+00
1.244376477003097614e+00
1.149265537261962900e+00
1.046302634477615401e+00
1.005468696355819702e+00
9.613307666778564409e-01
8.143319511413573686e-01
7.739325287938118025e-01
7.672976744174957453e-01
7.530282163619994584e-01
7.428492543101310464e-01
7.349713209271431236e-01
7.304628169536591109e-01
5.633709645271300914e-01
5.795350998640060869e-01
5.783153405785560475e-01
5.803082776069641291e-01
5.865492710471152948e-01
5.715654274821281300e-01
5.748229479789733753e-01
4.220817157626152172e-01
4.383174334466457545e-01
4.473713251948356895e-01
4.319647100567817755e-01
4.548810759186744934e-01
4.520505207777023582e-01
4.651111075282096663e-01
3.219331897795200126e-01
3.282736800611019135e-01
3.287737618386745719e-01
3.387323884665965901e-01
3.432741522789001243e-01
3.621828281879425071e-01
3.612246747314930007e-01
2.635814137756824493e-01
2.532660326361655945e-01
2.658046729862689750e-01
2.620801495015621096e-01
2.715062475204467751e-01
2.797283147275447801e-01
2.795381495356559776e-01
2.183810344338417142e-01
2.133522586524486675e-01
2.246210272610187630e-01
2.267253647744655598e-01
2.310958874225616522e-01
2.258026558160781960e-01
2.470678260922432035e-01
1.181490521691739570e-01
1.464978381618857461e-01
1.790522426366805975e-01
1.864560501277446880e-01
1.910979916900396314e-01
1.900402006134390698e-01
2.048034266382455781e-01
1.136245770007371925e-01
1.168688571266829901e-01
1.227737627737224141e-01
1.257970819436013687e-01
1.406047884188592334e-01
1.464508683979511283e-01
1.572157848440110806e-01
9.756927186623215453e-02
9.577079906128346809e-02
1.010158191900700358e-01
1.074393474869430043e-01
1.172574751731008252e-01
1.216157375462353224e-01
1.095654185302555594e-01
8.981004952453076895e-02
8.270005613565445390e-02
9.805851962417364009e-02
8.977690358646213398e-02
9.324125510174781362e-02
1.046469614468514969e-01
1.186497433669865126e-01
7.328087092377245926e-02
8.521778946742415706e-02
7.392416772432625072e-02
9.907891285605728571e-02
9.988063159398734292e-02
8.622020092792809232e-02
9.163944542873650456e-02
7.506405664607881945e-02
7.103256944799796191e-02
7.591399206779897435e-02
7.792320468463004302e-02
8.651883496437222376e-02
7.541957482695579862e-02
9.720705811865627821e-02
7.360790291335433944e-02
7.898544793017209242e-02
8.849954923614859748e-02
9.553293297067284862e-02
7.699826735770329278e-02
7.408845230471343413e-02
9.959691506810486317e-02
7.400976205710321776e-02
5.317396803293376883e-02
5.994091209024191014e-02
6.724664374720305815e-02
5.209184777922928195e-02
7.727262582164257099e-02
1.014706617570482194e-01
