8.723514080047607422e-01
8.636917471885681152e-01
8.544130921363830566e-01
8.453396558761596680e-01
8.362066745758056641e-01
8.245697617530822754e-01
8.111789226531982422e-01
7.972868680953979492e-01
7.810054421424865723e-01
7.630644440650939941e-01
7.467157244682312012e-01
7.223433256149291992e-01
6.986701488494873047e-01
6.733505129814147949e-01
6.467547416687011719e-01
6.230905055999755859e-01
5.869873762130737305e-01
5.630877614021301270e-01
5.414332151412963867e-01
5.083838105201721191e-01
4.889077544212341309e-01
4.684990644454956055e-01
4.695526957511901855e-01
4.565752446651458740e-01
4.472142457962036133e-01
4.887533783912658691e-01
4.476149678230285645e-01
4.462520182132720947e-01
4.498169124126434326e-01
4.254082441329956055e-01
4.327639043331146240e-01
4.211873710155487061e-01
4.088777303695678711e-01
4.058812558650970459e-01
4.010684192180633545e-01
4.057162106037139893e-01
4.033000469207763672e-01
4.017167091369628906e-01
3.926475048065185547e-01
3.986386656761169434e-01
3.854116797447204590e-01
3.815069794654846191e-01
3.782834708690643311e-01
3.816101253032684326e-01
3.702453672885894775e-01
3.667326271533966064e-01
3.654339909553527832e-01
3.626053333282470703e-01
3.590184450149536133e-01
3.569809198379516602e-01
3.596006631851196289e-01
3.559475839138031006e-01
3.551262617111206055e-01
3.514359593391418457e-01
3.445750176906585693e-01
3.484591543674468994e-01
3.395548462867736816e-01
3.381125926971435547e-01
3.437604606151580811e-01
3.384315669536590576e-01
3.393904864788055420e-01
3.357176482677459717e-01
3.329183757305145264e-01
3.315994739532470703e-01
3.323430418968200684e-01
3.324556946754455566e-01
3.308587670326232910e-01
3.285782933235168457e-01
3.222807943820953369e-01
3.213332295417785645e-01
3.170740306377410889e-01
3.211834728717803955e-01
3.174961805343627930e-01
3.170672059059143066e-01
3.156670928001403809e-01
3.186217844486236572e-01
3.109957873821258545e-01
3.116012215614318848e-01
3.069541752338409424e-01
3.091561496257781982e-01
3.091738522052764893e-01
3.048368990421295166e-01
3.104435801506042480e-01
3.093871772289276123e-01
3.041773438453674316e-01
3.056695163249969482e-01
3.055967986583709717e-01
3.007503151893615723e-01
3.024076223373413086e-01
3.002794384956359863e-01
2.999932169914245605e-01
2.998808622360229492e-01
2.950002253055572510e-01
2.932982146739959717e-01
2.941551208496093750e-01
2.948960661888122559e-01
2.949231863021850586e-01
2.925832271575927734e-01
2.921718955039978027e-01
2.909519672393798828e-01
2.925486862659454346e-01
2.875801622867584229e-01
2.865761816501617432e-01
2.884082794189453125e-01
2.894648611545562744e-01
2.832984924316406250e-01
2.830822467803955078e-01
2.826278209686279297e-01
2.805176377296447754e-01
2.836759090423583984e-01
2.845237851142883301e-01
2.867151498794555664e-01
2.796164751052856445e-01
2.846443653106689453e-01
2.796356976032257080e-01
2.779355943202972412e-01
2.781012058258056641e-01
2.766406834125518799e-01
2.738223373889923096e-01
2.739712595939636230e-01
2.736820876598358154e-01
2.741728127002716064e-01
2.724131941795349121e-01
2.785980105400085449e-01
2.721601724624633789e-01
2.717335522174835205e-01
2.681768834590911865e-01
2.700800299644470215e-01
2.731536924839019775e-01
2.688899040222167969e-01
2.677998542785644531e-01
2.662332057952880859e-01
2.668729126453399658e-01
2.675764560699462891e-01
2.682254612445831299e-01
2.633674144744873047e-01
2.598763704299926758e-01
2.619851529598236084e-01
2.627032697200775146e-01
2.595278620719909668e-01
2.621072232723236084e-01
2.619899213314056396e-01
2.587811648845672607e-01
2.596444487571716309e-01
2.590685784816741943e-01
2.618516087532043457e-01
2.623497247695922852e-01
2.563931345939636230e-01
2.576661705970764160e-01
2.575897276401519775e-01
2.546401023864746094e-01
2.540736496448516846e-01
2.545972466468811035e-01
2.569799125194549561e-01
2.526986598968505859e-01
2.529097497463226318e-01
2.502458989620208740e-01
2.501990497112274170e-01
2.517505586147308350e-01
2.547242045402526855e-01
2.502375841140747070e-01
2.520316243171691895e-01
2.476208209991455078e-01
2.476780265569686890e-01
2.497408688068389893e-01
2.480492442846298218e-01
2.454665005207061768e-01
2.484624981880187988e-01
2.445455938577651978e-01
2.443204373121261597e-01
2.435592859983444214e-01
2.451371252536773682e-01
2.452213764190673828e-01
2.461074292659759521e-01
2.448989301919937134e-01
2.412509620189666748e-01
2.422183603048324585e-01
2.395551204681396484e-01
2.435443401336669922e-01
2.381751239299774170e-01
2.440434992313385010e-01
2.413167953491210938e-01
2.391900122165679932e-01
2.419355958700180054e-01
2.441954165697097778e-01
2.404644042253494263e-01
2.361127436161041260e-01
2.369764745235443115e-01
2.360664010047912598e-01
2.354813963174819946e-01
2.377344965934753418e-01
2.344128191471099854e-01
2.347366064786911011e-01
2.331206500530242920e-01
2.321809977293014526e-01
2.339479029178619385e-01
2.334163784980773926e-01
2.335728406906127930e-01
2.303105145692825317e-01
2.339716255664825439e-01
2.302811890840530396e-01
2.312470078468322754e-01
2.289840728044509888e-01
2.310700714588165283e-01
2.287174463272094727e-01
2.314624488353729248e-01
2.290798276662826538e-01
2.289626300334930420e-01
2.294902056455612183e-01
2.274874299764633179e-01
2.266807556152343750e-01
2.266240417957305908e-01
2.252179086208343506e-01
2.402663379907608032e-01
2.268323004245758057e-01
2.261099964380264282e-01
2.234972566366195679e-01
2.252850830554962158e-01
2.220275551080703735e-01
2.242434620857238770e-01
2.242838293313980103e-01
2.230984717607498169e-01
2.247702181339263916e-01
2.237405031919479370e-01
2.226456999778747559e-01
2.215006947517395020e-01
2.223858237266540527e-01
2.216656804084777832e-01
2.201176434755325317e-01
2.214838713407516479e-01
2.207382321357727051e-01
2.234193831682205200e-01
2.200918644666671753e-01
2.205066680908203125e-01
2.186254560947418213e-01
2.153146564960479736e-01
2.182262688875198364e-01
2.181847095489501953e-01
2.162341475486755371e-01
2.162401825189590454e-01
2.176674753427505493e-01
2.169005870819091797e-01
2.156470865011215210e-01
2.167647778987884521e-01
2.177377790212631226e-01
2.146967649459838867e-01
2.162899971008300781e-01
2.161143273115158081e-01
2.169808894395828247e-01
2.143473625183105469e-01
2.156048566102981567e-01
2.134676873683929443e-01
2.155558764934539795e-01
2.126950472593307495e-01
2.132294178009033203e-01
2.105849683284759521e-01
2.121481448411941528e-01
2.106486409902572632e-01
2.119745016098022461e-01
2.104392051696777344e-01
2.110324949026107788e-01
2.120867222547531128e-01
2.099179476499557495e-01
2.091016173362731934e-01
2.085548639297485352e-01
2.079584896564483643e-01
2.086685150861740112e-01
2.079088687896728516e-01
2.087613940238952637e-01
2.081350684165954590e-01
2.093765288591384888e-01
2.079441100358963013e-01
2.056352198123931885e-01
2.060334533452987671e-01
2.069631665945053101e-01
2.056562304496765137e-01
2.062081247568130493e-01
2.040365040302276611e-01
2.072689980268478394e-01
2.068193107843399048e-01
2.035344690084457397e-01
2.040586918592453003e-01
2.045641839504241943e-01
2.058327943086624146e-01
2.031520307064056396e-01
2.043764293193817139e-01
2.040589898824691772e-01
2.055394798517227173e-01
2.013917267322540283e-01
2.026420980691909790e-01
2.025713771581649780e-01
2.023278623819351196e-01
2.036093026399612427e-01
1.989916712045669556e-01
2.013468593358993530e-01
2.002928107976913452e-01
1.998105198144912720e-01
2.011306136846542358e-01
1.988838464021682739e-01
2.006018757820129395e-01
2.941162288188934326e-01
2.914448082447052002e-01
2.933115959167480469e-01
2.890193760395050049e-01
2.922087311744689941e-01
2.923509180545806885e-01
2.913578152656555176e-01
2.867489159107208252e-01
2.914294004440307617e-01
2.913325428962707520e-01
2.893434166908264160e-01
2.892445027828216553e-01
2.869306504726409912e-01
2.883884012699127197e-01
2.862316966056823730e-01
2.870956063270568848e-01
2.840793728828430176e-01
2.887674272060394287e-01
2.871012389659881592e-01
2.861296236515045166e-01
2.845936715602874756e-01
2.830533087253570557e-01
2.872706055641174316e-01
2.823541462421417236e-01
2.806492149829864502e-01
2.827209234237670898e-01
2.834206223487854004e-01
2.810089886188507080e-01
2.812290787696838379e-01
2.820420861244201660e-01
2.840461730957031250e-01
2.843660414218902588e-01
2.845682501792907715e-01
2.803556025028228760e-01
2.827640771865844727e-01
2.796231508255004883e-01
2.792563140392303467e-01
2.797614634037017822e-01
2.778743207454681396e-01
2.809626460075378418e-01
2.766500413417816162e-01
2.778290212154388428e-01
2.788434922695159912e-01
2.751363217830657959e-01
2.801743149757385254e-01
2.739681899547576904e-01
2.761983275413513184e-01
2.754297554492950439e-01
2.752028405666351318e-01
2.757915854454040527e-01
2.777854502201080322e-01
2.748111486434936523e-01
2.780174016952514648e-01
2.717588245868682861e-01
2.734235525131225586e-01
2.743294835090637207e-01
2.778753638267517090e-01
2.734188139438629150e-01
2.747912108898162842e-01
2.725865840911865234e-01
2.715807855129241943e-01
2.711232602596282959e-01
2.717796862125396729e-01
2.742650508880615234e-01
2.702663838863372803e-01
2.694987952709197998e-01
2.690114378929138184e-01
2.691056132316589355e-01
2.703808844089508057e-01
2.695144116878509521e-01
2.715319991111755371e-01
2.736474573612213135e-01
2.692015171051025391e-01
2.708481848239898682e-01
2.677701115608215332e-01
2.722828090190887451e-01
2.694956064224243164e-01
2.711123824119567871e-01
2.644761204719543457e-01
2.674657404422760010e-01
2.696364223957061768e-01
2.699434161186218262e-01
2.669134140014648438e-01
2.666189372539520264e-01
2.673900723457336426e-01
2.673199474811553955e-01
2.672486901283264160e-01
2.687846422195434570e-01
2.640315294265747070e-01
2.651167809963226318e-01
2.657544314861297607e-01
2.661530971527099609e-01
2.640269398689270020e-01
2.651687860488891602e-01
2.632828056812286377e-01
2.656879425048828125e-01
2.657859027385711670e-01
2.634550333023071289e-01
2.649460434913635254e-01
2.645229399204254150e-01
2.645132839679718018e-01
2.599931359291076660e-01
2.602441608905792236e-01
2.600688934326171875e-01
2.594916522502899170e-01
2.628608644008636475e-01
2.597460746765136719e-01
2.586778700351715088e-01
2.599087357521057129e-01
2.592759132385253906e-01
2.606497704982757568e-01
2.606616914272308350e-01
2.610907852649688721e-01
2.606950998306274414e-01
2.576295733451843262e-01
2.611310482025146484e-01
2.615597248077392578e-01
2.578172683715820312e-01
2.602232992649078369e-01
2.566575706005096436e-01
2.567431330680847168e-01
2.552517652511596680e-01
2.568796575069427490e-01
2.531033158302307129e-01
2.559860944747924805e-01
2.576271593570709229e-01
2.580913305282592773e-01
2.571779489517211914e-01
2.611764371395111084e-01
2.586575746536254883e-01
2.563949227333068848e-01
2.536667883396148682e-01
2.546872794628143311e-01
2.577066421508789062e-01
2.566068172454833984e-01
2.549987733364105225e-01
2.564733326435089111e-01
2.555708289146423340e-01
2.559008300304412842e-01
2.562123239040374756e-01
2.579930126667022705e-01
2.565926313400268555e-01
2.523010373115539551e-01
2.520810663700103760e-01
2.558590471744537354e-01
2.530284523963928223e-01
2.520023584365844727e-01
2.525252401828765869e-01
2.520587742328643799e-01
2.521003782749176025e-01
2.536385357379913330e-01
2.523506283760070801e-01
2.526520192623138428e-01
2.510383129119873047e-01
2.499343454837799072e-01
2.551967501640319824e-01
2.492827475070953369e-01
2.521227300167083740e-01
2.517676353454589844e-01
2.507324218750000000e-01
2.450036853551864624e-01
2.520905733108520508e-01
2.503757476806640625e-01
2.535901069641113281e-01
2.522080838680267334e-01
2.515367567539215088e-01
2.514413893222808838e-01
2.509122192859649658e-01
2.466326355934143066e-01
2.511883676052093506e-01
2.480484545230865479e-01
2.499579787254333496e-01
2.498502731323242188e-01
2.505128085613250732e-01
2.477325052022933960e-01
2.484245300292968750e-01
2.501313090324401855e-01
2.509685754776000977e-01
2.482654899358749390e-01
2.479810118675231934e-01
2.456625998020172119e-01
2.502661347389221191e-01
2.471141964197158813e-01
2.458416074514389038e-01
2.473630309104919434e-01
2.521561384201049805e-01
2.463059872388839722e-01
2.476411610841751099e-01
2.464738339185714722e-01
2.458593696355819702e-01
2.470877468585968018e-01
2.471552044153213501e-01
2.451278418302536011e-01
2.461562007665634155e-01
2.476390749216079712e-01
2.491261065006256104e-01
2.459888607263565063e-01
2.457445412874221802e-01
2.444549947977066040e-01
2.422104179859161377e-01
2.461574226617813110e-01
2.465367168188095093e-01
2.439633458852767944e-01
2.459028512239456177e-01
2.488164901733398438e-01
2.438052743673324585e-01
2.435782700777053833e-01
2.428953051567077637e-01
2.431806474924087524e-01
2.425749748945236206e-01
2.446738779544830322e-01
2.459495067596435547e-01
2.420071959495544434e-01
2.412474751472473145e-01
2.436105459928512573e-01
2.419014722108840942e-01
2.427234500646591187e-01
2.437796890735626221e-01
2.416608631610870361e-01
2.421605437994003296e-01
2.414175719022750854e-01
2.430231273174285889e-01
2.448424994945526123e-01
2.431218922138214111e-01
2.420493662357330322e-01
2.458436638116836548e-01
2.419546991586685181e-01
2.419314086437225342e-01
2.408202588558197021e-01
2.390094846487045288e-01
2.421410232782363892e-01
2.397113442420959473e-01
2.407337725162506104e-01
2.400611788034439087e-01
2.416257113218307495e-01
2.422262281179428101e-01
2.395745962858200073e-01
2.424638718366622925e-01
2.384271323680877686e-01
2.405229061841964722e-01
2.411843985319137573e-01
2.414564639329910278e-01
2.409101724624633789e-01
2.405088543891906738e-01
2.405239641666412354e-01
2.404784560203552246e-01
2.388611137866973877e-01
2.403883785009384155e-01
2.402174323797225952e-01
2.391007840633392334e-01
2.400571256875991821e-01
2.389233857393264771e-01
2.397019118070602417e-01
2.376183271408081055e-01
2.378145307302474976e-01
2.377961874008178711e-01
2.390230000019073486e-01
2.392724305391311646e-01
2.379595786333084106e-01
2.402299046516418457e-01
2.379645407199859619e-01
2.389387339353561401e-01
2.385518550872802734e-01
2.418728023767471313e-01
2.368352711200714111e-01
2.365669161081314087e-01
2.364979386329650879e-01
2.370037883520126343e-01
2.354813069105148315e-01
2.417116612195968628e-01
2.372174561023712158e-01
2.379405349493026733e-01
2.341308593750000000e-01
2.356759905815124512e-01
2.368552982807159424e-01
2.395424097776412964e-01
2.359246164560317993e-01
2.372233271598815918e-01
2.352749109268188477e-01
2.385193854570388794e-01
2.370171695947647095e-01
2.364675551652908325e-01
2.359744757413864136e-01
2.366845458745956421e-01
2.379526793956756592e-01
2.395537048578262329e-01
2.360736578702926636e-01
2.387105375528335571e-01
2.351948171854019165e-01
2.344809323549270630e-01
2.373048514127731323e-01
2.332574427127838135e-01
2.325805276632308960e-01
2.351733297109603882e-01
2.364677935838699341e-01
2.340199798345565796e-01
2.346416413784027100e-01
2.368385493755340576e-01
2.322236597537994385e-01
2.362146228551864624e-01
2.337471842765808105e-01
2.361624091863632202e-01
2.337873280048370361e-01
2.359656542539596558e-01
2.326820343732833862e-01
2.331348210573196411e-01
2.296298444271087646e-01
2.308893799781799316e-01
2.367404103279113770e-01
2.368008792400360107e-01
2.341512143611907959e-01
2.340330034494400024e-01
2.340322136878967285e-01
2.350659668445587158e-01
2.337600588798522949e-01
2.336255759000778198e-01
2.333149760961532593e-01
2.340973168611526489e-01
2.343202531337738037e-01
2.332637161016464233e-01
2.316128760576248169e-01
2.338099330663681030e-01
2.332756519317626953e-01
2.334895133972167969e-01
2.295476943254470825e-01
2.332046478986740112e-01
2.305765002965927124e-01
2.310782074928283691e-01
2.314130812883377075e-01
2.311605364084243774e-01
2.334396094083786011e-01
2.329529225826263428e-01
2.337687611579895020e-01
2.334066629409790039e-01
2.322492897510528564e-01
2.307089418172836304e-01
2.288554608821868896e-01
2.295595258474349976e-01
2.321200966835021973e-01
2.310347408056259155e-01
2.295029759407043457e-01
2.328340858221054077e-01
2.317834645509719849e-01
2.336973398923873901e-01
2.303688377141952515e-01
2.325107157230377197e-01
2.315553426742553711e-01
2.301257550716400146e-01
2.325380593538284302e-01
2.298302203416824341e-01
2.327271997928619385e-01
2.304488122463226318e-01
2.331666201353073120e-01
2.321310341358184814e-01
2.312684208154678345e-01
2.295795381069183350e-01
2.303035706281661987e-01
2.277163267135620117e-01
2.314384430646896362e-01
2.299297153949737549e-01
2.312194406986236572e-01
2.299121618270874023e-01
2.275020033121109009e-01
2.305326014757156372e-01
2.311611026525497437e-01
2.313897907733917236e-01
2.298274934291839600e-01
2.304482311010360718e-01
2.278540581464767456e-01
2.295310795307159424e-01
2.264916151762008667e-01
2.289198935031890869e-01
2.279042601585388184e-01
2.292742133140563965e-01
2.286944389343261719e-01
2.273056209087371826e-01
2.279399484395980835e-01
2.242542207241058350e-01
2.278096079826354980e-01
2.302503883838653564e-01
2.274748384952545166e-01
2.282162755727767944e-01
2.307640463113784790e-01
2.280495464801788330e-01
2.266204953193664551e-01
2.276327908039093018e-01
2.266367673873901367e-01
2.277857661247253418e-01
2.263985276222229004e-01
2.285739034414291382e-01
2.255868762731552124e-01
2.259673476219177246e-01
2.273282706737518311e-01
2.281160801649093628e-01
2.260894477367401123e-01
2.266044169664382935e-01
2.271090745925903320e-01
2.258571982383728027e-01
2.254526019096374512e-01
2.263399213552474976e-01
2.259456515312194824e-01
2.254653424024581909e-01
2.261146008968353271e-01
2.281570434570312500e-01
2.264147549867630005e-01
2.246537357568740845e-01
2.240715026855468750e-01
2.253901064395904541e-01
2.264892309904098511e-01
2.232004553079605103e-01
2.248824387788772583e-01
2.242951393127441406e-01
2.250350266695022583e-01
2.223253697156906128e-01
2.239708900451660156e-01
2.251984179019927979e-01
2.265828698873519897e-01
2.277323752641677856e-01
2.252551764249801636e-01
2.256408482789993286e-01
2.245355993509292603e-01
2.255629897117614746e-01
2.233048379421234131e-01
2.240574806928634644e-01
2.234419882297515869e-01
2.249478250741958618e-01
2.249308079481124878e-01
2.251994162797927856e-01
2.273718714714050293e-01
2.257369458675384521e-01
2.257724106311798096e-01
2.268934547901153564e-01
2.251803874969482422e-01
2.270217984914779663e-01
2.228607982397079468e-01
2.276904433965682983e-01
2.243229150772094727e-01
2.250277698040008545e-01
2.271314263343811035e-01
2.243052124977111816e-01
2.245755493640899658e-01
2.256035357713699341e-01
2.257474213838577271e-01
2.228115350008010864e-01
2.198778539896011353e-01
2.246847152709960938e-01
2.238626927137374878e-01
2.216904759407043457e-01
2.253814935684204102e-01
2.217664271593093872e-01
2.238004058599472046e-01
2.224973291158676147e-01
2.213996797800064087e-01
2.215202897787094116e-01
2.259104251861572266e-01
2.221078127622604370e-01
2.237769663333892822e-01
2.216878235340118408e-01
2.225082218647003174e-01
2.213108688592910767e-01
2.214632630348205566e-01
2.239761054515838623e-01
2.228327989578247070e-01
2.213321626186370850e-01
2.245552539825439453e-01
2.232390344142913818e-01
2.201754301786422729e-01
2.222390919923782349e-01
2.207051068544387817e-01
2.232152372598648071e-01
2.199939787387847900e-01
2.242526710033416748e-01
2.223579436540603638e-01
2.218968570232391357e-01
2.213698774576187134e-01
2.226954847574234009e-01
2.217842489480972290e-01
2.217536121606826782e-01
2.219269573688507080e-01
2.223412096500396729e-01
2.229607403278350830e-01
2.203330546617507935e-01
2.206563651561737061e-01
2.223442494869232178e-01
2.244834303855895996e-01
2.208953648805618286e-01
2.213341444730758667e-01
2.222017943859100342e-01
2.232889235019683838e-01
2.210636734962463379e-01
2.220609486103057861e-01
2.233719229698181152e-01
2.229805290699005127e-01
2.201506793498992920e-01
2.207918018102645874e-01
2.223421186208724976e-01
2.192812561988830566e-01
2.219192981719970703e-01
2.210752964019775391e-01
2.206289172172546387e-01
2.187480330467224121e-01
2.211345434188842773e-01
2.183623015880584717e-01
2.175775915384292603e-01
2.212927490472793579e-01
2.195596247911453247e-01
2.206984609365463257e-01
2.213003784418106079e-01
2.186801284551620483e-01
2.200142443180084229e-01
2.228863239288330078e-01
2.219302505254745483e-01
2.194824516773223877e-01
2.197251766920089722e-01
2.196714282035827637e-01
2.210692167282104492e-01
2.204635739326477051e-01
2.201719284057617188e-01
2.218126058578491211e-01
2.194635123014450073e-01
2.189844995737075806e-01
2.204712331295013428e-01
2.201061993837356567e-01
2.183094769716262817e-01
2.184276282787322998e-01
2.205401510000228882e-01
2.218573838472366333e-01
2.199693620204925537e-01
2.187341749668121338e-01
2.186533957719802856e-01
2.168472111225128174e-01
2.180251479148864746e-01
2.207802087068557739e-01
2.172659933567047119e-01
2.184652239084243774e-01
2.205611765384674072e-01
2.182868421077728271e-01
2.196616530418395996e-01
2.184882014989852905e-01
2.207155823707580566e-01
2.198005765676498413e-01
2.200859785079956055e-01
2.199084758758544922e-01
2.167584300041198730e-01
2.176699042320251465e-01
2.194364666938781738e-01
2.169567197561264038e-01
2.189371585845947266e-01
2.175651937723159790e-01
2.170218825340270996e-01
2.169403284788131714e-01
2.191335856914520264e-01
2.162129282951354980e-01
2.171203792095184326e-01
2.170552909374237061e-01
2.170469611883163452e-01
2.193612009286880493e-01
2.190088927745819092e-01
2.165330350399017334e-01
2.150974720716476440e-01
2.168046236038208008e-01
2.181833535432815552e-01
2.169247567653656006e-01
2.198685556650161743e-01
2.173766344785690308e-01
2.177845090627670288e-01
2.184719741344451904e-01
2.165649533271789551e-01
2.187802791595458984e-01
2.183927297592163086e-01
2.140346765518188477e-01
2.166685014963150024e-01
2.178021818399429321e-01
2.154704183340072632e-01
2.174625843763351440e-01
2.165419608354568481e-01
2.176428735256195068e-01
2.158292979001998901e-01
2.160033285617828369e-01
2.162044197320938110e-01
2.182060033082962036e-01
2.149835824966430664e-01
2.189907431602478027e-01
2.167361825704574585e-01
2.162337899208068848e-01
2.160453349351882935e-01
2.171755135059356689e-01
2.156778723001480103e-01
2.179727703332901001e-01
2.151321023702621460e-01
2.125113606452941895e-01
2.169737219810485840e-01
2.141143530607223511e-01
2.140860110521316528e-01
2.165381163358688354e-01
2.169176340103149414e-01
2.184193730354309082e-01
2.177831083536148071e-01
2.151831686496734619e-01
2.139054536819458008e-01
2.146397680044174194e-01
2.163813710212707520e-01
2.159954458475112915e-01
2.148971557617187500e-01
2.146613746881484985e-01
2.149924933910369873e-01
2.152411937713623047e-01
2.161177694797515869e-01
2.148271650075912476e-01
2.151111662387847900e-01
2.140772640705108643e-01
2.161560952663421631e-01
2.141371965408325195e-01
2.145414948463439941e-01
2.159859389066696167e-01
2.168935239315032959e-01
2.159647941589355469e-01
2.143970727920532227e-01
2.126139402389526367e-01
2.158935666084289551e-01
2.146144509315490723e-01
2.138130068778991699e-01
2.151895165443420410e-01
2.139466702938079834e-01
2.150114476680755615e-01
2.196664959192276001e-01
2.141400128602981567e-01
2.162228524684906006e-01
2.153377979993820190e-01
2.135673165321350098e-01
2.145154476165771484e-01
2.152735143899917603e-01
2.136256247758865356e-01
2.146994322538375854e-01
2.140032798051834106e-01
2.137764990329742432e-01
2.149133235216140747e-01
2.147586643695831299e-01
2.126764804124832153e-01
2.162085920572280884e-01
2.117017507553100586e-01
2.129818648099899292e-01
2.150803804397583008e-01
2.122845351696014404e-01
2.127813249826431274e-01
2.148428410291671753e-01
2.149239480495452881e-01
2.140319347381591797e-01
2.124453037977218628e-01
2.142475694417953491e-01
2.124893963336944580e-01
2.135342657566070557e-01
2.126532644033432007e-01
2.118236273527145386e-01
2.132407426834106445e-01
2.123323082923889160e-01
2.137339711189270020e-01
2.130074352025985718e-01
2.111952453851699829e-01
2.130213975906372070e-01
2.146967202425003052e-01
2.154015600681304932e-01
2.110560238361358643e-01
2.108635157346725464e-01
2.118787169456481934e-01
2.141941487789154053e-01
2.118670046329498291e-01
2.121528387069702148e-01
2.108402103185653687e-01
2.106285393238067627e-01
2.124679386615753174e-01
2.141936272382736206e-01
2.116404771804809570e-01
2.124425917863845825e-01
2.106576561927795410e-01
2.109638750553131104e-01
2.107656300067901611e-01
2.114481031894683838e-01
2.137785106897354126e-01
2.097246497869491577e-01
2.146154046058654785e-01
2.123737335205078125e-01
2.122902423143386841e-01
2.108865231275558472e-01
2.127858251333236694e-01
2.151221632957458496e-01
2.119347304105758667e-01
2.106094658374786377e-01
2.116110324859619141e-01
2.113095670938491821e-01
2.133449763059616089e-01
2.104733735322952271e-01
2.103072553873062134e-01
2.132642567157745361e-01
2.116104811429977417e-01
2.098768949508666992e-01
2.120990604162216187e-01
2.112746983766555786e-01
2.106584608554840088e-01
2.104935497045516968e-01
2.106065303087234497e-01
2.101471722126007080e-01
2.110538631677627563e-01
2.103389799594879150e-01
2.117191553115844727e-01
2.108492553234100342e-01
2.111339718103408813e-01
2.084706574678421021e-01
2.115493267774581909e-01
2.098413407802581787e-01
2.079208195209503174e-01
2.122114598751068115e-01
2.064036875963211060e-01
2.101821601390838623e-01
2.081330716609954834e-01
2.111640721559524536e-01
2.106664031744003296e-01
2.079642564058303833e-01
2.105706036090850830e-01
2.103949636220932007e-01
2.080911248922348022e-01
2.116076499223709106e-01
2.096523344516754150e-01
2.091275006532669067e-01
2.074850797653198242e-01
2.109494954347610474e-01
2.089326828718185425e-01
2.114382535219192505e-01
2.111907899379730225e-01
2.084655612707138062e-01
2.119490206241607666e-01
2.123300433158874512e-01
2.095836251974105835e-01
2.081980705261230469e-01
2.114143222570419312e-01
2.080458104610443115e-01
2.098693698644638062e-01
2.098845839500427246e-01
2.099934667348861694e-01
2.100714594125747681e-01
2.107057422399520874e-01
2.112063318490982056e-01
2.098333984613418579e-01
2.092332094907760620e-01
2.129168808460235596e-01
2.087672352790832520e-01
2.085363119840621948e-01
2.090434879064559937e-01
2.091798931360244751e-01
2.086644619703292847e-01
2.082381993532180786e-01
2.089975476264953613e-01
2.083093523979187012e-01
2.079741358757019043e-01
2.090827226638793945e-01
2.067776769399642944e-01
2.074855566024780273e-01
2.093395739793777466e-01
2.106980532407760620e-01
2.078179121017456055e-01
2.079330980777740479e-01
2.071000337600708008e-01
2.088889181613922119e-01
2.061834633350372314e-01
2.072741836309432983e-01
2.089037299156188965e-01
2.070464491844177246e-01
2.084458768367767334e-01
2.090011239051818848e-01
2.039411365985870361e-01
2.063793390989303589e-01
2.079251110553741455e-01
2.060275673866271973e-01
2.080243676900863647e-01
2.118746191263198853e-01
2.066325694322586060e-01
2.066185772418975830e-01
2.084318101406097412e-01
2.091787457466125488e-01
2.066357135772705078e-01
2.086377739906311035e-01
2.079151719808578491e-01
2.063850760459899902e-01
2.074781358242034912e-01
2.036672681570053101e-01
2.097658962011337280e-01
2.094536870718002319e-01
2.068084776401519775e-01
2.072752863168716431e-01
2.076540440320968628e-01
2.064057290554046631e-01
2.078990638256072998e-01
2.059779763221740723e-01
2.086597084999084473e-01
2.073805481195449829e-01
2.090381085872650146e-01
2.061943262815475464e-01
2.061871737241744995e-01
2.079920768737792969e-01
2.091702520847320557e-01
2.064253687858581543e-01
2.071599960327148438e-01
2.086111307144165039e-01
2.040997594594955444e-01
2.056751698255538940e-01
2.041226774454116821e-01
2.085656821727752686e-01
2.056299000978469849e-01
2.066768705844879150e-01
2.050582170486450195e-01
2.060519009828567505e-01
2.078382223844528198e-01
2.033996582031250000e-01
2.066860646009445190e-01
2.067329287528991699e-01
2.115835994482040405e-01
2.065930366516113281e-01
2.042222321033477783e-01
2.043351083993911743e-01
2.051764130592346191e-01
2.077574282884597778e-01
2.082173228263854980e-01
2.048495560884475708e-01
2.068758159875869751e-01
2.055306136608123779e-01
2.063723057508468628e-01
2.030143737792968750e-01
2.053068578243255615e-01
2.058376222848892212e-01
2.065379470586776733e-01
2.060781866312026978e-01
2.054970115423202515e-01
2.060483992099761963e-01
2.062267959117889404e-01
2.044793665409088135e-01
2.049738168716430664e-01
2.047470957040786743e-01
2.049430906772613525e-01
2.045837193727493286e-01
2.041676789522171021e-01
2.046933174133300781e-01
2.024498879909515381e-01
2.044927030801773071e-01
2.082075625658035278e-01
2.069100588560104370e-01
2.051074653863906860e-01
2.071693539619445801e-01
2.043278217315673828e-01
2.038812935352325439e-01
2.049420326948165894e-01
2.041863948106765747e-01
2.039985805749893188e-01
2.036737203598022461e-01
2.024225592613220215e-01
2.046900838613510132e-01
2.039829194545745850e-01
2.028803825378417969e-01
2.011818140745162964e-01
2.033898532390594482e-01
2.030185163021087646e-01
2.029750794172286987e-01
2.048476189374923706e-01
2.048502266407012939e-01
2.025968432426452637e-01
2.041381001472473145e-01
2.051958143711090088e-01
2.046060413122177124e-01
2.029726654291152954e-01
2.048259079456329346e-01
2.060644924640655518e-01
2.054541558027267456e-01
2.024121731519699097e-01
2.032365798950195312e-01
2.012225836515426636e-01
2.029592692852020264e-01
2.041198909282684326e-01
2.034848481416702271e-01
2.068420499563217163e-01
2.060865610837936401e-01
2.015357315540313721e-01
2.062498778104782104e-01
2.045892477035522461e-01
2.054061889648437500e-01
2.021359503269195557e-01
2.049739807844161987e-01
2.024792730808258057e-01
2.068056613206863403e-01
2.031246423721313477e-01
2.034367024898529053e-01
2.037066370248794556e-01
2.009245902299880981e-01
2.028422951698303223e-01
2.032728642225265503e-01
2.040740847587585449e-01
2.023137360811233521e-01
2.046546638011932373e-01
2.040740251541137695e-01
2.023337185382843018e-01
2.021637111902236938e-01
2.035711854696273804e-01
2.016224563121795654e-01
2.040867656469345093e-01
2.035336345434188843e-01
2.020283043384552002e-01
2.034246772527694702e-01
2.028218805789947510e-01
2.008393108844757080e-01
2.048817723989486694e-01
1.996071636676788330e-01
2.006837725639343262e-01
2.030423432588577271e-01
2.017415314912796021e-01
1.997323483228683472e-01
2.027690410614013672e-01
2.021660059690475464e-01
2.018218487501144409e-01
2.012378126382827759e-01
2.004639953374862671e-01
2.031507790088653564e-01
2.011757045984268188e-01
2.027494460344314575e-01
2.024641185998916626e-01
2.008910626173019409e-01
1.998234391212463379e-01
2.044435292482376099e-01
2.041461616754531860e-01
2.047272175550460815e-01
2.008688598871231079e-01
2.027035206556320190e-01
2.033894360065460205e-01
2.003852427005767822e-01
2.018090486526489258e-01
1.995669752359390259e-01
2.040022909641265869e-01
2.034384161233901978e-01
2.012004703283309937e-01
2.032270729541778564e-01
2.012058049440383911e-01
2.019488662481307983e-01
2.012587636709213257e-01
1.996611356735229492e-01
1.998886317014694214e-01
1.998780518770217896e-01
2.036655396223068237e-01
2.023046016693115234e-01
2.017669230699539185e-01
2.029071152210235596e-01
2.052418291568756104e-01
1.981336921453475952e-01
1.977271288633346558e-01
2.032890319824218750e-01
1.998008638620376587e-01
2.023914307355880737e-01
1.980231255292892456e-01
2.013920843601226807e-01
2.021539658308029175e-01
2.022778689861297607e-01
2.006123811006546021e-01
1.982623189687728882e-01
1.990866959095001221e-01
2.001858204603195190e-01
1.996712237596511841e-01
2.025120407342910767e-01
1.991825997829437256e-01
1.987907290458679199e-01
1.992798447608947754e-01
2.012506276369094849e-01
2.014493644237518311e-01
2.009340226650238037e-01
1.988938152790069580e-01
1.996010243892669678e-01
1.992398649454116821e-01
2.016717493534088135e-01
2.016392797231674194e-01
2.004630863666534424e-01
1.998609155416488647e-01
2.002063691616058350e-01
1.995492428541183472e-01
1.994018405675888062e-01
2.008786499500274658e-01
2.013667225837707520e-01
1.986674070358276367e-01
2.010205537080764771e-01
2.005506455898284912e-01
1.990777254104614258e-01
1.994570046663284302e-01
1.992922425270080566e-01
1.978194415569305420e-01
1.984658390283584595e-01
1.991021037101745605e-01
2.000672668218612671e-01
1.991472095251083374e-01
2.000601887702941895e-01
1.990687102079391479e-01
2.010767310857772827e-01
2.017741799354553223e-01
2.001422047615051270e-01
2.001388818025588989e-01
1.990923732519149780e-01
1.981601566076278687e-01
1.998272240161895752e-01
2.014870196580886841e-01
1.978419572114944458e-01
1.987246125936508179e-01
2.024584561586380005e-01
1.997839361429214478e-01
1.990461796522140503e-01
2.004040628671646118e-01
1.987979561090469360e-01
1.972786337137222290e-01
2.030349820852279663e-01
1.997419595718383789e-01
1.954027712345123291e-01
2.001676261425018311e-01
1.978029161691665649e-01
1.988101303577423096e-01
1.975863277912139893e-01
1.990985572338104248e-01
1.968581080436706543e-01
1.979327201843261719e-01
1.990325450897216797e-01
1.985289156436920166e-01
2.004821896553039551e-01
2.002641856670379639e-01
1.965477615594863892e-01
1.969525516033172607e-01
1.989239752292633057e-01
2.006935328245162964e-01
1.998828649520874023e-01
1.989542990922927856e-01
1.975362598896026611e-01
1.995482593774795532e-01
1.972901672124862671e-01
1.988659352064132690e-01
1.986544877290725708e-01
2.001662105321884155e-01
1.988663077354431152e-01
1.967403143644332886e-01
1.963211447000503540e-01
2.010881304740905762e-01
1.965090334415435791e-01
1.975866854190826416e-01
2.002528607845306396e-01
1.990115046501159668e-01
1.994916647672653198e-01
1.975136697292327881e-01
1.999951153993606567e-01
1.976244300603866577e-01
1.976456791162490845e-01
1.983965337276458740e-01
1.946777254343032837e-01
1.968880295753479004e-01
1.976417005062103271e-01
1.970101743936538696e-01
1.965766996145248413e-01
1.955420374870300293e-01
1.984158009290695190e-01
1.983231604099273682e-01
1.982255429029464722e-01
1.986633986234664917e-01
1.956918388605117798e-01
1.974573731422424316e-01
1.968934684991836548e-01
1.982282996177673340e-01
1.983463317155838013e-01
1.961240023374557495e-01
1.981581449508666992e-01
1.972445845603942871e-01
1.952359080314636230e-01
1.942298412322998047e-01
1.951318830251693726e-01
1.959661096334457397e-01
1.980618089437484741e-01
1.984809488058090210e-01
1.985086798667907715e-01
1.976202428340911865e-01
1.947763115167617798e-01
1.955414712429046631e-01
1.969498097896575928e-01
1.990561038255691528e-01
1.951967030763626099e-01
1.979260742664337158e-01
1.972603648900985718e-01
1.957077831029891968e-01
1.960258781909942627e-01
1.967982351779937744e-01
1.974275261163711548e-01
1.961089819669723511e-01
1.983441263437271118e-01
1.970322430133819580e-01
1.948587596416473389e-01
1.982102245092391968e-01
1.953112930059432983e-01
1.984114199876785278e-01
1.970798522233963013e-01
1.947247087955474854e-01
1.958148330450057983e-01
1.962668895721435547e-01
1.963524222373962402e-01
1.969643831253051758e-01
1.983437091112136841e-01
1.956178545951843262e-01
1.931431740522384644e-01
1.987725645303726196e-01
1.977421939373016357e-01
1.965908706188201904e-01
1.969732791185379028e-01
1.943420022726058960e-01
1.937481611967086792e-01
1.971515566110610962e-01
1.947478204965591431e-01
1.972048580646514893e-01
1.941870003938674927e-01
1.966443806886672974e-01
1.954240351915359497e-01
1.933474242687225342e-01
1.949920058250427246e-01
1.924536824226379395e-01
1.965070664882659912e-01
1.951231360435485840e-01
1.940572857856750488e-01
1.950820982456207275e-01
1.948904544115066528e-01
1.956756711006164551e-01
1.947272270917892456e-01
1.965418308973312378e-01
1.940978616476058960e-01
1.983079165220260620e-01
1.940361410379409790e-01
1.959035396575927734e-01
1.953504085540771484e-01
1.933532208204269409e-01
1.965421885251998901e-01
1.968145370483398438e-01
1.957355737686157227e-01
1.936289817094802856e-01
1.960696578025817871e-01
1.958249062299728394e-01
1.952605843544006348e-01
1.931504607200622559e-01
1.930765509605407715e-01
1.934388428926467896e-01
1.952678412199020386e-01
1.934923231601715088e-01
1.947034150362014771e-01
1.952641010284423828e-01
1.950379610061645508e-01
1.964851319789886475e-01
1.959117203950881958e-01
1.960125416517257690e-01
1.948274672031402588e-01
1.916326135396957397e-01
1.960267871618270874e-01
1.957253962755203247e-01
1.958083510398864746e-01
1.925393939018249512e-01
1.936775594949722290e-01
1.916476339101791382e-01
1.945529878139495850e-01
1.949271559715270996e-01
1.957124918699264526e-01
1.953655481338500977e-01
1.939867883920669556e-01
1.920423954725265503e-01
1.955763101577758789e-01
1.914561837911605835e-01
1.926791816949844360e-01
1.915855109691619873e-01
1.943901330232620239e-01
1.938643008470535278e-01
1.939021199941635132e-01
1.939085423946380615e-01
1.925932168960571289e-01
1.954307705163955688e-01
1.964604258537292480e-01
1.900499314069747925e-01
1.926076710224151611e-01
1.954036653041839600e-01
1.924830526113510132e-01
1.932223439216613770e-01
1.942339390516281128e-01
1.932477205991744995e-01
1.944069266319274902e-01
1.941242367029190063e-01
1.921088844537734985e-01
1.926108002662658691e-01
1.940791904926300049e-01
1.942930221557617188e-01
1.962204128503799438e-01
1.920610815286636353e-01
1.941474378108978271e-01
1.922194212675094604e-01
1.940929144620895386e-01
1.932125687599182129e-01
1.920722573995590210e-01
1.944365352392196655e-01
1.933911591768264771e-01
1.950672119855880737e-01
1.955787688493728638e-01
1.969810277223587036e-01
