1.234876287579536491e+00
9.723853284120559382e-01
8.485942167043686313e-01
8.001644295454025668e-01
7.684095358848571644e-01
7.170452207326889482e-01
7.038315874338150202e-01
6.690807521343231645e-01
6.560529518127441451e-01
6.506546258926391157e-01
6.431995338201522694e-01
6.419608992338180498e-01
6.297856760025024592e-01
6.381551098823546875e-01
5.826117810606956660e-01
5.739141219854354548e-01
5.904167518019676208e-01
5.934740042686462713e-01
5.836608609557152327e-01
5.807472243905067444e-01
5.732729932665825423e-01
5.343594366312026667e-01
5.170621198415755737e-01
5.447054007649421159e-01
5.311053967475891646e-01
5.382192233204841081e-01
5.447780239582061812e-01
5.428401210904121310e-01
5.432603648304938915e-01
5.456704792380332458e-01
5.414891107380390700e-01
5.080701768398284690e-01
4.893186058104038172e-01
4.462818790972232774e-01
4.620290736854076319e-01
2.395581544190645285e-01
2.592749626189470025e-01
2.335713823884725537e-01
2.567448245733976453e-01
2.632799928635358722e-01
2.639615809544920699e-01
2.916786417365074269e-01
1.401160343736410074e-01
1.592271881923079391e-01
1.660414130985736758e-01
1.671884615346789227e-01
1.787589375674724645e-01
1.694574063643813078e-01
1.972241017222404469e-01
1.056579352542758032e-01
9.926066825166345031e-02
1.068138970527797993e-01
1.423862072639167364e-01
1.305228538811206707e-01
1.446427045203745321e-01
1.559990787506103649e-01
9.682846598327160548e-02
9.745632695034146808e-02
8.878205087501556125e-02
1.074428571388125475e-01
1.148695644736290045e-01
1.099846252240240518e-01
1.111697269044816527e-01
8.205198406241834275e-02
7.776940236799419204e-02
9.992929409258068107e-02
7.515213905833662000e-02
9.703384840860962424e-02
9.366805786266922673e-02
1.016996941901743418e-01
7.634761491324752736e-02
6.965531039517372514e-02
7.307243314571679194e-02
8.402609197422862553e-02
9.979079205542802644e-02
1.062955782935023352e-01
9.673616847954689957e-02
9.115979686379432900e-02
8.274553473107516821e-02
7.838643603958189710e-02
8.366132162977009401e-02
9.774881856516003109e-02
8.512545622885227259e-02
9.565990563482046349e-02
6.508615336613729485e-02
6.525104389758780432e-02
5.771898751379921783e-02
6.363514440599829514e-02
9.133967852219938843e-02
8.352587013505399782e-02
8.457714103278704543e-02
6.914252215065061491e-02
5.372595677617937604e-02
8.031353060156107282e-02
6.357326146215200313e-02
6.444847430102526586e-02
8.659784118644893447e-02
8.976019059773535091e-02
7.938251900486648083e-02
7.083481955807656438e-02
5.812523041851818534e-02
7.470778724644333568e-02
6.765806088689714504e-02
6.882383309537544458e-02
7.279595389263704419e-02
