8.786188364028930664e-01
8.701034188270568848e-01
8.618088960647583008e-01
8.521419763565063477e-01
8.425877094268798828e-01
8.320710659027099609e-01
8.188908696174621582e-01
8.060045242309570312e-01
7.889130711555480957e-01
7.696610689163208008e-01
7.496504187583923340e-01
7.265452742576599121e-01
7.022051215171813965e-01
6.772948503494262695e-01
6.460314393043518066e-01
6.148151159286499023e-01
5.933574438095092773e-01
5.530536174774169922e-01
5.289101004600524902e-01
5.153199434280395508e-01
4.706321358680725098e-01
4.602810442447662354e-01
4.540338814258575439e-01
4.438338875770568848e-01
4.525806307792663574e-01
4.550392031669616699e-01
4.541832804679870605e-01
4.411853551864624023e-01
4.341343045234680176e-01
4.290434718132019043e-01
4.248858988285064697e-01
4.210397899150848389e-01
4.019510447978973389e-01
4.038808941841125488e-01
3.999895453453063965e-01
4.021898508071899414e-01
4.094515740871429443e-01
3.966425657272338867e-01
3.997688293457031250e-01
3.822128176689147949e-01
3.846664130687713623e-01
3.850046098232269287e-01
3.792726993560791016e-01
3.687094748020172119e-01
3.809749782085418701e-01
3.670280575752258301e-01
3.674958348274230957e-01
3.623726367950439453e-01
3.614661693572998047e-01
3.553927242755889893e-01
3.567929267883300781e-01
3.542771041393280029e-01
3.490070104598999023e-01
3.488952517509460449e-01
3.524312674999237061e-01
3.465770483016967773e-01
3.416573107242584229e-01
3.478708863258361816e-01
3.402588665485382080e-01
3.416976928710937500e-01
3.390828967094421387e-01
3.365884125232696533e-01
3.368892073631286621e-01
3.342150151729583740e-01
3.318268060684204102e-01
3.365575671195983887e-01
3.294389545917510986e-01
3.301696181297302246e-01
3.279094099998474121e-01
3.229037225246429443e-01
3.218369781970977783e-01
3.231137692928314209e-01
3.246777653694152832e-01
3.239481449127197266e-01
3.188471794128417969e-01
3.160147070884704590e-01
3.183957040309906006e-01
3.156104087829589844e-01
3.148570656776428223e-01
3.162433505058288574e-01
3.130055963993072510e-01
3.117581307888031006e-01
3.104017972946166992e-01
3.128130435943603516e-01
3.048703074455261230e-01
3.075146973133087158e-01
3.058184087276458740e-01
3.048130273818969727e-01
3.053466081619262695e-01
3.008123934268951416e-01
3.033215999603271484e-01
3.003861010074615479e-01
2.981787919998168945e-01
2.969467937946319580e-01
2.955966591835021973e-01
2.978962659835815430e-01
2.932507991790771484e-01
2.986943721771240234e-01
2.966766953468322754e-01
2.921029627323150635e-01
2.951497137546539307e-01
2.946617007255554199e-01
2.904343605041503906e-01
2.920003831386566162e-01
2.903177738189697266e-01
2.916593551635742188e-01
2.902185022830963135e-01
2.880734801292419434e-01
2.835912108421325684e-01
2.859483361244201660e-01
2.900525033473968506e-01
2.853900194168090820e-01
2.834097146987915039e-01
2.787151932716369629e-01
2.808790206909179688e-01
2.791404128074645996e-01
2.781227231025695801e-01
2.780019044876098633e-01
2.789112925529479980e-01
2.777749300003051758e-01
2.764273285865783691e-01
2.736016213893890381e-01
2.739709019660949707e-01
2.760683298110961914e-01
2.720383107662200928e-01
2.768910527229309082e-01
2.721744179725646973e-01
2.733901739120483398e-01
2.706391215324401855e-01
2.715352177619934082e-01
2.683402895927429199e-01
2.737329006195068359e-01
2.685777842998504639e-01
2.679948508739471436e-01
2.653993368148803711e-01
2.665131092071533203e-01
2.644207477569580078e-01
2.633692920207977295e-01
2.649662196636199951e-01
2.633372247219085693e-01
2.638444900512695312e-01
2.644177675247192383e-01
2.639256417751312256e-01
2.608827352523803711e-01
2.581691145896911621e-01
2.618785500526428223e-01
2.618941962718963623e-01
2.601339519023895264e-01
2.554565668106079102e-01
2.584156692028045654e-01
2.580735385417938232e-01
2.564041316509246826e-01
2.550311386585235596e-01
2.556431591510772705e-01
2.559227347373962402e-01
2.537473142147064209e-01
2.536940574645996094e-01
2.545013427734375000e-01
2.490718811750411987e-01
2.533707022666931152e-01
2.510190010070800781e-01
2.535608708858489990e-01
2.513608634471893311e-01
2.505341768264770508e-01
2.507027685642242432e-01
2.477571368217468262e-01
2.471957504749298096e-01
2.468602508306503296e-01
2.452985495328903198e-01
2.458085715770721436e-01
2.442786395549774170e-01
2.496062666177749634e-01
2.448352575302124023e-01
2.430752664804458618e-01
2.452086955308914185e-01
2.447802126407623291e-01
2.453099489212036133e-01
2.434129267930984497e-01
2.430481463670730591e-01
2.406635582447052002e-01
2.409375309944152832e-01
2.430699467658996582e-01
2.406401336193084717e-01
2.416919618844985962e-01
2.408910840749740601e-01
2.415928244590759277e-01
2.405445575714111328e-01
2.347751557826995850e-01
2.410295009613037109e-01
2.382933199405670166e-01
2.356727123260498047e-01
2.374997884035110474e-01
2.353298664093017578e-01
2.367380261421203613e-01
2.384380847215652466e-01
2.383232414722442627e-01
2.351140975952148438e-01
2.366793006658554077e-01
2.372719645500183105e-01
2.337186932563781738e-01
2.318612039089202881e-01
2.314182072877883911e-01
2.324057817459106445e-01
2.318680286407470703e-01
2.312692403793334961e-01
2.305140644311904907e-01
2.319962829351425171e-01
2.333375513553619385e-01
2.285846024751663208e-01
2.285668551921844482e-01
2.311264574527740479e-01
2.280870378017425537e-01
2.286775708198547363e-01
2.285324037075042725e-01
2.291519194841384888e-01
2.261519134044647217e-01
2.279118299484252930e-01
2.238773703575134277e-01
2.292634099721908569e-01
2.248748242855072021e-01
2.270909845829010010e-01
2.256744503974914551e-01
2.271529585123062134e-01
2.226382493972778320e-01
2.246605455875396729e-01
2.256453037261962891e-01
2.233659327030181885e-01
2.219893932342529297e-01
2.247692048549652100e-01
2.213391065597534180e-01
2.227002680301666260e-01
2.220433503389358521e-01
2.211094051599502563e-01
2.203817069530487061e-01
2.227584272623062134e-01
2.210975587368011475e-01
2.199588567018508911e-01
2.223435938358306885e-01
2.202936112880706787e-01
2.180105745792388916e-01
2.178810685873031616e-01
2.163373529911041260e-01
2.194377034902572632e-01
2.211040258407592773e-01
2.171829789876937866e-01
2.174740135669708252e-01
2.179381549358367920e-01
2.188078314065933228e-01
2.174628525972366333e-01
2.166116833686828613e-01
2.154361307621002197e-01
2.172577679157257080e-01
2.168805301189422607e-01
2.137084752321243286e-01
2.132059484720230103e-01
2.131807804107666016e-01
2.160845100879669189e-01
2.127587646245956421e-01
2.127925157546997070e-01
2.119540274143218994e-01
2.146415859460830688e-01
2.120191305875778198e-01
2.126905024051666260e-01
2.112700492143630981e-01
2.127841711044311523e-01
2.120853513479232788e-01
2.105760574340820312e-01
2.116673737764358521e-01
2.087292224168777466e-01
2.098790109157562256e-01
2.103288918733596802e-01
2.107332646846771240e-01
2.114965617656707764e-01
2.065070569515228271e-01
2.068018764257431030e-01
2.076515853404998779e-01
2.106565833091735840e-01
2.101640552282333374e-01
2.097668796777725220e-01
2.091078162193298340e-01
2.059457004070281982e-01
2.055111378431320190e-01
2.076299190521240234e-01
2.081775665283203125e-01
2.070496082305908203e-01
2.050304710865020752e-01
2.078303992748260498e-01
2.084208577871322632e-01
2.064650356769561768e-01
2.063062787055969238e-01
2.029413729906082153e-01
2.041589319705963135e-01
2.065860480070114136e-01
2.040220499038696289e-01
2.052105814218521118e-01
2.053526937961578369e-01
2.015142142772674561e-01
2.025205790996551514e-01
2.034057825803756714e-01
2.017781138420104980e-01
2.962518632411956787e-01
2.968961894512176514e-01
2.980767190456390381e-01
2.938326299190521240e-01
2.985701858997344971e-01
2.899362146854400635e-01
2.968839108943939209e-01
2.938189208507537842e-01
2.917658984661102295e-01
2.901055514812469482e-01
2.927408516407012939e-01
2.929710447788238525e-01
2.937972247600555420e-01
2.918454706668853760e-01
2.922008633613586426e-01
2.903065681457519531e-01
2.879376709461212158e-01
2.896776497364044189e-01
2.867513597011566162e-01
2.898125946521759033e-01
2.858538329601287842e-01
2.857915461063385010e-01
2.812983393669128418e-01
2.842763960361480713e-01
2.883171141147613525e-01
2.836155891418457031e-01
2.871961891651153564e-01
2.838172614574432373e-01
2.865570187568664551e-01
2.836030423641204834e-01
2.813828289508819580e-01
2.806602716445922852e-01
2.874089181423187256e-01
2.861623167991638184e-01
2.795066237449645996e-01
2.815536260604858398e-01
2.822894752025604248e-01
2.820590436458587646e-01
2.820132076740264893e-01
2.811862528324127197e-01
2.800412476062774658e-01
2.814521789550781250e-01
2.765737175941467285e-01
2.800949513912200928e-01
2.809238135814666748e-01
2.772012054920196533e-01
2.821686267852783203e-01
2.779351770877838135e-01
2.765698730945587158e-01
2.764198184013366699e-01
2.803020775318145752e-01
2.766895592212677002e-01
2.746195197105407715e-01
2.754261493682861328e-01
2.768206298351287842e-01
2.794741094112396240e-01
2.743349969387054443e-01
2.752297520637512207e-01
2.762756049633026123e-01
2.716936767101287842e-01
2.780226767063140869e-01
2.720708250999450684e-01
2.758342027664184570e-01
2.734196782112121582e-01
2.756108641624450684e-01
2.715938389301300049e-01
2.729473412036895752e-01
2.735142111778259277e-01
2.700513601303100586e-01
2.719042599201202393e-01
2.709347307682037354e-01
2.705030441284179688e-01
2.709805369377136230e-01
2.709501981735229492e-01
2.697010934352874756e-01
2.711643576622009277e-01
2.715807855129241943e-01
2.723712623119354248e-01
2.681887149810791016e-01
2.683770954608917236e-01
2.664965093135833740e-01
2.674265205860137939e-01
2.704870998859405518e-01
2.695653736591339111e-01
2.659736275672912598e-01
2.701715230941772461e-01
2.688561975955963135e-01
2.693592607975006104e-01
2.696649730205535889e-01
2.672465145587921143e-01
2.685298919677734375e-01
2.669952213764190674e-01
2.626150846481323242e-01
2.689264714717864990e-01
2.664420604705810547e-01
2.651594281196594238e-01
2.626674771308898926e-01
2.635517120361328125e-01
2.655612528324127197e-01
2.629137933254241943e-01
2.645682990550994873e-01
2.652041912078857422e-01
2.649966776371002197e-01
2.654838860034942627e-01
2.628217637538909912e-01
2.668535113334655762e-01
2.655430138111114502e-01
2.631306350231170654e-01
2.629128694534301758e-01
2.586013078689575195e-01
2.618856132030487061e-01
2.626666128635406494e-01
2.616415023803710938e-01
2.625001370906829834e-01
2.625433206558227539e-01
2.637019455432891846e-01
2.636122703552246094e-01
2.618170976638793945e-01
2.609471380710601807e-01
2.605200111865997314e-01
2.600373327732086182e-01
2.606996595859527588e-01
2.610700726509094238e-01
2.588137686252593994e-01
2.592873871326446533e-01
2.609935700893402100e-01
2.612902224063873291e-01
2.586545348167419434e-01
2.577073276042938232e-01
2.593872547149658203e-01
2.582276165485382080e-01
2.570466995239257812e-01
2.566832304000854492e-01
2.607952654361724854e-01
2.597076296806335449e-01
2.570428848266601562e-01
2.597007453441619873e-01
2.593404352664947510e-01
2.604887187480926514e-01
2.595925033092498779e-01
2.566641271114349365e-01
2.577194273471832275e-01
2.545315623283386230e-01
2.565339505672454834e-01
2.600074112415313721e-01
2.561835944652557373e-01
2.553236186504364014e-01
2.539641559123992920e-01
2.554764151573181152e-01
2.557452619075775146e-01
2.541327774524688721e-01
2.558831572532653809e-01
2.541484534740447998e-01
2.571141421794891357e-01
2.500091195106506348e-01
2.526220977306365967e-01
2.534082829952239990e-01
2.516143023967742920e-01
2.520658969879150391e-01
2.526567876338958740e-01
2.528332173824310303e-01
2.544669210910797119e-01
2.531301975250244141e-01
2.530560791492462158e-01
2.552390396595001221e-01
2.502940297126770020e-01
2.536716759204864502e-01
2.531382143497467041e-01
2.508397996425628662e-01
2.493203282356262207e-01
2.507031559944152832e-01
2.491337358951568604e-01
2.478070110082626343e-01
2.517645359039306641e-01
2.506716251373291016e-01
2.492556273937225342e-01
2.483800202608108521e-01
2.530892491340637207e-01
2.514758706092834473e-01
2.475626468658447266e-01
2.499500513076782227e-01
2.519134283065795898e-01
2.501511871814727783e-01
2.481714934110641479e-01
2.475881278514862061e-01
2.515348494052886963e-01
2.477408796548843384e-01
2.483934164047241211e-01
2.471172362565994263e-01
2.524757087230682373e-01
2.486591488122940063e-01
2.480688393115997314e-01
2.477682828903198242e-01
2.502729892730712891e-01
2.471413314342498779e-01
2.490745931863784790e-01
2.496525049209594727e-01
2.483628988265991211e-01
2.520200312137603760e-01
2.474935352802276611e-01
2.463830560445785522e-01
2.452264726161956787e-01
2.457758188247680664e-01
2.464581876993179321e-01
2.427910715341567993e-01
2.438772320747375488e-01
2.449380755424499512e-01
2.442453354597091675e-01
2.464454025030136108e-01
2.444057315587997437e-01
2.482275515794754028e-01
2.471475452184677124e-01
2.449573874473571777e-01
2.468492686748504639e-01
2.439013272523880005e-01
2.482703179121017456e-01
2.471649199724197388e-01
2.448434978723526001e-01
2.445168346166610718e-01
2.444330602884292603e-01
2.443537116050720215e-01
2.474632114171981812e-01
2.414060682058334351e-01
2.451356798410415649e-01
2.433774173259735107e-01
2.463236600160598755e-01
2.452851831912994385e-01
2.430768460035324097e-01
2.440479248762130737e-01
2.479316741228103638e-01
2.458827197551727295e-01
2.428760081529617310e-01
2.423938512802124023e-01
2.439038604497909546e-01
2.420331090688705444e-01
2.433044016361236572e-01
2.427378445863723755e-01
2.436031997203826904e-01
2.443717867136001587e-01
2.418632805347442627e-01
2.406063824892044067e-01
2.419003695249557495e-01
2.414772063493728638e-01
2.388960719108581543e-01
2.415961921215057373e-01
2.403216063976287842e-01
2.413836568593978882e-01
2.444990873336791992e-01
2.407713234424591064e-01
2.423547655344009399e-01
2.402799576520919800e-01
2.391818761825561523e-01
2.399029135704040527e-01
2.396142333745956421e-01
2.435095459222793579e-01
2.396336793899536133e-01
2.405354678630828857e-01
2.389769852161407471e-01
2.380313128232955933e-01
2.393100261688232422e-01
2.393000721931457520e-01
2.399019598960876465e-01
2.410580962896347046e-01
2.393924742937088013e-01
2.385535985231399536e-01
2.383458167314529419e-01
2.395291030406951904e-01
2.416067123413085938e-01
2.386268526315689087e-01
2.363073825836181641e-01
2.413108646869659424e-01
2.348810136318206787e-01
2.395698130130767822e-01
2.360088080167770386e-01
2.392206937074661255e-01
2.427507489919662476e-01
2.366938740015029907e-01
2.387356758117675781e-01
2.387767285108566284e-01
2.379219681024551392e-01
2.382844090461730957e-01
2.342299520969390869e-01
2.388043552637100220e-01
2.351101934909820557e-01
2.365528196096420288e-01
2.351800501346588135e-01
2.371273785829544067e-01
2.359589636325836182e-01
2.353145331144332886e-01
2.378315031528472900e-01
2.381403148174285889e-01
2.360163331031799316e-01
2.347841113805770874e-01
2.376294732093811035e-01
2.355337142944335938e-01
2.382639050483703613e-01
2.362864464521408081e-01
2.322881221771240234e-01
2.361200302839279175e-01
2.309571355581283569e-01
2.335289865732192993e-01
2.343178987503051758e-01
2.322767972946166992e-01
2.339278608560562134e-01
2.358057796955108643e-01
2.335741072893142700e-01
2.347410172224044800e-01
2.344261556863784790e-01
2.351792305707931519e-01
2.351789474487304688e-01
2.323613017797470093e-01
2.358371764421463013e-01
2.345904409885406494e-01
2.332938164472579956e-01
2.340724915266036987e-01
2.353349775075912476e-01
2.323422431945800781e-01
2.332844436168670654e-01
2.326539456844329834e-01
2.318994402885437012e-01
2.354380786418914795e-01
2.326743006706237793e-01
2.336445599794387817e-01
2.362716048955917358e-01
2.331733703613281250e-01
2.321665138006210327e-01
2.306300848722457886e-01
2.329829931259155273e-01
2.349237203598022461e-01
2.324975430965423584e-01
2.324384748935699463e-01
2.294529676437377930e-01
2.315628528594970703e-01
2.330223768949508667e-01
2.324356287717819214e-01
2.320253252983093262e-01
2.323642224073410034e-01
2.330262213945388794e-01
2.316875606775283813e-01
2.281547933816909790e-01
2.328109443187713623e-01
2.332845330238342285e-01
2.312940210103988647e-01
2.302569895982742310e-01
2.291223108768463135e-01
2.281448692083358765e-01
2.332555502653121948e-01
2.284563928842544556e-01
2.286003828048706055e-01
2.342354506254196167e-01
2.307391464710235596e-01
2.317764461040496826e-01
2.285098433494567871e-01
2.322465181350708008e-01
2.271517068147659302e-01
2.293954938650131226e-01
2.305575609207153320e-01
2.295938879251480103e-01
2.290123105049133301e-01
2.274458706378936768e-01
2.295722812414169312e-01
2.282386124134063721e-01
2.314060181379318237e-01
2.302500456571578979e-01
2.294464111328125000e-01
2.279877811670303345e-01
2.326185405254364014e-01
2.283490151166915894e-01
2.290629595518112183e-01
2.281349897384643555e-01
2.280203402042388916e-01
2.264309078454971313e-01
2.292331457138061523e-01
2.306408882141113281e-01
2.277187407016754150e-01
2.296875864267349243e-01
2.290519326925277710e-01
2.275211364030838013e-01
2.284519374370574951e-01
2.266605794429779053e-01
2.252446115016937256e-01
2.265825718641281128e-01
2.278597354888916016e-01
2.299639284610748291e-01
2.245149761438369751e-01
2.303132116794586182e-01
2.275634557008743286e-01
2.249230295419692993e-01
2.289480566978454590e-01
2.280192822217941284e-01
2.288681417703628540e-01
2.286191284656524658e-01
2.254401743412017822e-01
2.276745140552520752e-01
2.269300371408462524e-01
2.255047261714935303e-01
2.258546799421310425e-01
2.247503846883773804e-01
2.263372838497161865e-01
2.246804535388946533e-01
2.261682599782943726e-01
2.248972505331039429e-01
2.242060303688049316e-01
2.249623686075210571e-01
2.251730561256408691e-01
2.232840806245803833e-01
2.284243851900100708e-01
2.269204854965209961e-01
2.258206456899642944e-01
2.252638787031173706e-01
2.238565534353256226e-01
2.244007140398025513e-01
2.278500050306320190e-01
2.221990823745727539e-01
2.253024131059646606e-01
2.228200435638427734e-01
2.255081683397293091e-01
2.250213623046875000e-01
2.245197892189025879e-01
2.252191603183746338e-01
2.237085998058319092e-01
2.240474373102188110e-01
2.251440286636352539e-01
2.253323942422866821e-01
2.244525551795959473e-01
2.212232351303100586e-01
2.228635847568511963e-01
2.223656475543975830e-01
2.227857410907745361e-01
2.241468876600265503e-01
2.227469384670257568e-01
2.272817641496658325e-01
2.230174094438552856e-01
2.226485610008239746e-01
2.240583300590515137e-01
2.238700091838836670e-01
2.227150648832321167e-01
2.238040417432785034e-01
2.235819846391677856e-01
2.240133881568908691e-01
2.236808389425277710e-01
2.225300669670104980e-01
2.210544794797897339e-01
2.201735377311706543e-01
2.248754203319549561e-01
2.250084429979324341e-01
2.233096659183502197e-01
2.253559827804565430e-01
2.225175052881240845e-01
2.223120629787445068e-01
2.214574366807937622e-01
2.237696349620819092e-01
2.232115715742111206e-01
2.250338345766067505e-01
2.228151112794876099e-01
2.218774557113647461e-01
2.227557152509689331e-01
2.223463952541351318e-01
2.211865186691284180e-01
2.217160910367965698e-01
2.202519923448562622e-01
2.231956869363784790e-01
2.231204211711883545e-01
2.210260778665542603e-01
2.223648279905319214e-01
2.215003967285156250e-01
2.232891321182250977e-01
2.215089797973632812e-01
2.190052419900894165e-01
2.189406305551528931e-01
2.243712246417999268e-01
2.224772423505783081e-01
2.197560071945190430e-01
2.221178859472274780e-01
2.212911844253540039e-01
2.196515947580337524e-01
2.195173799991607666e-01
2.222867012023925781e-01
2.188189923763275146e-01
2.228463590145111084e-01
2.217879444360733032e-01
2.195429801940917969e-01
2.217103242874145508e-01
2.194938063621520996e-01
2.210970669984817505e-01
2.216237634420394897e-01
2.208537608385086060e-01
2.199285626411437988e-01
2.195686250925064087e-01
2.209731936454772949e-01
2.182687222957611084e-01
2.219964265823364258e-01
2.168013602495193481e-01
2.212437540292739868e-01
2.197017520666122437e-01
2.218409627676010132e-01
2.191414833068847656e-01
2.196828573942184448e-01
2.178495377302169800e-01
2.196468412876129150e-01
2.182236909866333008e-01
2.212844043970108032e-01
2.185417711734771729e-01
2.212415039539337158e-01
2.185458689928054810e-01
2.177104502916336060e-01
2.183150351047515869e-01
2.158506661653518677e-01
2.207048982381820679e-01
2.180698961019515991e-01
2.179463058710098267e-01
2.172764390707015991e-01
2.175973653793334961e-01
2.167042493820190430e-01
2.178725451231002808e-01
2.172079086303710938e-01
2.196183055639266968e-01
2.163241505622863770e-01
2.180353105068206787e-01
2.191426455974578857e-01
2.196720689535140991e-01
2.182481884956359863e-01
2.193840593099594116e-01
2.188468426465988159e-01
2.180434167385101318e-01
2.179904878139495850e-01
2.191737145185470581e-01
2.200638204813003540e-01
2.175719439983367920e-01
2.182283550500869751e-01
2.176541984081268311e-01
2.193891257047653198e-01
2.176053524017333984e-01
2.161131650209426880e-01
2.164934426546096802e-01
2.169696390628814697e-01
2.160689532756805420e-01
2.149806171655654907e-01
2.171552777290344238e-01
2.188554704189300537e-01
2.178841084241867065e-01
2.180471420288085938e-01
2.166914492845535278e-01
2.153887599706649780e-01
2.179654538631439209e-01
2.147013694047927856e-01
2.185710370540618896e-01
2.202335596084594727e-01
2.150252610445022583e-01
2.144636958837509155e-01
2.191588878631591797e-01
2.117363959550857544e-01
2.151271253824234009e-01
2.162304371595382690e-01
2.149178236722946167e-01
2.181652337312698364e-01
2.144896686077117920e-01
2.151098847389221191e-01
2.140031605958938599e-01
2.170128673315048218e-01
2.139430791139602661e-01
2.169800251722335815e-01
2.128901183605194092e-01
2.141826003789901733e-01
2.165546864271163940e-01
2.174352705478668213e-01
2.148033827543258667e-01
2.154064923524856567e-01
2.163474857807159424e-01
2.165727019309997559e-01
2.154073715209960938e-01
2.157808840274810791e-01
2.163310050964355469e-01
2.143517434597015381e-01
2.169377803802490234e-01
2.154630124568939209e-01
2.149365544319152832e-01
2.152445912361145020e-01
2.146748751401901245e-01
2.163844704627990723e-01
2.150390744209289551e-01
2.124168276786804199e-01
2.114443928003311157e-01
2.107093483209609985e-01
2.120152264833450317e-01
2.152908444404602051e-01
2.143676877021789551e-01
2.146908789873123169e-01
2.110736817121505737e-01
2.124204635620117188e-01
2.139945775270462036e-01
2.120310664176940918e-01
2.131597548723220825e-01
2.142038345336914062e-01
2.129154205322265625e-01
2.121831923723220825e-01
2.146392166614532471e-01
2.149497270584106445e-01
2.105304449796676636e-01
2.111452817916870117e-01
2.139535546302795410e-01
2.113061994314193726e-01
2.117108404636383057e-01
2.125686854124069214e-01
2.147880792617797852e-01
2.134025692939758301e-01
2.142546474933624268e-01
2.107464373111724854e-01
2.119053453207015991e-01
2.143719494342803955e-01
2.146313488483428955e-01
2.108034193515777588e-01
2.123329639434814453e-01
2.091644853353500366e-01
2.130468487739562988e-01
2.130939513444900513e-01
2.131832391023635864e-01
2.136678844690322876e-01
2.109948396682739258e-01
2.112995237112045288e-01
2.105046510696411133e-01
2.112053781747817993e-01
2.099217027425765991e-01
2.113326787948608398e-01
2.107210606336593628e-01
2.087738513946533203e-01
2.111775279045104980e-01
2.140290588140487671e-01
2.122931033372879028e-01
2.119582444429397583e-01
2.095224112272262573e-01
2.102269232273101807e-01
2.110239565372467041e-01
2.095016986131668091e-01
2.131873369216918945e-01
2.139545679092407227e-01
2.141326963901519775e-01
2.129017710685729980e-01
2.125208377838134766e-01
2.108697742223739624e-01
2.092277705669403076e-01
2.104363739490509033e-01
2.099177688360214233e-01
2.092807143926620483e-01
2.117352485656738281e-01
2.112630754709243774e-01
2.105591744184494019e-01
2.092915922403335571e-01
2.091977596282958984e-01
2.119003385305404663e-01
2.110553532838821411e-01
2.097428739070892334e-01
2.099056690931320190e-01
2.095512300729751587e-01
2.090721577405929565e-01
2.092266529798507690e-01
2.078469246625900269e-01
2.081953734159469604e-01
2.110243737697601318e-01
2.094588428735733032e-01
2.121761590242385864e-01
2.071823328733444214e-01
2.087506949901580811e-01
2.097318023443222046e-01
2.082145363092422485e-01
2.113587707281112671e-01
2.063883394002914429e-01
2.094573974609375000e-01
2.088320106267929077e-01
2.112447172403335571e-01
2.083515673875808716e-01
2.089705765247344971e-01
2.078513205051422119e-01
2.078056931495666504e-01
2.069859206676483154e-01
2.089177817106246948e-01
2.091832756996154785e-01
2.093942016363143921e-01
2.078981846570968628e-01
2.085867524147033691e-01
2.098480612039566040e-01
2.103408873081207275e-01
2.068051546812057495e-01
2.069657891988754272e-01
2.087703049182891846e-01
2.057558149099349976e-01
2.112775743007659912e-01
2.080364674329757690e-01
2.103045880794525146e-01
2.072222828865051270e-01
2.090041637420654297e-01
2.099417597055435181e-01
2.086243778467178345e-01
2.073642313480377197e-01
2.072458416223526001e-01
2.102228254079818726e-01
2.081698477268218994e-01
2.100114524364471436e-01
2.078406363725662231e-01
2.077386230230331421e-01
2.104535698890686035e-01
2.082860469818115234e-01
2.071541398763656616e-01
2.068974822759628296e-01
2.067298293113708496e-01
2.061311006546020508e-01
2.057225406169891357e-01
2.071564495563507080e-01
2.086748480796813965e-01
2.068484574556350708e-01
2.064610868692398071e-01
2.073405385017395020e-01
2.077846378087997437e-01
2.077013403177261353e-01
2.068117409944534302e-01
2.083518505096435547e-01
2.059923857450485229e-01
2.084669023752212524e-01
2.092386633157730103e-01
2.063097506761550903e-01
2.073617726564407349e-01
2.051167190074920654e-01
2.086260616779327393e-01
2.049140334129333496e-01
2.088792175054550171e-01
2.053787708282470703e-01
2.087156325578689575e-01
2.095710486173629761e-01
2.033601403236389160e-01
2.069882005453109741e-01
2.090117335319519043e-01
2.061914205551147461e-01
2.082039266824722290e-01
2.063561379909515381e-01
2.066273391246795654e-01
2.064009904861450195e-01
2.066603153944015503e-01
2.046552598476409912e-01
2.044623643159866333e-01
2.051744908094406128e-01
2.062702476978302002e-01
2.043849378824234009e-01
2.052326947450637817e-01
2.067071795463562012e-01
2.060994207859039307e-01
2.058369666337966919e-01
2.065020650625228882e-01
2.043575644493103027e-01
2.068241387605667114e-01
2.057266235351562500e-01
2.034618705511093140e-01
2.045584619045257568e-01
2.050138115882873535e-01
2.066169232130050659e-01
2.052354067564010620e-01
2.066012769937515259e-01
2.061183154582977295e-01
2.060420215129852295e-01
2.053361237049102783e-01
2.046313434839248657e-01
2.053703516721725464e-01
2.047351598739624023e-01
2.071675807237625122e-01
2.052064687013626099e-01
2.054558843374252319e-01
2.056585550308227539e-01
2.038647979497909546e-01
2.066160887479782104e-01
2.036756128072738647e-01
2.053153216838836670e-01
2.048377245664596558e-01
2.057685405015945435e-01
2.042442411184310913e-01
2.023315131664276123e-01
2.047574669122695923e-01
2.049686461687088013e-01
2.026791274547576904e-01
2.035683095455169678e-01
2.041782885789871216e-01
2.033486217260360718e-01
2.050217390060424805e-01
2.080598920583724976e-01
2.044636309146881104e-01
2.021522521972656250e-01
2.039710432291030884e-01
2.048754990100860596e-01
2.046617567539215088e-01
2.067349702119827271e-01
2.059823423624038696e-01
2.083243429660797119e-01
2.021999508142471313e-01
2.051744014024734497e-01
2.027672976255416870e-01
2.044748961925506592e-01
2.039820104837417603e-01
2.035005539655685425e-01
2.026855051517486572e-01
2.040111869573593140e-01
2.018121182918548584e-01
2.013024389743804932e-01
2.033089846372604370e-01
2.028252035379409790e-01
2.040127813816070557e-01
2.037461400032043457e-01
2.016322016716003418e-01
2.017049789428710938e-01
2.041749507188796997e-01
2.035309672355651855e-01
2.012184262275695801e-01
2.014573216438293457e-01
2.031676322221755981e-01
2.034891843795776367e-01
2.069590389728546143e-01
2.051996439695358276e-01
2.025132924318313599e-01
2.014173269271850586e-01
2.045462578535079956e-01
2.031250000000000000e-01
2.023603171110153198e-01
2.028972357511520386e-01
2.033030539751052856e-01
2.027378231287002563e-01
2.054577618837356567e-01
2.018450945615768433e-01
2.017716318368911743e-01
2.039258033037185669e-01
2.008329033851623535e-01
2.042477726936340332e-01
2.017028033733367920e-01
1.999517083168029785e-01
2.014716416597366333e-01
2.051767706871032715e-01
2.020761072635650635e-01
2.012757360935211182e-01
2.021561563014984131e-01
2.000179737806320190e-01
2.022073119878768921e-01
2.026438713073730469e-01
2.033041119575500488e-01
2.022745907306671143e-01
1.996510028839111328e-01
2.078261673450469971e-01
2.020946145057678223e-01
2.026958912611007690e-01
2.016112804412841797e-01
2.018448710441589355e-01
2.028612196445465088e-01
2.043172866106033325e-01
2.032565921545028687e-01
2.030302286148071289e-01
2.028205245733261108e-01
2.017053812742233276e-01
2.004422545433044434e-01
2.017833590507507324e-01
2.010319381952285767e-01
2.014464139938354492e-01
1.993077844381332397e-01
2.017751634120941162e-01
2.008414864540100098e-01
2.016211003065109253e-01
1.997558921575546265e-01
2.006949037313461304e-01
2.023092210292816162e-01
2.019470781087875366e-01
2.025407552719116211e-01
1.994198709726333618e-01
2.022228688001632690e-01
2.017278075218200684e-01
2.014128267765045166e-01
2.022346109151840210e-01
2.008544802665710449e-01
1.992094665765762329e-01
1.998116821050643921e-01
2.029974907636642456e-01
2.003410011529922485e-01
2.001203894615173340e-01
1.987279504537582397e-01
1.997969895601272583e-01
2.016189098358154297e-01
2.005565613508224487e-01
1.980627179145812988e-01
2.019146233797073364e-01
2.022006362676620483e-01
2.017762362957000732e-01
2.004742622375488281e-01
1.994197219610214233e-01
1.998956203460693359e-01
2.009560316801071167e-01
2.000458240509033203e-01
2.002361416816711426e-01
1.999949365854263306e-01
1.998262554407119751e-01
1.985430866479873657e-01
1.984539330005645752e-01
1.991067975759506226e-01
2.007290720939636230e-01
2.025142908096313477e-01
2.007426023483276367e-01
1.983806490898132324e-01
2.000498473644256592e-01
2.006845772266387939e-01
1.985105723142623901e-01
1.960744857788085938e-01
2.020388841629028320e-01
1.991158425807952881e-01
1.987782865762710571e-01
2.006084620952606201e-01
1.986886262893676758e-01
1.998386234045028687e-01
2.001599371433258057e-01
1.989746242761611938e-01
2.001860439777374268e-01
1.998068988323211670e-01
2.016753256320953369e-01
2.003532499074935913e-01
1.974268704652786255e-01
2.019110023975372314e-01
1.988188028335571289e-01
2.000518292188644409e-01
1.967759132385253906e-01
1.990600973367691040e-01
1.964993476867675781e-01
2.010222971439361572e-01
2.009902298450469971e-01
2.000832855701446533e-01
1.976677626371383667e-01
1.983858346939086914e-01
1.972488611936569214e-01
1.988696902990341187e-01
1.966785192489624023e-01
1.980598717927932739e-01
1.997689008712768555e-01
2.009933888912200928e-01
1.992923617362976074e-01
1.964095383882522583e-01
2.002466022968292236e-01
2.020131498575210571e-01
1.985768377780914307e-01
1.947535127401351929e-01
1.981362849473953247e-01
1.974451392889022827e-01
1.975836008787155151e-01
1.977350413799285889e-01
2.002454102039337158e-01
1.959342807531356812e-01
1.993637681007385254e-01
1.975756436586380005e-01
1.986366659402847290e-01
1.961245089769363403e-01
1.991450339555740356e-01
1.991270482540130615e-01
2.019008696079254150e-01
1.966807991266250610e-01
1.985546052455902100e-01
1.978809088468551636e-01
1.970109045505523682e-01
2.000342607498168945e-01
1.996929198503494263e-01
1.974344402551651001e-01
1.987031847238540649e-01
1.978325992822647095e-01
1.989043205976486206e-01
1.955312937498092651e-01
1.962157785892486572e-01
1.970846354961395264e-01
2.004964500665664673e-01
1.985179632902145386e-01
1.985501646995544434e-01
2.009159177541732788e-01
1.957612633705139160e-01
1.983729153871536255e-01
1.997861713171005249e-01
1.954934149980545044e-01
1.963695585727691650e-01
1.986348628997802734e-01
1.978897601366043091e-01
1.954590529203414917e-01
1.998457163572311401e-01
1.966267973184585571e-01
1.991615742444992065e-01
1.967161744832992554e-01
1.990993767976760864e-01
1.984286755323410034e-01
1.981113702058792114e-01
1.992187500000000000e-01
1.965582817792892456e-01
1.980393975973129272e-01
1.964745074510574341e-01
1.951159834861755371e-01
1.974987089633941650e-01
1.992422044277191162e-01
1.959642767906188965e-01
1.988236308097839355e-01
1.974120587110519409e-01
1.972492784261703491e-01
1.959836930036544800e-01
1.988812536001205444e-01
1.957226097583770752e-01
1.964198797941207886e-01
1.952203661203384399e-01
1.980892121791839600e-01
1.984353810548782349e-01
1.966974288225173950e-01
1.951343119144439697e-01
1.978890150785446167e-01
1.967148035764694214e-01
1.972628235816955566e-01
1.944555640220642090e-01
1.939399838447570801e-01
1.969810575246810913e-01
1.986105442047119141e-01
1.956053823232650757e-01
1.977391988039016724e-01
1.972492188215255737e-01
1.973921805620193481e-01
1.964658498764038086e-01
1.967846453189849854e-01
1.932050734758377075e-01
1.955472975969314575e-01
1.933188438415527344e-01
1.951496005058288574e-01
1.973050981760025024e-01
1.983748674392700195e-01
1.986130028963088989e-01
1.941456496715545654e-01
1.974373459815979004e-01
1.961238980293273926e-01
1.980535537004470825e-01
1.977610737085342407e-01
1.966088116168975830e-01
1.985557079315185547e-01
1.975099444389343262e-01
1.965548694133758545e-01
1.976365298032760620e-01
2.001264989376068115e-01
1.938350796699523926e-01
1.970377415418624878e-01
1.977770030498504639e-01
1.966480761766433716e-01
1.944435834884643555e-01
1.964359730482101440e-01
1.946731209754943848e-01
1.946855932474136353e-01
1.972120851278305054e-01
1.954188793897628784e-01
1.957640200853347778e-01
1.949831694364547729e-01
1.934583336114883423e-01
1.949077546596527100e-01
1.946761757135391235e-01
1.936956048011779785e-01
1.974239498376846313e-01
1.963181793689727783e-01
1.960725188255310059e-01
1.937456279993057251e-01
1.960326731204986572e-01
1.934013664722442627e-01
1.947074234485626221e-01
1.937956213951110840e-01
1.939112097024917603e-01
1.966861784458160400e-01
1.937656253576278687e-01
1.974106431007385254e-01
1.940326243638992310e-01
1.943095624446868896e-01
1.944010555744171143e-01
1.948846876621246338e-01
1.961977779865264893e-01
1.919973790645599365e-01
1.948117911815643311e-01
1.981275081634521484e-01
1.935997009277343750e-01
1.960655748844146729e-01
1.975010633468627930e-01
1.929161548614501953e-01
1.946338564157485962e-01
1.963111460208892822e-01
1.970912069082260132e-01
1.970027685165405273e-01
1.944205015897750854e-01
1.971229910850524902e-01
1.942899078130722046e-01
1.965525895357131958e-01
1.927001029253005981e-01
1.928985416889190674e-01
1.956794857978820801e-01
1.954943388700485229e-01
1.941914260387420654e-01
1.941362768411636353e-01
1.966967582702636719e-01
1.928977221250534058e-01
1.942047476768493652e-01
1.968322545289993286e-01
1.927200406789779663e-01
1.945702880620956421e-01
1.952461153268814087e-01
1.940803676843643188e-01
1.971529573202133179e-01
1.932352483272552490e-01
1.918121725320816040e-01
1.940034329891204834e-01
1.941637992858886719e-01
1.920960247516632080e-01
1.956339031457901001e-01
1.978654712438583374e-01
1.934628337621688843e-01
1.920811235904693604e-01
1.919899433851242065e-01
1.938077062368392944e-01
1.962758153676986694e-01
1.936087608337402344e-01
1.949339061975479126e-01
1.926407516002655029e-01
1.933163702487945557e-01
1.934500783681869507e-01
1.947301030158996582e-01
1.935655325651168823e-01
1.911138445138931274e-01
1.940008401870727539e-01
1.949497163295745850e-01
1.951121836900711060e-01
1.951219737529754639e-01
1.918775737285614014e-01
1.914647966623306274e-01
1.948177367448806763e-01
1.947119534015655518e-01
1.926711350679397583e-01
1.931321471929550171e-01
1.922645717859268188e-01
1.947714984416961670e-01
1.942251771688461304e-01
1.960399001836776733e-01
1.937645524740219116e-01
1.927076280117034912e-01
1.944774389266967773e-01
1.921949386596679688e-01
1.938543617725372314e-01
1.936118304729461670e-01
1.923838406801223755e-01
1.934592425823211670e-01
1.940485388040542603e-01
1.945180892944335938e-01
1.941370517015457153e-01
1.957549899816513062e-01
1.943438649177551270e-01
1.925631612539291382e-01
1.942141205072402954e-01
1.941449046134948730e-01
1.924485266208648682e-01
1.933653354644775391e-01
1.969383656978607178e-01
1.923127025365829468e-01
1.937463730573654175e-01
1.923327147960662842e-01
1.924518048763275146e-01
1.940458863973617554e-01
1.939296573400497437e-01
1.893767118453979492e-01
1.918705850839614868e-01
1.889514476060867310e-01
1.949081271886825562e-01
1.928269118070602417e-01
1.896434128284454346e-01
1.928839087486267090e-01
1.928563117980957031e-01
1.925696730613708496e-01
1.919337064027786255e-01
1.923968046903610229e-01
1.904075443744659424e-01
1.939869076013565063e-01
1.933576613664627075e-01
1.906472295522689819e-01
1.929730176925659180e-01
1.939632743597030640e-01
1.933403909206390381e-01
1.910323500633239746e-01
1.916539967060089111e-01
1.926645636558532715e-01
1.927413046360015869e-01
1.934207975864410400e-01
1.898399293422698975e-01
1.929115206003189087e-01
1.915391236543655396e-01
1.896622627973556519e-01
1.934037357568740845e-01
1.946069300174713135e-01
1.934277266263961792e-01
1.889505535364151001e-01
1.921043992042541504e-01
1.901736855506896973e-01
1.936786323785781860e-01
1.938284188508987427e-01
1.924231052398681641e-01
1.924059391021728516e-01
1.941485404968261719e-01
1.931340843439102173e-01
1.916155964136123657e-01
1.929984688758850098e-01
1.899614930152893066e-01
1.909826248884201050e-01
