1.057883914113044721e+00
6.876669359207153720e-01
5.600404936075210616e-01
4.844937202334403947e-01
4.116258659958839661e-01
3.751399704813957459e-01
3.499318334460258528e-01
2.843412111699581413e-01
2.906145471334457553e-01
2.797557222843169988e-01
2.661221574246883659e-01
2.700342604517936840e-01
2.659154531359672613e-01
2.656596527993679291e-01
2.220397628843784332e-01
2.203913281857967366e-01
2.236999635398387865e-01
2.270658068358898107e-01
2.189077745378017470e-01
2.230209137499332417e-01
2.254324664175510473e-01
1.889918449521064692e-01
1.891924758255481842e-01
1.937851871550083094e-01
1.922003985941410087e-01
1.917819303274154730e-01
1.942447867244481985e-01
1.968415370583534163e-01
1.657088947296142534e-01
1.695396992564201233e-01
1.699494009464979083e-01
1.733336119353771076e-01
1.759812927991151743e-01
1.703982041776180290e-01
1.826457212865352508e-01
7.461903834342956676e-01
7.349108460545540344e-01
6.986924117803573475e-01
6.651040208339691340e-01
6.379718497395515664e-01
6.217403021454811496e-01
6.378197169303894132e-01
4.151087778806686335e-01
3.892571151256561390e-01
4.061750105023383961e-01
3.949391633272171243e-01
4.299186494946479753e-01
4.192043069005012557e-01
4.286163049936294600e-01
2.518698174506425747e-01
2.403315050899982319e-01
2.515517474710941559e-01
2.565866587311029234e-01
2.715747100859880470e-01
2.742195370048284286e-01
2.891803631186485313e-01
1.383713800087571222e-01
1.689924483001232214e-01
1.776736079156398807e-01
1.691250055283307907e-01
1.823671549186110519e-01
2.030481667816639024e-01
1.986493768543005078e-01
1.178223519772291228e-01
1.186771225742995761e-01
1.233784040808677679e-01
1.502431735210120745e-01
1.342150849662721024e-01
1.529070076346397411e-01
1.518637605756521236e-01
9.135097013786434850e-02
9.357119102030991842e-02
1.017304733768105568e-01
1.023771272227168017e-01
1.257708295388147157e-01
1.227436089701950533e-01
1.271374657005071573e-01
8.301117721013724637e-02
9.789917960762978266e-02
8.881522025912999552e-02
1.133820406347513243e-01
9.129138815216719660e-02
1.139700961485505121e-01
1.085067286528646896e-01
7.507046499289572739e-02
6.367499290034174531e-02
7.617619692580773760e-02
7.294278599787502870e-02
7.705224444158374764e-02
9.893622469156980459e-02
1.094734381884336499e-01
1.005576578993350317e-01
7.617942829616368428e-02
7.977217435371131149e-02
8.270985542796552292e-02
7.381839054170996617e-02
9.944918930996209105e-02
1.056731792306527529e-01
7.198360036360100522e-02
6.641604835167527754e-02
8.347745571285486443e-02
8.056466276757419387e-02
9.656044688075780813e-02
8.268452675081788827e-02
8.453331054188310822e-02
