5.281063410639762479e-01
3.048630686104297771e-01
2.524595636129379206e-01
2.222009605169296131e-01
2.063313810527324654e-01
2.015812397003173828e-01
1.950181816518306854e-01
1.831932400166988439e-01
1.797006645798683300e-01
1.814488895237445776e-01
1.752406829595565818e-01
1.758976639807224296e-01
1.772987850010395161e-01
1.719251963496208069e-01
1.644126272201538175e-01
1.646612225472927071e-01
1.668623870611190829e-01
1.643887476623058230e-01
1.648147937655448925e-01
1.657619264721870433e-01
1.641972441971301933e-01
1.591866287589073226e-01
1.579701018333435070e-01
1.560677790641784579e-01
1.585764381289481995e-01
1.596366576850414276e-01
1.573721098899841242e-01
1.549887368083000261e-01
1.521794618666172105e-01
1.501072800159454212e-01
1.531388556212186780e-01
1.544663164019584589e-01
1.533827148377895355e-01
1.529994171112775692e-01
1.561734130978584267e-01
1.490896226465702190e-01
1.473984238505363364e-01
1.499972864985466003e-01
1.503729422390460979e-01
1.514954464137554246e-01
1.493195889145135791e-01
1.520702458918094524e-01
1.468472479283809695e-01
1.442171083390712816e-01
1.471322606503963348e-01
1.478823558986187003e-01
1.492311318963766009e-01
1.483919947594404265e-01
1.485532480478286843e-01
1.451174125820398342e-01
1.456394437700510025e-01
1.466269573569297657e-01
1.454771433025598415e-01
1.459638677537441198e-01
1.465583498030900989e-01
1.458779756724834509e-01
1.436329561471939020e-01
1.436522107571363560e-01
1.446964422613382373e-01
1.448995237052440599e-01
1.475443375110626343e-01
1.466450545191764765e-01
1.439545355737209265e-01
1.408484771847725026e-01
1.433992038667201985e-01
1.440131589770317078e-01
1.426708374172449001e-01
1.431122491508722283e-01
1.428951777517795674e-01
1.431574959307909123e-01
1.397084938734769743e-01
1.398783845454454333e-01
1.425711632519960359e-01
1.435549877583980616e-01
1.429107302427291837e-01
1.408502672612667039e-01
1.432765438407659631e-01
1.091701382994651803e+00
9.277669334411621227e-01
8.342440086603164495e-01
7.851670154929161205e-01
7.717553886771202354e-01
7.547270342707633750e-01
7.006020405888557789e-01
4.591108086705207869e-01
4.423919740319252059e-01
4.527079781889915555e-01
4.567246079444885476e-01
4.428656825423240573e-01
4.614188137650490074e-01
4.755536440014839217e-01
2.448593692481517703e-01
2.354338271170854646e-01
2.576699973642825880e-01
2.519855412095785008e-01
2.759954758733511038e-01
2.699685281515121216e-01
2.704939448088407583e-01
1.394119495525956154e-01
1.437949164956807968e-01
1.585340106114745129e-01
1.542636350542306856e-01
1.667439534515142430e-01
1.615838718414306652e-01
1.737783818505704292e-01
