1.006663084030151367e+00
9.964627623558044434e-01
9.862476587295532227e-01
9.771541357040405273e-01
9.677766561508178711e-01
9.584423899650573730e-01
9.487693905830383301e-01
9.385830163955688477e-01
9.263193607330322266e-01
9.137041568756103516e-01
9.013023376464843750e-01
8.832281231880187988e-01
8.656848073005676270e-01
8.425995707511901855e-01
8.206451535224914551e-01
7.951050996780395508e-01
7.692809104919433594e-01
7.343921661376953125e-01
7.029438614845275879e-01
6.741051077842712402e-01
6.359733343124389648e-01
6.010617017745971680e-01
5.689033269882202148e-01
5.362957715988159180e-01
5.281491279602050781e-01
4.986098110675811768e-01
4.939073920249938965e-01
4.986791014671325684e-01
5.233062505722045898e-01
5.246469974517822266e-01
5.208568572998046875e-01
5.328735113143920898e-01
4.966208338737487793e-01
5.085707902908325195e-01
4.779332578182220459e-01
4.687255322933197021e-01
4.694092273712158203e-01
4.659922122955322266e-01
4.678882658481597900e-01
4.583601355552673340e-01
4.749367535114288330e-01
4.609515070915222168e-01
4.698469340801239014e-01
4.563844799995422363e-01
4.581667184829711914e-01
4.571632146835327148e-01
4.704581499099731445e-01
4.549641013145446777e-01
4.567035436630249023e-01
4.429316222667694092e-01
4.518525004386901855e-01
4.357706308364868164e-01
4.353175163269042969e-01
4.398545026779174805e-01
4.401220977306365967e-01
4.401888549327850342e-01
4.236503243446350098e-01
4.343842566013336182e-01
4.220057427883148193e-01
4.244602322578430176e-01
4.249743819236755371e-01
4.182124733924865723e-01
4.161355495452880859e-01
4.175572395324707031e-01
4.191344082355499268e-01
4.365597367286682129e-01
4.119443297386169434e-01
4.136332869529724121e-01
4.096781909465789795e-01
4.092423915863037109e-01
4.126798808574676514e-01
4.022588729858398438e-01
4.045633375644683838e-01
3.999704718589782715e-01
4.050813317298889160e-01
3.974743783473968506e-01
3.965611755847930908e-01
4.011200666427612305e-01
3.938873708248138428e-01
3.909969031810760498e-01
3.895955383777618408e-01
3.878595530986785889e-01
3.981649875640869141e-01
3.892985880374908447e-01
3.845079243183135986e-01
3.858444988727569580e-01
3.832949399948120117e-01
3.862937688827514648e-01
3.759287595748901367e-01
3.871995210647583008e-01
3.769118189811706543e-01
3.779836297035217285e-01
3.796545267105102539e-01
3.756959736347198486e-01
3.864438235759735107e-01
3.773571848869323730e-01
3.743927180767059326e-01
3.763644099235534668e-01
3.727415800094604492e-01
3.722960650920867920e-01
3.699658215045928955e-01
3.680660724639892578e-01
3.659735321998596191e-01
3.650898039340972900e-01
3.650124371051788330e-01
3.623433411121368408e-01
3.607206940650939941e-01
3.634862303733825684e-01
3.612364232540130615e-01
3.605892658233642578e-01
3.604338765144348145e-01
3.572798669338226318e-01
3.602602779865264893e-01
3.575593233108520508e-01
3.567795753479003906e-01
3.507981896400451660e-01
3.610346913337707520e-01
3.538427054882049561e-01
3.550746440887451172e-01
3.564262092113494873e-01
3.515488803386688232e-01
3.541394770145416260e-01
3.495845794677734375e-01
3.474698066711425781e-01
3.528363704681396484e-01
3.462784290313720703e-01
3.470730483531951904e-01
3.441124260425567627e-01
3.455891609191894531e-01
3.449263870716094971e-01
3.435152173042297363e-01
3.449226617813110352e-01
3.399616181850433350e-01
3.445362448692321777e-01
3.441988825798034668e-01
3.368516862392425537e-01
3.400084078311920166e-01
3.437684178352355957e-01
3.343054354190826416e-01
3.385853171348571777e-01
3.362847864627838135e-01
3.373447656631469727e-01
3.381074666976928711e-01
3.360041677951812744e-01
3.318783640861511230e-01
3.349227607250213623e-01
3.326702415943145752e-01
3.312608301639556885e-01
3.292383253574371338e-01
3.261175155639648438e-01
3.339155316352844238e-01
3.289122581481933594e-01
3.319954872131347656e-01
3.262126743793487549e-01
3.333794176578521729e-01
3.271518051624298096e-01
3.263834416866302490e-01
3.231619894504547119e-01
3.252482414245605469e-01
3.244941234588623047e-01
3.250135481357574463e-01
3.240325152873992920e-01
3.225022554397583008e-01
3.205489516258239746e-01
3.206306993961334229e-01
3.189020156860351562e-01
3.201506137847900391e-01
3.185600340366363525e-01
3.232776522636413574e-01
3.210926353931427002e-01
3.174396455287933350e-01
3.166556060314178467e-01
3.200778365135192871e-01
3.162660598754882812e-01
3.153150081634521484e-01
3.136190474033355713e-01
3.180892169475555420e-01
3.145489096641540527e-01
3.128436803817749023e-01
3.127491772174835205e-01
3.112290501594543457e-01
3.151042759418487549e-01
3.130955100059509277e-01
3.160206675529479980e-01
3.137600719928741455e-01
3.152843415737152100e-01
3.119572401046752930e-01
3.093465566635131836e-01
3.076072335243225098e-01
3.078982830047607422e-01
3.102708458900451660e-01
3.087016642093658447e-01
3.066246807575225830e-01
3.074338436126708984e-01
3.100598454475402832e-01
3.038462698459625244e-01
3.066897094249725342e-01
3.048859238624572754e-01
3.066438734531402588e-01
3.029699027538299561e-01
3.014407157897949219e-01
3.023623526096343994e-01
3.049114644527435303e-01
3.051072061061859131e-01
2.979011535644531250e-01
3.021027147769927979e-01
3.046700060367584229e-01
3.004105985164642334e-01
3.040111660957336426e-01
2.989158034324645996e-01
2.975876629352569580e-01
2.997401654720306396e-01
2.985099852085113525e-01
2.977483272552490234e-01
3.012984991073608398e-01
2.965036332607269287e-01
2.947816550731658936e-01
2.951646447181701660e-01
3.004503548145294189e-01
2.966011762619018555e-01
2.938783168792724609e-01
2.907574176788330078e-01
2.936921417713165283e-01
2.930388450622558594e-01
2.913154065608978271e-01
2.909854948520660400e-01
2.925509810447692871e-01
2.918858230113983154e-01
2.894272208213806152e-01
2.877748608589172363e-01
2.905666232109069824e-01
2.908412218093872070e-01
2.888602614402770996e-01
2.862440943717956543e-01
2.932768464088439941e-01
2.891266644001007080e-01
2.900874614715576172e-01
2.865215539932250977e-01
2.859358489513397217e-01
2.902813553810119629e-01
2.858667373657226562e-01
2.887132167816162109e-01
2.865292727947235107e-01
2.830497920513153076e-01
2.838930785655975342e-01
2.869450151920318604e-01
2.837636470794677734e-01
2.819892764091491699e-01
2.860673666000366211e-01
2.831700146198272705e-01
2.849210798740386963e-01
2.816843986511230469e-01
2.840382754802703857e-01
2.810462713241577148e-01
2.840562462806701660e-01
2.849235534667968750e-01
2.781012654304504395e-01
2.810963690280914307e-01
2.784078717231750488e-01
2.790217697620391846e-01
2.783399224281311035e-01
2.778194844722747803e-01
2.811008393764495850e-01
2.815893292427062988e-01
2.762433588504791260e-01
2.767058312892913818e-01
2.766102552413940430e-01
2.766982018947601318e-01
2.780263125896453857e-01
2.768202424049377441e-01
2.753733098506927490e-01
2.761507332324981689e-01
2.752214372158050537e-01
2.744896113872528076e-01
2.747995555400848389e-01
2.745675146579742432e-01
2.728505134582519531e-01
2.725639641284942627e-01
2.710860967636108398e-01
2.716887593269348145e-01
2.728454768657684326e-01
2.711810767650604248e-01
2.684135138988494873e-01
2.704096734523773193e-01
2.700223326683044434e-01
2.707603871822357178e-01
2.729305922985076904e-01
2.721179425716400146e-01
2.695504128932952881e-01
2.674278318881988525e-01
2.717285454273223877e-01
2.672688961029052734e-01
2.677400410175323486e-01
2.700478136539459229e-01
2.658837139606475830e-01
2.655899226665496826e-01
2.695252001285552979e-01
2.674229443073272705e-01
2.660700678825378418e-01
2.633464336395263672e-01
2.637905776500701904e-01
2.662482857704162598e-01
2.670402824878692627e-01
2.653426826000213623e-01
2.681040465831756592e-01
2.629328966140747070e-01
2.628275752067565918e-01
2.629860341548919678e-01
2.581515312194824219e-01
2.653731405735015869e-01
2.627955675125122070e-01
2.623294293880462646e-01
2.627360522747039795e-01
2.630185186862945557e-01
2.606784999370574951e-01
2.605940699577331543e-01
2.642342746257781982e-01
2.596802413463592529e-01
2.555386722087860107e-01
2.567138075828552246e-01
2.583385109901428223e-01
2.581734061241149902e-01
2.587939798831939697e-01
2.575386464595794678e-01
2.581866681575775146e-01
2.582591474056243896e-01
2.571072578430175781e-01
2.578940689563751221e-01
2.565283775329589844e-01
2.563755512237548828e-01
2.549670338630676270e-01
2.535209059715270996e-01
2.581394612789154053e-01
2.549436092376708984e-01
2.562775909900665283e-01
2.546727657318115234e-01
2.571703791618347168e-01
2.576754093170166016e-01
2.522430121898651123e-01
2.564948201179504395e-01
2.546734213829040527e-01
2.538011074066162109e-01
2.525809705257415771e-01
2.526702880859375000e-01
2.507264614105224609e-01
2.534356117248535156e-01
2.523656487464904785e-01
2.540589272975921631e-01
2.531637251377105713e-01
2.486721426248550415e-01
2.509434223175048828e-01
2.512565255165100098e-01
2.504869997501373291e-01
2.511839866638183594e-01
2.506685853004455566e-01
2.496618628501892090e-01
2.508979439735412598e-01
2.511717379093170166e-01
2.493636608123779297e-01
2.493303567171096802e-01
2.482375204563140869e-01
2.468757480382919312e-01
2.503449916839599609e-01
2.489465177059173584e-01
2.490814924240112305e-01
2.500006854534149170e-01
2.470950186252593994e-01
2.492718696594238281e-01
2.472635507583618164e-01
2.458069771528244019e-01
2.480983287096023560e-01
2.453346699476242065e-01
2.462273389101028442e-01
2.445612847805023193e-01
2.487579286098480225e-01
2.451776415109634399e-01
2.457273602485656738e-01
2.466371655464172363e-01
2.471959739923477173e-01
2.435153871774673462e-01
2.503720819950103760e-01
2.433741837739944458e-01
2.443313151597976685e-01
2.461514174938201904e-01
2.428401559591293335e-01
2.472916990518569946e-01
2.432729303836822510e-01
2.443686127662658691e-01
2.427721768617630005e-01
2.418219000101089478e-01
2.418528944253921509e-01
2.442415952682495117e-01
2.429492026567459106e-01
2.414632141590118408e-01
2.443967312574386597e-01
2.404216229915618896e-01
2.416715621948242188e-01
2.413942664861679077e-01
2.427347749471664429e-01
2.406100779771804810e-01
2.443102449178695679e-01
2.408426851034164429e-01
2.410576194524765015e-01
2.412513941526412964e-01
2.424228787422180176e-01
2.376035302877426147e-01
2.400740534067153931e-01
2.406165003776550293e-01
2.427101880311965942e-01
2.410286664962768555e-01
2.408217340707778931e-01
2.383536547422409058e-01
2.413097918033599854e-01
2.389789223670959473e-01
2.379455119371414185e-01
2.389680892229080200e-01
2.374905794858932495e-01
2.388717979192733765e-01
2.391915917396545410e-01
2.396908551454544067e-01
2.396507561206817627e-01
2.377164810895919800e-01
2.384552955627441406e-01
2.375973016023635864e-01
2.356320172548294067e-01
2.372492253780364990e-01
2.352750897407531738e-01
2.355399280786514282e-01
2.357962131500244141e-01
2.351244390010833740e-01
2.354469299316406250e-01
2.353990226984024048e-01
2.358016967773437500e-01
2.346313297748565674e-01
2.346970289945602417e-01
2.372506260871887207e-01
2.363999038934707642e-01
2.359870672225952148e-01
2.353703677654266357e-01
2.336990833282470703e-01
2.360184043645858765e-01
2.350115776062011719e-01
2.364054322242736816e-01
2.338491380214691162e-01
2.372521311044692993e-01
2.340819090604782104e-01
2.333721220493316650e-01
2.351068556308746338e-01
2.336563766002655029e-01
2.347877174615859985e-01
2.308321744203567505e-01
2.348021268844604492e-01
2.350411862134933472e-01
2.338737100362777710e-01
2.320193946361541748e-01
2.346544116735458374e-01
2.328291386365890503e-01
2.348895370960235596e-01
2.328757345676422119e-01
2.326844781637191772e-01
2.341961115598678589e-01
2.361445724964141846e-01
2.314340621232986450e-01
2.325749546289443970e-01
2.339763194322586060e-01
2.311809808015823364e-01
2.290236055850982666e-01
2.300031036138534546e-01
2.301983088254928589e-01
2.334364950656890869e-01
2.295935600996017456e-01
2.298877239227294922e-01
2.361592054367065430e-01
2.320587784051895142e-01
2.315915375947952271e-01
2.334342300891876221e-01
2.309143543243408203e-01
2.324625700712203979e-01
2.286250293254852295e-01
2.332696914672851562e-01
2.302048355340957642e-01
2.324962466955184937e-01
2.301653325557708740e-01
2.320668697357177734e-01
2.274055033922195435e-01
2.311802804470062256e-01
2.319705486297607422e-01
2.310303002595901489e-01
2.304332405328750610e-01
2.277489751577377319e-01
2.304953038692474365e-01
2.279536426067352295e-01
2.295928001403808594e-01
2.283224612474441528e-01
2.311621755361557007e-01
2.277513146400451660e-01
2.301186770200729370e-01
2.280161082744598389e-01
2.277059853076934814e-01
2.275644093751907349e-01
2.265223860740661621e-01
2.240408957004547119e-01
2.282323539257049561e-01
2.294601798057556152e-01
2.245061695575714111e-01
2.281028479337692261e-01
2.269785553216934204e-01
2.278690785169601440e-01
2.278656214475631714e-01
2.277636379003524780e-01
2.262705415487289429e-01
2.273889183998107910e-01
2.262667268514633179e-01
2.262054383754730225e-01
2.281704097986221313e-01
2.235276550054550171e-01
2.266347259283065796e-01
2.264153659343719482e-01
2.284895926713943481e-01
2.239944785833358765e-01
2.296376824378967285e-01
2.264537215232849121e-01
2.266522943973541260e-01
2.259100824594497681e-01
2.245315760374069214e-01
2.231831103563308716e-01
2.234657704830169678e-01
2.241827845573425293e-01
2.260432839393615723e-01
2.261321842670440674e-01
2.253174483776092529e-01
2.269939184188842773e-01
2.262569218873977661e-01
2.245159298181533813e-01
2.237663865089416504e-01
2.242712974548339844e-01
2.260291427373886108e-01
2.227668166160583496e-01
2.266131937503814697e-01
2.225043773651123047e-01
2.244631946086883545e-01
2.248097658157348633e-01
2.243240028619766235e-01
2.220923155546188354e-01
2.222516685724258423e-01
2.251359224319458008e-01
2.261954247951507568e-01
2.236265242099761963e-01
2.234216332435607910e-01
2.243803888559341431e-01
2.227054089307785034e-01
2.238171547651290894e-01
2.242113202810287476e-01
2.242049276828765869e-01
2.234818786382675171e-01
2.272332608699798584e-01
2.210603058338165283e-01
2.241284400224685669e-01
2.214333862066268921e-01
2.204792946577072144e-01
2.210524231195449829e-01
2.231965810060501099e-01
2.219116240739822388e-01
2.239293605089187622e-01
2.236738801002502441e-01
2.220460623502731323e-01
2.240385860204696655e-01
2.206754833459854126e-01
2.210785597562789917e-01
2.233038544654846191e-01
2.217447906732559204e-01
2.222802340984344482e-01
2.196482717990875244e-01
2.227047979831695557e-01
2.202842384576797485e-01
2.197894901037216187e-01
2.196603417396545410e-01
2.222959548234939575e-01
2.208265364170074463e-01
2.186600863933563232e-01
2.229769378900527954e-01
2.213952988386154175e-01
2.200238704681396484e-01
2.226456850767135620e-01
2.206287831068038940e-01
2.203855961561203003e-01
2.178145051002502441e-01
2.206893563270568848e-01
2.185920923948287964e-01
2.180964052677154541e-01
2.222297042608261108e-01
2.222001701593399048e-01
2.204923480749130249e-01
2.193264365196228027e-01
2.203644216060638428e-01
2.201393246650695801e-01
2.186488658189773560e-01
2.192695140838623047e-01
2.222449779510498047e-01
2.170075774192810059e-01
2.203031480312347412e-01
2.219580560922622681e-01
2.215974032878875732e-01
2.192957252264022827e-01
2.210104614496231079e-01
2.192682474851608276e-01
2.208470255136489868e-01
2.221565246582031250e-01
2.178887724876403809e-01
2.195562720298767090e-01
2.201359868049621582e-01
2.184144258499145508e-01
2.189815193414688110e-01
2.173118740320205688e-01
2.168796211481094360e-01
2.170002162456512451e-01
2.203253954648971558e-01
2.196465432643890381e-01
2.228414416313171387e-01
2.175606787204742432e-01
2.172989547252655029e-01
2.173710316419601440e-01
2.165472507476806641e-01
2.200247049331665039e-01
2.168491929769515991e-01
2.158524096012115479e-01
2.158864438533782959e-01
2.162684798240661621e-01
2.155250012874603271e-01
2.175383865833282471e-01
2.172432541847229004e-01
2.170243412256240845e-01
2.169151306152343750e-01
2.146356552839279175e-01
2.165558487176895142e-01
2.165439575910568237e-01
2.159248292446136475e-01
2.163182199001312256e-01
2.170454114675521851e-01
2.175849527120590210e-01
2.175748050212860107e-01
2.151272147893905640e-01
2.167679965496063232e-01
2.156153023242950439e-01
2.169284224510192871e-01
2.163754850625991821e-01
2.176216393709182739e-01
2.149590253829956055e-01
2.158405482769012451e-01
2.154843956232070923e-01
2.160898149013519287e-01
2.147789299488067627e-01
2.165595740079879761e-01
2.147276103496551514e-01
2.152517288923263550e-01
2.165293693542480469e-01
2.169599682092666626e-01
2.158916592597961426e-01
2.165879160165786743e-01
2.143409103155136108e-01
2.157742828130722046e-01
2.152341008186340332e-01
2.148294150829315186e-01
2.139885276556015015e-01
2.142351567745208740e-01
2.166641354560852051e-01
2.137952297925949097e-01
2.172778993844985962e-01
2.152786701917648315e-01
2.159775197505950928e-01
2.157556563615798950e-01
2.127858549356460571e-01
2.137368619441986084e-01
2.160418033599853516e-01
2.156434208154678345e-01
2.136370539665222168e-01
2.152068465948104858e-01
2.142211794853210449e-01
2.129895836114883423e-01
2.163572758436203003e-01
2.137284129858016968e-01
2.108404338359832764e-01
2.126870602369308472e-01
2.137327492237091064e-01
2.130120545625686646e-01
2.130532711744308472e-01
2.131798565387725830e-01
2.146060764789581299e-01
2.106693685054779053e-01
2.150528281927108765e-01
2.103712707757949829e-01
2.120180577039718628e-01
2.148136943578720093e-01
2.135858833789825439e-01
2.138908207416534424e-01
2.130699902772903442e-01
2.126227021217346191e-01
2.120918929576873779e-01
2.135087400674819946e-01
2.129280716180801392e-01
2.107786536216735840e-01
2.119102627038955688e-01
2.128901779651641846e-01
2.120490968227386475e-01
2.074361592531204224e-01
2.106882780790328979e-01
2.115655243396759033e-01
2.122800499200820923e-01
2.134697139263153076e-01
2.126780301332473755e-01
2.157130092382431030e-01
2.136688083410263062e-01
2.118770033121109009e-01
2.134810388088226318e-01
2.117878645658493042e-01
2.117773294448852539e-01
2.102490961551666260e-01
2.129317969083786011e-01
2.110489755868911743e-01
2.100143432617187500e-01
2.133005261421203613e-01
2.122086584568023682e-01
2.111446112394332886e-01
2.106305956840515137e-01
2.101046293973922729e-01
2.096732258796691895e-01
2.126455307006835938e-01
2.118999660015106201e-01
2.074225544929504395e-01
2.117204368114471436e-01
2.106688618659973145e-01
2.103228420019149780e-01
2.109683901071548462e-01
2.078697979450225830e-01
2.082323879003524780e-01
2.088888734579086304e-01
2.095214575529098511e-01
2.093858420848846436e-01
2.108199447393417358e-01
2.095789462327957153e-01
2.109584808349609375e-01
2.115238308906555176e-01
2.087997943162918091e-01
2.089955955743789673e-01
2.077401280403137207e-01
2.085542231798171997e-01
2.091403603553771973e-01
2.077818512916564941e-01
2.114105969667434692e-01
2.120994478464126587e-01
2.102103233337402344e-01
2.088659554719924927e-01
2.100810259580612183e-01
2.079796940088272095e-01
2.082313448190689087e-01
2.067686766386032104e-01
2.095407247543334961e-01
2.070250213146209717e-01
2.076317965984344482e-01
2.097423523664474487e-01
2.091795802116394043e-01
2.091304957866668701e-01
2.097397297620773315e-01
2.097527384757995605e-01
2.090994715690612793e-01
2.082992494106292725e-01
2.092088609933853149e-01
2.078251838684082031e-01
2.086141407489776611e-01
2.084116190671920776e-01
2.082262635231018066e-01
2.061578631401062012e-01
2.083553373813629150e-01
2.081905752420425415e-01
2.094354480504989624e-01
2.066757678985595703e-01
2.072756737470626831e-01
2.072478681802749634e-01
2.069997042417526245e-01
2.058878391981124878e-01
2.094300389289855957e-01
2.084666341543197632e-01
2.075231820344924927e-01
2.078941315412521362e-01
2.066530287265777588e-01
2.068483233451843262e-01
2.077737152576446533e-01
2.051649689674377441e-01
2.074369937181472778e-01
2.090680897235870361e-01
2.089712321758270264e-01
2.059494853019714355e-01
2.079837024211883545e-01
2.050370424985885620e-01
2.076679170131683350e-01
2.090388834476470947e-01
2.066538035869598389e-01
2.095471471548080444e-01
2.049458473920822144e-01
2.076333612203598022e-01
2.074407786130905151e-01
2.074001282453536987e-01
2.053203731775283813e-01
2.047430425882339478e-01
2.090887427330017090e-01
2.066432684659957886e-01
2.079272568225860596e-01
2.068104594945907593e-01
2.041071504354476929e-01
2.056924700736999512e-01
2.054123282432556152e-01
2.036359906196594238e-01
2.071456164121627808e-01
2.053779661655426025e-01
2.031869739294052124e-01
2.072663307189941406e-01
2.062150835990905762e-01
2.074925005435943604e-01
2.063288390636444092e-01
2.065037339925765991e-01
2.036582082509994507e-01
2.056304514408111572e-01
2.034872770309448242e-01
2.055086940526962280e-01
2.023752629756927490e-01
2.056715935468673706e-01
2.051009684801101685e-01
2.053800076246261597e-01
2.065111100673675537e-01
2.066373527050018311e-01
2.035519927740097046e-01
2.044388204813003540e-01
2.031539678573608398e-01
2.058033347129821777e-01
2.042547315359115601e-01
2.031036019325256348e-01
2.059475481510162354e-01
2.045026272535324097e-01
2.004738450050354004e-01
2.021700441837310791e-01
2.026706486940383911e-01
2.057264149188995361e-01
2.044567912817001343e-01
2.037546634674072266e-01
2.028009444475173950e-01
2.040619999170303345e-01
2.024923264980316162e-01
2.061699032783508301e-01
2.037137895822525024e-01
2.040746659040451050e-01
2.050129324197769165e-01
2.039735168218612671e-01
2.027671784162521362e-01
1.999334692955017090e-01
2.028160840272903442e-01
2.043472379446029663e-01
2.030062973499298096e-01
2.046109139919281006e-01
2.037809491157531738e-01
2.042596936225891113e-01
2.047529667615890503e-01
2.048314660787582397e-01
2.030309736728668213e-01
2.039980888366699219e-01
2.038526684045791626e-01
2.008156776428222656e-01
2.035088241100311279e-01
2.048587799072265625e-01
2.047228217124938965e-01
2.009524703025817871e-01
2.055531889200210571e-01
2.037758082151412964e-01
2.020069658756256104e-01
2.032963782548904419e-01
2.039120495319366455e-01
2.025240361690521240e-01
2.023413777351379395e-01
2.031835913658142090e-01
2.036600857973098755e-01
2.027451395988464355e-01
2.034195512533187866e-01
2.019649147987365723e-01
2.041559517383575439e-01
2.041208297014236450e-01
2.033349275588989258e-01
2.029347121715545654e-01
2.015364170074462891e-01
2.035100758075714111e-01
2.033764868974685669e-01
2.021538615226745605e-01
2.030707448720932007e-01
2.019967734813690186e-01
2.039106190204620361e-01
2.014051824808120728e-01
1.998070627450942993e-01
1.998776644468307495e-01
2.034682482481002808e-01
2.007663547992706299e-01
2.021458148956298828e-01
2.008888125419616699e-01
2.005133032798767090e-01
2.004916369915008545e-01
2.016622275114059448e-01
2.023746222257614136e-01
2.002066373825073242e-01
1.997383832931518555e-01
2.034437060356140137e-01
2.012656480073928833e-01
2.003071755170822144e-01
2.014241665601730347e-01
1.980362832546234131e-01
2.013226002454757690e-01
1.989029645919799805e-01
1.982676535844802856e-01
1.992968916893005371e-01
2.035733312368392944e-01
2.031072825193405151e-01
2.007536888122558594e-01
2.009699940681457520e-01
1.995441615581512451e-01
1.998490095138549805e-01
1.989401727914810181e-01
2.007729411125183105e-01
2.012201994657516479e-01
1.986285597085952759e-01
1.991471052169799805e-01
2.024881690740585327e-01
1.989065408706665039e-01
2.008373290300369263e-01
1.997167021036148071e-01
2.017362862825393677e-01
1.997595280408859253e-01
1.988042593002319336e-01
1.998325288295745850e-01
2.006699442863464355e-01
2.009345144033432007e-01
1.993900239467620850e-01
1.996342092752456665e-01
2.006193995475769043e-01
2.004029750823974609e-01
2.000476568937301636e-01
1.994326859712600708e-01
1.992616802453994751e-01
1.992831081151962280e-01
2.007501572370529175e-01
2.008843868970870972e-01
1.986530721187591553e-01
1.990492492914199829e-01
1.979098618030548096e-01
1.989194005727767944e-01
1.985373497009277344e-01
1.987255364656448364e-01
1.999592185020446777e-01
1.990172863006591797e-01
1.994097381830215454e-01
2.000572085380554199e-01
1.985228061676025391e-01
1.982946544885635376e-01
1.999796628952026367e-01
2.001371979713439941e-01
1.993907094001770020e-01
1.994190216064453125e-01
1.970615386962890625e-01
1.975497454404830933e-01
2.013401836156845093e-01
1.982367634773254395e-01
2.006760537624359131e-01
2.005179375410079956e-01
2.006323635578155518e-01
1.993438452482223511e-01
1.993917822837829590e-01
1.979231387376785278e-01
1.966934204101562500e-01
2.007104605436325073e-01
1.983714848756790161e-01
1.986257880926132202e-01
1.968448311090469360e-01
1.959108710289001465e-01
1.958548873662948608e-01
1.977034360170364380e-01
1.964238286018371582e-01
1.979290395975112915e-01
1.980805248022079468e-01
1.987985819578170776e-01
1.979768723249435425e-01
1.952012926340103149e-01
1.973356157541275024e-01
1.981840878725051880e-01
1.988787353038787842e-01
1.980310380458831787e-01
1.985460072755813599e-01
2.000389397144317627e-01
1.975760161876678467e-01
1.987422257661819458e-01
2.013002038002014160e-01
1.980091333389282227e-01
1.982285827398300171e-01
1.959245800971984863e-01
1.997689902782440186e-01
1.978292614221572876e-01
1.986078321933746338e-01
1.962210536003112793e-01
1.978930234909057617e-01
1.969350427389144897e-01
1.980552226305007935e-01
1.958884447813034058e-01
1.947544962167739868e-01
1.988591849803924561e-01
1.978714764118194580e-01
1.984066516160964966e-01
1.966477185487747192e-01
1.982078701257705688e-01
1.965165734291076660e-01
1.963665038347244263e-01
1.960738003253936768e-01
1.971208006143569946e-01
1.980523169040679932e-01
1.956581622362136841e-01
1.980611830949783325e-01
1.964653134346008301e-01
1.944077163934707642e-01
1.988627910614013672e-01
1.976907402276992798e-01
1.999505758285522461e-01
1.967607885599136353e-01
1.970183253288269043e-01
1.983656585216522217e-01
1.943089365959167480e-01
1.959588974714279175e-01
1.970055401325225830e-01
1.959180384874343872e-01
1.960305720567703247e-01
1.961258053779602051e-01
1.966717243194580078e-01
1.937789916992187500e-01
1.975320428609848022e-01
1.964533179998397827e-01
1.943291127681732178e-01
1.962262392044067383e-01
1.953583806753158569e-01
1.943859755992889404e-01
1.946045458316802979e-01
1.951295435428619385e-01
1.963608264923095703e-01
1.961869895458221436e-01
1.952779442071914673e-01
1.965517252683639526e-01
1.933066993951797485e-01
1.943300366401672363e-01
1.944824159145355225e-01
1.935678720474243164e-01
1.945242285728454590e-01
1.962879002094268799e-01
1.944099366664886475e-01
1.935174316167831421e-01
1.941790282726287842e-01
1.947178691625595093e-01
1.975616961717605591e-01
1.942971646785736084e-01
1.950151324272155762e-01
1.951043903827667236e-01
1.961579024791717529e-01
1.954315751791000366e-01
1.935146301984786987e-01
1.957151591777801514e-01
1.954738199710845947e-01
1.930283606052398682e-01
1.943508237600326538e-01
1.948247402906417847e-01
1.949807703495025635e-01
1.956209689378738403e-01
1.900265961885452271e-01
1.941485852003097534e-01
1.958517581224441528e-01
1.941113024950027466e-01
1.958051323890686035e-01
1.945529580116271973e-01
1.932631134986877441e-01
1.950195580720901489e-01
1.950824260711669922e-01
1.959896534681320190e-01
1.972015947103500366e-01
1.944881677627563477e-01
1.941130310297012329e-01
1.945301592350006104e-01
1.932251751422882080e-01
1.944854259490966797e-01
1.939099282026290894e-01
1.945904195308685303e-01
1.949866265058517456e-01
1.932699233293533325e-01
1.922456622123718262e-01
1.957434266805648804e-01
1.931090950965881348e-01
1.921079456806182861e-01
1.946220546960830688e-01
1.923702955245971680e-01
1.920999139547348022e-01
1.971794068813323975e-01
1.942842006683349609e-01
2.035072892904281616e-01
2.078494131565093994e-01
2.077786922454833984e-01
2.079071551561355591e-01
2.047966122627258301e-01
2.066370993852615356e-01
2.082913219928741455e-01
2.057328671216964722e-01
2.051305174827575684e-01
2.085146903991699219e-01
2.066481858491897583e-01
2.067614644765853882e-01
2.073260694742202759e-01
2.039332389831542969e-01
2.047669440507888794e-01
2.087372541427612305e-01
2.043271958827972412e-01
2.075595408678054810e-01
2.068756967782974243e-01
2.054619044065475464e-01
2.049193978309631348e-01
2.045414149761199951e-01
2.077871859073638916e-01
2.063805907964706421e-01
2.062565386295318604e-01
2.068743705749511719e-01
2.029835581779479980e-01
2.069445848464965820e-01
2.037255316972732544e-01
2.057065814733505249e-01
2.043524980545043945e-01
2.062816470861434937e-01
2.050734609365463257e-01
2.052500545978546143e-01
2.027502059936523438e-01
2.043735831975936890e-01
2.064441740512847900e-01
2.046650499105453491e-01
2.045994400978088379e-01
2.041541188955307007e-01
2.050003558397293091e-01
2.048524916172027588e-01
2.055746316909790039e-01
2.053205817937850952e-01
2.023922950029373169e-01
2.062570750713348389e-01
2.051087766885757446e-01
2.045090198516845703e-01
2.051945477724075317e-01
2.062364369630813599e-01
2.026938796043395996e-01
2.054788023233413696e-01
2.048222571611404419e-01
2.042284160852432251e-01
2.016395479440689087e-01
2.045928090810775757e-01
2.050855904817581177e-01
2.068146467208862305e-01
2.005736529827117920e-01
2.040468305349349976e-01
2.025996893644332886e-01
2.070762217044830322e-01
2.041284441947937012e-01
2.014329582452774048e-01
2.038272768259048462e-01
2.052639871835708618e-01
2.018753290176391602e-01
2.036252021789550781e-01
2.033639103174209595e-01
2.051744014024734497e-01
2.058632075786590576e-01
2.047313749790191650e-01
2.041876763105392456e-01
2.057639807462692261e-01
2.012329995632171631e-01
2.025901675224304199e-01
2.038059532642364502e-01
2.050800770521163940e-01
2.064647227525711060e-01
2.011158019304275513e-01
2.015044987201690674e-01
2.017237693071365356e-01
2.053368836641311646e-01
2.026257216930389404e-01
2.058152407407760620e-01
2.017042487859725952e-01
2.021051347255706787e-01
2.033134847879409790e-01
2.039104551076889038e-01
1.993496865034103394e-01
2.026529312133789062e-01
2.013047784566879272e-01
2.039485573768615723e-01
2.026612013578414917e-01
2.020038664340972900e-01
2.005301415920257568e-01
2.026816457509994507e-01
2.021538168191909790e-01
2.005074769258499146e-01
2.032638043165206909e-01
2.018214017152786255e-01
2.031204402446746826e-01
2.017602771520614624e-01
2.024715095758438110e-01
2.010975182056427002e-01
2.022969722747802734e-01
2.022893130779266357e-01
2.048138231039047241e-01
2.026248574256896973e-01
1.994702517986297607e-01
2.027669548988342285e-01
1.993463337421417236e-01
2.041232436895370483e-01
2.013487070798873901e-01
2.031899690628051758e-01
2.025635391473770142e-01
2.012957483530044556e-01
2.039047926664352417e-01
2.019589692354202271e-01
2.029558867216110229e-01
2.047897130250930786e-01
2.018370181322097778e-01
2.016903907060623169e-01
2.004298120737075806e-01
2.029785215854644775e-01
2.008931785821914673e-01
2.055179625749588013e-01
2.054364383220672607e-01
2.017537206411361694e-01
2.007139921188354492e-01
2.006667256355285645e-01
2.010729759931564331e-01
2.004511058330535889e-01
2.003330588340759277e-01
1.983384042978286743e-01
1.996619701385498047e-01
2.020666748285293579e-01
2.026275694370269775e-01
2.023938149213790894e-01
2.003087103366851807e-01
2.029136419296264648e-01
2.009079456329345703e-01
2.024029642343521118e-01
2.031290531158447266e-01
1.991254240274429321e-01
2.028097212314605713e-01
1.994513273239135742e-01
2.003196924924850464e-01
2.040384709835052490e-01
2.009437382221221924e-01
1.979344785213470459e-01
2.006765604019165039e-01
2.017178386449813843e-01
2.017072588205337524e-01
2.008572220802307129e-01
1.999214291572570801e-01
2.003312855958938599e-01
2.011873424053192139e-01
2.008102089166641235e-01
2.010270953178405762e-01
2.010494619607925415e-01
2.028996944427490234e-01
2.013967335224151611e-01
2.002228498458862305e-01
2.033425271511077881e-01
1.994599848985671997e-01
2.006877064704895020e-01
1.976004242897033691e-01
2.021411806344985962e-01
1.997683942317962646e-01
1.990618258714675903e-01
1.999724656343460083e-01
2.015163600444793701e-01
1.982840001583099365e-01
2.001476734876632690e-01
1.973788589239120483e-01
2.017227113246917725e-01
2.009195983409881592e-01
1.988584548234939575e-01
2.011854797601699829e-01
1.976549625396728516e-01
1.996757686138153076e-01
1.980923861265182495e-01
1.980562359094619751e-01
1.988164931535720825e-01
1.998547911643981934e-01
2.003141939640045166e-01
2.024011015892028809e-01
1.996204406023025513e-01
2.005509734153747559e-01
1.982407718896865845e-01
1.970371007919311523e-01
1.987957358360290527e-01
1.982192844152450562e-01
2.016749531030654907e-01
1.976447850465774536e-01
1.992950141429901123e-01
1.987390965223312378e-01
2.019383013248443604e-01
1.980413943529129028e-01
2.006157338619232178e-01
2.003629058599472046e-01
1.981610208749771118e-01
2.016088366508483887e-01
1.947214901447296143e-01
1.970600485801696777e-01
1.997598111629486084e-01
1.985411047935485840e-01
1.955709606409072876e-01
1.978567987680435181e-01
1.982582807540893555e-01
1.985596716403961182e-01
1.957858800888061523e-01
1.983852237462997437e-01
1.997830718755722046e-01
1.994375288486480713e-01
1.993364989757537842e-01
1.975117027759552002e-01
1.967371553182601929e-01
1.984528601169586182e-01
1.985870450735092163e-01
1.966689825057983398e-01
1.966590732336044312e-01
2.000297009944915771e-01
1.990483850240707397e-01
1.983055323362350464e-01
1.997448951005935669e-01
1.988185346126556396e-01
1.968116164207458496e-01
2.004864960908889771e-01
1.972940266132354736e-01
1.987096816301345825e-01
1.973125189542770386e-01
1.984774768352508545e-01
1.977148652076721191e-01
1.973285973072052002e-01
1.990831792354583740e-01
1.975305378437042236e-01
1.958277523517608643e-01
2.000546902418136597e-01
1.980217993259429932e-01
1.988412588834762573e-01
1.976053714752197266e-01
1.972060650587081909e-01
1.949514150619506836e-01
1.998167037963867188e-01
1.964853256940841675e-01
1.973132044076919556e-01
1.989787966012954712e-01
1.993664503097534180e-01
1.960274875164031982e-01
1.972262412309646606e-01
1.986773014068603516e-01
1.983767896890640259e-01
1.968941539525985718e-01
1.956384927034378052e-01
1.971266269683837891e-01
1.993454545736312866e-01
1.975341886281967163e-01
1.965728551149368286e-01
1.951906085014343262e-01
1.971202641725540161e-01
1.983605623245239258e-01
1.977568119764328003e-01
1.946585625410079956e-01
2.013394832611083984e-01
1.979106366634368896e-01
1.984091699123382568e-01
1.969150602817535400e-01
1.959241777658462524e-01
1.987490952014923096e-01
1.995082050561904907e-01
1.962371319532394409e-01
1.982388496398925781e-01
1.968504637479782104e-01
1.966462731361389160e-01
1.970726996660232544e-01
1.979759931564331055e-01
1.999438107013702393e-01
1.957269459962844849e-01
1.984097212553024292e-01
1.975725144147872925e-01
1.968249529600143433e-01
1.964397281408309937e-01
1.987996995449066162e-01
1.954404860734939575e-01
1.987768560647964478e-01
1.981454044580459595e-01
1.973382532596588135e-01
1.969818919897079468e-01
1.965029388666152954e-01
1.976087391376495361e-01
1.961928158998489380e-01
1.984206736087799072e-01
1.971011161804199219e-01
1.930493712425231934e-01
1.981402337551116943e-01
1.956700384616851807e-01
1.980310529470443726e-01
1.949111521244049072e-01
1.957234889268875122e-01
1.952806860208511353e-01
1.968022137880325317e-01
1.949791759252548218e-01
1.940495371818542480e-01
1.954237520694732666e-01
1.935657560825347900e-01
1.968896389007568359e-01
1.976085007190704346e-01
1.978975385427474976e-01
1.934181004762649536e-01
1.971068382263183594e-01
1.930125057697296143e-01
1.974234431982040405e-01
1.966317594051361084e-01
1.932688206434249878e-01
1.960263550281524658e-01
1.911269128322601318e-01
1.968560963869094849e-01
1.958583295345306396e-01
1.981327384710311890e-01
1.966088116168975830e-01
1.932667046785354614e-01
1.966179013252258301e-01
1.958085000514984131e-01
1.964699178934097290e-01
1.942092180252075195e-01
1.957583427429199219e-01
1.924518048763275146e-01
1.965974867343902588e-01
1.943139284849166870e-01
1.960880756378173828e-01
1.950364261865615845e-01
1.976669132709503174e-01
1.954701244831085205e-01
1.954476684331893921e-01
1.948896050453186035e-01
1.952381581068038940e-01
1.937107741832733154e-01
1.970957517623901367e-01
1.960183084011077881e-01
1.970521509647369385e-01
1.979163736104965210e-01
1.939356625080108643e-01
1.941010504961013794e-01
1.950710564851760864e-01
1.919372826814651489e-01
1.969770044088363647e-01
1.946004480123519897e-01
1.945306062698364258e-01
1.951799839735031128e-01
1.932274103164672852e-01
1.962630748748779297e-01
1.944516748189926147e-01
1.930124461650848389e-01
1.934147626161575317e-01
1.925039589405059814e-01
1.963768750429153442e-01
1.930125355720520020e-01
1.962171196937561035e-01
1.931722760200500488e-01
1.941141784191131592e-01
1.939329952001571655e-01
1.932934075593948364e-01
1.948335021734237671e-01
1.967290639877319336e-01
1.958394199609756470e-01
1.928769201040267944e-01
1.930335015058517456e-01
1.958800703287124634e-01
1.943266838788986206e-01
1.930855959653854370e-01
1.948497742414474487e-01
1.931255906820297241e-01
1.950567662715911865e-01
1.970238238573074341e-01
1.946857720613479614e-01
1.919893324375152588e-01
1.945913732051849365e-01
1.949341744184494019e-01
1.949659287929534912e-01
1.914412677288055420e-01
1.957274079322814941e-01
1.956643909215927124e-01
1.937355250120162964e-01
1.943602114915847778e-01
1.920546740293502808e-01
1.942392438650131226e-01
1.940280050039291382e-01
1.910639703273773193e-01
1.938312202692031860e-01
1.910861283540725708e-01
1.947596371173858643e-01
1.934351325035095215e-01
1.932344436645507812e-01
1.954199522733688354e-01
1.921690702438354492e-01
1.917266398668289185e-01
1.899409294128417969e-01
1.910789906978607178e-01
