1.628906728029251072e+00
1.277522726058959890e+00
1.137916240692138592e+00
1.009213996529579216e+00
9.290061450004577503e-01
8.666118216514587802e-01
8.185416090488434326e-01
6.401348409056663025e-01
6.578236210346222190e-01
6.423561221361160367e-01
6.302770528197289002e-01
5.998829203844070479e-01
6.200229936838149714e-01
5.809678667783737538e-01
4.433427250385284513e-01
4.455247509479522972e-01
4.421973745524883093e-01
4.512571637332439267e-01
4.364383496344089730e-01
4.276722770929336503e-01
4.355964066088199860e-01
4.051374264061450847e-01
4.133048357069492584e-01
4.434406921267509682e-01
4.249952305853366696e-01
4.366024361550808197e-01
4.315878689289093240e-01
4.356533965468406544e-01
2.486264846473932311e-01
2.350584585219621658e-01
2.746215176582336159e-01
2.879245515912771114e-01
2.944936996698379605e-01
3.009938747435808026e-01
3.050896593928337230e-01
1.608187687397003296e-01
1.717517310753464699e-01
1.792194841057062060e-01
1.862412489578127994e-01
2.072795977443456783e-01
2.073342012241482790e-01
2.094431702233851000e-01
1.251005333755165205e-01
1.256278455443680386e-01
1.314809852279722746e-01
1.396679330989718526e-01
1.451684415340423473e-01
1.674105294793844234e-01
1.699200384132563968e-01
8.705001860857010387e-02
8.785564241930841900e-02
1.177931774873286486e-01
1.100774522870779093e-01
1.307774078473448731e-01
1.290317813307046979e-01
1.236738589219748968e-01
8.827824702486396224e-02
9.165193941909820230e-02
1.061606363579630785e-01
1.054243827145546625e-01
1.127920094039291110e-01
1.162565481429919667e-01
1.123494565673172491e-01
6.713654724881053248e-02
8.766675672959536869e-02
7.564671517349780272e-02
9.748589945957064629e-02
9.898494968190789389e-02
1.193715344555675989e-01
1.018839883059263207e-01
7.555916100740432684e-02
9.043464695103466122e-02
7.156485380604862834e-02
8.683880037162453047e-02
8.835739955306053106e-02
1.072140692174434612e-01
1.041739452630281448e-01
8.921043707057833838e-02
6.434353139018639256e-02
7.666468697134405652e-02
8.514936586143448394e-02
7.945461454801261425e-02
8.854104877449571476e-02
1.255975563451647847e-01
7.062868958339095504e-02
7.456718184519559034e-02
8.279614108148962426e-02
6.946460266597569155e-02
7.635539516573772167e-02
6.760791993001476208e-02
8.314996288623660581e-02
6.283133683493360988e-02
6.607853452675044315e-02
8.926292541902512701e-02
6.965645157732069936e-02
7.137441214174032600e-02
7.624671165365726200e-02
8.778401328017934602e-02
6.646725009195506018e-02
6.344837414333596992e-02
6.625207439530640674e-02
5.989787316881120538e-02
8.977221379056572748e-02
7.398230948252602912e-02
8.920686495490372236e-02
