1.907694019079208436e+00
1.494824274778365991e+00
1.372770982980728194e+00
1.252178652882576015e+00
1.134943244457244926e+00
1.087568766474723780e+00
1.015523269176483057e+00
8.762767732143401656e-01
8.466174536943436024e-01
8.385747942328453108e-01
8.245422947406768621e-01
8.121094620227813365e-01
7.640620368719100997e-01
8.087399318814277871e-01
6.342914095520972850e-01
6.471492639183997753e-01
6.259116446971892955e-01
6.421261459589004961e-01
6.339427232742309570e-01
6.192572936415672302e-01
6.290998959541320712e-01
4.688429796695709473e-01
4.763624891638755798e-01
5.004639321565628185e-01
5.022329482436179715e-01
5.056545493006706637e-01
5.010305830836295771e-01
5.010180383920669334e-01
3.406605005264282116e-01
3.498121757805347509e-01
3.553179402649402352e-01
3.698129808902740345e-01
3.869898134469986206e-01
3.976480089128017203e-01
3.886268018186092577e-01
2.436269292980432488e-01
2.529557966440916239e-01
2.595007240027189521e-01
2.690860754996537985e-01
2.656398218870162919e-01
2.794950248301029117e-01
2.857877001911401926e-01
1.955117329210042942e-01
2.133299561589956372e-01
1.909237728267908218e-01
2.102567612379789286e-01
2.254714958369731792e-01
2.340508051216602381e-01
2.469540316611528452e-01
1.545496303588151932e-01
1.506248179823160283e-01
1.651542517542839150e-01
1.670846360921859619e-01
1.789136280864477291e-01
1.812744467705488249e-01
1.994222299754619676e-01
1.351201106607914093e-01
1.356680006533861060e-01
1.322648455575108628e-01
1.359572577103972391e-01
1.510521432012319476e-01
1.495372105017304387e-01
1.477288564294576556e-01
1.235230169817805312e-01
1.231229013949632634e-01
1.258882820606231634e-01
1.409359225258231263e-01
1.335638287663459822e-01
1.213964931666851044e-01
1.491026287153363328e-01
1.166973251476883938e-01
1.173725726455450008e-01
1.245183375850319879e-01
1.210514248907566121e-01
1.407888859882950872e-01
1.468345875665545419e-01
1.401852306723594677e-01
1.048356334865093165e-01
9.540521737188101259e-02
1.150004138424992606e-01
1.146476767584681533e-01
1.138754657655954294e-01
1.195228158682584696e-01
1.241446281969547233e-01
1.054552090540528259e-01
1.074247855320572820e-01
9.751685053110122070e-02
1.036137809231877371e-01
1.125206358730792972e-01
1.148052328452467963e-01
1.218643641471862799e-01
1.055835773795843063e-01
9.720214296132326237e-02
1.055272730439901357e-01
1.019728075340390200e-01
1.095569590479135574e-01
9.743236113339662219e-02
1.065683435648679678e-01
7.660326491110026892e-02
7.760637144558131528e-02
9.732630719430744592e-02
1.054878150299191492e-01
1.253772926703095314e-01
1.103805332817137247e-01
1.078325532097369477e-01
