6.794702938199043141e-01
3.235896053910255477e-01
2.648375672101974665e-01
2.080664746463298798e-01
2.061880984157323793e-01
1.790214852243662003e-01
1.702383983880281504e-01
1.561481921374797688e-01
1.427480158954858858e-01
2.769164334237575464e-01
2.743880672007799060e-01
2.623777171969413624e-01
2.526784835010766894e-01
2.604593022912740641e-01
2.574362259358167759e-01
2.352654122561216310e-01
2.389606212079525005e-01
2.368925784528255474e-01
2.006839193403720800e-01
2.085363145917654148e-01
2.004738555103540432e-01
2.120037202164530843e-01
1.879340899735689185e-01
1.970425907522440068e-01
1.923509721457958288e-01
2.079760481044650167e-01
2.032716106623411179e-01
1.730376565828919411e-01
1.662421503663062960e-01
1.635766410455107567e-01
1.674168594181537628e-01
1.606860103830695108e-01
1.631444952450692709e-01
1.650170719623565707e-01
1.686029357835650555e-01
1.778922059386968679e-01
1.288871378824114899e-01
1.300410954281687737e-01
1.332991753518581457e-01
1.414797396957874209e-01
1.381708876043558076e-01
1.375921297445893421e-01
1.392287747003138065e-01
1.505544958263635713e-01
1.433411478996276800e-01
9.760660823434591515e-02
1.054826368577778395e-01
1.162955817766487543e-01
1.164814370498061247e-01
1.192285592295229402e-01
1.209917471185326526e-01
1.278874871879815966e-01
1.135974399186670813e-01
1.255384964682161875e-01
8.304932710714638122e-02
9.724935214966536068e-02
8.893207071349024107e-02
8.406100586056709789e-02
9.619929036125540733e-02
8.715395435690879988e-02
8.966902063228189557e-02
9.856764772906899397e-02
1.032322752662003101e-01
7.594564497005194814e-02
6.681544611696153824e-02
6.938276289030909094e-02
8.012573641724884954e-02
7.043655032757670242e-02
8.065125403925776926e-02
8.321732008829713090e-02
6.616271210834384631e-02
7.842814376577735003e-02
5.340619951020926515e-02
5.399288409389555593e-02
5.983296378282829814e-02
6.644334682961926253e-02
5.621798657346516875e-02
7.239458245690912064e-02
7.317094669677316754e-02
8.476434345357120037e-02
6.226240674033760997e-02
4.231583218555897558e-02
4.672922036144882413e-02
5.359278483781963753e-02
5.221420224988833347e-02
5.555692485766485639e-02
5.625374037772416791e-02
6.184170808643102424e-02
6.144426566548645552e-02
5.817033536033704849e-02
4.233066616579890529e-02
5.445752164698205999e-02
4.834564761491492307e-02
4.586165086482651282e-02
5.740888126310892542e-02
4.949363553198054405e-02
5.561708701890893253e-02
5.367435172200202970e-02
5.628544312668964239e-02
3.434946130961179928e-02
2.996577050507766987e-02
3.970751016517169718e-02
3.826539612142369068e-02
3.927022380987182232e-02
3.851730196503922593e-02
4.370451005874201322e-02
4.893780116108246286e-02
5.377176639041863354e-02
3.366546527249738435e-02
2.997317493485752646e-02
3.559642584761604778e-02
3.646978923119604393e-02
3.499850794207304966e-02
4.252782365016173627e-02
4.336506161140277898e-02
4.510871588019654127e-02
6.111618052003905260e-02
3.719498068894609016e-02
3.432186006568372499e-02
3.690042404050473263e-02
3.443933170405216737e-02
3.139440501574426723e-02
3.357127375493292043e-02
4.933077288442291181e-02
3.444085137220099374e-02
4.350023117323871535e-02
3.277301699563395232e-02
2.591075191216077669e-02
2.375486860342789289e-02
3.149826246604789382e-02
3.582391030970029366e-02
3.186125079286284550e-02
4.110698679694906044e-02
3.539251024019904324e-02
3.579060052754357707e-02
