9.019230604171752930e-01
8.912150859832763672e-01
8.804351687431335449e-01
8.696771860122680664e-01
8.563991785049438477e-01
8.454999923706054688e-01
8.290929794311523438e-01
8.127630949020385742e-01
7.916298508644104004e-01
7.729325294494628906e-01
7.491936683654785156e-01
7.227451205253601074e-01
6.978780031204223633e-01
6.713137626647949219e-01
6.403660774230957031e-01
6.103949546813964844e-01
5.874400138854980469e-01
5.622694492340087891e-01
5.347008109092712402e-01
5.143416523933410645e-01
4.984668493270874023e-01
4.930014312267303467e-01
4.790646433830261230e-01
4.755648672580718994e-01
4.654422402381896973e-01
4.642512500286102295e-01
4.582898020744323730e-01
4.525882601737976074e-01
4.473860561847686768e-01
4.403701722621917725e-01
4.359654188156127930e-01
4.505735039710998535e-01
4.212570786476135254e-01
4.144577980041503906e-01
4.100975096225738525e-01
4.035698473453521729e-01
4.105534255504608154e-01
4.042515754699707031e-01
4.091146290302276611e-01
3.991378545761108398e-01
3.996985554695129395e-01
3.923003375530242920e-01
3.909767568111419678e-01
3.901844024658203125e-01
3.807876408100128174e-01
3.813474774360656738e-01
3.775583207607269287e-01
3.702909350395202637e-01
3.803305625915527344e-01
3.775595128536224365e-01
3.709277808666229248e-01
3.622566163539886475e-01
3.632807135581970215e-01
3.577076196670532227e-01
3.676905930042266846e-01
3.549383282661437988e-01
3.582341074943542480e-01
3.516846895217895508e-01
3.535771965980529785e-01
3.506896793842315674e-01
3.505907654762268066e-01
3.400201201438903809e-01
3.432853817939758301e-01
3.448336124420166016e-01
3.381222784519195557e-01
3.384814560413360596e-01
3.373246490955352783e-01
3.319924473762512207e-01
3.317294418811798096e-01
3.326683640480041504e-01
3.310352563858032227e-01
3.299475908279418945e-01
3.301662504673004150e-01
3.259315490722656250e-01
3.265945911407470703e-01
3.234986662864685059e-01
3.199554681777954102e-01
3.194822072982788086e-01
3.181163668632507324e-01
3.134552538394927979e-01
3.187780976295471191e-01
3.111536204814910889e-01
3.144768476486206055e-01
3.109299838542938232e-01
3.114700615406036377e-01
3.076739311218261719e-01
3.120460808277130127e-01
3.074674308300018311e-01
3.078461885452270508e-01
3.106273710727691650e-01
3.036450147628784180e-01
3.053721487522125244e-01
3.004788756370544434e-01
2.996516525745391846e-01
2.961774766445159912e-01
2.977698445320129395e-01
2.994466722011566162e-01
3.002443313598632812e-01
2.947317957878112793e-01
2.930849790573120117e-01
2.960230410099029541e-01
2.909237146377563477e-01
2.902393341064453125e-01
2.882415056228637695e-01
2.888630628585815430e-01
2.884546816349029541e-01
2.868872284889221191e-01
2.855563461780548096e-01
2.863477468490600586e-01
2.879919409751892090e-01
2.808819413185119629e-01
2.826189100742340088e-01
2.843712568283081055e-01
2.777238190174102783e-01
2.806638777256011963e-01
2.832232117652893066e-01
2.785113155841827393e-01
2.793404459953308105e-01
2.774911820888519287e-01
2.754401564598083496e-01
2.755162715911865234e-01
2.737604677677154541e-01
2.757299542427062988e-01
2.730856835842132568e-01
2.737370729446411133e-01
2.714872360229492188e-01
2.708370089530944824e-01
2.681944370269775391e-01
2.729587852954864502e-01
2.707236111164093018e-01
2.661042809486389160e-01
2.691585719585418701e-01
2.688308656215667725e-01
2.681805491447448730e-01
2.652191221714019775e-01
2.639012634754180908e-01
2.623534500598907471e-01
2.610317468643188477e-01
2.646521925926208496e-01
2.631382346153259277e-01
2.606782615184783936e-01
2.606842219829559326e-01
2.605730593204498291e-01
2.598501145839691162e-01
2.597597837448120117e-01
2.606269121170043945e-01
2.563183605670928955e-01
2.596194148063659668e-01
2.587848305702209473e-01
2.605583071708679199e-01
2.563939988613128662e-01
2.541944086551666260e-01
2.590967416763305664e-01
2.521116733551025391e-01
2.549944519996643066e-01
2.544682025909423828e-01
2.541246712207794189e-01
2.516983151435852051e-01
2.542578279972076416e-01
2.539634406566619873e-01
2.483421862125396729e-01
2.530437707901000977e-01
2.478869110345840454e-01
2.499177008867263794e-01
2.498994469642639160e-01
2.484576106071472168e-01
2.460386157035827637e-01
2.458318173885345459e-01
2.471493184566497803e-01
2.454929947853088379e-01
2.448454499244689941e-01
2.459896653890609741e-01
2.414539307355880737e-01
2.470162957906723022e-01
2.446239888668060303e-01
2.445201128721237183e-01
2.421967834234237671e-01
2.402105778455734253e-01
2.415265142917633057e-01
2.409673929214477539e-01
2.371418476104736328e-01
2.411121875047683716e-01
2.378706932067871094e-01
2.381174564361572266e-01
2.364890575408935547e-01
2.416927367448806763e-01
2.405704557895660400e-01
2.361368238925933838e-01
2.417690753936767578e-01
2.373324185609817505e-01
2.357807159423828125e-01
2.354002892971038818e-01
2.324825227260589600e-01
2.354683578014373779e-01
2.336171716451644897e-01
2.361276000738143921e-01
2.330067008733749390e-01
2.337534278631210327e-01
2.304782122373580933e-01
2.330137640237808228e-01
2.306508123874664307e-01
2.315786033868789673e-01
2.297348529100418091e-01
2.303265482187271118e-01
2.297980785369873047e-01
2.316340655088424683e-01
2.298306971788406372e-01
2.280998378992080688e-01
2.300750166177749634e-01
2.272416949272155762e-01
2.290931344032287598e-01
2.278072386980056763e-01
2.271018922328948975e-01
2.270378470420837402e-01
2.243083864450454712e-01
2.267156988382339478e-01
2.282223850488662720e-01
2.284362167119979858e-01
2.246369272470474243e-01
2.265412360429763794e-01
2.235783487558364868e-01
2.275228351354598999e-01
2.202964127063751221e-01
2.221570461988449097e-01
2.239974737167358398e-01
2.220585495233535767e-01
2.226364612579345703e-01
2.216129750013351440e-01
2.229534685611724854e-01
2.196255028247833252e-01
2.226379215717315674e-01
2.209468632936477661e-01
2.180117070674896240e-01
2.215314060449600220e-01
2.204288691282272339e-01
2.195234000682830811e-01
2.208953797817230225e-01
2.198516726493835449e-01
2.161311656236648560e-01
2.204535156488418579e-01
2.184818387031555176e-01
2.156231701374053955e-01
2.160348594188690186e-01
2.180356979370117188e-01
2.144470810890197754e-01
2.145443111658096313e-01
2.147726714611053467e-01
2.162260413169860840e-01
2.149804383516311646e-01
2.149926275014877319e-01
2.152632325887680054e-01
2.119701951742172241e-01
2.128741294145584106e-01
2.135164290666580200e-01
2.111175656318664551e-01
2.113040983676910400e-01
2.120057046413421631e-01
2.105607241392135620e-01
2.098536938428878784e-01
2.102910876274108887e-01
2.095454931259155273e-01
2.094280719757080078e-01
2.120245993137359619e-01
2.101503014564514160e-01
2.098584175109863281e-01
2.099352329969406128e-01
2.086571455001831055e-01
2.100146710872650146e-01
2.071943134069442749e-01
2.065873593091964722e-01
2.078917026519775391e-01
2.079563140869140625e-01
2.075692117214202881e-01
2.061240077018737793e-01
2.050617635250091553e-01
2.073124796152114868e-01
2.038431763648986816e-01
2.076711356639862061e-01
2.060771882534027100e-01
2.051606774330139160e-01
2.049349844455718994e-01
2.060197591781616211e-01
2.073164433240890503e-01
2.053830921649932861e-01
2.048157900571823120e-01
2.029166370630264282e-01
2.042954266071319580e-01
2.039852887392044067e-01
2.018948197364807129e-01
2.039831429719924927e-01
2.007173150777816772e-01
2.020544260740280151e-01
2.005580067634582520e-01
2.000159323215484619e-01
2.031660526990890503e-01
2.008920162916183472e-01
2.012748867273330688e-01
2.021022439002990723e-01
2.014452069997787476e-01
1.986121088266372681e-01
1.993977278470993042e-01
1.995908617973327637e-01
2.005629986524581909e-01
1.991920471191406250e-01
2.018545269966125488e-01
1.977238208055496216e-01
2.003795206546783447e-01
1.969904005527496338e-01
1.964949369430541992e-01
1.967826187610626221e-01
1.994332671165466309e-01
1.974561661481857300e-01
1.982453912496566772e-01
1.974414139986038208e-01
1.969349533319473267e-01
1.965289711952209473e-01
1.978526711463928223e-01
1.968677043914794922e-01
1.956804990768432617e-01
1.960136294364929199e-01
1.966232210397720337e-01
1.959201395511627197e-01
1.963487863540649414e-01
1.947632282972335815e-01
1.985540241003036499e-01
1.924479901790618896e-01
1.941306442022323608e-01
1.945254206657409668e-01
1.953308582305908203e-01
1.929595023393630981e-01
1.920361071825027466e-01
1.927148103713989258e-01
1.933467686176300049e-01
1.921661645174026489e-01
1.927699297666549683e-01
1.923177987337112427e-01
1.920390874147415161e-01
1.922385543584823608e-01
1.924984902143478394e-01
1.912964582443237305e-01
1.907793730497360229e-01
1.904916018247604370e-01
1.906131207942962646e-01
1.897709965705871582e-01
1.901495158672332764e-01
1.901176869869232178e-01
1.916762739419937134e-01
1.913093924522399902e-01
1.902092248201370239e-01
1.898281425237655640e-01
1.902638822793960571e-01
1.900006085634231567e-01
1.897114366292953491e-01
1.900773197412490845e-01
1.876876801252365112e-01
1.884760558605194092e-01
1.900388747453689575e-01
1.867384016513824463e-01
1.898587197065353394e-01
1.894160211086273193e-01
1.891657710075378418e-01
1.887253522872924805e-01
1.873333007097244263e-01
1.880575865507125854e-01
1.886003315448760986e-01
1.866159737110137939e-01
1.888739466667175293e-01
1.877956390380859375e-01
1.889524012804031372e-01
1.865691542625427246e-01
1.875926405191421509e-01
1.863094717264175415e-01
1.843359917402267456e-01
1.882685124874114990e-01
1.837751120328903198e-01
1.848856657743453979e-01
1.861242204904556274e-01
1.852521747350692749e-01
1.856650859117507935e-01
1.863876134157180786e-01
1.839715540409088135e-01
1.837832629680633545e-01
1.836941242218017578e-01
1.857484579086303711e-01
1.832535564899444580e-01
1.843860894441604614e-01
1.862229853868484497e-01
1.840492933988571167e-01
1.830483973026275635e-01
1.810231208801269531e-01
1.841347068548202515e-01
1.826302111148834229e-01
1.837839484214782715e-01
1.828368008136749268e-01
1.836647242307662964e-01
1.836151629686355591e-01
1.832752674818038940e-01
1.813183724880218506e-01
1.834143996238708496e-01
1.839455813169479370e-01
1.813520044088363647e-01
1.818407177925109863e-01
1.833540499210357666e-01
1.820255070924758911e-01
1.818732172250747681e-01
1.828232407569885254e-01
1.804049611091613770e-01
1.809677183628082275e-01
1.821064800024032593e-01
1.799891591072082520e-01
1.803817152976989746e-01
1.816677451133728027e-01
1.809807121753692627e-01
1.812160462141036987e-01
1.821723580360412598e-01
1.790466755628585815e-01
1.807914674282073975e-01
1.805382221937179565e-01
1.804518699645996094e-01
1.806125342845916748e-01
1.792243421077728271e-01
1.802546381950378418e-01
1.773728877305984497e-01
1.793486475944519043e-01
1.783063560724258423e-01
1.785393506288528442e-01
1.793191134929656982e-01
1.792824864387512207e-01
1.781452447175979614e-01
1.777594387531280518e-01
1.787955909967422485e-01
1.792545020580291748e-01
1.792324781417846680e-01
1.784491986036300659e-01
1.774275898933410645e-01
1.780218780040740967e-01
1.778462380170822144e-01
1.774834692478179932e-01
1.777210831642150879e-01
1.773122847080230713e-01
1.763545870780944824e-01
1.767565906047821045e-01
1.779121905565261841e-01
1.786392182111740112e-01
1.775846779346466064e-01
1.767225116491317749e-01
1.764434725046157837e-01
1.762854009866714478e-01
1.742725521326065063e-01
1.760401576757431030e-01
1.751279532909393311e-01
1.763001680374145508e-01
1.757255643606185913e-01
1.766285002231597900e-01
1.764318197965621948e-01
1.758399754762649536e-01
1.744171679019927979e-01
1.761649399995803833e-01
1.751940697431564331e-01
1.768375337123870850e-01
1.754589974880218506e-01
1.763212680816650391e-01
1.741582900285720825e-01
1.734925508499145508e-01
1.747505664825439453e-01
1.749904751777648926e-01
1.749516874551773071e-01
1.743786931037902832e-01
1.754092127084732056e-01
1.745783090591430664e-01
1.739161163568496704e-01
1.741610467433929443e-01
1.746017038822174072e-01
1.743119955062866211e-01
1.733087897300720215e-01
1.739048957824707031e-01
1.723204106092453003e-01
1.759108006954193115e-01
1.750384569168090820e-01
1.748649030923843384e-01
1.744665354490280151e-01
1.734029203653335571e-01
1.725706309080123901e-01
1.732437163591384888e-01
1.725472062826156616e-01
1.759146302938461304e-01
1.721483767032623291e-01
1.746832281351089478e-01
1.715700775384902954e-01
1.721635460853576660e-01
1.725729256868362427e-01
1.725675761699676514e-01
1.719906777143478394e-01
1.724593639373779297e-01
1.719922572374343872e-01
1.730020493268966675e-01
1.722686588764190674e-01
1.717543751001358032e-01
1.696673631668090820e-01
1.719802767038345337e-01
1.718516498804092407e-01
1.721761524677276611e-01
1.734659522771835327e-01
1.705510318279266357e-01
1.710505932569503784e-01
1.736626625061035156e-01
1.706901043653488159e-01
1.712705940008163452e-01
1.718176752328872681e-01
1.716721802949905396e-01
1.690344512462615967e-01
1.725464612245559692e-01
1.711424589157104492e-01
1.689373552799224854e-01
1.704742461442947388e-01
1.714925765991210938e-01
1.700253188610076904e-01
1.689855158329010010e-01
1.716093868017196655e-01
1.707271784543991089e-01
1.706568002700805664e-01
1.709694415330886841e-01
1.697895079851150513e-01
1.700550764799118042e-01
1.701504141092300415e-01
1.700057983398437500e-01
1.723652631044387817e-01
1.692984998226165771e-01
1.704466938972473145e-01
1.683994829654693604e-01
1.697227805852890015e-01
1.694319248199462891e-01
1.678719222545623779e-01
1.707444936037063599e-01
1.692868322134017944e-01
1.698131859302520752e-01
1.691140830516815186e-01
1.691368222236633301e-01
1.687204837799072266e-01
1.681119799613952637e-01
1.679152846336364746e-01
1.688736081123352051e-01
1.679025888442993164e-01
1.685741841793060303e-01
1.690886467695236206e-01
1.690547615289688110e-01
1.691240817308425903e-01
1.681703031063079834e-01
1.669853031635284424e-01
1.682476848363876343e-01
1.697975397109985352e-01
1.695680767297744751e-01
1.677452325820922852e-01
1.695688962936401367e-01
1.673673540353775024e-01
1.671485155820846558e-01
1.693661957979202271e-01
1.655879914760589600e-01
1.677739620208740234e-01
1.706534773111343384e-01
1.682078838348388672e-01
1.677248775959014893e-01
1.674901098012924194e-01
1.679814010858535767e-01
1.664238274097442627e-01
1.684596389532089233e-01
1.670293360948562622e-01
1.655564010143280029e-01
1.661118865013122559e-01
1.656935662031173706e-01
1.678519099950790405e-01
1.668697595596313477e-01
1.670957356691360474e-01
1.667335927486419678e-01
1.663268059492111206e-01
1.665673106908798218e-01
1.658462285995483398e-01
1.656487882137298584e-01
1.667165458202362061e-01
1.667283177375793457e-01
1.662411242723464966e-01
1.656810492277145386e-01
1.666350960731506348e-01
1.661122292280197144e-01
1.654178053140640259e-01
1.650300174951553345e-01
1.645883619785308838e-01
1.650287210941314697e-01
1.655139476060867310e-01
1.653850078582763672e-01
1.635831594467163086e-01
1.641582399606704712e-01
1.663015037775039673e-01
1.650259345769882202e-01
1.654444634914398193e-01
1.669396907091140747e-01
1.650629937648773193e-01
1.646402925252914429e-01
1.648420095443725586e-01
1.664402037858963013e-01
1.638386845588684082e-01
1.653379499912261963e-01
1.656018495559692383e-01
1.632016897201538086e-01
1.643121093511581421e-01
1.646644920110702515e-01
1.651588976383209229e-01
1.647629588842391968e-01
1.647519767284393311e-01
1.636967808008193970e-01
1.650643050670623779e-01
1.645571142435073853e-01
1.637118905782699585e-01
1.648434102535247803e-01
1.633960604667663574e-01
1.641452759504318237e-01
1.640581488609313965e-01
1.642040312290191650e-01
1.631326228380203247e-01
1.644754856824874878e-01
1.652002781629562378e-01
1.643575876951217651e-01
1.649641692638397217e-01
1.637317240238189697e-01
1.648454815149307251e-01
1.642288714647293091e-01
1.643117666244506836e-01
1.642264723777770996e-01
1.647447347640991211e-01
1.656242311000823975e-01
1.630237549543380737e-01
1.634457707405090332e-01
1.623017787933349609e-01
1.625232696533203125e-01
1.638963967561721802e-01
1.623689979314804077e-01
1.629507243633270264e-01
1.635967791080474854e-01
1.627482771873474121e-01
1.632769107818603516e-01
1.628129631280899048e-01
1.645394563674926758e-01
1.615568399429321289e-01
1.615193784236907959e-01
1.623340845108032227e-01
1.630337983369827271e-01
1.612307876348495483e-01
1.625823527574539185e-01
1.629111915826797485e-01
1.645339876413345337e-01
1.607287228107452393e-01
1.631228476762771606e-01
1.625985801219940186e-01
1.632659733295440674e-01
1.606525629758834839e-01
1.623310744762420654e-01
1.622839272022247314e-01
1.619160175323486328e-01
1.621688902378082275e-01
1.615424752235412598e-01
1.638048440217971802e-01
1.609319001436233521e-01
1.626086980104446411e-01
1.617888361215591431e-01
1.625071465969085693e-01
1.589609682559967041e-01
1.621842682361602783e-01
1.622565090656280518e-01
1.620297431945800781e-01
1.613427996635437012e-01
1.606506407260894775e-01
1.609782576560974121e-01
1.608242094516754150e-01
1.621846705675125122e-01
1.598905920982360840e-01
1.620738804340362549e-01
1.618310213088989258e-01
1.604205220937728882e-01
1.631868034601211548e-01
1.607472002506256104e-01
1.615272164344787598e-01
1.608387678861618042e-01
1.611977964639663696e-01
1.606259346008300781e-01
1.604271084070205688e-01
1.626428812742233276e-01
1.609987318515777588e-01
1.613065898418426514e-01
1.603306680917739868e-01
1.613621860742568970e-01
1.619495302438735962e-01
1.626368314027786255e-01
1.620667278766632080e-01
1.598047465085983276e-01
1.608325242996215820e-01
1.609715223312377930e-01
1.598621010780334473e-01
1.599300056695938110e-01
1.613484621047973633e-01
1.618555635213851929e-01
1.597659736871719360e-01
1.591251492500305176e-01
1.592736542224884033e-01
1.587403565645217896e-01
1.600438654422760010e-01
1.611094027757644653e-01
1.614650636911392212e-01
1.597456037998199463e-01
1.606296747922897339e-01
1.602923423051834106e-01
1.604221761226654053e-01
1.597390621900558472e-01
1.594505310058593750e-01
1.601454764604568481e-01
1.595324575901031494e-01
1.593447029590606689e-01
1.589923053979873657e-01
1.616930961608886719e-01
1.596920490264892578e-01
1.582290977239608765e-01
1.607342958450317383e-01
1.585619002580642700e-01
1.594025939702987671e-01
1.587233245372772217e-01
1.587159931659698486e-01
1.595201492309570312e-01
1.602908819913864136e-01
1.593973338603973389e-01
1.586811244487762451e-01
1.589825004339218140e-01
1.595735251903533936e-01
1.599496901035308838e-01
1.588605791330337524e-01
1.592148393392562866e-01
1.592029631137847900e-01
1.599795818328857422e-01
1.591978818178176880e-01
1.581172347068786621e-01
1.580944806337356567e-01
1.593906134366989136e-01
1.592522114515304565e-01
1.592650711536407471e-01
1.584897190332412720e-01
1.600234359502792358e-01
1.592123061418533325e-01
1.597017943859100342e-01
1.585785746574401855e-01
1.581888347864151001e-01
1.580951213836669922e-01
1.574920266866683960e-01
1.579151302576065063e-01
1.585235297679901123e-01
1.585499793291091919e-01
1.581614017486572266e-01
1.602894067764282227e-01
1.594482064247131348e-01
1.586226969957351685e-01
1.572862416505813599e-01
1.578468829393386841e-01
1.593763679265975952e-01
1.583087742328643799e-01
1.571919918060302734e-01
1.589017659425735474e-01
1.583839654922485352e-01
1.588386446237564087e-01
1.574867665767669678e-01
1.577935814857482910e-01
1.575382649898529053e-01
1.581446528434753418e-01
1.585804820060729980e-01
1.568356007337570190e-01
1.669978499412536621e-01
1.567011624574661255e-01
1.598558425903320312e-01
1.571939736604690552e-01
1.576168090105056763e-01
1.579724103212356567e-01
1.586833894252777100e-01
1.582228690385818481e-01
1.579851806163787842e-01
1.574504673480987549e-01
1.569478660821914673e-01
1.578115224838256836e-01
1.582266390323638916e-01
1.568798124790191650e-01
1.569776684045791626e-01
1.572928577661514282e-01
1.574045568704605103e-01
1.576849073171615601e-01
1.565058678388595581e-01
1.557040512561798096e-01
1.580938696861267090e-01
1.589317917823791504e-01
1.567137986421585083e-01
1.578065305948257446e-01
1.559155583381652832e-01
1.571269035339355469e-01
1.582005620002746582e-01
1.571456640958786011e-01
1.568956077098846436e-01
1.582237482070922852e-01
1.547788381576538086e-01
1.548975110054016113e-01
1.565525084733963013e-01
1.564632356166839600e-01
1.569817513227462769e-01
1.553581357002258301e-01
1.573728621006011963e-01
1.571403294801712036e-01
1.571614295244216919e-01
1.578324884176254272e-01
1.560842096805572510e-01
1.549646258354187012e-01
1.583241373300552368e-01
1.574630588293075562e-01
1.560271680355072021e-01
1.568418592214584351e-01
1.569300740957260132e-01
1.561806797981262207e-01
1.575506925582885742e-01
1.571336686611175537e-01
1.559166610240936279e-01
1.573773026466369629e-01
1.564236581325531006e-01
1.566826105117797852e-01
1.563445329666137695e-01
1.571207940578460693e-01
1.567372083663940430e-01
1.556097269058227539e-01
1.551457643508911133e-01
1.555541753768920898e-01
1.554182022809982300e-01
1.558325886726379395e-01
1.543164253234863281e-01
1.557461470365524292e-01
1.566540151834487915e-01
1.559832245111465454e-01
1.561173498630523682e-01
1.558170318603515625e-01
1.572317481040954590e-01
1.567496359348297119e-01
1.565639674663543701e-01
1.553818583488464355e-01
1.552960872650146484e-01
1.554613411426544189e-01
1.550928354263305664e-01
1.571534276008605957e-01
1.557198166847229004e-01
1.553878635168075562e-01
1.546343117952346802e-01
1.543178707361221313e-01
1.558484435081481934e-01
1.553126722574234009e-01
1.547728925943374634e-01
1.540333628654479980e-01
1.558170169591903687e-01
1.547542512416839600e-01
1.547616273164749146e-01
1.541825085878372192e-01
1.558630168437957764e-01
1.550930738449096680e-01
1.552321612834930420e-01
1.555596888065338135e-01
1.543940752744674683e-01
1.558900028467178345e-01
1.562223881483078003e-01
1.550051569938659668e-01
1.560170054435729980e-01
1.539480388164520264e-01
1.553648114204406738e-01
1.556371599435806274e-01
1.554930210113525391e-01
1.546385437250137329e-01
1.545179933309555054e-01
1.551830470561981201e-01
1.547885239124298096e-01
1.543112099170684814e-01
1.539852321147918701e-01
1.543390601873397827e-01
1.551798582077026367e-01
1.563514322042465210e-01
1.553195416927337646e-01
1.548556238412857056e-01
1.553213596343994141e-01
1.536200195550918579e-01
1.550252437591552734e-01
1.540946066379547119e-01
1.538917273283004761e-01
1.531674563884735107e-01
1.546130925416946411e-01
1.549055576324462891e-01
1.543129682540893555e-01
1.540552973747253418e-01
1.539087444543838501e-01
1.536854505538940430e-01
1.543552428483963013e-01
1.535887420177459717e-01
1.546030491590499878e-01
1.544407904148101807e-01
1.535301953554153442e-01
1.533943265676498413e-01
1.534937173128128052e-01
1.531089842319488525e-01
1.533971279859542847e-01
1.545641571283340454e-01
1.532721668481826782e-01
1.547228693962097168e-01
1.535167992115020752e-01
1.554714739322662354e-01
1.539543867111206055e-01
1.535079181194305420e-01
1.528346687555313110e-01
1.526594907045364380e-01
1.527226716279983521e-01
1.527739316225051880e-01
1.547901481389999390e-01
1.544769108295440674e-01
1.525979489088058472e-01
1.536687314510345459e-01
1.531408429145812988e-01
1.537599116563796997e-01
1.553967744112014771e-01
1.538824141025543213e-01
1.531414389610290527e-01
1.538032889366149902e-01
1.545897126197814941e-01
1.548002064228057861e-01
1.528179496526718140e-01
1.543782949447631836e-01
1.540237069129943848e-01
1.528995782136917114e-01
1.546371877193450928e-01
1.530646979808807373e-01
1.533276885747909546e-01
1.528312414884567261e-01
1.529449224472045898e-01
1.528795659542083740e-01
1.531151533126831055e-01
1.536705940961837769e-01
1.539598405361175537e-01
1.539498716592788696e-01
1.533700376749038696e-01
1.529859006404876709e-01
1.532804816961288452e-01
1.522594541311264038e-01
1.527301371097564697e-01
1.516598463058471680e-01
1.523981094360351562e-01
1.536321491003036499e-01
1.526911109685897827e-01
1.533578932285308838e-01
1.525613814592361450e-01
1.529176682233810425e-01
1.539344638586044312e-01
1.541251689195632935e-01
1.511705368757247925e-01
1.524458527565002441e-01
1.531799733638763428e-01
1.536785811185836792e-01
1.521604806184768677e-01
1.519496589899063110e-01
1.525787115097045898e-01
1.526991426944732666e-01
1.543032228946685791e-01
1.535174101591110229e-01
1.521970033645629883e-01
1.541300415992736816e-01
1.523173302412033081e-01
1.514573842287063599e-01
1.514724344015121460e-01
1.525533497333526611e-01
1.531826853752136230e-01
1.517662853002548218e-01
1.533630937337875366e-01
1.522336900234222412e-01
1.534826010465621948e-01
1.526310145854949951e-01
1.523219645023345947e-01
1.523444950580596924e-01
1.523350030183792114e-01
1.524407416582107544e-01
1.517209559679031372e-01
1.529192477464675903e-01
1.518512815237045288e-01
1.518892943859100342e-01
1.531172245740890503e-01
1.529103666543960571e-01
1.522514671087265015e-01
1.513219028711318970e-01
1.525906771421432495e-01
1.508138328790664673e-01
1.516627073287963867e-01
1.514339596033096313e-01
1.519547849893569946e-01
1.531515717506408691e-01
1.509818136692047119e-01
1.529121845960617065e-01
1.512853950262069702e-01
1.523737907409667969e-01
1.523237526416778564e-01
2.258563935756683350e-01
2.264833301305770874e-01
2.235226482152938843e-01
2.209695726633071899e-01
2.243272066116333008e-01
2.234062999486923218e-01
2.228384315967559814e-01
2.231454104185104370e-01
2.195091694593429565e-01
2.201615869998931885e-01
2.198643833398818970e-01
2.228701114654541016e-01
2.218726426362991333e-01
2.201558053493499756e-01
2.234270423650741577e-01
2.189827859401702881e-01
2.195441722869873047e-01
2.202701121568679810e-01
2.231382876634597778e-01
2.202476561069488525e-01
2.205775082111358643e-01
2.196496129035949707e-01
2.186015993356704712e-01
2.188592106103897095e-01
2.185555398464202881e-01
2.195653170347213745e-01
2.192618846893310547e-01
2.195149213075637817e-01
2.180126309394836426e-01
2.198513001203536987e-01
2.203559875488281250e-01
2.202825844287872314e-01
2.189478874206542969e-01
2.205099016427993774e-01
2.186022549867630005e-01
2.188160568475723267e-01
2.162019610404968262e-01
2.183687090873718262e-01
2.186554521322250366e-01
2.210109978914260864e-01
2.208595424890518188e-01
2.174756973981857300e-01
2.148954421281814575e-01
2.185399979352951050e-01
2.179072499275207520e-01
2.153472751379013062e-01
2.186490297317504883e-01
2.181914597749710083e-01
2.157528847455978394e-01
2.180688381195068359e-01
2.186463922262191772e-01
2.169511467218399048e-01
2.169600427150726318e-01
2.112557142972946167e-01
2.173338234424591064e-01
2.178529351949691772e-01
2.156793773174285889e-01
2.124426066875457764e-01
2.167379409074783325e-01
2.145830541849136353e-01
2.130443900823593140e-01
2.169507741928100586e-01
2.174082547426223755e-01
2.153626978397369385e-01
2.157848924398422241e-01
2.153238505125045776e-01
2.173420488834381104e-01
2.142899781465530396e-01
2.156040221452713013e-01
2.152558863162994385e-01
2.153121531009674072e-01
2.157694846391677856e-01
2.152297496795654297e-01
2.121493369340896606e-01
2.131069004535675049e-01
2.145438343286514282e-01
2.167003154754638672e-01
2.119970321655273438e-01
2.158634215593338013e-01
2.158390879631042480e-01
2.135714739561080933e-01
2.120047211647033691e-01
2.137561589479446411e-01
2.145361155271530151e-01
2.146823853254318237e-01
2.158042937517166138e-01
2.140927910804748535e-01
2.140666246414184570e-01
2.155359536409378052e-01
2.147038429975509644e-01
2.118000537157058716e-01
2.120471298694610596e-01
2.152403444051742554e-01
2.140178233385086060e-01
2.104182541370391846e-01
2.151099741458892822e-01
2.129885554313659668e-01
2.154999971389770508e-01
2.149414867162704468e-01
2.138781249523162842e-01
2.135295122861862183e-01
2.116450369358062744e-01
2.134481668472290039e-01
2.158593237400054932e-01
2.108570933341979980e-01
2.141570895910263062e-01
2.130510509014129639e-01
2.138287723064422607e-01
2.117016017436981201e-01
2.119147032499313354e-01
2.131583094596862793e-01
2.134783864021301270e-01
2.111438363790512085e-01
2.124136090278625488e-01
2.114112079143524170e-01
2.117638587951660156e-01
2.096882015466690063e-01
2.106348574161529541e-01
2.114740312099456787e-01
2.150369435548782349e-01
2.114297747611999512e-01
2.118842899799346924e-01
2.118376046419143677e-01
2.117945998907089233e-01
2.123504728078842163e-01
2.113845795392990112e-01
2.106258720159530640e-01
2.124063968658447266e-01
2.126392126083374023e-01
2.133273631334304810e-01
2.107731848955154419e-01
2.117295265197753906e-01
2.117223441600799561e-01
2.079739123582839966e-01
2.105757594108581543e-01
2.124976068735122681e-01
2.160498052835464478e-01
2.099725902080535889e-01
2.111972868442535400e-01
2.079763114452362061e-01
2.103938907384872437e-01
2.092650830745697021e-01
2.115762233734130859e-01
2.080871164798736572e-01
2.100066840648651123e-01
2.131003588438034058e-01
2.098736464977264404e-01
2.104268372058868408e-01
2.100265324115753174e-01
2.078139185905456543e-01
2.097752988338470459e-01
2.097176313400268555e-01
2.114697843790054321e-01
2.098482996225357056e-01
2.099103331565856934e-01
2.092204540967941284e-01
2.106776833534240723e-01
2.061453610658645630e-01
2.093367427587509155e-01
2.084320634603500366e-01
2.102305740118026733e-01
2.094632983207702637e-01
2.101306468248367310e-01
2.079245895147323608e-01
2.092265784740447998e-01
2.072628140449523926e-01
2.109052091836929321e-01
2.078447192907333374e-01
2.089794129133224487e-01
2.090310305356979370e-01
2.103672325611114502e-01
2.066767960786819458e-01
2.094780653715133667e-01
2.062493711709976196e-01
2.090677618980407715e-01
2.048933058977127075e-01
2.088992446660995483e-01
2.081667333841323853e-01
2.072043418884277344e-01
2.095898538827896118e-01
2.106777578592300415e-01
2.091471105813980103e-01
2.080039680004119873e-01
2.074706703424453735e-01
2.084846794605255127e-01
2.060703039169311523e-01
2.074334621429443359e-01
2.086155116558074951e-01
2.090103179216384888e-01
2.087317258119583130e-01
2.086578458547592163e-01
2.067074626684188843e-01
2.056103497743606567e-01
2.059170901775360107e-01
2.070398181676864624e-01
2.060644477605819702e-01
2.067104727029800415e-01
2.061307728290557861e-01
2.096909433603286743e-01
2.067583203315734863e-01
2.066087871789932251e-01
2.088197022676467896e-01
2.065031975507736206e-01
2.081754952669143677e-01
2.081263512372970581e-01
2.061445713043212891e-01
2.062878608703613281e-01
2.054268568754196167e-01
2.050083130598068237e-01
2.059815376996994019e-01
2.069599777460098267e-01
2.071432471275329590e-01
2.055543959140777588e-01
2.057475745677947998e-01
2.063276171684265137e-01
2.051496952772140503e-01
2.074297070503234863e-01
2.055238783359527588e-01
2.041700482368469238e-01
2.044734805822372437e-01
2.052111327648162842e-01
2.054452449083328247e-01
2.053367495536804199e-01
2.037061899900436401e-01
2.076016217470169067e-01
2.047913074493408203e-01
2.033729255199432373e-01
2.043866515159606934e-01
2.050772309303283691e-01
2.051232159137725830e-01
2.067978233098983765e-01
2.074363231658935547e-01
2.042439281940460205e-01
2.036752402782440186e-01
2.076122611761093140e-01
2.059445381164550781e-01
2.053389996290206909e-01
2.034188210964202881e-01
2.045100629329681396e-01
2.054696828126907349e-01
2.043942213058471680e-01
2.049647420644760132e-01
2.037617564201354980e-01
2.070250660181045532e-01
2.045166194438934326e-01
2.070692479610443115e-01
2.074554562568664551e-01
2.060106843709945679e-01
2.057378888130187988e-01
2.061788588762283325e-01
2.070419490337371826e-01
2.055191248655319214e-01
2.053065001964569092e-01
2.049894630908966064e-01
2.054477781057357788e-01
2.054180353879928589e-01
2.050502598285675049e-01
2.068624347448348999e-01
2.015984356403350830e-01
2.039281278848648071e-01
2.053110152482986450e-01
2.043867707252502441e-01
2.026423960924148560e-01
2.022487670183181763e-01
2.020329236984252930e-01
2.056277841329574585e-01
2.038844823837280273e-01
2.050698399543762207e-01
2.054464966058731079e-01
2.066621035337448120e-01
2.036425322294235229e-01
2.055605500936508179e-01
2.030103504657745361e-01
2.041546106338500977e-01
2.030280232429504395e-01
2.027792930603027344e-01
2.026585936546325684e-01
2.041880786418914795e-01
2.037758082151412964e-01
2.046098858118057251e-01
2.029557675123214722e-01
2.042575776576995850e-01
2.027343064546585083e-01
2.051890790462493896e-01
2.033433467149734497e-01
2.035886794328689575e-01
2.028264403343200684e-01
1.997358053922653198e-01
2.045892477035522461e-01
2.058266997337341309e-01
2.068220227956771851e-01
2.035771757364273071e-01
2.043788880109786987e-01
2.028023451566696167e-01
2.024338841438293457e-01
2.045631706714630127e-01
2.041204273700714111e-01
2.039844244718551636e-01
2.025280445814132690e-01
2.025366276502609253e-01
2.019108086824417114e-01
2.014440000057220459e-01
2.037994265556335449e-01
2.044166773557662964e-01
1.988069564104080200e-01
2.033786475658416748e-01
2.044862061738967896e-01
2.036427557468414307e-01
2.029308825731277466e-01
2.008747160434722900e-01
2.044914662837982178e-01
2.000768184661865234e-01
2.037163972854614258e-01
2.006052434444427490e-01
2.026980072259902954e-01
2.008905410766601562e-01
2.019190341234207153e-01
2.039344161748886108e-01
2.014842629432678223e-01
2.006531506776809692e-01
2.021444290876388550e-01
2.015633881092071533e-01
2.011107802391052246e-01
2.021430879831314087e-01
2.010797262191772461e-01
2.004100978374481201e-01
2.019146829843521118e-01
2.033555805683135986e-01
2.007155567407608032e-01
2.037279009819030762e-01
2.001010030508041382e-01
2.004487961530685425e-01
2.003986835479736328e-01
2.029953300952911377e-01
2.005353420972824097e-01
2.022579312324523926e-01
2.026776373386383057e-01
1.998172700405120850e-01
2.018182873725891113e-01
2.028557062149047852e-01
2.019465863704681396e-01
1.992632597684860229e-01
2.032355219125747681e-01
2.036511600017547607e-01
2.027912437915802002e-01
2.029715478420257568e-01
2.032356411218643188e-01
2.024473398923873901e-01
2.002590745687484741e-01
2.021981477737426758e-01
2.012312263250350952e-01
1.993016600608825684e-01
2.016206681728363037e-01
2.015143483877182007e-01
2.011579573154449463e-01
2.005585581064224243e-01
2.012609243392944336e-01
1.991738379001617432e-01
2.009075731039047241e-01
2.008167654275894165e-01
2.004946321249008179e-01
1.998318284749984741e-01
2.036767303943634033e-01
1.989108175039291382e-01
2.013549357652664185e-01
2.020470947027206421e-01
2.006307840347290039e-01
2.001962214708328247e-01
1.991772055625915527e-01
2.012302726507186890e-01
1.970589458942413330e-01
1.993065774440765381e-01
1.998215019702911377e-01
2.037501484155654907e-01
1.990379393100738525e-01
1.996114850044250488e-01
1.988863348960876465e-01
1.994613707065582275e-01
2.026852369308471680e-01
2.008281946182250977e-01
1.992263942956924438e-01
2.012355178594589233e-01
2.014994025230407715e-01
2.006324380636215210e-01
1.981956511735916138e-01
1.999071985483169556e-01
1.981765180826187134e-01
1.985233277082443237e-01
1.969153732061386108e-01
2.005532234907150269e-01
1.994522660970687866e-01
2.027252614498138428e-01
1.987337768077850342e-01
2.018040567636489868e-01
2.010331153869628906e-01
1.984868645668029785e-01
1.986508071422576904e-01
1.994871646165847778e-01
2.038258910179138184e-01
1.986272037029266357e-01
1.982861608266830444e-01
1.989515721797943115e-01
2.011615931987762451e-01
2.013217657804489136e-01
2.013507038354873657e-01
2.001090198755264282e-01
1.988545507192611694e-01
1.981329023838043213e-01
1.974099278450012207e-01
1.998833715915679932e-01
2.019657045602798462e-01
1.993155032396316528e-01
1.990005970001220703e-01
2.001600712537765503e-01
1.990717500448226929e-01
1.952292323112487793e-01
1.976625621318817139e-01
1.979991644620895386e-01
2.000819295644760132e-01
1.979967355728149414e-01
1.993780434131622314e-01
1.998446285724639893e-01
1.973421871662139893e-01
1.988121867179870605e-01
1.979219466447830200e-01
1.986378282308578491e-01
1.954293847084045410e-01
1.973387300968170166e-01
2.010640949010848999e-01
1.983803957700729370e-01
1.981500089168548584e-01
1.987947821617126465e-01
1.976647824048995972e-01
1.978496760129928589e-01
1.967699676752090454e-01
2.014828175306320190e-01
1.991835534572601318e-01
1.987173408269882202e-01
2.009416371583938599e-01
1.983654350042343140e-01
1.985023319721221924e-01
1.990481168031692505e-01
2.015362083911895752e-01
1.976351886987686157e-01
2.004077732563018799e-01
1.990674883127212524e-01
2.012219578027725220e-01
1.996303349733352661e-01
1.990857273340225220e-01
1.958855688571929932e-01
1.964580267667770386e-01
1.994349509477615356e-01
1.964377760887145996e-01
1.979755759239196777e-01
1.965533643960952759e-01
1.999939084053039551e-01
1.999764889478683472e-01
1.985792815685272217e-01
1.988631188869476318e-01
1.965265721082687378e-01
1.992584317922592163e-01
1.961831152439117432e-01
2.002480030059814453e-01
1.968880891799926758e-01
1.967016756534576416e-01
1.967252939939498901e-01
1.980962455272674561e-01
1.988665312528610229e-01
1.976684182882308960e-01
1.973632425069808960e-01
2.016223967075347900e-01
1.972158551216125488e-01
1.968664824962615967e-01
1.979729682207107544e-01
1.956830322742462158e-01
1.988277584314346313e-01
1.973544806241989136e-01
1.985125988721847534e-01
1.979413032531738281e-01
1.965205669403076172e-01
1.967018842697143555e-01
1.965638697147369385e-01
1.970533728599548340e-01
1.955771297216415405e-01
1.970353573560714722e-01
1.980821490287780762e-01
1.956475526094436646e-01
1.952899396419525146e-01
1.956563591957092285e-01
1.998072117567062378e-01
1.978152990341186523e-01
1.965804547071456909e-01
1.978490054607391357e-01
1.983732730150222778e-01
1.963839530944824219e-01
1.960388720035552979e-01
1.991806328296661377e-01
1.964253634214401245e-01
1.979321837425231934e-01
1.968126147985458374e-01
