7.148602604866027832e-01
7.056801915168762207e-01
6.958786249160766602e-01
6.874613761901855469e-01
6.770144104957580566e-01
6.651281118392944336e-01
6.536054611206054688e-01
6.391567587852478027e-01
6.237517595291137695e-01
6.069530844688415527e-01
5.864480733871459961e-01
5.662856698036193848e-01
5.431784987449645996e-01
5.225657820701599121e-01
4.979029595851898193e-01
4.739924073219299316e-01
4.473676681518554688e-01
4.215892553329467773e-01
3.928819000720977783e-01
3.742501437664031982e-01
3.558862805366516113e-01
3.454291820526123047e-01
3.415573239326477051e-01
3.391044139862060547e-01
3.336280882358551025e-01
3.293187618255615234e-01
3.178841471672058105e-01
3.232671916484832764e-01
3.158707320690155029e-01
3.138656318187713623e-01
2.959376871585845947e-01
2.810766994953155518e-01
2.838627398014068604e-01
2.779065966606140137e-01
2.733046114444732666e-01
2.722245454788208008e-01
2.770741581916809082e-01
2.671707868576049805e-01
2.639446258544921875e-01
2.598880231380462646e-01
2.609852850437164307e-01
2.567836344242095947e-01
2.533519864082336426e-01
2.501138746738433838e-01
2.486318051815032959e-01
2.395254075527191162e-01
2.414398640394210815e-01
2.495902180671691895e-01
2.409518361091613770e-01
2.324778437614440918e-01
2.363123595714569092e-01
2.303818464279174805e-01
2.265627086162567139e-01
2.326299548149108887e-01
2.251712977886199951e-01
2.214746177196502686e-01
2.208011895418167114e-01
2.258743941783905029e-01
2.187926769256591797e-01
2.153208106756210327e-01
2.189260423183441162e-01
2.125687748193740845e-01
2.097593545913696289e-01
2.138973027467727661e-01
2.125262767076492310e-01
2.096221894025802612e-01
2.053465843200683594e-01
2.038321942090988159e-01
2.011319249868392944e-01
2.059006839990615845e-01
1.979975551366806030e-01
2.006764411926269531e-01
1.988314986228942871e-01
2.035083621740341187e-01
1.989027112722396851e-01
1.967575252056121826e-01
1.990444362163543701e-01
1.928025037050247192e-01
1.928754001855850220e-01
1.941514462232589722e-01
1.921482086181640625e-01
1.924760639667510986e-01
1.883171051740646362e-01
1.895387768745422363e-01
1.888455003499984741e-01
1.886555552482604980e-01
1.886513680219650269e-01
1.852500438690185547e-01
1.855077445507049561e-01
1.841181814670562744e-01
1.814527362585067749e-01
1.844677776098251343e-01
1.784212589263916016e-01
1.811551302671432495e-01
1.809074282646179199e-01
1.793019771575927734e-01
1.786073893308639526e-01
1.769915372133255005e-01
1.765203624963760376e-01
1.780792176723480225e-01
1.767196506261825562e-01
1.744723469018936157e-01
1.724847853183746338e-01
1.724722981452941895e-01
1.705103069543838501e-01
1.672534346580505371e-01
1.706317812204360962e-01
1.703812628984451294e-01
1.683981865644454956e-01
1.691568791866302490e-01
1.654175370931625366e-01
1.666395068168640137e-01
1.642753928899765015e-01
1.642704606056213379e-01
1.631698310375213623e-01
1.635397374629974365e-01
1.626661270856857300e-01
1.608214676380157471e-01
1.629357635974884033e-01
1.624857038259506226e-01
1.617009788751602173e-01
1.620832383632659912e-01
1.579471677541732788e-01
1.570052951574325562e-01
1.580695509910583496e-01
1.574225723743438721e-01
1.588883996009826660e-01
1.575322747230529785e-01
1.559585034847259521e-01
1.546065509319305420e-01
1.538987606763839722e-01
1.573163419961929321e-01
1.523967087268829346e-01
1.537816971540451050e-01
1.539858579635620117e-01
1.506744176149368286e-01
1.520537137985229492e-01
1.505780518054962158e-01
1.488079428672790527e-01
1.477451920509338379e-01
1.480825245380401611e-01
1.483871042728424072e-01
1.473044157028198242e-01
1.471749544143676758e-01
1.466713547706604004e-01
1.459704488515853882e-01
1.450777053833007812e-01
1.444040834903717041e-01
1.443289220333099365e-01
1.423466801643371582e-01
1.429020911455154419e-01
1.436761319637298584e-01
1.419345140457153320e-01
1.431809216737747192e-01
1.387833505868911743e-01
1.433677673339843750e-01
1.389425843954086304e-01
1.392887234687805176e-01
1.388552784919738770e-01
1.395970731973648071e-01
1.380595862865447998e-01
1.378796696662902832e-01
1.376622319221496582e-01
1.369382143020629883e-01
1.343943774700164795e-01
1.373018175363540649e-01
1.319326311349868774e-01
1.338553577661514282e-01
1.353545188903808594e-01
1.328106224536895752e-01
1.349537968635559082e-01
1.303556561470031738e-01
1.324235200881958008e-01
1.317885071039199829e-01
1.316600590944290161e-01
1.329057216644287109e-01
1.291849911212921143e-01
1.300541758537292480e-01
1.302694678306579590e-01
1.286408603191375732e-01
1.298262178897857666e-01
1.285829842090606689e-01
1.272470057010650635e-01
1.288425028324127197e-01
1.260231137275695801e-01
1.271712779998779297e-01
1.257340013980865479e-01
1.244011670351028442e-01
1.267054378986358643e-01
1.250419914722442627e-01
1.245545148849487305e-01
1.228582561016082764e-01
1.246885210275650024e-01
1.239594295620918274e-01
1.232169345021247864e-01
1.229984089732170105e-01
1.239054501056671143e-01
1.205294653773307800e-01
1.198302954435348511e-01
1.204165369272232056e-01
1.204082518815994263e-01
1.187280863523483276e-01
1.194753795862197876e-01
1.188348233699798584e-01
1.179515719413757324e-01
1.196050569415092468e-01
1.162750124931335449e-01
1.160943657159805298e-01
1.168046146631240845e-01
1.178515702486038208e-01
1.178235784173011780e-01
1.164796054363250732e-01
1.173674613237380981e-01
1.139529496431350708e-01
1.142023876309394836e-01
1.109076589345932007e-01
1.132517233490943909e-01
1.136561855673789978e-01
1.133033931255340576e-01
1.122867912054061890e-01
1.116127967834472656e-01
1.109340339899063110e-01
1.135353446006774902e-01
1.122884750366210938e-01
1.113540530204772949e-01
1.130037829279899597e-01
1.101574748754501343e-01
1.083280593156814575e-01
1.089297980070114136e-01
1.099575683474540710e-01
1.089955270290374756e-01
1.099552959203720093e-01
1.097631007432937622e-01
1.097362339496612549e-01
1.078207567334175110e-01
1.068254113197326660e-01
1.072487086057662964e-01
1.062285229563713074e-01
1.053905636072158813e-01
1.069061234593391418e-01
1.066644936800003052e-01
1.059906482696533203e-01
1.036520153284072876e-01
1.060932576656341553e-01
1.050120592117309570e-01
1.044603213667869568e-01
1.049647629261016846e-01
1.060162112116813660e-01
1.036304682493209839e-01
1.034518480300903320e-01
1.033961623907089233e-01
1.019150912761688232e-01
1.017168983817100525e-01
1.012354642152786255e-01
1.023791357874870300e-01
1.022098660469055176e-01
1.004984304308891296e-01
1.003224253654479980e-01
1.004256308078765869e-01
9.981966018676757812e-02
9.892422705888748169e-02
9.843464195728302002e-02
9.858943521976470947e-02
9.921537339687347412e-02
9.952527284622192383e-02
9.740664064884185791e-02
9.826330840587615967e-02
9.807221591472625732e-02
9.709490090608596802e-02
9.799883514642715454e-02
9.706623107194900513e-02
9.482088685035705566e-02
9.799839556217193604e-02
9.606282413005828857e-02
9.333314746618270874e-02
9.347383677959442139e-02
9.487022459506988525e-02
9.483335912227630615e-02
9.462159872055053711e-02
9.410239011049270630e-02
9.371012449264526367e-02
9.437600523233413696e-02
9.464510530233383179e-02
9.331780672073364258e-02
9.418386220932006836e-02
9.302103519439697266e-02
9.166211634874343872e-02
9.238338470458984375e-02
9.273655712604522705e-02
9.166652709245681763e-02
9.019301831722259521e-02
9.005863219499588013e-02
9.054155647754669189e-02
9.103249758481979370e-02
8.904555439949035645e-02
8.868435025215148926e-02
8.961252868175506592e-02
8.948299288749694824e-02
8.845986425876617432e-02
8.873701840639114380e-02
8.895807713270187378e-02
8.821202069520950317e-02
8.779455721378326416e-02
8.834663033485412598e-02
8.618652820587158203e-02
8.740292489528656006e-02
8.720648288726806641e-02
8.633449673652648926e-02
8.588225394487380981e-02
8.523228764533996582e-02
8.631461858749389648e-02
8.467702567577362061e-02
8.430756628513336182e-02
8.654987066984176636e-02
8.475799858570098877e-02
8.424171060323715210e-02
8.432503044605255127e-02
8.309863507747650146e-02
8.415676653385162354e-02
8.361894637346267700e-02
8.379125595092773438e-02
8.344323933124542236e-02
8.326797187328338623e-02
8.240755647420883179e-02
8.164872974157333374e-02
8.155897259712219238e-02
8.038573712110519409e-02
8.180912584066390991e-02
8.125419169664382935e-02
8.097563683986663818e-02
8.090925216674804688e-02
7.879600673913955688e-02
8.119306713342666626e-02
7.966466993093490601e-02
7.967077940702438354e-02
7.959109544754028320e-02
7.986868172883987427e-02
7.974785566329956055e-02
7.794182002544403076e-02
7.853935658931732178e-02
7.976871728897094727e-02
7.797364890575408936e-02
7.727116346359252930e-02
7.771801203489303589e-02
7.704830914735794067e-02
7.692006975412368774e-02
7.559989392757415771e-02
7.525593042373657227e-02
7.617194950580596924e-02
7.629673928022384644e-02
7.627603411674499512e-02
7.556257396936416626e-02
7.435738295316696167e-02
7.520072162151336670e-02
7.503125071525573730e-02
7.637432962656021118e-02
7.457005232572555542e-02
7.415963709354400635e-02
7.314490526914596558e-02
7.509070634841918945e-02
7.396154850721359253e-02
7.361536473035812378e-02
7.359018921852111816e-02
7.349119335412979126e-02
7.219713926315307617e-02
7.284437865018844604e-02
7.346027344465255737e-02
7.288683950901031494e-02
7.555604726076126099e-02
7.276226580142974854e-02
7.062280923128128052e-02
7.210231572389602661e-02
7.061708718538284302e-02
7.163906097412109375e-02
7.112005352973937988e-02
7.194854319095611572e-02
6.957520544528961182e-02
6.983989477157592773e-02
6.983529031276702881e-02
7.084179669618606567e-02
7.072242349386215210e-02
7.011406868696212769e-02
6.997184455394744873e-02
6.943111121654510498e-02
6.901736557483673096e-02
6.949892640113830566e-02
6.824241578578948975e-02
6.766252219676971436e-02
6.859845668077468872e-02
6.996950507164001465e-02
6.970925629138946533e-02
6.838265061378479004e-02
6.874094903469085693e-02
6.817260384559631348e-02
6.841684132814407349e-02
6.822611391544342041e-02
6.829100102186203003e-02
6.833243370056152344e-02
6.701765209436416626e-02
6.786361336708068848e-02
6.654651463031768799e-02
6.696947664022445679e-02
6.784486025571823120e-02
6.706449389457702637e-02
6.842322647571563721e-02
6.623825430870056152e-02
6.586892902851104736e-02
6.673268973827362061e-02
6.587581336498260498e-02
6.555507332086563110e-02
6.606121361255645752e-02
6.476865708827972412e-02
6.610949337482452393e-02
6.419498473405838013e-02
6.527625024318695068e-02
6.459527462720870972e-02
6.573092192411422729e-02
6.562634557485580444e-02
6.422255933284759521e-02
6.473265588283538818e-02
6.407213211059570312e-02
6.469255685806274414e-02
6.439239531755447388e-02
6.338209658861160278e-02
6.472082436084747314e-02
6.251499056816101074e-02
6.406969577074050903e-02
6.359616667032241821e-02
6.368311494588851929e-02
6.399864703416824341e-02
6.215211749076843262e-02
6.398799270391464233e-02
6.330677866935729980e-02
6.280902028083801270e-02
6.233997642993927002e-02
6.338009983301162720e-02
6.244078278541564941e-02
6.269048154354095459e-02
6.143509969115257263e-02
6.253892183303833008e-02
6.143560633063316345e-02
6.141554564237594604e-02
6.174410134553909302e-02
6.162052601575851440e-02
6.208131089806556702e-02
6.161937862634658813e-02
6.140766292810440063e-02
6.090847402811050415e-02
6.125660985708236694e-02
6.101906299591064453e-02
6.016087532043457031e-02
6.156852841377258301e-02
6.133741885423660278e-02
6.080916151404380798e-02
6.009780988097190857e-02
6.101596355438232422e-02
5.981713533401489258e-02
5.967047065496444702e-02
6.118074804544448853e-02
6.082251667976379395e-02
6.073427945375442505e-02
5.924960225820541382e-02
5.984508991241455078e-02
6.026788800954818726e-02
6.013370305299758911e-02
6.053450703620910645e-02
5.995585396885871887e-02
5.896224826574325562e-02
6.004507839679718018e-02
5.859472975134849548e-02
5.869203060865402222e-02
5.866752192378044128e-02
5.858892574906349182e-02
5.851484835147857666e-02
5.721784383058547974e-02
5.881059169769287109e-02
5.777738615870475769e-02
5.820812284946441650e-02
5.830053612589836121e-02
5.892375111579895020e-02
5.840386822819709778e-02
5.913653969764709473e-02
5.817761272192001343e-02
5.744952335953712463e-02
5.772948637604713440e-02
5.852961912751197815e-02
5.736894905567169189e-02
5.730385333299636841e-02
5.811487883329391479e-02
5.802785977721214294e-02
5.695226788520812988e-02
5.649149417877197266e-02
5.651050806045532227e-02
5.695861577987670898e-02
5.748829990625381470e-02
5.721545964479446411e-02
5.754132568836212158e-02
5.688640847802162170e-02
5.702824145555496216e-02
5.776105821132659912e-02
5.741961300373077393e-02
5.605637282133102417e-02
5.668798089027404785e-02
5.576212704181671143e-02
5.659699440002441406e-02
5.681213736534118652e-02
5.577202513813972473e-02
5.589890480041503906e-02
5.653418973088264465e-02
5.652070045471191406e-02
5.561695992946624756e-02
5.509421601891517639e-02
5.594655126333236694e-02
5.598202347755432129e-02
5.796985328197479248e-02
5.554907023906707764e-02
5.597361922264099121e-02
5.509691685438156128e-02
5.542708933353424072e-02
5.517534911632537842e-02
5.495376884937286377e-02
5.523590371012687683e-02
5.549439042806625366e-02
5.378067493438720703e-02
5.400925874710083008e-02
5.521758273243904114e-02
5.516552180051803589e-02
5.500288680195808411e-02
5.480573326349258423e-02
5.518812686204910278e-02
5.431599169969558716e-02
5.488891899585723877e-02
5.441127344965934753e-02
5.409567803144454956e-02
5.462934076786041260e-02
5.411254614591598511e-02
5.453377962112426758e-02
5.364161357283592224e-02
5.452033132314682007e-02
5.362789332866668701e-02
5.341793224215507507e-02
5.330920591950416565e-02
5.377519875764846802e-02
5.366514623165130615e-02
5.295386537909507751e-02
5.383061617612838745e-02
5.352256447076797485e-02
5.303213745355606079e-02
5.336582660675048828e-02
5.278106778860092163e-02
5.297123640775680542e-02
5.308125913143157959e-02
5.378413945436477661e-02
5.310370773077011108e-02
5.313197523355484009e-02
5.260476842522621155e-02
5.311159044504165649e-02
5.250154435634613037e-02
5.282276496291160583e-02
5.268983915448188782e-02
5.297327414155006409e-02
5.347541719675064087e-02
5.264479666948318481e-02
5.297587811946868896e-02
5.273182690143585205e-02
5.263303965330123901e-02
5.306552723050117493e-02
5.292034149169921875e-02
5.191969498991966248e-02
5.241400003433227539e-02
5.219247937202453613e-02
5.286008119583129883e-02
5.259574204683303833e-02
5.236937850713729858e-02
5.146343261003494263e-02
5.134811997413635254e-02
5.155044421553611755e-02
5.158070474863052368e-02
5.140187591314315796e-02
5.157463997602462769e-02
5.212673544883728027e-02
5.240197479724884033e-02
5.163392424583435059e-02
5.096780508756637573e-02
5.055280029773712158e-02
5.177095532417297363e-02
5.192901939153671265e-02
5.047225952148437500e-02
5.081663280725479126e-02
5.026822537183761597e-02
5.048199370503425598e-02
5.062377452850341797e-02
5.096004158258438110e-02
5.105160921812057495e-02
5.051789060235023499e-02
5.068686604499816895e-02
5.030789971351623535e-02
5.018066987395286560e-02
5.006730556488037109e-02
5.142059549689292908e-02
5.034304410219192505e-02
5.004731565713882446e-02
5.083430558443069458e-02
4.929506406188011169e-02
4.931926354765892029e-02
4.978008568286895752e-02
4.989071190357208252e-02
4.980805516242980957e-02
5.035688728094100952e-02
4.964943602681159973e-02
4.959510266780853271e-02
5.083044245839118958e-02
5.002423748373985291e-02
5.001883953809738159e-02
5.003777891397476196e-02
4.999697208404541016e-02
4.907356947660446167e-02
4.955472052097320557e-02
4.875931143760681152e-02
5.012866109609603882e-02
4.924607276916503906e-02
4.932499676942825317e-02
4.948314279317855835e-02
4.974572360515594482e-02
4.940083622932434082e-02
4.933356493711471558e-02
4.908314347267150879e-02
4.881733655929565430e-02
4.924278706312179565e-02
4.922294616699218750e-02
4.860346019268035889e-02
4.886452853679656982e-02
4.882816970348358154e-02
4.826806113123893738e-02
4.915834218263626099e-02
4.904984682798385620e-02
4.845257103443145752e-02
4.820548743009567261e-02
4.901392012834548950e-02
4.848710820078849792e-02
4.841886833310127258e-02
4.843396693468093872e-02
4.825731366872787476e-02
4.870058596134185791e-02
4.776094853878021240e-02
4.734795540571212769e-02
4.745273292064666748e-02
4.779517650604248047e-02
4.741865396499633789e-02
4.835034906864166260e-02
4.796128720045089722e-02
4.756896197795867920e-02
4.847916960716247559e-02
4.827154055237770081e-02
4.788722842931747437e-02
4.783453792333602905e-02
4.743715375661849976e-02
4.685134813189506531e-02
4.800975322723388672e-02
4.772913828492164612e-02
4.747817665338516235e-02
4.707760363817214966e-02
4.693625122308731079e-02
4.724642261862754822e-02
4.803507030010223389e-02
4.656837135553359985e-02
4.709745198488235474e-02
4.819432646036148071e-02
4.638347774744033813e-02
4.720782488584518433e-02
4.687451571226119995e-02
4.751374572515487671e-02
4.694095626473426819e-02
4.659481346607208252e-02
4.693760722875595093e-02
4.680003225803375244e-02
4.604999721050262451e-02
4.719962924718856812e-02
4.688770323991775513e-02
4.719235002994537354e-02
4.674600064754486084e-02
4.705345630645751953e-02
4.654379934072494507e-02
4.667725414037704468e-02
4.737244546413421631e-02
4.669643938541412354e-02
4.636151343584060669e-02
4.583872854709625244e-02
4.647105932235717773e-02
4.572821408510208130e-02
4.612867534160614014e-02
4.671439528465270996e-02
4.611878097057342529e-02
4.590014740824699402e-02
4.593553766608238220e-02
4.656925424933433533e-02
4.589841887354850769e-02
4.721372574567794800e-02
4.565027356147766113e-02
4.565412551164627075e-02
2.400133162736892700e-01
2.381445765495300293e-01
2.379066944122314453e-01
2.368634790182113647e-01
2.331281751394271851e-01
2.316743731498718262e-01
2.327406853437423706e-01
2.339948862791061401e-01
2.341357320547103882e-01
2.347394973039627075e-01
2.322642058134078979e-01
2.315464764833450317e-01
2.337386608123779297e-01
2.305745482444763184e-01
2.313692122697830200e-01
2.326795905828475952e-01
2.309701889753341675e-01
2.318097800016403198e-01
2.306332737207412720e-01
2.304376512765884399e-01
2.304000109434127808e-01
2.313063889741897583e-01
2.312448918819427490e-01
2.302495986223220825e-01
2.267283648252487183e-01
2.284460961818695068e-01
2.300655096769332886e-01
2.280120700597763062e-01
2.300556153059005737e-01
2.293586581945419312e-01
2.261773049831390381e-01
2.308252900838851929e-01
2.252638339996337891e-01
2.266423702239990234e-01
2.275535166263580322e-01
2.300571203231811523e-01
2.249269783496856689e-01
2.262832224369049072e-01
2.255013585090637207e-01
2.267636805772781372e-01
2.263388186693191528e-01
2.276120185852050781e-01
2.267602235078811646e-01
2.259360253810882568e-01
2.253979593515396118e-01
2.255307585000991821e-01
2.252688109874725342e-01
2.235774546861648560e-01
2.266773134469985962e-01
2.263077497482299805e-01
2.251993417739868164e-01
2.252677828073501587e-01
2.239778190851211548e-01
2.274903059005737305e-01
2.246681600809097290e-01
2.252912223339080811e-01
2.266730070114135742e-01
2.241645902395248413e-01
2.232787907123565674e-01
2.243380844593048096e-01
2.246091663837432861e-01
2.240319401025772095e-01
2.218986302614212036e-01
2.224285006523132324e-01
2.243943363428115845e-01
2.232887595891952515e-01
2.250560224056243896e-01
2.250723689794540405e-01
2.249477505683898926e-01
2.237739562988281250e-01
2.237635403871536255e-01
2.250095009803771973e-01
2.210651934146881104e-01
2.251801639795303345e-01
2.217364609241485596e-01
2.225955724716186523e-01
2.227685600519180298e-01
2.219476699829101562e-01
2.227336764335632324e-01
2.242027074098587036e-01
2.215817123651504517e-01
2.218337208032608032e-01
2.223255187273025513e-01
2.237951457500457764e-01
2.197671979665756226e-01
2.216188311576843262e-01
2.217386066913604736e-01
2.236319780349731445e-01
2.194267362356185913e-01
2.217189669609069824e-01
2.197089642286300659e-01
2.203911244869232178e-01
2.210622429847717285e-01
2.219405621290206909e-01
2.205114960670471191e-01
2.199421674013137817e-01
2.185908704996109009e-01
2.192933112382888794e-01
2.187521904706954956e-01
2.199517786502838135e-01
2.181885689496994019e-01
2.225676178932189941e-01
2.168713659048080444e-01
2.179385870695114136e-01
2.169935405254364014e-01
2.184942662715911865e-01
2.176795005798339844e-01
2.192883491516113281e-01
2.201222181320190430e-01
2.183553278446197510e-01
2.177985906600952148e-01
2.203385084867477417e-01
2.198387235403060913e-01
2.182357609272003174e-01
2.184003144502639771e-01
2.186733186244964600e-01
2.187597155570983887e-01
2.208782285451889038e-01
2.180745452642440796e-01
2.175500839948654175e-01
2.171339243650436401e-01
2.181615829467773438e-01
2.189605981111526489e-01
2.181621342897415161e-01
2.173165082931518555e-01
2.195193171501159668e-01
2.175460904836654663e-01
2.182775586843490601e-01
2.166979312896728516e-01
2.169196456670761108e-01
2.166235893964767456e-01
2.172786444425582886e-01
2.171853780746459961e-01
2.201325148344039917e-01
2.173730731010437012e-01
2.167972177267074585e-01
2.154131680727005005e-01
2.160645425319671631e-01
2.180418670177459717e-01
2.151280194520950317e-01
2.150456458330154419e-01
2.187014222145080566e-01
2.154420316219329834e-01
2.159352302551269531e-01
2.168618440628051758e-01
2.167947739362716675e-01
2.149600386619567871e-01
2.146899104118347168e-01
2.169747799634933472e-01
2.149070352315902710e-01
2.147300094366073608e-01
2.153807133436203003e-01
2.166024893522262573e-01
2.175693958997726440e-01
2.168625146150588989e-01
2.164472043514251709e-01
2.150371521711349487e-01
2.159533649682998657e-01
2.161503583192825317e-01
2.153407931327819824e-01
2.141938209533691406e-01
2.157902270555496216e-01
2.135135829448699951e-01
2.156172096729278564e-01
2.161213457584381104e-01
2.161056995391845703e-01
2.166815400123596191e-01
2.145140022039413452e-01
2.167259901762008667e-01
2.158739566802978516e-01
2.160826325416564941e-01
2.156190723180770874e-01
2.153505235910415649e-01
2.118159234523773193e-01
2.124515473842620850e-01
2.160990536212921143e-01
2.132747918367385864e-01
2.139404267072677612e-01
2.141818404197692871e-01
2.120314538478851318e-01
2.145765721797943115e-01
2.111211717128753662e-01
2.158977389335632324e-01
2.157007306814193726e-01
2.134137898683547974e-01
2.135433405637741089e-01
2.131106555461883545e-01
2.125701755285263062e-01
2.114292979240417480e-01
2.123775035142898560e-01
2.134300619363784790e-01
2.120867222547531128e-01
2.115330994129180908e-01
2.137305140495300293e-01
2.150679975748062134e-01
2.099947780370712280e-01
2.102193236351013184e-01
2.119773179292678833e-01
2.123901844024658203e-01
2.129565328359603882e-01
2.128383964300155640e-01
2.138861864805221558e-01
2.144148200750350952e-01
2.116097658872604370e-01
2.113702446222305298e-01
2.109518349170684814e-01
2.123955786228179932e-01
2.127579897642135620e-01
2.118443399667739868e-01
2.131529152393341064e-01
2.108910083770751953e-01
2.123243957757949829e-01
2.125114649534225464e-01
2.123177349567413330e-01
2.113878130912780762e-01
2.106532454490661621e-01
2.101250588893890381e-01
2.109170109033584595e-01
2.116800993680953979e-01
2.116725295782089233e-01
2.107401043176651001e-01
2.113504707813262939e-01
2.112391591072082520e-01
2.091607302427291870e-01
2.106596082448959351e-01
2.117462605237960815e-01
2.107088118791580200e-01
2.106683701276779175e-01
2.111271917819976807e-01
2.110959142446517944e-01
2.123988270759582520e-01
2.091024219989776611e-01
2.121072560548782349e-01
2.087478041648864746e-01
2.127149254083633423e-01
2.090229690074920654e-01
2.114263176918029785e-01
2.113743573427200317e-01
2.110915929079055786e-01
2.115326970815658569e-01
2.106480598449707031e-01
2.101970911026000977e-01
2.092218995094299316e-01
2.090804874897003174e-01
2.131435126066207886e-01
2.104313522577285767e-01
2.119375765323638916e-01
2.097694277763366699e-01
2.086001783609390259e-01
2.100550234317779541e-01
2.098647058010101318e-01
2.076875865459442139e-01
2.082140445709228516e-01
2.102610915899276733e-01
2.073736935853958130e-01
2.111125588417053223e-01
2.103362083435058594e-01
2.089591920375823975e-01
2.095411419868469238e-01
2.079335898160934448e-01
2.104758620262145996e-01
2.072093635797500610e-01
2.076631933450698853e-01
2.079104185104370117e-01
2.112010568380355835e-01
2.082297503948211670e-01
2.077829688787460327e-01
2.112647145986557007e-01
2.087307423353195190e-01
2.092812359333038330e-01
2.057802975177764893e-01
2.069015353918075562e-01
2.065420746803283691e-01
2.088413983583450317e-01
2.064525336027145386e-01
2.076521813869476318e-01
2.075194567441940308e-01
2.108619511127471924e-01
2.078887373208999634e-01
2.091671228408813477e-01
2.095233947038650513e-01
2.080329060554504395e-01
2.079252153635025024e-01
2.076532542705535889e-01
2.075708508491516113e-01
2.081020474433898926e-01
2.073746174573898315e-01
2.067246139049530029e-01
2.052292972803115845e-01
2.096942961215972900e-01
2.098703980445861816e-01
2.093964815139770508e-01
2.078225761651992798e-01
2.060751765966415405e-01
2.088638693094253540e-01
2.075739055871963501e-01
2.098080962896347046e-01
2.077010124921798706e-01
2.074700593948364258e-01
2.084946334362030029e-01
2.057285308837890625e-01
2.068564444780349731e-01
2.074699550867080688e-01
2.047128081321716309e-01
2.080540657043457031e-01
2.069787234067916870e-01
2.079192399978637695e-01
2.084535062313079834e-01
2.071422636508941650e-01
2.067777365446090698e-01
2.088253647089004517e-01
2.070420682430267334e-01
2.059557139873504639e-01
2.055251449346542358e-01
2.063241750001907349e-01
2.062626630067825317e-01
2.073804289102554321e-01
2.071553319692611694e-01
2.071789950132369995e-01
2.027373164892196655e-01
2.036962956190109253e-01
2.082592844963073730e-01
2.064641863107681274e-01
2.071941196918487549e-01
2.068219482898712158e-01
2.046106308698654175e-01
2.041105180978775024e-01
2.055251151323318481e-01
2.050407975912094116e-01
2.053571641445159912e-01
2.035092264413833618e-01
2.048845142126083374e-01
2.034363299608230591e-01
2.040105462074279785e-01
2.047712653875350952e-01
2.032644152641296387e-01
2.059156596660614014e-01
2.050884217023849487e-01
2.056500911712646484e-01
2.025113403797149658e-01
2.048005908727645874e-01
2.044489979743957520e-01
2.045785188674926758e-01
2.049993127584457397e-01
2.050826549530029297e-01
2.059442996978759766e-01
2.041959166526794434e-01
2.033755928277969360e-01
2.063428759574890137e-01
2.033524811267852783e-01
2.045207172632217407e-01
2.038767039775848389e-01
2.058865427970886230e-01
2.038303315639495850e-01
2.056062370538711548e-01
2.054566293954849243e-01
2.034834325313568115e-01
2.043837904930114746e-01
2.037009894847869873e-01
2.056605964899063110e-01
2.034782618284225464e-01
2.015812546014785767e-01
2.021118849515914917e-01
2.034602314233779907e-01
2.055694609880447388e-01
2.028114497661590576e-01
2.018440067768096924e-01
2.047238200902938843e-01
2.029750943183898926e-01
2.040286064147949219e-01
2.052333950996398926e-01
2.041294127702713013e-01
2.050547748804092407e-01
2.039635181427001953e-01
2.031059265136718750e-01
2.037240564823150635e-01
2.010241895914077759e-01
2.009446471929550171e-01
2.049082070589065552e-01
2.017008513212203979e-01
2.026801258325576782e-01
2.034260481595993042e-01
2.025266438722610474e-01
2.044134736061096191e-01
2.014204561710357666e-01
2.059950679540634155e-01
2.034524232149124146e-01
2.054668664932250977e-01
2.055729925632476807e-01
2.041486948728561401e-01
2.042988836765289307e-01
2.038213759660720825e-01
2.010120153427124023e-01
2.031324058771133423e-01
2.019757181406021118e-01
2.018032222986221313e-01
2.022357434034347534e-01
2.039422839879989624e-01
2.013541311025619507e-01
2.028114050626754761e-01
2.010009139776229858e-01
2.020009607076644897e-01
2.021172642707824707e-01
2.014902979135513306e-01
2.022566646337509155e-01
2.017791867256164551e-01
2.037762552499771118e-01
2.030804902315139771e-01
2.006537616252899170e-01
1.984464973211288452e-01
2.000327706336975098e-01
2.009183913469314575e-01
2.042821794748306274e-01
2.026216238737106323e-01
2.048489749431610107e-01
2.005117982625961304e-01
2.024403512477874756e-01
2.014797329902648926e-01
2.014027684926986694e-01
2.006906121969223022e-01
2.027114182710647583e-01
2.031964659690856934e-01
2.022045105695724487e-01
2.015653401613235474e-01
2.009800970554351807e-01
2.035675048828125000e-01
1.991497278213500977e-01
2.014929354190826416e-01
2.017163187265396118e-01
2.012057453393936157e-01
2.021631002426147461e-01
2.016419172286987305e-01
2.033896297216415405e-01
2.023584395647048950e-01
1.986015439033508301e-01
1.998313814401626587e-01
2.021494358777999878e-01
1.996584385633468628e-01
1.998677849769592285e-01
2.005606591701507568e-01
2.005657255649566650e-01
1.995245218276977539e-01
2.017215788364410400e-01
2.007878273725509644e-01
1.983557492494583130e-01
2.015933245420455933e-01
1.992622166872024536e-01
1.967716366052627563e-01
1.980391144752502441e-01
1.998570114374160767e-01
2.000976651906967163e-01
1.979290843009948730e-01
2.020949125289916992e-01
2.017795145511627197e-01
1.997158676385879517e-01
2.003710418939590454e-01
2.018627226352691650e-01
2.017020285129547119e-01
2.005277127027511597e-01
1.977629810571670532e-01
2.014765441417694092e-01
1.993269175291061401e-01
2.001980394124984741e-01
2.011276036500930786e-01
1.998039335012435913e-01
1.996783614158630371e-01
2.011429220438003540e-01
1.997716724872589111e-01
1.987579762935638428e-01
1.996268033981323242e-01
2.010286003351211548e-01
2.010841071605682373e-01
2.017276883125305176e-01
2.002104222774505615e-01
1.993959993124008179e-01
1.996981948614120483e-01
1.977773904800415039e-01
1.983976960182189941e-01
2.021716237068176270e-01
1.984070986509323120e-01
1.982047259807586670e-01
1.976410299539566040e-01
2.014398276805877686e-01
1.985119879245758057e-01
1.982494145631790161e-01
1.997721195220947266e-01
2.009192854166030884e-01
1.969322711229324341e-01
1.989486366510391235e-01
1.976954787969589233e-01
2.018524855375289917e-01
1.960668712854385376e-01
1.991177052259445190e-01
1.970674693584442139e-01
1.975583136081695557e-01
2.023749798536300659e-01
1.988255530595779419e-01
1.957214772701263428e-01
1.982778012752532959e-01
1.992593854665756226e-01
1.977350115776062012e-01
1.994165927171707153e-01
1.986465305089950562e-01
1.965295225381851196e-01
1.971954405307769775e-01
1.998187154531478882e-01
1.975074261426925659e-01
1.977103650569915771e-01
2.009151130914688110e-01
1.981862038373947144e-01
1.974388808012008667e-01
1.971717923879623413e-01
1.969271749258041382e-01
1.944681555032730103e-01
1.971451044082641602e-01
1.982825845479965210e-01
1.976359188556671143e-01
1.984078437089920044e-01
1.967997103929519653e-01
1.979788243770599365e-01
1.963212937116622925e-01
1.981742084026336670e-01
1.999654173851013184e-01
1.954608708620071411e-01
1.995265036821365356e-01
1.972745805978775024e-01
1.979561299085617065e-01
1.973901540040969849e-01
1.969760656356811523e-01
1.977056115865707397e-01
1.991840600967407227e-01
1.948625147342681885e-01
1.984505802392959595e-01
1.966234892606735229e-01
1.982789933681488037e-01
1.975585222244262695e-01
1.988917440176010132e-01
1.955796778202056885e-01
1.968264877796173096e-01
1.983700394630432129e-01
1.983428448438644409e-01
1.988383382558822632e-01
1.968909800052642822e-01
1.976633965969085693e-01
1.978757381439208984e-01
1.968747377395629883e-01
1.967253834009170532e-01
1.934961080551147461e-01
1.968670934438705444e-01
1.976011693477630615e-01
1.965891718864440918e-01
1.971214413642883301e-01
1.979822069406509399e-01
1.966073662042617798e-01
1.967151463031768799e-01
1.946270316839218140e-01
1.966650933027267456e-01
1.959213167428970337e-01
1.972422897815704346e-01
1.965548545122146606e-01
1.968139410018920898e-01
1.965642124414443970e-01
1.971224993467330933e-01
1.975275427103042603e-01
1.950338184833526611e-01
1.957662701606750488e-01
1.974781304597854614e-01
1.974324584007263184e-01
1.983286887407302856e-01
1.981519013643264771e-01
1.943099200725555420e-01
1.946509927511215210e-01
1.939540654420852661e-01
1.987491250038146973e-01
1.979673206806182861e-01
1.958770453929901123e-01
1.962560862302780151e-01
1.966789811849594116e-01
1.954573094844818115e-01
1.957505643367767334e-01
1.967289149761199951e-01
1.962238848209381104e-01
1.956413239240646362e-01
1.948673874139785767e-01
1.943143755197525024e-01
1.943202167749404907e-01
1.974130570888519287e-01
1.970503181219100952e-01
1.938289701938629150e-01
1.960278898477554321e-01
1.966441422700881958e-01
1.968878060579299927e-01
1.946282833814620972e-01
1.967547386884689331e-01
1.932406425476074219e-01
1.933725327253341675e-01
1.951052993535995483e-01
1.967813670635223389e-01
1.956533193588256836e-01
1.944323629140853882e-01
1.962563395500183105e-01
1.974700838327407837e-01
1.952611654996871948e-01
1.944935470819473267e-01
1.941427439451217651e-01
1.948616206645965576e-01
1.946655064821243286e-01
1.961878985166549683e-01
1.942249685525894165e-01
1.974555402994155884e-01
1.953863650560379028e-01
1.948484182357788086e-01
1.994581222534179688e-01
1.959390193223953247e-01
1.946518421173095703e-01
1.954687684774398804e-01
1.958664953708648682e-01
1.960061937570571899e-01
1.949587315320968628e-01
1.947920024394989014e-01
1.923707425594329834e-01
1.967696100473403931e-01
1.923694312572479248e-01
1.929053366184234619e-01
1.949954330921173096e-01
1.964274793863296509e-01
1.972609907388687134e-01
1.954026669263839722e-01
1.969874203205108643e-01
1.951770633459091187e-01
1.964065432548522949e-01
1.940226256847381592e-01
1.937181949615478516e-01
1.950723826885223389e-01
1.941066384315490723e-01
1.920235753059387207e-01
1.911198347806930542e-01
1.941132694482803345e-01
1.933422833681106567e-01
1.925825476646423340e-01
1.950916647911071777e-01
1.919068396091461182e-01
1.967663466930389404e-01
1.945635825395584106e-01
1.942870318889617920e-01
1.926894783973693848e-01
1.919658780097961426e-01
1.939452141523361206e-01
1.947026550769805908e-01
1.915570944547653198e-01
1.948213726282119751e-01
1.948452144861221313e-01
1.915575861930847168e-01
1.936122924089431763e-01
1.912573426961898804e-01
1.905108839273452759e-01
1.934202611446380615e-01
1.922105997800827026e-01
1.941074430942535400e-01
1.931258141994476318e-01
1.955256462097167969e-01
1.924804747104644775e-01
1.951519846916198730e-01
1.908881664276123047e-01
1.946886926889419556e-01
1.919068843126296997e-01
1.937601566314697266e-01
1.927682608366012573e-01
1.942038685083389282e-01
1.928887516260147095e-01
1.936548352241516113e-01
1.933557093143463135e-01
1.937636435031890869e-01
1.910380870103836060e-01
1.918191015720367432e-01
1.919494569301605225e-01
1.953692734241485596e-01
1.936052441596984863e-01
1.934115290641784668e-01
1.935144960880279541e-01
1.925452947616577148e-01
1.941304057836532593e-01
1.912257969379425049e-01
1.927420049905776978e-01
1.946649700403213501e-01
1.924358308315277100e-01
1.931751519441604614e-01
1.912210285663604736e-01
1.936843395233154297e-01
1.940763294696807861e-01
1.949585080146789551e-01
1.949367970228195190e-01
1.921739131212234497e-01
1.919224858283996582e-01
1.913091093301773071e-01
1.898397952318191528e-01
1.912957727909088135e-01
1.924866437911987305e-01
1.922558844089508057e-01
1.947395503520965576e-01
1.927972137928009033e-01
1.927307844161987305e-01
1.932929307222366333e-01
1.912612318992614746e-01
1.936337053775787354e-01
1.949824094772338867e-01
1.936299949884414673e-01
1.913383156061172485e-01
1.911982744932174683e-01
1.931083649396896362e-01
1.913029104471206665e-01
1.908168643712997437e-01
1.906392574310302734e-01
1.929701268672943115e-01
1.933213919401168823e-01
1.938574463129043579e-01
1.924775242805480957e-01
1.923975646495819092e-01
1.911142170429229736e-01
1.906178295612335205e-01
1.950501501560211182e-01
1.930456161499023438e-01
1.913941353559494019e-01
1.906002610921859741e-01
1.919457763433456421e-01
1.901162564754486084e-01
1.926818937063217163e-01
1.940946877002716064e-01
1.923222243785858154e-01
1.910810172557830811e-01
1.895391792058944702e-01
1.905089318752288818e-01
1.906984597444534302e-01
1.929082721471786499e-01
1.946525126695632935e-01
1.912777870893478394e-01
1.929606050252914429e-01
1.930523514747619629e-01
1.897768974304199219e-01
1.915445923805236816e-01
1.940829306840896606e-01
1.951023638248443604e-01
1.921135634183883667e-01
1.912527084350585938e-01
1.902627050876617432e-01
1.916604638099670410e-01
1.904129385948181152e-01
1.909671127796173096e-01
1.914990991353988647e-01
1.913342177867889404e-01
1.923282891511917114e-01
1.908224821090698242e-01
1.931096464395523071e-01
1.928357183933258057e-01
1.927400380373001099e-01
1.909120380878448486e-01
1.920922398567199707e-01
1.906906962394714355e-01
1.910327523946762085e-01
1.923320889472961426e-01
1.937530338764190674e-01
1.890182942152023315e-01
1.917121112346649170e-01
1.904169768095016479e-01
1.910921335220336914e-01
1.932052522897720337e-01
1.875491589307785034e-01
1.920493096113204956e-01
1.909300088882446289e-01
1.918968558311462402e-01
1.920418590307235718e-01
1.916498839855194092e-01
1.919395923614501953e-01
1.899075955152511597e-01
1.910070627927780151e-01
1.882005184888839722e-01
1.921675205230712891e-01
1.900426000356674194e-01
1.915617287158966064e-01
1.904568076133728027e-01
1.906372159719467163e-01
1.897673010826110840e-01
1.884054541587829590e-01
1.940473765134811401e-01
1.924632340669631958e-01
1.907684504985809326e-01
1.899268627166748047e-01
1.904597282409667969e-01
1.925883293151855469e-01
1.886837333440780640e-01
1.928706467151641846e-01
1.902927756309509277e-01
1.908783763647079468e-01
1.915187090635299683e-01
1.870113313198089600e-01
1.919446289539337158e-01
1.923758685588836670e-01
1.911846399307250977e-01
1.910537928342819214e-01
1.923702359199523926e-01
