1.011935234069824219e+00
9.993631243705749512e-01
9.871268272399902344e-01
9.756511449813842773e-01
9.625320434570312500e-01
9.493008852005004883e-01
9.355285167694091797e-01
9.196453690528869629e-01
9.054384231567382812e-01
8.857966065406799316e-01
8.649950027465820312e-01
8.434448838233947754e-01
8.184228539466857910e-01
7.944519519805908203e-01
7.663651704788208008e-01
7.392360568046569824e-01
7.099332809448242188e-01
6.779332756996154785e-01
6.453927755355834961e-01
6.212969422340393066e-01
6.002551913261413574e-01
5.749158859252929688e-01
5.657508373260498047e-01
5.658517479896545410e-01
5.901026725769042969e-01
5.663300156593322754e-01
5.538567304611206055e-01
5.694525241851806641e-01
5.518476963043212891e-01
5.391151905059814453e-01
5.477120876312255859e-01
5.248585939407348633e-01
5.136482119560241699e-01
5.121011137962341309e-01
5.205880999565124512e-01
5.072699785232543945e-01
5.037984848022460938e-01
5.038245916366577148e-01
5.172210335731506348e-01
4.962903559207916260e-01
5.007103681564331055e-01
4.976999759674072266e-01
4.865399897098541260e-01
4.838392138481140137e-01
4.699261188507080078e-01
4.765378832817077637e-01
4.875904917716979980e-01
4.714664220809936523e-01
4.627988934516906738e-01
4.632270932197570801e-01
4.642202258110046387e-01
4.605206251144409180e-01
4.671209454536437988e-01
4.523004591464996338e-01
4.587279856204986572e-01
4.476542174816131592e-01
4.531529843807220459e-01
4.420820474624633789e-01
4.451368153095245361e-01
4.337282776832580566e-01
4.523581564426422119e-01
4.384001195430755615e-01
4.457559287548065186e-01
4.331946671009063721e-01
4.379645586013793945e-01
4.313926398754119873e-01
4.264439344406127930e-01
4.220715463161468506e-01
4.222667515277862549e-01
4.199016988277435303e-01
4.168492853641510010e-01
4.212226569652557373e-01
4.205364882946014404e-01
4.168822467327117920e-01
4.140785336494445801e-01
4.081121981143951416e-01
4.137239456176757812e-01
4.060870707035064697e-01
4.118454158306121826e-01
4.026773571968078613e-01
4.046771526336669922e-01
4.055105149745941162e-01
4.061336219310760498e-01
3.999532461166381836e-01
4.009051918983459473e-01
3.965747952461242676e-01
3.990602195262908936e-01
3.936601579189300537e-01
3.963793218135833740e-01
3.901064693927764893e-01
3.916655778884887695e-01
3.912000954151153564e-01
3.970025181770324707e-01
3.858706057071685791e-01
3.865242004394531250e-01
3.867487013339996338e-01
3.863748311996459961e-01
3.797728419303894043e-01
3.853809833526611328e-01
3.837535381317138672e-01
3.792665302753448486e-01
3.770309686660766602e-01
3.810015618801116943e-01
3.779057562351226807e-01
3.710123598575592041e-01
3.779968023300170898e-01
3.763144612312316895e-01
3.740974664688110352e-01
3.744275569915771484e-01
3.698326051235198975e-01
3.694915771484375000e-01
3.673865795135498047e-01
3.665365576744079590e-01
3.737512528896331787e-01
3.665850758552551270e-01
3.636257946491241455e-01
3.711816966533660889e-01
3.656391203403472900e-01
3.654963076114654541e-01
3.652868866920471191e-01
3.638114631175994873e-01
3.625918328762054443e-01
3.657158315181732178e-01
3.598032593727111816e-01
3.624650239944458008e-01
3.599751889705657959e-01
3.595628738403320312e-01
3.604092597961425781e-01
3.586283922195434570e-01
3.528181314468383789e-01
3.558404743671417236e-01
3.535126447677612305e-01
3.506774902343750000e-01
3.567044734954833984e-01
3.512659668922424316e-01
3.513088524341583252e-01
3.538461029529571533e-01
3.532638847827911377e-01
3.490273654460906982e-01
3.483575582504272461e-01
3.485498726367950439e-01
3.502834141254425049e-01
3.519363105297088623e-01
3.524775207042694092e-01
3.481733798980712891e-01
3.458645045757293701e-01
3.495210409164428711e-01
3.433420360088348389e-01
3.441348075866699219e-01
3.467577993869781494e-01
3.444540798664093018e-01
3.431568443775177002e-01
3.454789221286773682e-01
3.438777029514312744e-01
3.435420095920562744e-01
3.405513167381286621e-01
3.391958177089691162e-01
3.422187268733978271e-01
3.332772850990295410e-01
3.348045349121093750e-01
3.359492123126983643e-01
3.394581675529479980e-01
3.361634612083435059e-01
3.367157578468322754e-01
3.352667093276977539e-01
3.318480551242828369e-01
3.346863389015197754e-01
3.315846025943756104e-01
3.350392282009124756e-01
3.298601806163787842e-01
3.353919684886932373e-01
3.353051543235778809e-01
3.278211653232574463e-01
3.293605148792266846e-01
3.270510435104370117e-01
3.298000693321228027e-01
3.266221880912780762e-01
3.273574113845825195e-01
3.256789147853851318e-01
3.309412598609924316e-01
3.249562680721282959e-01
3.256269991397857666e-01
3.259826302528381348e-01
3.260093331336975098e-01
3.265146017074584961e-01
3.237254917621612549e-01
3.243703842163085938e-01
3.226533532142639160e-01
3.232007622718811035e-01
3.237112760543823242e-01
3.212738931179046631e-01
3.206290006637573242e-01
3.198957741260528564e-01
3.239537775516510010e-01
3.214819133281707764e-01
3.196682631969451904e-01
3.199726343154907227e-01
3.195602893829345703e-01
3.173854053020477295e-01
3.198276460170745850e-01
3.216491341590881348e-01
3.181625604629516602e-01
3.141443133354187012e-01
3.196516633033752441e-01
3.146941363811492920e-01
3.129524886608123779e-01
3.117976486682891846e-01
3.152086138725280762e-01
3.101819753646850586e-01
3.099149763584136963e-01
3.156873583793640137e-01
3.129500448703765869e-01
3.127653002738952637e-01
3.097720444202423096e-01
3.086728751659393311e-01
3.102427423000335693e-01
3.103073835372924805e-01
3.104035258293151855e-01
3.090226948261260986e-01
3.085612952709197998e-01
3.100490570068359375e-01
3.062008619308471680e-01
3.082257211208343506e-01
3.090905249118804932e-01
3.072969317436218262e-01
3.087905943393707275e-01
3.074586987495422363e-01
3.059509694576263428e-01
3.064388632774353027e-01
3.043543398380279541e-01
3.068686425685882568e-01
3.074293136596679688e-01
2.987751960754394531e-01
3.030803501605987549e-01
2.990784645080566406e-01
3.039887845516204834e-01
2.978576719760894775e-01
3.012328445911407471e-01
2.959170937538146973e-01
2.985471189022064209e-01
2.962222397327423096e-01
3.013957738876342773e-01
3.008533418178558350e-01
2.991036176681518555e-01
2.992394864559173584e-01
2.997655570507049561e-01
2.975535690784454346e-01
2.933068573474884033e-01
2.939688265323638916e-01
2.957973778247833252e-01
2.984420061111450195e-01
2.919740676879882812e-01
2.950273454189300537e-01
2.935284674167633057e-01
2.932505905628204346e-01
2.958969175815582275e-01
2.929546833038330078e-01
2.935966551303863525e-01
2.896296083927154541e-01
2.918732166290283203e-01
2.908916771411895752e-01
2.926374077796936035e-01
2.920254766941070557e-01
2.887518107891082764e-01
2.866373658180236816e-01
2.915059328079223633e-01
2.884697318077087402e-01
2.890994250774383545e-01
2.863717377185821533e-01
2.901196777820587158e-01
2.914750576019287109e-01
2.873525917530059814e-01
2.880122065544128418e-01
2.844882011413574219e-01
2.853981554508209229e-01
2.833206355571746826e-01
2.859248816967010498e-01
2.848492264747619629e-01
2.847870588302612305e-01
2.856365442276000977e-01
2.848484218120574951e-01
2.849981784820556641e-01
2.811099886894226074e-01
2.821103930473327637e-01
2.796456217765808105e-01
2.788921892642974854e-01
2.822411656379699707e-01
2.823820412158966064e-01
2.815819382667541504e-01
2.826007306575775146e-01
2.772684991359710693e-01
2.812525033950805664e-01
2.805888056755065918e-01
2.810492217540740967e-01
2.756294906139373779e-01
2.800549268722534180e-01
2.762994468212127686e-01
2.794940173625946045e-01
2.809514403343200684e-01
2.777923941612243652e-01
2.782244086265563965e-01
2.739722430706024170e-01
2.762713432312011719e-01
2.762384712696075439e-01
2.763468027114868164e-01
2.711119651794433594e-01
2.727651298046112061e-01
2.725239992141723633e-01
2.719283103942871094e-01
2.718538343906402588e-01
2.706339955329895020e-01
2.743184566497802734e-01
2.726832628250122070e-01
2.738366127014160156e-01
2.716706395149230957e-01
2.719942033290863037e-01
2.720702290534973145e-01
2.699515223503112793e-01
2.717700302600860596e-01
2.737129330635070801e-01
2.700195610523223877e-01
2.711977064609527588e-01
2.669375240802764893e-01
2.688996791839599609e-01
2.685963511466979980e-01
2.686136364936828613e-01
2.700833380222320557e-01
2.667545080184936523e-01
2.680309116840362549e-01
2.692549824714660645e-01
2.684504687786102295e-01
2.689348459243774414e-01
2.692100107669830322e-01
2.665242850780487061e-01
2.653418183326721191e-01
2.656643986701965332e-01
2.670786678791046143e-01
2.639124691486358643e-01
2.658778429031372070e-01
2.621971368789672852e-01
2.663762867450714111e-01
2.622098028659820557e-01
2.636172175407409668e-01
2.643883824348449707e-01
2.656954526901245117e-01
2.637724578380584717e-01
2.638420462608337402e-01
2.635879516601562500e-01
2.632274031639099121e-01
2.623164057731628418e-01
2.621427774429321289e-01
2.611339688301086426e-01
2.606131136417388916e-01
2.630083560943603516e-01
2.604752779006958008e-01
2.600239813327789307e-01
2.606268823146820068e-01
2.575622498989105225e-01
2.571991682052612305e-01
2.588078975677490234e-01
2.606255710124969482e-01
2.583211064338684082e-01
2.593248486518859863e-01
2.577050328254699707e-01
2.595483958721160889e-01
2.588404715061187744e-01
2.565629482269287109e-01
2.592158317565917969e-01
2.599464952945709229e-01
2.553291320800781250e-01
2.576851248741149902e-01
2.536613345146179199e-01
2.567216455936431885e-01
2.560803294181823730e-01
2.553585171699523926e-01
2.559998631477355957e-01
2.569549977779388428e-01
2.579161524772644043e-01
2.567841708660125732e-01
2.565973997116088867e-01
2.548533082008361816e-01
2.539913356304168701e-01
2.561603784561157227e-01
2.559508979320526123e-01
2.556614875793457031e-01
2.524009943008422852e-01
2.517095804214477539e-01
2.529413998126983643e-01
2.543342709541320801e-01
2.512684762477874756e-01
2.536188662052154541e-01
2.544264197349548340e-01
2.535437345504760742e-01
2.531525492668151855e-01
2.511344552040100098e-01
2.483063489198684692e-01
2.491939663887023926e-01
2.518478929996490479e-01
2.503336369991302490e-01
2.518666684627532959e-01
2.499493658542633057e-01
2.477247118949890137e-01
2.476180493831634521e-01
2.496472001075744629e-01
2.482462674379348755e-01
2.469827532768249512e-01
2.465100586414337158e-01
2.476761043071746826e-01
2.514955401420593262e-01
2.461584508419036865e-01
2.466525733470916748e-01
2.485923618078231812e-01
2.473684400320053101e-01
2.455256581306457520e-01
2.482936084270477295e-01
2.512436211109161377e-01
2.468292713165283203e-01
2.451671212911605835e-01
2.436695545911788940e-01
2.487640082836151123e-01
2.478549331426620483e-01
2.461711168289184570e-01
2.481780946254730225e-01
2.452575266361236572e-01
2.463542968034744263e-01
2.429395467042922974e-01
2.460310012102127075e-01
2.435959130525588989e-01
2.438185364007949829e-01
2.448311150074005127e-01
2.440370470285415649e-01
2.448565363883972168e-01
2.404198497533798218e-01
2.418076694011688232e-01
2.438116818666458130e-01
2.473037689924240112e-01
2.445254772901535034e-01
2.436756193637847900e-01
2.375637292861938477e-01
2.400601804256439209e-01
2.426944524049758911e-01
2.434554100036621094e-01
2.422586381435394287e-01
2.390745580196380615e-01
2.420139908790588379e-01
2.399352639913558960e-01
2.424529492855072021e-01
2.396651506423950195e-01
2.393498569726943970e-01
2.383794337511062622e-01
2.418997436761856079e-01
2.354248911142349243e-01
2.402773946523666382e-01
2.367759495973587036e-01
2.372929006814956665e-01
2.404880523681640625e-01
2.396002411842346191e-01
2.380251288414001465e-01
2.390336543321609497e-01
2.383033633232116699e-01
2.388174831867218018e-01
2.390587925910949707e-01
2.374761700630187988e-01
2.392562329769134521e-01
2.386253476142883301e-01
2.348761409521102905e-01
2.364644110202789307e-01
2.399136424064636230e-01
2.394202053546905518e-01
2.348935604095458984e-01
2.393024265766143799e-01
2.361904531717300415e-01
2.331430912017822266e-01
2.365335971117019653e-01
2.339279502630233765e-01
2.357707023620605469e-01
2.359216362237930298e-01
2.373905032873153687e-01
2.370258569717407227e-01
2.332346886396408081e-01
2.363538444042205811e-01
2.328764647245407104e-01
2.328369170427322388e-01
2.334933578968048096e-01
2.374891638755798340e-01
2.326771616935729980e-01
2.335492223501205444e-01
2.369336932897567749e-01
2.311404049396514893e-01
2.321425676345825195e-01
2.328975349664688110e-01
2.328328937292098999e-01
2.317117154598236084e-01
2.291776984930038452e-01
2.312939614057540894e-01
2.338259220123291016e-01
2.324181944131851196e-01
2.305414825677871704e-01
2.315936088562011719e-01
2.325787246227264404e-01
2.309238314628601074e-01
2.286402881145477295e-01
2.294473201036453247e-01
2.283698767423629761e-01
2.283877730369567871e-01
2.297373861074447632e-01
2.310286760330200195e-01
2.308282703161239624e-01
2.295074760913848877e-01
2.284781932830810547e-01
2.302520722150802612e-01
2.292743176221847534e-01
2.269803136587142944e-01
2.318743467330932617e-01
2.286864817142486572e-01
2.301072776317596436e-01
2.297355234622955322e-01
2.326045781373977661e-01
2.289101481437683105e-01
2.289281636476516724e-01
2.277855575084686279e-01
2.294172942638397217e-01
2.261470556259155273e-01
2.283186912536621094e-01
2.293583303689956665e-01
2.274614721536636353e-01
2.280932068824768066e-01
2.274493277072906494e-01
2.287776172161102295e-01
2.284957319498062134e-01
2.275388538837432861e-01
2.277757227420806885e-01
2.289260178804397583e-01
2.264873087406158447e-01
2.284205406904220581e-01
2.292813509702682495e-01
2.282538115978240967e-01
2.266653180122375488e-01
2.269282788038253784e-01
2.272541970014572144e-01
2.262106388807296753e-01
2.275584936141967773e-01
2.261589169502258301e-01
2.267920523881912231e-01
2.220812588930130005e-01
2.258231341838836670e-01
2.263887226581573486e-01
2.270596325397491455e-01
2.255795747041702271e-01
2.249703258275985718e-01
2.248317301273345947e-01
2.255833595991134644e-01
2.245083898305892944e-01
2.225352674722671509e-01
2.235128581523895264e-01
2.220454365015029907e-01
2.264789789915084839e-01
2.265228629112243652e-01
2.256622165441513062e-01
2.234868705272674561e-01
2.244293242692947388e-01
2.204657644033432007e-01
2.235537916421890259e-01
2.229117602109909058e-01
2.241085767745971680e-01
2.237975001335144043e-01
2.227782011032104492e-01
2.222870141267776489e-01
2.247797995805740356e-01
2.199138998985290527e-01
2.230465859174728394e-01
2.253490090370178223e-01
2.240612506866455078e-01
2.233998477458953857e-01
2.199145108461380005e-01
2.234674692153930664e-01
2.224454283714294434e-01
2.222869247198104858e-01
2.220817208290100098e-01
2.195463627576828003e-01
2.221962362527847290e-01
2.209632098674774170e-01
2.223494499921798706e-01
2.231518030166625977e-01
2.236899435520172119e-01
2.221506685018539429e-01
2.207509875297546387e-01
2.206849902868270874e-01
2.222308963537216187e-01
2.209997177124023438e-01
2.208415418863296509e-01
2.216116189956665039e-01
2.210520505905151367e-01
2.184276580810546875e-01
2.212807685136795044e-01
2.195044755935668945e-01
2.219362258911132812e-01
2.221070230007171631e-01
2.203538119792938232e-01
2.187372595071792603e-01
2.190847545862197876e-01
2.153430879116058350e-01
2.204998880624771118e-01
2.200776189565658569e-01
2.213872671127319336e-01
2.179591208696365356e-01
2.203267067670822144e-01
2.190693020820617676e-01
2.161112725734710693e-01
2.159447669982910156e-01
2.189707010984420776e-01
2.174691557884216309e-01
2.212021946907043457e-01
2.175506502389907837e-01
2.182922661304473877e-01
2.175228893756866455e-01
2.210747748613357544e-01
2.188213616609573364e-01
2.182058840990066528e-01
2.175375670194625854e-01
2.180607169866561890e-01
2.190607786178588867e-01
2.171588242053985596e-01
2.185959964990615845e-01
2.186576426029205322e-01
2.193629145622253418e-01
2.170143127441406250e-01
2.187974452972412109e-01
2.144723236560821533e-01
2.177631556987762451e-01
2.182820737361907959e-01
2.168021649122238159e-01
2.186840027570724487e-01
2.202480584383010864e-01
2.184631824493408203e-01
2.184769660234451294e-01
2.152946740388870239e-01
2.156024426221847534e-01
2.162541896104812622e-01
2.164245843887329102e-01
2.172827273607254028e-01
2.150180190801620483e-01
2.132263034582138062e-01
2.148176878690719604e-01
2.142776250839233398e-01
2.139567732810974121e-01
2.146575450897216797e-01
2.165699601173400879e-01
2.157540768384933472e-01
2.137710005044937134e-01
2.186931073665618896e-01
2.147221267223358154e-01
2.165084928274154663e-01
2.148711830377578735e-01
2.120611965656280518e-01
2.143956422805786133e-01
2.138306945562362671e-01
2.120961099863052368e-01
2.160124480724334717e-01
2.144142687320709229e-01
2.141311317682266235e-01
2.142191678285598755e-01
2.150369137525558472e-01
2.146175950765609741e-01
2.135971039533615112e-01
2.123304456472396851e-01
2.136464267969131470e-01
2.155524492263793945e-01
2.135469764471054077e-01
2.133977264165878296e-01
2.134892046451568604e-01
2.144730240106582642e-01
2.120483517646789551e-01
2.114926874637603760e-01
2.163122892379760742e-01
2.156741619110107422e-01
2.120389789342880249e-01
2.151913642883300781e-01
2.128372490406036377e-01
2.097521424293518066e-01
2.120713442564010620e-01
2.131905257701873779e-01
2.143094241619110107e-01
2.130634486675262451e-01
2.127057760953903198e-01
2.152268439531326294e-01
2.156473994255065918e-01
2.113983482122421265e-01
2.118660956621170044e-01
2.119552940130233765e-01
2.127646654844284058e-01
2.104957699775695801e-01
2.120580077171325684e-01
2.107675224542617798e-01
2.112822979688644409e-01
2.125405818223953247e-01
2.118634432554244995e-01
2.098689228296279907e-01
2.103174328804016113e-01
2.133440822362899780e-01
2.113574594259262085e-01
2.127325534820556641e-01
2.122200131416320801e-01
2.115439772605895996e-01
2.096876353025436401e-01
2.125874161720275879e-01
2.092801183462142944e-01
2.114405483007431030e-01
2.081919014453887939e-01
2.090961635112762451e-01
2.118260413408279419e-01
2.101725935935974121e-01
2.101544737815856934e-01
2.104196846485137939e-01
2.111043035984039307e-01
2.103330940008163452e-01
2.128914147615432739e-01
2.112748473882675171e-01
2.107655555009841919e-01
2.083405852317810059e-01
2.081359922885894775e-01
2.094589024782180786e-01
2.102062255144119263e-01
2.072577625513076782e-01
2.096765339374542236e-01
2.102911919355392456e-01
2.088301181793212891e-01
2.129911184310913086e-01
2.107209563255310059e-01
2.098371684551239014e-01
2.103134095668792725e-01
2.082132548093795776e-01
2.092946767807006836e-01
2.061388045549392700e-01
2.082694172859191895e-01
2.100988477468490601e-01
2.084230333566665649e-01
2.072793692350387573e-01
2.077143043279647827e-01
2.087747603654861450e-01
2.061903029680252075e-01
2.122418880462646484e-01
2.089269906282424927e-01
2.083651274442672729e-01
2.092393636703491211e-01
2.097488641738891602e-01
2.075164169073104858e-01
2.086416631937026978e-01
2.100651860237121582e-01
2.098263055086135864e-01
2.053739726543426514e-01
2.090481519699096680e-01
2.047239840030670166e-01
2.076706588268280029e-01
2.073123008012771606e-01
2.064002901315689087e-01
2.069797664880752563e-01
2.069180607795715332e-01
2.080355137586593628e-01
2.077730894088745117e-01
2.085678428411483765e-01
2.062825411558151245e-01
2.051949650049209595e-01
2.073142975568771362e-01
2.062766551971435547e-01
2.072799801826477051e-01
2.067855745553970337e-01
2.092973589897155762e-01
2.082757055759429932e-01
2.084240615367889404e-01
2.080250382423400879e-01
2.087247073650360107e-01
2.072518020868301392e-01
2.061846852302551270e-01
2.085679322481155396e-01
2.058793008327484131e-01
2.079118937253952026e-01
2.067856490612030029e-01
2.077564001083374023e-01
2.051439881324768066e-01
2.069070041179656982e-01
2.052296996116638184e-01
2.061831057071685791e-01
2.071982026100158691e-01
2.058446109294891357e-01
2.059082686901092529e-01
2.043031007051467896e-01
2.048124223947525024e-01
2.069092392921447754e-01
2.061433494091033936e-01
2.042054235935211182e-01
2.051718533039093018e-01
2.037746757268905640e-01
2.063558995723724365e-01
2.028586715459823608e-01
2.072554528713226318e-01
2.035037726163864136e-01
2.083121538162231445e-01
2.032703161239624023e-01
2.041422873735427856e-01
2.059623003005981445e-01
2.087083458900451660e-01
2.045476883649826050e-01
2.046737819910049438e-01
2.061803042888641357e-01
2.040466815233230591e-01
2.036949247121810913e-01
2.054173797369003296e-01
2.048994451761245728e-01
2.029692977666854858e-01
2.047799080610275269e-01
2.062151730060577393e-01
2.056056261062622070e-01
2.024248391389846802e-01
2.050529271364212036e-01
2.051727175712585449e-01
2.068752348423004150e-01
2.020958214998245239e-01
2.064853459596633911e-01
2.055110186338424683e-01
2.020346820354461670e-01
2.048651129007339478e-01
2.028697729110717773e-01
2.047859132289886475e-01
2.067963182926177979e-01
2.045046240091323853e-01
2.028475701808929443e-01
2.050144374370574951e-01
2.008583992719650269e-01
2.051281780004501343e-01
2.033309936523437500e-01
2.046629786491394043e-01
2.029801309108734131e-01
2.015830129384994507e-01
2.038480192422866821e-01
2.047282606363296509e-01
2.058965563774108887e-01
2.036480009555816650e-01
2.026132047176361084e-01
2.035029828548431396e-01
2.012016326189041138e-01
2.015189528465270996e-01
2.034770697355270386e-01
2.030578702688217163e-01
2.036149352788925171e-01
2.042867541313171387e-01
2.029621303081512451e-01
2.024013549089431763e-01
2.013414502143859863e-01
2.000820189714431763e-01
2.014765441417694092e-01
2.015850692987442017e-01
2.044018507003784180e-01
2.017380297183990479e-01
2.044766843318939209e-01
2.034352719783782959e-01
2.012018114328384399e-01
2.021074891090393066e-01
2.017869800329208374e-01
2.019699811935424805e-01
2.030675113201141357e-01
2.017651200294494629e-01
2.011535465717315674e-01
1.994206607341766357e-01
2.024181634187698364e-01
2.026355713605880737e-01
2.011074423789978027e-01
2.031847685575485229e-01
2.003964781761169434e-01
2.015785276889801025e-01
2.032016068696975708e-01
1.995200961828231812e-01
2.019054740667343140e-01
2.012654244899749756e-01
2.013295590877532959e-01
1.997671276330947876e-01
2.015903592109680176e-01
2.014758735895156860e-01
2.013204246759414673e-01
2.017357498407363892e-01
1.983520388603210449e-01
2.003047317266464233e-01
1.984154582023620605e-01
2.008485496044158936e-01
2.005115449428558350e-01
2.025893479585647583e-01
2.011176496744155884e-01
1.991920024156570435e-01
2.009367644786834717e-01
2.004792988300323486e-01
2.019137442111968994e-01
2.011316418647766113e-01
1.995635032653808594e-01
1.976656466722488403e-01
2.015459388494491577e-01
2.001631259918212891e-01
2.005639523267745972e-01
2.004105150699615479e-01
1.990987956523895264e-01
1.976483166217803955e-01
1.998290568590164185e-01
1.997986286878585815e-01
1.994612962007522583e-01
1.995858550071716309e-01
1.999134272336959839e-01
2.000122219324111938e-01
2.007315009832382202e-01
1.983472406864166260e-01
1.992811709642410278e-01
2.000714391469955444e-01
2.002856433391571045e-01
1.998249441385269165e-01
2.003102749586105347e-01
2.033641040325164795e-01
1.998324543237686157e-01
1.999061256647109985e-01
2.007234841585159302e-01
1.992671936750411987e-01
1.973813325166702271e-01
1.976572871208190918e-01
1.971087753772735596e-01
1.981135308742523193e-01
1.991860568523406982e-01
1.989066451787948608e-01
1.985951960086822510e-01
1.990623921155929565e-01
1.982629150152206421e-01
1.982829272747039795e-01
1.989754885435104370e-01
1.972506195306777954e-01
1.959327608346939087e-01
1.990482509136199951e-01
1.999168395996093750e-01
2.004441767930984497e-01
1.992277354001998901e-01
1.982531845569610596e-01
1.962159723043441772e-01
1.987075954675674438e-01
1.979396343231201172e-01
1.993359625339508057e-01
1.989530771970748901e-01
1.977906674146652222e-01
1.975116133689880371e-01
1.967324018478393555e-01
1.962467432022094727e-01
1.964579522609710693e-01
1.994194090366363525e-01
1.978567242622375488e-01
1.973213851451873779e-01
1.973080635070800781e-01
1.994342207908630371e-01
1.983868181705474854e-01
2.007101178169250488e-01
1.977726519107818604e-01
1.967813670635223389e-01
1.973625570535659790e-01
1.973619610071182251e-01
1.972865611314773560e-01
1.980275660753250122e-01
1.968311667442321777e-01
1.966892927885055542e-01
1.987082660198211670e-01
1.967853605747222900e-01
1.968595981597900391e-01
1.969240754842758179e-01
1.977805197238922119e-01
1.975815892219543457e-01
1.978581100702285767e-01
1.985396444797515869e-01
1.973098814487457275e-01
1.971462070941925049e-01
1.984813064336776733e-01
1.970168054103851318e-01
1.968953609466552734e-01
1.951784640550613403e-01
1.959728449583053589e-01
2.013352811336517334e-01
1.978972554206848145e-01
1.979093253612518311e-01
1.967808306217193604e-01
1.957230567932128906e-01
1.983722895383834839e-01
1.961760371923446655e-01
1.963550746440887451e-01
1.959371417760848999e-01
1.962547600269317627e-01
1.969908624887466431e-01
1.949435323476791382e-01
1.962823867797851562e-01
1.970922946929931641e-01
1.938572078943252563e-01
1.945129483938217163e-01
1.973296552896499634e-01
1.960573196411132812e-01
1.955483406782150269e-01
1.968167871236801147e-01
1.970242112874984741e-01
1.973559111356735229e-01
1.962649226188659668e-01
1.952372044324874878e-01
1.943705677986145020e-01
1.956723928451538086e-01
1.948776245117187500e-01
1.936355680227279663e-01
1.949345767498016357e-01
1.961128860712051392e-01
1.956613957881927490e-01
1.950312405824661255e-01
1.951580196619033813e-01
1.961433291435241699e-01
1.945630759000778198e-01
1.971387118101119995e-01
1.940067857503890991e-01
1.933331042528152466e-01
1.941687464714050293e-01
1.924733221530914307e-01
1.939720809459686279e-01
1.949153244495391846e-01
1.968929618597030640e-01
1.951452642679214478e-01
1.953138411045074463e-01
1.949296742677688599e-01
1.953622400760650635e-01
1.934747546911239624e-01
1.961209028959274292e-01
1.959984451532363892e-01
1.917651146650314331e-01
1.925613135099411011e-01
1.956663429737091064e-01
1.947325915098190308e-01
1.937494277954101562e-01
1.956602782011032104e-01
1.949040591716766357e-01
1.975814104080200195e-01
1.933667957782745361e-01
1.953147351741790771e-01
1.954035013914108276e-01
1.937526166439056396e-01
1.933759897947311401e-01
1.949413567781448364e-01
1.920317262411117554e-01
1.932901740074157715e-01
1.944407373666763306e-01
1.954705417156219482e-01
1.941390186548233032e-01
1.942712813615798950e-01
1.949034482240676880e-01
1.939093023538589478e-01
1.954303085803985596e-01
1.929521411657333374e-01
1.923746317625045776e-01
1.938369721174240112e-01
1.920520365238189697e-01
1.952417492866516113e-01
1.944506019353866577e-01
1.949770599603652954e-01
1.935117691755294800e-01
1.947694569826126099e-01
1.960444748401641846e-01
1.919227540493011475e-01
1.922736912965774536e-01
1.919165402650833130e-01
1.946409940719604492e-01
1.901785731315612793e-01
1.959872096776962280e-01
1.940070539712905884e-01
1.917037367820739746e-01
1.909090876579284668e-01
1.946055442094802856e-01
1.943416893482208252e-01
1.918978542089462280e-01
1.918313950300216675e-01
1.929908394813537598e-01
1.926609873771667480e-01
1.923819035291671753e-01
1.946100294589996338e-01
1.934866011142730713e-01
1.942768543958663940e-01
1.920142769813537598e-01
1.933798491954803467e-01
1.930691003799438477e-01
1.920794248580932617e-01
1.921586096286773682e-01
1.956111043691635132e-01
1.938555687665939331e-01
1.934172809123992920e-01
1.950641274452209473e-01
1.911387294530868530e-01
1.945830136537551880e-01
1.918424665927886963e-01
1.920085400342941284e-01
1.925869584083557129e-01
1.920386552810668945e-01
1.908552348613739014e-01
1.931384205818176270e-01
1.920442134141921997e-01
1.919232308864593506e-01
1.900934875011444092e-01
1.930969059467315674e-01
1.907627433538436890e-01
1.911557912826538086e-01
1.914537549018859863e-01
1.913760602474212646e-01
1.931770741939544678e-01
1.921844333410263062e-01
1.929290443658828735e-01
1.934710741043090820e-01
1.913654506206512451e-01
1.906200945377349854e-01
1.915106773376464844e-01
1.924724876880645752e-01
1.917641907930374146e-01
1.909807920455932617e-01
1.910558938980102539e-01
1.930084079504013062e-01
1.920436620712280273e-01
1.934944391250610352e-01
1.924672871828079224e-01
1.897668987512588501e-01
1.943750232458114624e-01
1.926063150167465210e-01
1.914485692977905273e-01
1.903948932886123657e-01
1.894915252923965454e-01
1.902436017990112305e-01
1.904974877834320068e-01
1.916490495204925537e-01
1.917122900485992432e-01
1.930533349514007568e-01
1.925272345542907715e-01
1.902734935283660889e-01
1.894903182983398438e-01
1.889110058546066284e-01
1.912562847137451172e-01
1.900443732738494873e-01
1.891736984252929688e-01
1.915212422609329224e-01
1.898771524429321289e-01
1.882796138525009155e-01
1.894011646509170532e-01
1.904308050870895386e-01
1.892691701650619507e-01
1.918909698724746704e-01
1.904495060443878174e-01
1.909557133913040161e-01
1.902789920568466187e-01
1.905337721109390259e-01
1.922682523727416992e-01
1.912332028150558472e-01
1.921084076166152954e-01
1.878903359174728394e-01
1.903716772794723511e-01
1.885518878698348999e-01
1.899278312921524048e-01
1.896600723266601562e-01
1.896864324808120728e-01
1.905959099531173706e-01
1.917373985052108765e-01
1.881773173809051514e-01
1.902502328157424927e-01
1.894867420196533203e-01
1.892395615577697754e-01
1.879269778728485107e-01
1.913812160491943359e-01
1.885162293910980225e-01
1.903553009033203125e-01
1.895749270915985107e-01
1.897017210721969604e-01
1.867932081222534180e-01
1.890583932399749756e-01
1.884268969297409058e-01
1.862742900848388672e-01
1.901283413171768188e-01
1.889022588729858398e-01
1.889416426420211792e-01
1.892290860414505005e-01
1.858356893062591553e-01
1.901395469903945923e-01
1.873445808887481689e-01
1.897339820861816406e-01
1.887774765491485596e-01
1.885083615779876709e-01
1.892434358596801758e-01
1.877159625291824341e-01
1.905231773853302002e-01
1.878487616777420044e-01
1.880868077278137207e-01
1.878442317247390747e-01
1.876886934041976929e-01
1.880233287811279297e-01
1.874571442604064941e-01
1.893273442983627319e-01
1.878906935453414917e-01
1.885160505771636963e-01
1.887699663639068604e-01
1.911976784467697144e-01
1.897950321435928345e-01
1.861232817173004150e-01
1.876538842916488647e-01
1.877767145633697510e-01
1.892381310462951660e-01
1.874082684516906738e-01
1.890212446451187134e-01
1.888851970434188843e-01
1.898265331983566284e-01
1.874223351478576660e-01
1.898363381624221802e-01
1.910226941108703613e-01
1.879017055034637451e-01
1.898478120565414429e-01
1.861824542284011841e-01
1.879019290208816528e-01
1.887164711952209473e-01
1.884479373693466187e-01
1.870705634355545044e-01
1.878891140222549438e-01
1.872524321079254150e-01
1.872629970312118530e-01
1.876422166824340820e-01
1.873584389686584473e-01
1.886661797761917114e-01
1.887999624013900757e-01
1.849843412637710571e-01
1.893493831157684326e-01
1.881525963544845581e-01
1.892347037792205811e-01
1.882989406585693359e-01
1.891354024410247803e-01
1.880933195352554321e-01
1.891877353191375732e-01
1.892554610967636108e-01
1.872648894786834717e-01
1.871693432331085205e-01
1.845568567514419556e-01
1.889314055442810059e-01
1.869670450687408447e-01
1.887021958827972412e-01
1.880066692829132080e-01
1.860297471284866333e-01
1.890057772397994995e-01
1.893095821142196655e-01
1.897599548101425171e-01
1.912041604518890381e-01
1.867603808641433716e-01
1.884115338325500488e-01
1.872896999120712280e-01
1.884395182132720947e-01
1.873332262039184570e-01
1.876914799213409424e-01
1.897075623273849487e-01
1.887108683586120605e-01
1.882694512605667114e-01
1.866426020860671997e-01
1.870881617069244385e-01
1.891372054815292358e-01
1.872278600931167603e-01
1.886313557624816895e-01
1.871216744184494019e-01
1.863405853509902954e-01
1.869307160377502441e-01
1.866362690925598145e-01
1.871977746486663818e-01
1.885432749986648560e-01
1.870378702878952026e-01
1.861963868141174316e-01
1.863052546977996826e-01
1.873327940702438354e-01
1.860751062631607056e-01
1.873445957899093628e-01
1.879312247037887573e-01
1.860671937465667725e-01
1.866324394941329956e-01
1.847233027219772339e-01
1.863376200199127197e-01
1.888071447610855103e-01
1.865497231483459473e-01
1.847659200429916382e-01
1.864342540502548218e-01
1.870199292898178101e-01
1.877771317958831787e-01
1.885814368724822998e-01
1.874366700649261475e-01
1.870822310447692871e-01
1.866400390863418579e-01
1.876009255647659302e-01
1.880944520235061646e-01
1.880190968513488770e-01
1.888344287872314453e-01
1.845848113298416138e-01
1.866340041160583496e-01
1.850531995296478271e-01
1.871957182884216309e-01
1.874887645244598389e-01
1.844264715909957886e-01
1.846064925193786621e-01
1.856959015130996704e-01
1.834681779146194458e-01
1.863429695367813110e-01
1.852600425481796265e-01
1.854612082242965698e-01
2.022257894277572632e-01
2.004253715276718140e-01
1.986700892448425293e-01
1.985735297203063965e-01
1.985240727663040161e-01
2.018617689609527588e-01
2.027200609445571899e-01
2.012668102979660034e-01
1.989250630140304565e-01
2.003751993179321289e-01
2.012020051479339600e-01
1.983288675546646118e-01
1.992416381835937500e-01
2.001565843820571899e-01
2.006331980228424072e-01
2.009838968515396118e-01
2.014745026826858521e-01
2.009387016296386719e-01
1.990397572517395020e-01
1.984464228153228760e-01
2.004488110542297363e-01
2.005727291107177734e-01
1.983342766761779785e-01
2.010415345430374146e-01
2.006732672452926636e-01
1.995344460010528564e-01
1.983947008848190308e-01
2.014978677034378052e-01
2.004340142011642456e-01
1.994360834360122681e-01
1.995442658662796021e-01
1.982812583446502686e-01
1.971253156661987305e-01
2.003516852855682373e-01
1.979889571666717529e-01
2.004566043615341187e-01
1.986965537071228027e-01
1.988090425729751587e-01
1.978507190942764282e-01
1.980400085449218750e-01
1.984496116638183594e-01
2.018149346113204956e-01
1.998704075813293457e-01
1.979936957359313965e-01
1.959293037652969360e-01
2.008585184812545776e-01
1.998057067394256592e-01
1.995217502117156982e-01
1.983413249254226685e-01
2.000866085290908813e-01
1.988111585378646851e-01
1.989814043045043945e-01
1.976592838764190674e-01
1.984741538763046265e-01
1.998210847377777100e-01
1.988426893949508667e-01
2.005873918533325195e-01
1.992114782333374023e-01
1.975450813770294189e-01
1.995857506990432739e-01
1.977034360170364380e-01
1.963376551866531372e-01
1.980164200067520142e-01
1.966900676488876343e-01
1.973517090082168579e-01
1.976193338632583618e-01
1.995294839143753052e-01
1.958303749561309814e-01
1.980185508728027344e-01
1.993623673915863037e-01
2.006842643022537231e-01
1.988815814256668091e-01
1.994344145059585571e-01
1.944063156843185425e-01
1.947782933712005615e-01
1.978812366724014282e-01
1.977068036794662476e-01
1.977389305830001831e-01
1.978007704019546509e-01
1.971261799335479736e-01
1.953146308660507202e-01
2.008478343486785889e-01
1.991194635629653931e-01
1.988105773925781250e-01
1.978650987148284912e-01
1.932034492492675781e-01
1.968290358781814575e-01
1.972290724515914917e-01
1.988132148981094360e-01
1.969934701919555664e-01
1.978089213371276855e-01
1.986039876937866211e-01
1.976898610591888428e-01
1.978006511926651001e-01
1.970489174127578735e-01
1.939266175031661987e-01
1.983471065759658813e-01
1.987653970718383789e-01
1.979197710752487183e-01
1.979226917028427124e-01
1.982451677322387695e-01
1.997053474187850952e-01
1.982034146785736084e-01
1.975948810577392578e-01
1.928724050521850586e-01
1.965710520744323730e-01
1.922357827425003052e-01
1.980385035276412964e-01
1.986635774374008179e-01
1.965787708759307861e-01
1.965898722410202026e-01
1.968438476324081421e-01
1.983727216720581055e-01
1.994301080703735352e-01
1.954780817031860352e-01
1.965843290090560913e-01
1.968118250370025635e-01
1.973961889743804932e-01
1.942941546440124512e-01
1.992044150829315186e-01
1.960754096508026123e-01
1.939205676317214966e-01
1.972744166851043701e-01
1.999948471784591675e-01
1.957856416702270508e-01
1.980619132518768311e-01
1.961749345064163208e-01
1.954839527606964111e-01
1.971464604139328003e-01
2.003895938396453857e-01
1.968536078929901123e-01
1.977568268775939941e-01
1.956935822963714600e-01
1.955691576004028320e-01
1.997060030698776245e-01
1.975348293781280518e-01
1.963781416416168213e-01
1.975022405385971069e-01
1.959980577230453491e-01
1.937579214572906494e-01
1.950256228446960449e-01
1.968398839235305786e-01
1.934737265110015869e-01
1.963213235139846802e-01
1.974237412214279175e-01
1.981579661369323730e-01
1.968405395746231079e-01
1.945040524005889893e-01
1.977959275245666504e-01
1.935719698667526245e-01
1.935069411993026733e-01
1.940422654151916504e-01
1.966671347618103027e-01
1.953313648700714111e-01
1.941182017326354980e-01
1.941563040018081665e-01
1.957896798849105835e-01
1.945619732141494751e-01
1.959688812494277954e-01
1.958251148462295532e-01
1.954637020826339722e-01
1.940823644399642944e-01
1.971340179443359375e-01
1.959988176822662354e-01
1.960634291172027588e-01
1.968627721071243286e-01
1.966926306486129761e-01
1.955533623695373535e-01
1.935459971427917480e-01
1.973311603069305420e-01
1.933146268129348755e-01
1.933028399944305420e-01
1.938406825065612793e-01
1.951751857995986938e-01
1.938994377851486206e-01
1.919726729393005371e-01
1.975476890802383423e-01
1.974696815013885498e-01
1.958952099084854126e-01
1.955457478761672974e-01
1.968070119619369507e-01
1.932903826236724854e-01
1.943208128213882446e-01
1.964638382196426392e-01
1.929431259632110596e-01
1.967778801918029785e-01
1.952128112316131592e-01
1.987338066101074219e-01
1.944388151168823242e-01
1.943152546882629395e-01
1.945498883724212646e-01
1.935809403657913208e-01
1.946072280406951904e-01
1.944713294506072998e-01
1.950390785932540894e-01
1.954337656497955322e-01
1.938314139842987061e-01
1.955997943878173828e-01
1.936400681734085083e-01
1.934593319892883301e-01
