7.084045979380607649e-01
3.661743994057178320e-01
3.079832050204276972e-01
2.843557535111904122e-01
2.447542566061019775e-01
2.242792985588312193e-01
2.338012389093637455e-01
2.084465602040290744e-01
2.043243447691202030e-01
1.851689249277114757e-01
1.872025407850742285e-01
1.895695839077234379e-01
1.813836630806326955e-01
1.812323357909917942e-01
1.792731337994337149e-01
1.801472224295139202e-01
1.669533341377973656e-01
1.671192511916160528e-01
1.570403439551592006e-01
1.555213119834661373e-01
1.522605696320533664e-01
1.600963516533374653e-01
1.620272168889641817e-01
1.544491138309240230e-01
1.562154091894626673e-01
1.545726070553064269e-01
1.532018477097153719e-01
1.420950651913881202e-01
1.309932907298207161e-01
1.424073979258537181e-01
1.504439609497785491e-01
1.454885189980268390e-01
1.452941067516803630e-01
1.431380527466535602e-01
1.409176360070705514e-01
1.458391900360584137e-01
1.319091034680605068e-01
1.290581244230270264e-01
1.316963761299848601e-01
1.319488967955112502e-01
1.303535156697034902e-01
1.258182349801063582e-01
1.414838697016239100e-01
1.368366993963718303e-01
1.330498393625020870e-01
1.266144840419292372e-01
1.238931670039892241e-01
1.257273459434509189e-01
1.237364307045936557e-01
1.243277115374803593e-01
1.255880039185285624e-01
1.285644710808992452e-01
1.200671874731779054e-01
1.157044982165098129e-01
1.140570463985204758e-01
1.172935635223984752e-01
1.196990883350372292e-01
1.119473299011588124e-01
1.201556533947586991e-01
1.151686245575547218e-01
1.225527309626340822e-01
1.154033631831407614e-01
1.163454339653253594e-01
1.351120559871196725e-01
1.451840654388070195e-01
1.461171983927488371e-01
1.575177905336022366e-01
1.313005366735160440e-01
1.435825689509510894e-01
1.367332573235034987e-01
1.327469664625823553e-01
1.281457692757248801e-01
9.105482082813978750e-02
8.280227038078009916e-02
9.776288294233381748e-02
9.069902600720525232e-02
9.354611031711101976e-02
9.400249985046685297e-02
8.935323873534799233e-02
8.516194262541830484e-02
9.418435574509204100e-02
6.253515507560222786e-02
6.063924919348209763e-02
6.326467478182166981e-02
6.344598229508846554e-02
6.626899291295558492e-02
6.284486505785025212e-02
7.591137198731302826e-02
7.884855285286902771e-02
7.253613943234085704e-02
5.491923379013315121e-02
5.348901179619133806e-02
4.818804785609245162e-02
5.547125977464020113e-02
5.515969414263963838e-02
5.598103929427452469e-02
6.388935912866144928e-02
6.248120435513555837e-02
6.366365953348576689e-02
4.279454194474965195e-02
3.958034142851829529e-02
4.475997203961015053e-02
4.955535374116152442e-02
5.016929256031289752e-02
5.669894890859723119e-02
4.991543645504861737e-02
5.030646944884210880e-02
4.602460474474355523e-02
3.739958329359069356e-02
3.645997350336983855e-02
4.055502176284789956e-02
4.614362013642676202e-02
4.152633944642730029e-02
4.369217338040470855e-02
4.762006164412014436e-02
4.053977231611497617e-02
4.578643825836479359e-02
3.256481441203504940e-02
3.390157131536398333e-02
3.605261362972669165e-02
3.034846622729674148e-02
3.790474900481058396e-02
4.911833013873547621e-02
3.755847298656590089e-02
3.893323672353290327e-02
4.446639832807704890e-02
4.639433123287745042e-02
3.395407024479937114e-02
2.305270433629630009e-02
3.390379174379631877e-02
3.748201816692017102e-02
4.169431804068153558e-02
4.352192837046459095e-02
3.460570662224199401e-02
3.546165366366040017e-02
