1.468587815761566162e+00
1.092384622693061802e+00
9.509081482887268288e-01
8.268190711736679299e-01
7.585506629943847834e-01
7.125607329607009932e-01
6.911647784709930020e-01
5.844830283522606251e-01
5.836642748117446544e-01
5.778555378317833391e-01
5.838749355077743619e-01
5.724060451984405162e-01
5.688876804709434021e-01
5.445252725481987133e-01
4.620683294534683183e-01
4.708299180865287981e-01
4.801979109644889943e-01
4.854685950279236106e-01
4.844364973902702265e-01
4.814836701750755399e-01
4.656944313645363098e-01
4.083808711171150185e-01
4.013554725050926253e-01
4.010854053497314720e-01
4.063527351617813310e-01
4.256353154778480530e-01
4.157385790348053223e-01
4.222386133670806840e-01
3.582129490375518532e-01
3.559578716754913108e-01
3.551189929246902355e-01
3.663272839784622037e-01
3.705839595198631153e-01
3.722106242179870628e-01
3.789159792661667137e-01
3.300873258709907665e-01
3.160000891983509308e-01
3.210226944088935830e-01
3.260127887129783408e-01
3.400757895410060905e-01
3.357720816135406627e-01
3.401680639386177041e-01
3.080629913508892148e-01
3.029418352246284751e-01
3.056157141923904197e-01
2.983670930564403800e-01
3.089928042888641091e-01
3.166633468866348333e-01
3.186381176114082558e-01
2.940199816226959362e-01
2.880499400198459625e-01
2.840604929625987762e-01
2.913798619806766688e-01
2.900803309679031439e-01
2.969082160294055917e-01
3.030946086347103274e-01
2.890267379581928364e-01
3.188120597600936912e-01
3.206080962717532956e-01
3.051184868067502998e-01
2.790063963830470839e-01
2.844721374660730273e-01
2.537733143568038918e-01
1.219008350092917747e-01
1.202259937860071654e-01
1.184264778532087836e-01
1.319304229319095689e-01
1.403915090858936232e-01
1.380469351634383279e-01
1.473866121470928103e-01
7.994584314525127189e-02
7.868862582370639291e-02
1.135791149688884644e-01
1.161257174424827066e-01
9.648311591707170454e-02
1.187604140117764495e-01
9.967086942866444643e-02
7.533836705610155726e-02
9.351258100941776952e-02
8.873018749989569631e-02
8.432883400470018997e-02
9.986215570941567310e-02
8.735752523876726128e-02
1.011367242969572477e-01
7.290569981094449648e-02
6.786259660497308277e-02
8.072617321275174507e-02
7.494292159099132100e-02
8.444370441604405475e-02
8.932804221287370117e-02
9.583593872375786860e-02
6.898856836836785023e-02
6.082650916418060744e-02
7.126351023791357986e-02
9.404382171109318400e-02
8.040698085911572590e-02
8.571704659610986099e-02
7.904663653112947719e-02
6.923312973463907616e-02
6.473818349186330479e-02
6.126477579469792600e-02
6.950464322697370856e-02
6.740077661350368787e-02
8.101008878089487053e-02
7.747767076361924965e-02
