1.656221473217010409e+00
1.257730553746223556e+00
1.126097047328948886e+00
9.969576233625412343e-01
8.757867455482483132e-01
8.404341548681258933e-01
8.047621023654937256e-01
6.628693297505379167e-01
6.309411147236824169e-01
6.279639455676079285e-01
6.241832470893859952e-01
6.032297417521477190e-01
5.816068860888481407e-01
5.994016775488852922e-01
4.358602766692638575e-01
4.262700171768665225e-01
4.434075731039047175e-01
4.332990409433841728e-01
4.339809703826904563e-01
4.371881344914436140e-01
4.466161276400089086e-01
2.807640853524208113e-01
2.761444601416587763e-01
3.003258682787418588e-01
2.963419616222381370e-01
3.130585573613643424e-01
3.123470544815063477e-01
3.236518046259880266e-01
2.761923325061798051e-01
3.038086262345314204e-01
2.927227753400802879e-01
3.244553036987781747e-01
3.261320734024047985e-01
3.212233362346887389e-01
3.482184909284115060e-01
1.674608654528856322e-01
1.683677965775132179e-01
1.971845259889960233e-01
2.084022066742181878e-01
2.040622155740857147e-01
2.056124819815158822e-01
2.287267497181892373e-01
1.207088444940745825e-01
1.143544534221291598e-01
1.337406998872756880e-01
1.492023680359125248e-01
1.476910695619881031e-01
1.586263087019324225e-01
1.400094397738576024e-01
9.815958963707088758e-02
1.017666879389435008e-01
1.064213008899241725e-01
9.502186127007007654e-02
1.224594113603234280e-01
1.241618683561682701e-01
1.309531301259994618e-01
9.591419633012264467e-02
8.538757665548474263e-02
9.793625704944133870e-02
1.135345990397036015e-01
1.147262394148856335e-01
1.026990743912756382e-01
1.247220512758940442e-01
6.817845491692424431e-02
7.219547151587903111e-02
7.048586731776594616e-02
8.376633090898394363e-02
1.059056839160621155e-01
1.170659307250753040e-01
1.001060162577778051e-01
7.439979718066752623e-02
7.573427648283541369e-02
8.576460639014840681e-02
9.829926533624529228e-02
7.052224779967218582e-02
8.674030882772058859e-02
8.748208110686390981e-02
7.331961891148239263e-02
8.693977866554632172e-02
6.933842019177972882e-02
8.463634973857551980e-02
8.119735875166952943e-02
1.060719193704426355e-01
9.342999469488859343e-02
6.085624690633267136e-02
6.593239772599190918e-02
7.923786011058836509e-02
6.712409839732572103e-02
5.700793934985995404e-02
7.230402441229671906e-02
8.148962898645549513e-02
6.269888097420334150e-02
5.403780140914023200e-02
7.415267601842061296e-02
6.777615950908512377e-02
7.761158189270644936e-02
8.474876694846898706e-02
9.749634155072271768e-02
6.089108874788507625e-02
5.029262915253639166e-02
9.390076603740453443e-02
8.807351412251591960e-02
7.774718503002077397e-02
8.704879230353981812e-02
8.392550726421177387e-02
