9.995751827955245972e-02
9.921874850988388062e-02
9.844022989273071289e-02
9.758593142032623291e-02
9.661211818456649780e-02
9.564164280891418457e-02
9.421736747026443481e-02
9.278292208909988403e-02
9.115662425756454468e-02
8.934566378593444824e-02
8.775000274181365967e-02
8.525953441858291626e-02
8.303927630186080933e-02
8.049184083938598633e-02
7.784780114889144897e-02
7.517194747924804688e-02
7.225291430950164795e-02
6.953083723783493042e-02
6.744807213544845581e-02
6.449764966964721680e-02
6.207429245114326477e-02
6.022081524133682251e-02
6.001812964677810669e-02
5.681456997990608215e-02
5.697278305888175964e-02
5.663346126675605774e-02
5.497668310999870300e-02
5.491200834512710571e-02
5.536946654319763184e-02
5.597354099154472351e-02
5.344844982028007507e-02
5.299852043390274048e-02
5.144417285919189453e-02
5.042474344372749329e-02
5.072190985083580017e-02
4.882470890879631042e-02
4.845143482089042664e-02
4.801798611879348755e-02
4.838960245251655579e-02
4.770875722169876099e-02
4.916201531887054443e-02
4.789158329367637634e-02
4.770067334175109863e-02
4.709556698799133301e-02
4.680050909519195557e-02
4.666766151785850525e-02
4.637665674090385437e-02
4.701055586338043213e-02
4.831069335341453552e-02
4.594829306006431580e-02
4.592049866914749146e-02
4.545905813574790955e-02
4.550254717469215393e-02
4.506501182913780212e-02
4.565997049212455750e-02
4.449907690286636353e-02
4.419699311256408691e-02
4.521293565630912781e-02
4.401596263051033020e-02
4.452624544501304626e-02
4.365698620676994324e-02
4.321694374084472656e-02
4.360624402761459351e-02
4.338165000081062317e-02
4.336784034967422485e-02
4.332133755087852478e-02
4.294869676232337952e-02
4.287501052021980286e-02
4.252292960882186890e-02
4.286969453096389771e-02
4.256922751665115356e-02
4.234860464930534363e-02
4.299319908022880554e-02
4.163569211959838867e-02
4.259317740797996521e-02
4.193485900759696960e-02
4.191293194890022278e-02
4.286533221602439880e-02
4.103862121701240540e-02
4.173028841614723206e-02
4.092263802886009216e-02
4.125570878386497498e-02
4.123377799987792969e-02
4.115004464983940125e-02
4.142143949866294861e-02
4.099331051111221313e-02
4.073690250515937805e-02
4.084109514951705933e-02
4.022538289427757263e-02
4.068119823932647705e-02
3.995461389422416687e-02
4.018575698137283325e-02
4.083645343780517578e-02
3.990706428885459900e-02
3.991879522800445557e-02
3.975870460271835327e-02
3.948794305324554443e-02
3.907326981425285339e-02
4.007195308804512024e-02
3.943720087409019470e-02
3.930420801043510437e-02
3.919569775462150574e-02
3.847619518637657166e-02
3.908552601933479309e-02
3.910287097096443176e-02
3.891899809241294861e-02
3.899078816175460815e-02
3.849721327424049377e-02
3.853827342391014099e-02
3.831261023879051208e-02
3.844610601663589478e-02
3.869124874472618103e-02
3.833015635609626770e-02
3.840490058064460754e-02
3.829827532172203064e-02
3.795841336250305176e-02
3.804730996489524841e-02
3.754071146249771118e-02
3.810757398605346680e-02
3.830569982528686523e-02
3.755471482872962952e-02
3.718265518546104431e-02
3.746553882956504822e-02
3.803000971674919128e-02
3.772370144724845886e-02
3.758354485034942627e-02
3.725327178835868835e-02
3.747365996241569519e-02
3.713569790124893188e-02
3.710290417075157166e-02
3.663806244730949402e-02
3.694206848740577698e-02
3.686030954122543335e-02
3.673385083675384521e-02
3.679713234305381775e-02
3.674121201038360596e-02
3.687601909041404724e-02
3.604124858975410461e-02
3.649402782320976257e-02
3.634195774793624878e-02
3.624501079320907593e-02
3.674747049808502197e-02
3.597917407751083374e-02
3.627488017082214355e-02
3.613613173365592957e-02
3.626414760947227478e-02
3.574411198496818542e-02
3.533866256475448608e-02
3.548100218176841736e-02
3.588195517659187317e-02
3.583754971623420715e-02
3.559100627899169922e-02
3.560120612382888794e-02
3.584148362278938293e-02
3.564704582095146179e-02
3.533390909433364868e-02
3.527270257472991943e-02
3.547772392630577087e-02
3.525017946958541870e-02
3.495398163795471191e-02
3.531270846724510193e-02
3.506829962134361267e-02
3.475485369563102722e-02
3.519489243626594543e-02
3.494573011994361877e-02
3.491511940956115723e-02
3.484607115387916565e-02
3.443833813071250916e-02
3.514691814780235291e-02
3.485300764441490173e-02
3.442120179533958435e-02
3.495716676115989685e-02
3.437853977084159851e-02
3.468973562121391296e-02
3.454096987843513489e-02
3.433550149202346802e-02
3.440028429031372070e-02
3.422703966498374939e-02
3.379854187369346619e-02
3.418661653995513916e-02
3.415643423795700073e-02
3.419971093535423279e-02
3.397608548402786255e-02
3.390979021787643433e-02
3.404950723052024841e-02
3.410356864333152771e-02
3.357963636517524719e-02
3.409339860081672668e-02
3.359107300639152527e-02
3.359060361981391907e-02
3.368979319930076599e-02
3.329351544380187988e-02
3.345862030982971191e-02
3.360789641737937927e-02
3.315098211169242859e-02
3.297606110572814941e-02
3.311743587255477905e-02
3.317249566316604614e-02
3.323948755860328674e-02
3.356773778796195984e-02
3.283772990107536316e-02
3.272891417145729065e-02
3.305568918585777283e-02
3.287832438945770264e-02
3.287889435887336731e-02
3.287937864661216736e-02
3.268795832991600037e-02
3.262199088931083679e-02
3.268196061253547668e-02
3.243484348058700562e-02
3.265188261866569519e-02
3.247853741049766541e-02
3.272768482565879822e-02
3.271932154893875122e-02
3.282972797751426697e-02
3.224098682403564453e-02
3.227370232343673706e-02
3.241065517067909241e-02
3.249227628111839294e-02
3.179956227540969849e-02
3.200842067599296570e-02
3.234131261706352234e-02
3.212451189756393433e-02
3.182243183255195618e-02
3.227003663778305054e-02
3.185498714447021484e-02
3.171629831194877625e-02
3.212983161211013794e-02
3.223338350653648376e-02
3.179093077778816223e-02
3.221523761749267578e-02
3.191105276346206665e-02
3.179194033145904541e-02
3.143708035349845886e-02
3.127115219831466675e-02
3.162224963307380676e-02
3.128205612301826477e-02
3.128197416663169861e-02
3.161565586924552917e-02
3.151182457804679871e-02
3.081957809627056122e-02
3.136618062853813171e-02
3.127801790833473206e-02
3.122025728225708008e-02
3.112963214516639709e-02
3.081559576094150543e-02
3.145091235637664795e-02
3.136004507541656494e-02
3.119620494544506073e-02
3.094722703099250793e-02
3.072071447968482971e-02
3.096222877502441406e-02
3.098818473517894745e-02
3.073862008750438690e-02
3.073438070714473724e-02
3.049767948687076569e-02
3.061399236321449280e-02
3.063453175127506256e-02
3.082331456243991852e-02
3.019532561302185059e-02
3.078731894493103027e-02
3.048319928348064423e-02
3.016811609268188477e-02
2.994306758046150208e-02
3.031637147068977356e-02
3.040384687483310699e-02
3.054710291326045990e-02
3.058793023228645325e-02
3.033658675849437714e-02
3.007006086409091949e-02
3.037427365779876709e-02
3.014119528234004974e-02
2.981850877404212952e-02
2.966095320880413055e-02
2.975342050194740295e-02
3.009471297264099121e-02
3.002741932868957520e-02
2.998290769755840302e-02
3.014070354402065277e-02
2.986012212932109833e-02
2.956376411020755768e-02
2.934339642524719238e-02
2.990576066076755524e-02
3.018663823604583740e-02
2.951029315590858459e-02
2.939486317336559296e-02
2.954875305294990540e-02
2.970348857343196869e-02
2.931798435747623444e-02
2.941330336034297943e-02
2.972367964684963226e-02
2.979362569749355316e-02
2.932905592024326324e-02
2.968525886535644531e-02
2.930765785276889801e-02
2.950202301144599915e-02
2.902893722057342529e-02
2.906175889074802399e-02
2.927680686116218567e-02
2.925234474241733551e-02
2.942038886249065399e-02
2.926221862435340881e-02
2.900836430490016937e-02
2.897655963897705078e-02
2.914972603321075439e-02
2.897097729146480560e-02
2.866453491151332855e-02
2.923139929771423340e-02
2.874554507434368134e-02
2.878040634095668793e-02
2.860085107386112213e-02
2.886772714555263519e-02
2.855374850332736969e-02
2.826802432537078857e-02
2.865075506269931793e-02
2.855591848492622375e-02
2.829528413712978363e-02
2.860490046441555023e-02
2.877481840550899506e-02
2.827148512005805969e-02
2.862810529768466949e-02
2.836807072162628174e-02
2.833781018853187561e-02
2.817194163799285889e-02
2.816445007920265198e-02
2.832124195992946625e-02
2.840881049633026123e-02
2.821667864918708801e-02
2.812068723142147064e-02
2.792699448764324188e-02
2.831698954105377197e-02
2.803259529173374176e-02
2.818495966494083405e-02
2.821509353816509247e-02
2.800075709819793701e-02
2.805505506694316864e-02
2.783159911632537842e-02
2.795101702213287354e-02
2.787175774574279785e-02
2.797811105847358704e-02
2.767461352050304413e-02
2.733764052391052246e-02
2.745016478002071381e-02
2.799049951136112213e-02
2.781087532639503479e-02
2.757031284272670746e-02
2.770584635436534882e-02
2.787912823259830475e-02
2.781046740710735321e-02
2.743028104305267334e-02
2.765792980790138245e-02
2.748623304069042206e-02
2.711031772196292877e-02
2.753010764718055725e-02
2.741063572466373444e-02
2.708801068365573883e-02
2.751307003200054169e-02
2.691859565675258636e-02
2.683985605835914612e-02
2.711619995534420013e-02
2.703873813152313232e-02
2.742231450974941254e-02
2.726720832288265228e-02
2.705633454024791718e-02
2.737794630229473114e-02
2.721253409981727600e-02
2.686299756169319153e-02
2.756048738956451416e-02
2.686838246881961823e-02
2.704612724483013153e-02
2.676003053784370422e-02
2.674664556980133057e-02
2.694180607795715332e-02
2.658153884112834930e-02
2.667734958231449127e-02
2.677873335778713226e-02
2.664760127663612366e-02
2.692767977714538574e-02
2.689868584275245667e-02
2.682921849191188812e-02
2.662551403045654297e-02
2.637216262519359589e-02
2.642764709889888763e-02
2.635819278657436371e-02
2.676935307681560516e-02
2.655571140348911285e-02
2.655401267111301422e-02
2.665828540921211243e-02
2.667894028127193451e-02
2.624533884227275848e-02
2.645528689026832581e-02
2.644424512982368469e-02
2.655767835676670074e-02
2.609871700406074524e-02
2.632697485387325287e-02
2.618561498820781708e-02
2.615287899971008301e-02
2.627361193299293518e-02
2.647003531455993652e-02
2.645736373960971832e-02
2.614967897534370422e-02
2.620111405849456787e-02
2.607977390289306641e-02
2.605706825852394104e-02
2.621598355472087860e-02
2.606272511184215546e-02
2.578294835984706879e-02
2.609823457896709442e-02
2.593885362148284912e-02
2.556611411273479462e-02
2.609214559197425842e-02
2.585013210773468018e-02
2.579228393733501434e-02
2.617415226995944977e-02
2.605723217129707336e-02
2.561258152127265930e-02
2.586926519870758057e-02
2.598405815660953522e-02
2.570520900189876556e-02
2.568591199815273285e-02
2.572410739958286285e-02
2.591937780380249023e-02
2.561396174132823944e-02
2.590383403003215790e-02
2.577966824173927307e-02
2.621516026556491852e-02
2.532455138862133026e-02
2.563918568193912506e-02
2.533656358718872070e-02
2.552129887044429779e-02
2.564584091305732727e-02
2.524949982762336731e-02
2.529402635991573334e-02
2.541454508900642395e-02
2.573743276298046112e-02
2.554206550121307373e-02
2.514532580971717834e-02
2.544228732585906982e-02
2.528176084160804749e-02
2.526187337934970856e-02
2.535252086818218231e-02
2.530613355338573456e-02
2.522000484168529510e-02
2.532795630395412445e-02
2.527263201773166656e-02
2.514117956161499023e-02
2.517213486135005951e-02
2.516545355319976807e-02
2.532399073243141174e-02
2.510336413979530334e-02
2.522077225148677826e-02
2.516181580722332001e-02
2.531147561967372894e-02
2.531310357153415680e-02
2.519959770143032074e-02
2.490340732038021088e-02
2.532225660979747772e-02
2.501080930233001709e-02
2.509164251387119293e-02
2.495023235678672791e-02
2.506741695106029510e-02
2.484075911343097687e-02
2.476384490728378296e-02
2.523667551577091217e-02
2.511432208120822906e-02
2.470309846103191376e-02
2.505049668252468109e-02
2.489471994340419769e-02
2.496320195496082306e-02
2.536745928227901459e-02
2.473546005785465240e-02
2.477949298918247223e-02
2.476635389029979706e-02
2.480566315352916718e-02
2.477942220866680145e-02
2.452535368502140045e-02
2.462631277740001678e-02
2.477796003222465515e-02
2.524231933057308197e-02
2.473152242600917816e-02
2.447804063558578491e-02
2.463106624782085419e-02
2.474578469991683960e-02
2.464530244469642639e-02
2.459515817463397980e-02
2.427186258137226105e-02
2.467454411089420319e-02
2.501935325562953949e-02
2.449250034987926483e-02
2.435191534459590912e-02
2.473965473473072052e-02
2.471901290118694305e-02
2.472966350615024567e-02
2.448539994657039642e-02
2.478362992405891418e-02
2.452741935849189758e-02
2.456672303378582001e-02
2.452537789940834045e-02
2.449460700154304504e-02
2.458992972970008850e-02
2.435539104044437408e-02
2.490010857582092285e-02
2.461274899542331696e-02
2.432191185653209686e-02
2.439182996749877930e-02
2.437278442084789276e-02
2.453140914440155029e-02
2.400869317352771759e-02
2.426630072295665741e-02
2.418050728738307953e-02
2.420170232653617859e-02
2.396405674517154694e-02
2.468286640942096710e-02
2.415971085429191589e-02
2.420442551374435425e-02
2.410156279802322388e-02
2.445944026112556458e-02
2.405208162963390350e-02
2.419833652675151825e-02
2.407764270901679993e-02
2.414801903069019318e-02
2.429010532796382904e-02
2.445075474679470062e-02
2.417359128594398499e-02
2.383283525705337524e-02
2.428532205522060394e-02
2.394061908125877380e-02
2.409861981868743896e-02
2.418846637010574341e-02
2.426882646977901459e-02
2.399519085884094238e-02
2.404565177857875824e-02
2.413977868854999542e-02
2.394899353384971619e-02
2.398139610886573792e-02
2.384355477988719940e-02
2.410400286316871643e-02
2.406859211623668671e-02
2.407406084239482880e-02
2.402718737721443176e-02
2.405982278287410736e-02
2.391298860311508179e-02
2.370237372815608978e-02
2.386224456131458282e-02
2.390192262828350067e-02
2.396108955144882202e-02
2.372342906892299652e-02
2.406232431530952454e-02
2.378897182643413544e-02
2.346672676503658295e-02
2.387632243335247040e-02
2.414249069988727570e-02
2.372062765061855316e-02
2.374200522899627686e-02
2.351800538599491119e-02
2.366372011601924896e-02
2.401608601212501526e-02
2.387995459139347076e-02
2.374929748475551605e-02
2.376961521804332733e-02
2.389997616410255432e-02
2.358114533126354218e-02
2.352303452789783478e-02
2.376367710530757904e-02
2.354262396693229675e-02
2.370120398700237274e-02
2.338767796754837036e-02
2.369603514671325684e-02
2.369626238942146301e-02
2.380898967385292053e-02
2.346605435013771057e-02
2.385111153125762939e-02
2.349956892430782318e-02
2.361574582755565643e-02
2.369525283575057983e-02
2.323790453374385834e-02
2.355907857418060303e-02
2.354476787149906158e-02
2.376338839530944824e-02
2.356195263564586639e-02
2.360190264880657196e-02
2.370626665651798248e-02
2.331104129552841187e-02
2.334506064653396606e-02
2.328978478908538818e-02
2.343399450182914734e-02
2.341728843748569489e-02
2.359981648623943329e-02
2.337055467069149017e-02
2.334215305745601654e-02
2.330688945949077606e-02
2.349238097667694092e-02
2.323476411402225494e-02
2.334448508918285370e-02
2.330501936376094818e-02
2.360174246132373810e-02
2.357947267591953278e-02
2.326678857207298279e-02
2.323760651051998138e-02
2.326261997222900391e-02
2.335270121693611145e-02
2.317193523049354553e-02
2.325034700334072113e-02
2.340026386082172394e-02
2.333988621830940247e-02
2.311150543391704559e-02
2.322469651699066162e-02
2.346250228583812714e-02
2.320999279618263245e-02
2.319291047751903534e-02
2.317829616367816925e-02
2.325300499796867371e-02
2.343614213168621063e-02
2.321837469935417175e-02
2.352158538997173309e-02
2.307196520268917084e-02
2.342451177537441254e-02
2.338795177638530731e-02
2.304781042039394379e-02
2.312524802982807159e-02
2.337691932916641235e-02
2.318719960749149323e-02
2.299425005912780762e-02
2.296479605138301849e-02
2.318168245255947113e-02
2.315022051334381104e-02
2.315597608685493469e-02
2.314209751784801483e-02
2.311307750642299652e-02
2.318873628973960876e-02
2.303635142743587494e-02
2.313873916864395142e-02
2.276743017137050629e-02
2.321406453847885132e-02
2.287832461297512054e-02
2.276029624044895172e-02
2.286640740931034088e-02
2.313178591430187225e-02
2.290058694779872894e-02
2.290767990052700043e-02
2.290989831089973450e-02
2.278689481317996979e-02
2.292585186660289764e-02
2.316442131996154785e-02
2.300704643130302429e-02
2.301426231861114502e-02
2.302974276244640350e-02
2.287647314369678497e-02
2.291307225823402405e-02
2.269661985337734222e-02
2.284846082329750061e-02
2.271766029298305511e-02
2.262639254331588745e-02
2.268725819885730743e-02
2.246267907321453094e-02
2.293973416090011597e-02
2.247557044029235840e-02
2.246177382767200470e-02
2.260315977036952972e-02
2.300946600735187531e-02
2.301291748881340027e-02
2.256240323185920715e-02
2.272341772913932800e-02
2.264952473342418671e-02
2.269965410232543945e-02
2.254909463226795197e-02
2.263019606471061707e-02
2.253786474466323853e-02
2.270976267755031586e-02
2.266928926110267639e-02
2.279692143201828003e-02
2.275571599602699280e-02
2.249976620078086853e-02
2.287125401198863983e-02
2.257593907415866852e-02
2.243903093039989471e-02
2.278653346002101898e-02
2.259705029428005219e-02
2.261985652148723602e-02
2.290925942361354828e-02
2.254241704940795898e-02
2.288253046572208405e-02
2.268843166530132294e-02
2.265013195574283600e-02
2.265210635960102081e-02
2.263488434255123138e-02
2.234574221074581146e-02
2.237945050001144409e-02
2.267719618976116180e-02
2.274238876998424530e-02
2.250774018466472626e-02
2.250874415040016174e-02
2.257880009710788727e-02
2.255082875490188599e-02
2.265380881726741791e-02
2.247989736497402191e-02
2.300357446074485779e-02
2.247919142246246338e-02
2.237569354474544525e-02
2.252829261124134064e-02
2.249378710985183716e-02
2.251162566244602203e-02
2.225513570010662079e-02
2.255626767873764038e-02
2.222170494496822357e-02
2.258074469864368439e-02
2.254821918904781342e-02
2.239938639104366302e-02
2.240908518433570862e-02
2.206102572381496429e-02
2.232360653579235077e-02
2.228428237140178680e-02
2.208457142114639282e-02
2.253797464072704315e-02
2.253470942378044128e-02
2.244469150900840759e-02
2.235739678144454956e-02
2.234502136707305908e-02
2.241757512092590332e-02
2.239590883255004883e-02
2.191771380603313446e-02
2.223826758563518524e-02
2.234481275081634521e-02
2.234761603176593781e-02
2.217971161007881165e-02
2.223169617354869843e-02
2.239791862666606903e-02
2.228916250169277191e-02
2.213941887021064758e-02
2.229540050029754639e-02
2.222509495913982391e-02
2.239827997982501984e-02
2.235438488423824310e-02
2.214327827095985413e-02
2.225054986774921417e-02
2.233554236590862274e-02
2.224929444491863251e-02
2.220745198428630829e-02
2.191086672246456146e-02
2.231434360146522522e-02
2.228314988315105438e-02
2.238568849861621857e-02
2.240348979830741882e-02
2.203064970672130585e-02
2.262504398822784424e-02
2.198840491473674774e-02
2.211258374154567719e-02
2.249352820217609406e-02
2.210679464042186737e-02
2.213822118937969208e-02
2.224979363381862640e-02
2.209223434329032898e-02
2.212870679795742035e-02
2.191424183547496796e-02
2.205940149724483490e-02
2.210477739572525024e-02
2.193678356707096100e-02
2.237454615533351898e-02
2.176592312753200531e-02
2.200305648148059845e-02
2.206691913306713104e-02
2.229210548102855682e-02
2.199049666523933411e-02
2.186818979680538177e-02
2.220960892736911774e-02
2.217091433703899384e-02
2.208034880459308624e-02
2.193358913064002991e-02
2.191928587853908539e-02
2.210515551269054413e-02
2.212383225560188293e-02
2.212619408965110779e-02
2.192265912890434265e-02
2.206081710755825043e-02
2.181058004498481750e-02
2.201724611222743988e-02
2.192527987062931061e-02
2.166124992072582245e-02
2.219188399612903595e-02
2.186267822980880737e-02
2.197102457284927368e-02
2.222407422959804535e-02
2.185927517712116241e-02
2.208733744919300079e-02
2.193862944841384888e-02
2.205682545900344849e-02
2.197221480309963226e-02
2.173966728150844574e-02
2.192674390971660614e-02
2.196643315255641937e-02
2.203012816607952118e-02
2.191611938178539276e-02
2.179687656462192535e-02
2.179000526666641235e-02
2.179605886340141296e-02
2.211938984692096710e-02
2.187446877360343933e-02
2.187806181609630585e-02
2.214740589261054993e-02
2.179789543151855469e-02
2.186479419469833374e-02
2.161557041108608246e-02
2.175522036850452423e-02
2.161618135869503021e-02
2.186766080558300018e-02
2.202006801962852478e-02
2.174565009772777557e-02
2.162064053118228912e-02
2.179414033889770508e-02
2.173494920134544373e-02
2.164520695805549622e-02
2.155025303363800049e-02
2.181595377624034882e-02
2.191109023988246918e-02
2.178049646317958832e-02
2.171969786286354065e-02
2.163507603108882904e-02
2.162412554025650024e-02
2.153565734624862671e-02
2.162194065749645233e-02
2.168340981006622314e-02
2.174929156899452209e-02
2.150270901620388031e-02
2.169655263423919678e-02
2.183757536113262177e-02
2.166091464459896088e-02
2.161222510039806366e-02
2.176442556083202362e-02
2.166674844920635223e-02
2.145943231880664825e-02
2.181846275925636292e-02
2.166138216853141785e-02
2.156823314726352692e-02
2.147042006254196167e-02
2.175449207425117493e-02
2.131694182753562927e-02
2.162318862974643707e-02
2.186422422528266907e-02
2.172545902431011200e-02
2.151738665997982025e-02
2.135364897549152374e-02
2.169629558920860291e-02
2.127530239522457123e-02
2.165764197707176208e-02
2.162667177617549896e-02
2.170837484300136566e-02
2.154024690389633179e-02
2.145016193389892578e-02
2.147878520190715790e-02
2.139997482299804688e-02
2.128496579825878143e-02
2.137724123895168304e-02
2.145684696733951569e-02
2.150869183242321014e-02
2.173387818038463593e-02
2.143113128840923309e-02
2.158273942768573761e-02
2.160916104912757874e-02
2.153477631509304047e-02
2.161725983023643494e-02
2.144565433263778687e-02
2.128145657479763031e-02
2.144875749945640564e-02
2.165635302662849426e-02
2.137325331568717957e-02
2.146165631711483002e-02
2.148347347974777222e-02
2.134079486131668091e-02
2.137217484414577484e-02
2.138835936784744263e-02
2.122861891984939575e-02
2.130153030157089233e-02
2.157247997820377350e-02
2.157911472022533417e-02
2.155663073062896729e-02
2.132122404873371124e-02
2.119565941393375397e-02
2.158812806010246277e-02
2.095369063317775726e-02
2.123165503144264221e-02
2.120324969291687012e-02
2.152827195823192596e-02
2.141572907567024231e-02
2.136326581239700317e-02
2.138566225767135620e-02
2.117718383669853210e-02
2.135759405791759491e-02
2.138657122850418091e-02
2.169443480670452118e-02
2.146236784756183624e-02
2.131915092468261719e-02
2.149320580065250397e-02
2.151574008166790009e-02
2.154631912708282471e-02
2.114269882440567017e-02
2.137976884841918945e-02
2.117692679166793823e-02
2.128218486905097961e-02
2.150981500744819641e-02
2.122258953750133514e-02
2.119982801377773285e-02
2.137483842670917511e-02
2.112203277647495270e-02
2.125652506947517395e-02
2.123928815126419067e-02
2.126818709075450897e-02
2.116420120000839233e-02
2.122796140611171722e-02
2.122661843895912170e-02
2.133045718073844910e-02
2.116733230650424957e-02
2.118461392819881439e-02
2.121311798691749573e-02
2.117228507995605469e-02
2.097127214074134827e-02
2.124448679387569427e-02
2.145850099623203278e-02
2.117727324366569519e-02
2.097733691334724426e-02
2.124430425465106964e-02
2.102876082062721252e-02
2.110689692199230194e-02
2.115037292242050171e-02
2.131896466016769409e-02
2.124417945742607117e-02
2.126652747392654419e-02
2.107585221529006958e-02
2.112069353461265564e-02
2.104388549923896790e-02
2.112907916307449341e-02
2.120400406420230865e-02
2.097159437835216522e-02
2.116449922323226929e-02
2.106664516031742096e-02
2.135927416384220123e-02
2.108732238411903381e-02
2.097621746361255646e-02
2.114718221127986908e-02
2.087578363716602325e-02
2.115858905017375946e-02
2.109587751328945160e-02
2.108065597712993622e-02
2.082767337560653687e-02
2.088858187198638916e-02
2.117576636373996735e-02
2.134494110941886902e-02
2.096439525485038757e-02
2.081552147865295410e-02
2.094590850174427032e-02
2.098009549081325531e-02
2.091529779136180878e-02
2.091142907738685608e-02
2.106655947864055634e-02
2.069014497101306915e-02
2.082940936088562012e-02
2.120953612029552460e-02
2.065548859536647797e-02
2.110781520605087280e-02
2.083023451268672943e-02
2.086705341935157776e-02
2.098890952765941620e-02
2.082640863955020905e-02
2.091979980468750000e-02
2.084457129240036011e-02
2.078857272863388062e-02
2.089176885783672333e-02
2.110209129750728607e-02
2.066711895167827606e-02
2.069780789315700531e-02
2.089009620249271393e-02
2.080673165619373322e-02
2.082921378314495087e-02
2.081902883946895599e-02
2.090961858630180359e-02
2.096425741910934448e-02
2.086492627859115601e-02
2.088821865618228912e-02
2.099247649312019348e-02
2.058268897235393524e-02
2.111844718456268311e-02
2.059816941618919373e-02
2.098007313907146454e-02
2.095247432589530945e-02
2.105013467371463776e-02
2.091560885310173035e-02
2.087667211890220642e-02
2.094603888690471649e-02
2.082626335322856903e-02
2.059451304376125336e-02
2.082149311900138855e-02
2.098129503428936005e-02
2.105045132339000702e-02
2.068284526467323303e-02
2.084502018988132477e-02
2.060410566627979279e-02
2.073493413627147675e-02
2.077568136155605316e-02
2.089877799153327942e-02
2.064606547355651855e-02
2.098331227898597717e-02
2.083562128245830536e-02
2.076603844761848450e-02
2.080995216965675354e-02
2.093565650284290314e-02
2.066709659993648529e-02
2.062435634434223175e-02
2.086652070283889771e-02
2.089781314134597778e-02
2.062274329364299774e-02
2.088769711554050446e-02
2.082361280918121338e-02
2.077048830687999725e-02
2.087548933923244476e-02
2.063885144889354706e-02
2.074108086526393890e-02
2.077358216047286987e-02
2.070158720016479492e-02
2.054386027157306671e-02
2.088799513876438141e-02
2.077891491353511810e-02
2.066564373672008514e-02
2.057757973670959473e-02
2.080082893371582031e-02
2.084653638303279877e-02
2.091281674802303314e-02
2.060370706021785736e-02
2.055777609348297119e-02
2.063624002039432526e-02
2.082735858857631683e-02
2.043752186000347137e-02
2.068957500159740448e-02
2.054253593087196350e-02
2.101647667586803436e-02
2.056834660470485687e-02
2.059844695031642914e-02
2.055671252310276031e-02
2.054636925458908081e-02
2.056362479925155640e-02
2.078110538423061371e-02
2.087051235139369965e-02
2.059275470674037933e-02
2.031782828271389008e-02
2.072659693658351898e-02
2.053931169211864471e-02
2.049535699188709259e-02
2.049961686134338379e-02
2.077719382941722870e-02
2.052354626357555389e-02
2.064919658005237579e-02
2.042693458497524261e-02
2.028359845280647278e-02
2.056960202753543854e-02
2.050798386335372925e-02
2.028821408748626709e-02
2.071453072130680084e-02
2.056772075593471527e-02
2.101220004260540009e-02
2.087275125086307526e-02
2.052885107696056366e-02
2.028921991586685181e-02
2.059179544448852539e-02
2.022778987884521484e-02
2.082129754126071930e-02
2.055132202804088593e-02
2.034186571836471558e-02
2.050293423235416412e-02
2.062353305518627167e-02
2.059740386903285980e-02
2.045239321887493134e-02
2.048267796635627747e-02
2.034059353172779083e-02
2.042724005877971649e-02
2.051582932472229004e-02
2.050386555492877960e-02
2.053520083427429199e-02
2.052046172320842743e-02
2.048124186694622040e-02
2.063653990626335144e-02
2.042062953114509583e-02
2.047704160213470459e-02
2.041625976562500000e-02
2.031699754297733307e-02
2.041884511709213257e-02
2.045261114835739136e-02
2.055629529058933258e-02
2.038744464516639709e-02
2.045452222228050232e-02
2.040219865739345551e-02
2.050218731164932251e-02
2.024574950337409973e-02
2.030732296407222748e-02
2.039950154721736908e-02
2.014059387147426605e-02
2.050378173589706421e-02
2.040128223598003387e-02
2.067845873534679413e-02
2.051994018256664276e-02
2.034448459744453430e-02
2.046492509543895721e-02
2.029205672442913055e-02
2.070362120866775513e-02
2.034104429185390472e-02
2.025376446545124054e-02
1.998382993042469025e-02
2.031440287828445435e-02
2.014149352908134460e-02
2.064274065196514130e-02
2.026159688830375671e-02
2.036494202911853790e-02
2.021076157689094543e-02
2.026840671896934509e-02
2.020023949444293976e-02
2.012229524552822113e-02
2.023856714367866516e-02
2.046519145369529724e-02
2.004058100283145905e-02
2.039950154721736908e-02
2.019381336867809296e-02
2.022039704024791718e-02
2.031218446791172028e-02
2.009688690304756165e-02
2.041427232325077057e-02
2.012764662504196167e-02
2.030923590064048767e-02
2.014231868088245392e-02
2.039938233792781830e-02
2.049273438751697540e-02
2.022010833024978638e-02
2.025743573904037476e-02
2.022355049848556519e-02
2.037186734378337860e-02
2.030265703797340393e-02
2.024180442094802856e-02
2.014428377151489258e-02
2.012899518013000488e-02
2.029364369809627533e-02
2.021739445626735687e-02
2.018096484243869781e-02
2.021308057010173798e-02
1.980402506887912750e-02
2.045261859893798828e-02
2.019198611378669739e-02
2.018378861248493195e-02
1.997892186045646667e-02
1.999211311340332031e-02
2.018413506448268890e-02
2.031423524022102356e-02
2.028351835906505585e-02
2.025661431252956390e-02
1.998005434870719910e-02
2.009234763681888580e-02
2.041283808648586273e-02
2.006618492305278778e-02
2.011533826589584351e-02
2.010590583086013794e-02
2.032586559653282166e-02
2.024059183895587921e-02
2.027013339102268219e-02
2.027025446295738220e-02
1.997161470353603363e-02
2.034997008740901947e-02
2.010527625679969788e-02
2.012213133275508881e-02
2.010279893875122070e-02
1.980550400912761688e-02
2.018668316304683685e-02
2.001347206532955170e-02
2.020925469696521759e-02
2.029152587056159973e-02
2.004075609147548676e-02
2.008621953427791595e-02
2.024803869426250458e-02
1.977318152785301208e-02
2.031379751861095428e-02
2.005926333367824554e-02
2.015555649995803833e-02
2.016071043908596039e-02
1.974525116384029388e-02
2.003686130046844482e-02
2.004299499094486237e-02
2.000719867646694183e-02
2.032489888370037079e-02
1.992722228169441223e-02
2.010464668273925781e-02
1.990540884435176849e-02
2.011742629110813141e-02
2.014795131981372833e-02
2.001005224883556366e-02
1.999582536518573761e-02
2.023201249539852142e-02
1.984952948987483978e-02
1.997186802327632904e-02
1.993632316589355469e-02
1.969477161765098572e-02
1.997115276753902435e-02
1.986782811582088470e-02
1.994572579860687256e-02
1.989427953958511353e-02
1.984892413020133972e-02
2.013147436082363129e-02
1.982022374868392944e-01
1.997005045413970947e-01
2.114714086055755615e-01
2.235491722822189331e-01
2.265839725732803345e-01
2.080799639225006104e-01
2.144135236740112305e-01
2.153075188398361206e-01
2.011501938104629517e-01
2.130284905433654785e-01
2.089417278766632080e-01
2.043063193559646606e-01
2.051226049661636353e-01
2.105932235717773438e-01
2.038858979940414429e-01
2.049032002687454224e-01
2.081048637628555298e-01
2.017794102430343628e-01
2.030313163995742798e-01
2.035734504461288452e-01
1.994487792253494263e-01
2.015588730573654175e-01
2.015003561973571777e-01
2.029057890176773071e-01
2.006288617849349976e-01
1.978715211153030396e-01
1.995824426412582397e-01
1.997831463813781738e-01
2.016417980194091797e-01
1.992040872573852539e-01
2.006617784500122070e-01
1.981475204229354858e-01
1.997263431549072266e-01
1.994895935058593750e-01
1.969596147537231445e-01
1.985254883766174316e-01
1.942204535007476807e-01
1.971817761659622192e-01
1.986856907606124878e-01
1.959608793258666992e-01
1.990083754062652588e-01
1.954047530889511108e-01
1.967698335647583008e-01
1.968311518430709839e-01
1.960065066814422607e-01
1.978439539670944214e-01
1.977027654647827148e-01
1.956539899110794067e-01
1.961116343736648560e-01
1.999652832746505737e-01
1.939215511083602905e-01
1.971398293972015381e-01
1.978057175874710083e-01
1.955720186233520508e-01
1.953842043876647949e-01
1.973834931850433350e-01
1.967820376157760620e-01
1.981073766946792603e-01
1.955530345439910889e-01
1.968981176614761353e-01
1.956213265657424927e-01
1.970100551843643188e-01
1.964026093482971191e-01
1.945945918560028076e-01
1.968275606632232666e-01
1.969527155160903931e-01
1.951921582221984863e-01
1.948528736829757690e-01
1.941003948450088501e-01
1.925393640995025635e-01
1.944584697484970093e-01
1.944355517625808716e-01
1.937315165996551514e-01
1.975924819707870483e-01
1.938495188951492310e-01
1.953555941581726074e-01
1.926259547472000122e-01
1.944798827171325684e-01
1.948871165513992310e-01
1.931125223636627197e-01
1.938465684652328491e-01
1.928427368402481079e-01
1.948834210634231567e-01
1.935105621814727783e-01
1.909934431314468384e-01
1.951867043972015381e-01
1.960451304912567139e-01
1.917909979820251465e-01
1.958457976579666138e-01
1.950259804725646973e-01
1.960605978965759277e-01
1.921579539775848389e-01
1.925291568040847778e-01
1.936421692371368408e-01
1.910479664802551270e-01
1.937123388051986694e-01
1.940129995346069336e-01
1.942791342735290527e-01
1.921105235815048218e-01
1.912031173706054688e-01
1.943202316761016846e-01
1.913684904575347900e-01
1.934784948825836182e-01
1.930106580257415771e-01
1.932394057512283325e-01
1.926361173391342163e-01
1.931721866130828857e-01
1.925082206726074219e-01
1.916707307100296021e-01
1.918331086635589600e-01
1.935846507549285889e-01
1.934581696987152100e-01
1.895097643136978149e-01
1.887267827987670898e-01
1.922394335269927979e-01
1.907707303762435913e-01
1.907924711704254150e-01
1.902797818183898926e-01
1.918902099132537842e-01
1.937035024166107178e-01
1.902874261140823364e-01
1.932285130023956299e-01
1.913352608680725098e-01
1.917532384395599365e-01
1.898524165153503418e-01
1.925856322050094604e-01
1.941461414098739624e-01
1.933559477329254150e-01
1.942016184329986572e-01
1.894233226776123047e-01
1.918561756610870361e-01
1.928286552429199219e-01
1.907857209444046021e-01
1.906126737594604492e-01
1.888669431209564209e-01
1.904146671295166016e-01
1.929982155561447144e-01
1.906919181346893311e-01
1.959294080734252930e-01
1.914294958114624023e-01
1.928722709417343140e-01
1.934414803981781006e-01
1.933080106973648071e-01
1.922087520360946655e-01
1.919635683298110962e-01
1.926059871912002563e-01
1.935304701328277588e-01
1.916807591915130615e-01
1.899421215057373047e-01
1.893766522407531738e-01
1.881933510303497314e-01
1.914257109165191650e-01
1.917211264371871948e-01
1.900652945041656494e-01
1.892795115709304810e-01
1.906226426362991333e-01
1.886724084615707397e-01
1.909040957689285278e-01
1.935026794672012329e-01
1.905486881732940674e-01
1.890888959169387817e-01
1.888436228036880493e-01
1.900541633367538452e-01
1.898894160985946655e-01
1.889223456382751465e-01
1.908500939607620239e-01
1.872399449348449707e-01
1.895929127931594849e-01
1.888879835605621338e-01
1.918436139822006226e-01
1.898932904005050659e-01
1.882410943508148193e-01
1.902234554290771484e-01
1.906370520591735840e-01
1.882155239582061768e-01
1.887984126806259155e-01
1.896145045757293701e-01
1.888709366321563721e-01
1.928314119577407837e-01
1.896940320730209351e-01
1.899853646755218506e-01
1.885513514280319214e-01
1.910580247640609741e-01
1.902795732021331787e-01
1.905492395162582397e-01
1.920661181211471558e-01
1.883852332830429077e-01
1.906273066997528076e-01
1.883495301008224487e-01
1.903604120016098022e-01
1.932647973299026489e-01
1.899697929620742798e-01
1.883175969123840332e-01
1.881467998027801514e-01
1.888184398412704468e-01
1.888905912637710571e-01
1.897353827953338623e-01
1.871710866689682007e-01
1.846970319747924805e-01
1.911205351352691650e-01
1.858160048723220825e-01
1.895126253366470337e-01
1.868576705455780029e-01
1.858578026294708252e-01
1.873791366815567017e-01
1.905885189771652222e-01
1.870160102844238281e-01
1.886552870273590088e-01
1.872695535421371460e-01
1.872445791959762573e-01
1.861652880907058716e-01
1.859210431575775146e-01
1.869278699159622192e-01
1.905011087656021118e-01
1.874122023582458496e-01
1.838930845260620117e-01
1.928527057170867920e-01
1.893412917852401733e-01
1.857761293649673462e-01
1.854801923036575317e-01
1.884384751319885254e-01
1.865370273590087891e-01
1.863180398941040039e-01
1.879607737064361572e-01
1.888134926557540894e-01
1.874645501375198364e-01
1.875819712877273560e-01
1.894180178642272949e-01
1.877260506153106689e-01
1.886418908834457397e-01
1.843879520893096924e-01
1.865506172180175781e-01
1.884211748838424683e-01
1.892960667610168457e-01
1.889291554689407349e-01
1.874655187129974365e-01
1.869461834430694580e-01
1.894019693136215210e-01
1.886415034532546997e-01
1.882085204124450684e-01
1.889813542366027832e-01
1.869194805622100830e-01
1.873883306980133057e-01
1.872626245021820068e-01
1.848895698785781860e-01
1.871491074562072754e-01
1.876582950353622437e-01
1.888047754764556885e-01
1.868012249469757080e-01
1.874237060546875000e-01
1.890718936920166016e-01
1.886640489101409912e-01
1.868632286787033081e-01
1.859680563211441040e-01
1.861708164215087891e-01
1.870323270559310913e-01
1.879519224166870117e-01
1.857521831989288330e-01
1.879423558712005615e-01
1.847448050975799561e-01
1.874365955591201782e-01
1.863541901111602783e-01
1.853936314582824707e-01
1.858578324317932129e-01
1.857610791921615601e-01
1.882727295160293579e-01
1.882658600807189941e-01
1.883464455604553223e-01
1.867079287767410278e-01
1.851068437099456787e-01
1.900451481342315674e-01
1.865751743316650391e-01
1.864581704139709473e-01
1.885323375463485718e-01
1.857705265283584595e-01
1.877617985010147095e-01
1.858091056346893311e-01
1.828454136848449707e-01
1.873953789472579956e-01
1.858213245868682861e-01
1.860553622245788574e-01
1.852046102285385132e-01
1.836959123611450195e-01
1.844673007726669312e-01
1.850263029336929321e-01
1.869455724954605103e-01
1.860387921333312988e-01
1.851083934307098389e-01
1.866495013236999512e-01
1.852869689464569092e-01
1.864029169082641602e-01
1.868269443511962891e-01
1.860250979661941528e-01
1.865225136280059814e-01
1.858919709920883179e-01
1.866563260555267334e-01
1.853007823228836060e-01
1.823696643114089966e-01
1.853376030921936035e-01
1.876520216464996338e-01
