8.791339397430419922e-01
8.709675073623657227e-01
8.626209497451782227e-01
8.532446622848510742e-01
8.427588343620300293e-01
8.324252367019653320e-01
8.195512890815734863e-01
8.059189319610595703e-01
7.878895401954650879e-01
7.707587480545043945e-01
7.490030527114868164e-01
7.237245440483093262e-01
7.015234827995300293e-01
6.730739474296569824e-01
6.455457210540771484e-01
6.098393201828002930e-01
5.838202834129333496e-01
5.538777112960815430e-01
5.276554822921752930e-01
5.002122521400451660e-01
4.923131465911865234e-01
4.730432629585266113e-01
4.886535108089447021e-01
4.511378407478332520e-01
4.610971212387084961e-01
4.609472155570983887e-01
4.834771752357482910e-01
4.508920013904571533e-01
4.457237720489501953e-01
4.372946023941040039e-01
4.354909062385559082e-01
4.270406663417816162e-01
4.244346022605895996e-01
4.179757833480834961e-01
4.173442125320434570e-01
4.279405772686004639e-01
4.125576019287109375e-01
4.200004041194915771e-01
4.128273129463195801e-01
4.129920303821563721e-01
4.115411639213562012e-01
4.002229571342468262e-01
4.028226435184478760e-01
3.973930180072784424e-01
3.929213285446166992e-01
3.932942748069763184e-01
3.889686167240142822e-01
3.830734193325042725e-01
3.788388073444366455e-01
3.790532350540161133e-01
3.773178458213806152e-01
3.837991952896118164e-01
3.742870986461639404e-01
3.727635443210601807e-01
3.719218373298645020e-01
3.675530850887298584e-01
3.615693449974060059e-01
3.612529039382934570e-01
3.601214289665222168e-01
3.636381626129150391e-01
3.544838428497314453e-01
3.594601750373840332e-01
3.543408513069152832e-01
3.519397079944610596e-01
3.491998910903930664e-01
3.451298177242279053e-01
3.433149456977844238e-01
3.436210155487060547e-01
3.468805551528930664e-01
3.385685086250305176e-01
3.350821435451507568e-01
3.356525897979736328e-01
3.377654850482940674e-01
3.314788639545440674e-01
3.327905237674713135e-01
3.286095261573791504e-01
3.296323120594024658e-01
3.270600438117980957e-01
3.270021677017211914e-01
3.322415351867675781e-01
3.211332261562347412e-01
3.187415301799774170e-01
3.210040330886840820e-01
3.187191188335418701e-01
3.187605440616607666e-01
3.199168741703033447e-01
3.172933459281921387e-01
3.107763230800628662e-01
3.177120089530944824e-01
3.079614937305450439e-01
3.147650361061096191e-01
3.104742467403411865e-01
3.054172694683074951e-01
3.100400269031524658e-01
3.076651096343994141e-01
3.023516833782196045e-01
3.044523298740386963e-01
3.078063428401947021e-01
2.997190356254577637e-01
2.999431192874908447e-01
2.992700338363647461e-01
2.991306483745574951e-01
2.966288924217224121e-01
2.958042323589324951e-01
2.963338792324066162e-01
2.954396903514862061e-01
2.992188632488250732e-01
2.960912287235260010e-01
2.901390790939331055e-01
2.941721975803375244e-01
2.901294529438018799e-01
2.908882498741149902e-01
2.881015539169311523e-01
2.890503406524658203e-01
2.891638875007629395e-01
2.893013358116149902e-01
2.883394062519073486e-01
2.872624099254608154e-01
2.816828489303588867e-01
2.832350134849548340e-01
2.836005091667175293e-01
2.823247313499450684e-01
2.833282053470611572e-01
2.774990797042846680e-01
2.794180512428283691e-01
2.834539413452148438e-01
2.800730168819427490e-01
2.756042480468750000e-01
2.778961360454559326e-01
2.792405784130096436e-01
2.746868133544921875e-01
2.743153572082519531e-01
2.722465693950653076e-01
2.762290239334106445e-01
2.722625434398651123e-01
2.731694579124450684e-01
2.709783911705017090e-01
2.733049392700195312e-01
2.716665565967559814e-01
2.720194458961486816e-01
2.677092850208282471e-01
2.678121626377105713e-01
2.688306272029876709e-01
2.670772373676300049e-01
2.683020830154418945e-01
2.678824961185455322e-01
2.610571980476379395e-01
2.665897607803344727e-01
2.646829485893249512e-01
2.613605260848999023e-01
2.642150819301605225e-01
2.605096697807312012e-01
2.592257857322692871e-01
2.600140869617462158e-01
2.596320807933807373e-01
2.571112811565399170e-01
2.574891448020935059e-01
2.609840035438537598e-01
2.584807574748992920e-01
2.524438798427581787e-01
2.568376958370208740e-01
2.556216418743133545e-01
2.543328404426574707e-01
2.520999908447265625e-01
2.536800801753997803e-01
2.527944147586822510e-01
2.508534193038940430e-01
2.524806857109069824e-01
2.496368288993835449e-01
2.515945136547088623e-01
2.515179514884948730e-01
2.528440654277801514e-01
2.515614032745361328e-01
2.491910159587860107e-01
2.476975917816162109e-01
2.472054362297058105e-01
2.480622828006744385e-01
2.474377900362014771e-01
2.468820512294769287e-01
2.461377829313278198e-01
2.470738291740417480e-01
2.460772842168807983e-01
2.433662712574005127e-01
2.436545789241790771e-01
2.443454265594482422e-01
2.425110638141632080e-01
2.432582825422286987e-01
2.392596602439880371e-01
2.405665963888168335e-01
2.409262806177139282e-01
2.400536835193634033e-01
2.391577363014221191e-01
2.384399175643920898e-01
2.396891713142395020e-01
2.370423674583435059e-01
2.370477169752120972e-01
2.367390245199203491e-01
2.350724935531616211e-01
2.348932325839996338e-01
2.349187731742858887e-01
2.361939549446105957e-01
2.345761209726333618e-01
2.356897592544555664e-01
2.331595122814178467e-01
2.348410785198211670e-01
2.339898794889450073e-01
2.328898310661315918e-01
2.339811027050018311e-01
2.327562272548675537e-01
2.333716154098510742e-01
2.337901592254638672e-01
2.331970036029815674e-01
2.286582142114639282e-01
2.292309850454330444e-01
2.297956943511962891e-01
2.289192676544189453e-01
2.253458499908447266e-01
2.291515916585922241e-01
2.258902490139007568e-01
2.283775508403778076e-01
2.260419428348541260e-01
2.270927429199218750e-01
2.269658148288726807e-01
2.298753261566162109e-01
2.254688441753387451e-01
2.259851396083831787e-01
2.241986840963363647e-01
2.288925349712371826e-01
2.240741550922393799e-01
2.219364643096923828e-01
2.207760959863662720e-01
2.239762097597122192e-01
2.248604446649551392e-01
2.232241630554199219e-01
2.212226688861846924e-01
2.234021574258804321e-01
2.210995554924011230e-01
2.228295952081680298e-01
2.228735089302062988e-01
2.213745713233947754e-01
2.197858691215515137e-01
2.208803892135620117e-01
2.204604744911193848e-01
2.174018323421478271e-01
2.202603518962860107e-01
2.202535569667816162e-01
2.200101763010025024e-01
2.185411453247070312e-01
2.184427529573440552e-01
2.174695432186126709e-01
2.180300652980804443e-01
2.160171717405319214e-01
2.167841494083404541e-01
2.167648822069168091e-01
2.160686701536178589e-01
2.180629968643188477e-01
2.144191414117813110e-01
2.173314094543457031e-01
2.166932076215744019e-01
2.135721594095230103e-01
2.148312628269195557e-01
2.149959206581115723e-01
2.147535979747772217e-01
2.146005481481552124e-01
2.131717950105667114e-01
2.127493470907211304e-01
2.131487131118774414e-01
2.107362002134323120e-01
2.123878151178359985e-01
2.136850208044052124e-01
2.128931879997253418e-01
2.111452370882034302e-01
2.095623761415481567e-01
2.113181650638580322e-01
2.113228738307952881e-01
2.117163687944412231e-01
2.106261998414993286e-01
2.114421278238296509e-01
2.083875834941864014e-01
2.093417197465896606e-01
2.081880271434783936e-01
2.106823325157165527e-01
2.086620926856994629e-01
2.090905308723449707e-01
2.057353705167770386e-01
2.089982777833938599e-01
2.053223252296447754e-01
2.076676338911056519e-01
2.081143558025360107e-01
2.052121013402938843e-01
2.072210758924484253e-01
2.063449025154113770e-01
2.035896331071853638e-01
2.037829160690307617e-01
2.044708430767059326e-01
2.059459835290908813e-01
2.058066129684448242e-01
2.022935152053833008e-01
2.044378072023391724e-01
2.047504335641860962e-01
2.027827054262161255e-01
2.005245089530944824e-01
2.045919448137283325e-01
2.033461332321166992e-01
2.027011662721633911e-01
2.002554088830947876e-01
1.986187249422073364e-01
2.016817629337310791e-01
2.020015865564346313e-01
2.005392760038375854e-01
2.014945596456527710e-01
2.012414485216140747e-01
2.011282145977020264e-01
1.990324854850769043e-01
2.000071704387664795e-01
1.993030309677124023e-01
2.012302875518798828e-01
2.007882893085479736e-01
1.978168189525604248e-01
1.991185694932937622e-01
1.972939074039459229e-01
1.977646648883819580e-01
1.971575468778610229e-01
1.961703449487686157e-01
1.991820931434631348e-01
1.972896307706832886e-01
1.939009726047515869e-01
1.950031071901321411e-01
1.969944834709167480e-01
1.956730484962463379e-01
1.948297619819641113e-01
1.959736347198486328e-01
1.954487413167953491e-01
1.957452148199081421e-01
1.944058239459991455e-01
1.946972608566284180e-01
1.924570798873901367e-01
1.940070092678070068e-01
1.931082010269165039e-01
1.931551396846771240e-01
1.942469030618667603e-01
1.929542720317840576e-01
1.927032321691513062e-01
1.936756670475006104e-01
1.907581239938735962e-01
1.925850212574005127e-01
1.902703195810317993e-01
1.913954764604568481e-01
1.925174444913864136e-01
1.905654966831207275e-01
1.913097053766250610e-01
1.910495012998580933e-01
1.904547512531280518e-01
1.892268806695938110e-01
1.883995831012725830e-01
1.883401125669479370e-01
1.902513206005096436e-01
1.883689165115356445e-01
1.887524574995040894e-01
1.891832649707794189e-01
1.878953129053115845e-01
1.884286403656005859e-01
1.882352530956268311e-01
1.871683001518249512e-01
1.884425133466720581e-01
1.850872337818145752e-01
1.864331215620040894e-01
1.868806928396224976e-01
1.854541450738906860e-01
1.877016872167587280e-01
1.849775761365890503e-01
1.849662065505981445e-01
1.860882788896560669e-01
1.876446902751922607e-01
1.861259937286376953e-01
1.847254186868667603e-01
1.848103404045104980e-01
1.866497993469238281e-01
1.832050234079360962e-01
1.839975118637084961e-01
1.807555854320526123e-01
1.826565414667129517e-01
1.865082085132598877e-01
1.828257590532302856e-01
1.831019371747970581e-01
1.832216382026672363e-01
1.843798011541366577e-01
1.820853352546691895e-01
1.835133284330368042e-01
1.812287569046020508e-01
1.842371523380279541e-01
1.809308975934982300e-01
1.836209446191787720e-01
1.834885925054550171e-01
1.816366016864776611e-01
1.837017238140106201e-01
1.800634115934371948e-01
1.843997538089752197e-01
1.815410405397415161e-01
1.833271235227584839e-01
1.818171441555023193e-01
1.801238209009170532e-01
1.824037879705429077e-01
1.795070022344589233e-01
1.805608868598937988e-01
1.800125092267990112e-01
1.795091331005096436e-01
1.785505414009094238e-01
1.799879521131515503e-01
1.764519065618515015e-01
1.764860600233078003e-01
1.791474372148513794e-01
1.786634176969528198e-01
1.776854544878005981e-01
1.799653768539428711e-01
1.759074926376342773e-01
1.763885021209716797e-01
1.784457862377166748e-01
1.770137995481491089e-01
1.768895983695983887e-01
1.769198179244995117e-01
1.764138638973236084e-01
1.779047399759292603e-01
1.772581338882446289e-01
1.741195172071456909e-01
1.779373437166213989e-01
1.756070852279663086e-01
1.780921816825866699e-01
1.759436130523681641e-01
1.765175014734268188e-01
1.759278476238250732e-01
1.785161644220352173e-01
1.763234287500381470e-01
1.770055145025253296e-01
1.760089546442031860e-01
1.762980222702026367e-01
1.774262934923171997e-01
1.752753108739852905e-01
1.751633584499359131e-01
1.734411567449569702e-01
1.795654892921447754e-01
1.744191348552703857e-01
1.739996075630187988e-01
1.734768748283386230e-01
1.734093427658081055e-01
1.728343665599822998e-01
1.726793944835662842e-01
1.731245815753936768e-01
1.723934710025787354e-01
1.737725436687469482e-01
1.725081205368041992e-01
1.744394451379776001e-01
1.725573539733886719e-01
1.731780320405960083e-01
1.722042858600616455e-01
1.716848909854888916e-01
1.733821034431457520e-01
1.715836524963378906e-01
1.724472194910049438e-01
1.726145893335342407e-01
1.731182336807250977e-01
1.709634065628051758e-01
1.724724173545837402e-01
1.714893579483032227e-01
1.718781441450119019e-01
1.720640808343887329e-01
1.719545274972915649e-01
1.709973365068435669e-01
1.716693043708801270e-01
1.721541434526443481e-01
1.716845631599426270e-01
1.719026416540145874e-01
1.695483177900314331e-01
1.729780435562133789e-01
1.727620214223861694e-01
1.710982471704483032e-01
1.714438796043395996e-01
1.694864332675933838e-01
1.704070866107940674e-01
1.701715737581253052e-01
1.726791262626647949e-01
1.709672659635543823e-01
1.700612008571624756e-01
1.705157756805419922e-01
1.704709678888320923e-01
1.700261682271957397e-01
1.695840358734130859e-01
1.689822524785995483e-01
1.677247285842895508e-01
1.701485812664031982e-01
1.697773188352584839e-01
1.687275171279907227e-01
1.696557104587554932e-01
1.698292195796966553e-01
1.686991304159164429e-01
1.687941253185272217e-01
1.695895344018936157e-01
1.678593158721923828e-01
1.690557152032852173e-01
1.677761226892471313e-01
1.675445288419723511e-01
1.667767465114593506e-01
1.685784012079238892e-01
1.701326072216033936e-01
1.671662777662277222e-01
1.680153608322143555e-01
1.669080257415771484e-01
1.657858490943908691e-01
1.684612929821014404e-01
1.673999130725860596e-01
1.670717298984527588e-01
1.668216288089752197e-01
1.690176576375961304e-01
1.669805049896240234e-01
1.687339246273040771e-01
1.671944856643676758e-01
1.677744835615158081e-01
1.674216836690902710e-01
1.684825569391250610e-01
1.666908711194992065e-01
1.674969792366027832e-01
1.655302196741104126e-01
1.646953374147415161e-01
1.674031019210815430e-01
1.680824160575866699e-01
1.648752242326736450e-01
1.674873977899551392e-01
1.662366688251495361e-01
1.684044748544692993e-01
1.657132357358932495e-01
1.648777723312377930e-01
1.652329862117767334e-01
1.655876338481903076e-01
1.656059175729751587e-01
1.643573790788650513e-01
1.657226532697677612e-01
1.648899465799331665e-01
1.634313613176345825e-01
1.652343869209289551e-01
1.643837392330169678e-01
1.668341755867004395e-01
1.652794778347015381e-01
1.649858206510543823e-01
1.672896593809127808e-01
1.649976670742034912e-01
1.662458181381225586e-01
1.652300059795379639e-01
1.644902229309082031e-01
1.655181795358657837e-01
1.645817011594772339e-01
1.626867800951004028e-01
1.627236008644104004e-01
1.652125716209411621e-01
1.638868749141693115e-01
1.646958142518997192e-01
1.641746312379837036e-01
1.654614061117172241e-01
1.634918302297592163e-01
1.612675487995147705e-01
1.624855101108551025e-01
1.637520194053649902e-01
1.611814796924591064e-01
1.647589355707168579e-01
1.629313975572586060e-01
1.618191897869110107e-01
1.624441146850585938e-01
1.644811183214187622e-01
1.626291275024414062e-01
1.643765568733215332e-01
1.617835164070129395e-01
1.641661077737808228e-01
1.639454066753387451e-01
1.648577153682708740e-01
1.637970060110092163e-01
1.630079448223114014e-01
1.616754233837127686e-01
1.626671999692916870e-01
1.630271673202514648e-01
1.612725704908370972e-01
1.611384898424148560e-01
1.609693914651870728e-01
1.625482738018035889e-01
1.629801541566848755e-01
1.615407317876815796e-01
1.613442301750183105e-01
1.618543416261672974e-01
1.639697104692459106e-01
1.601463854312896729e-01
1.615791618824005127e-01
1.619327664375305176e-01
1.614703238010406494e-01
1.622099280357360840e-01
1.596127748489379883e-01
1.624574363231658936e-01
1.621183902025222778e-01
1.617462188005447388e-01
1.608294546604156494e-01
1.623692065477371216e-01
1.626162081956863403e-01
1.637600809335708618e-01
1.604630351066589355e-01
1.613254100084304810e-01
1.613680571317672729e-01
1.610383838415145874e-01
1.612511575222015381e-01
1.606886684894561768e-01
1.613161265850067139e-01
1.613514125347137451e-01
1.611885726451873779e-01
1.602175235748291016e-01
1.602923572063446045e-01
1.604455858469009399e-01
1.600720882415771484e-01
1.593604981899261475e-01
1.591289639472961426e-01
1.600525081157684326e-01
1.604622453451156616e-01
1.601170450448989868e-01
1.593014001846313477e-01
1.598829627037048340e-01
1.602183431386947632e-01
1.590849906206130981e-01
1.606791168451309204e-01
1.581465899944305420e-01
1.587516218423843384e-01
1.592501103878021240e-01
1.590093076229095459e-01
1.591066271066665649e-01
1.598124653100967407e-01
1.578443348407745361e-01
1.594289690256118774e-01
1.606018543243408203e-01
1.597620695829391479e-01
1.594827771186828613e-01
1.597362160682678223e-01
1.596135497093200684e-01
1.595336198806762695e-01
1.591886729001998901e-01
1.588817834854125977e-01
1.586181968450546265e-01
1.594341844320297241e-01
1.583944559097290039e-01
1.588973253965377808e-01
1.600832343101501465e-01
1.589294523000717163e-01
1.583663970232009888e-01
1.586364805698394775e-01
1.582499295473098755e-01
1.579699963331222534e-01
1.575862765312194824e-01
1.597065776586532593e-01
1.592523455619812012e-01
1.596346646547317505e-01
1.581416875123977661e-01
1.584338992834091187e-01
1.576837152242660522e-01
1.588474810123443604e-01
1.565880477428436279e-01
1.574658304452896118e-01
1.590508818626403809e-01
1.597128659486770630e-01
1.592863798141479492e-01
1.580166369676589966e-01
1.567388176918029785e-01
1.577956378459930420e-01
1.577620655298233032e-01
1.591319441795349121e-01
1.578446775674819946e-01
1.567471921443939209e-01
1.572537869215011597e-01
1.585047543048858643e-01
1.571249961853027344e-01
1.575845927000045776e-01
1.582927852869033813e-01
1.569128632545471191e-01
1.583258360624313354e-01
1.572700142860412598e-01
1.563683450222015381e-01
1.568878442049026489e-01
1.587233394384384155e-01
1.574168503284454346e-01
1.551369279623031616e-01
1.564866304397583008e-01
1.562442183494567871e-01
1.562918722629547119e-01
1.560316234827041626e-01
1.562945395708084106e-01
1.574223339557647705e-01
1.571642160415649414e-01
1.574146151542663574e-01
1.561708301305770874e-01
1.565278023481369019e-01
1.579401344060897827e-01
1.557704657316207886e-01
1.571186780929565430e-01
1.571782678365707397e-01
1.559305638074874878e-01
1.552006304264068604e-01
1.569175720214843750e-01
1.567493379116058350e-01
1.556809544563293457e-01
1.565208882093429565e-01
1.559759825468063354e-01
1.563393920660018921e-01
1.544962078332901001e-01
1.550148427486419678e-01
1.581505239009857178e-01
1.555204093456268311e-01
1.557661443948745728e-01
1.559095829725265503e-01
1.563913077116012573e-01
1.575089395046234131e-01
1.563789993524551392e-01
1.555386632680892944e-01
1.557822674512863159e-01
1.552152931690216064e-01
1.548451781272888184e-01
1.537003964185714722e-01
1.564908325672149658e-01
1.565111577510833740e-01
1.557138711214065552e-01
1.563266962766647339e-01
1.546915173530578613e-01
1.537397801876068115e-01
1.540739983320236206e-01
1.546659767627716064e-01
1.560745537281036377e-01
1.551282256841659546e-01
1.552381217479705811e-01
1.545587629079818726e-01
1.544476449489593506e-01
1.533588618040084839e-01
1.551872342824935913e-01
1.539601683616638184e-01
1.550150364637374878e-01
1.563782691955566406e-01
1.547901034355163574e-01
1.544752418994903564e-01
1.545749604701995850e-01
1.543310433626174927e-01
1.537426859140396118e-01
1.547950357198715210e-01
1.539279222488403320e-01
1.544349789619445801e-01
1.541816890239715576e-01
1.551681756973266602e-01
1.531139612197875977e-01
1.551831513643264771e-01
1.543205678462982178e-01
1.533605158329010010e-01
1.530752331018447876e-01
1.537918299436569214e-01
1.533186137676239014e-01
1.528289467096328735e-01
1.532237082719802856e-01
1.539094150066375732e-01
1.546445786952972412e-01
1.532991975545883179e-01
1.536961495876312256e-01
1.521724462509155273e-01
1.533004939556121826e-01
1.533621996641159058e-01
1.541565060615539551e-01
1.528161317110061646e-01
1.528834998607635498e-01
1.539286077022552490e-01
1.533792763948440552e-01
1.527179032564163208e-01
1.521158218383789062e-01
1.538478285074234009e-01
1.537109464406967163e-01
1.522305458784103394e-01
1.531663388013839722e-01
1.539292633533477783e-01
1.535813361406326294e-01
1.530324220657348633e-01
1.537705212831497192e-01
1.535502076148986816e-01
1.535476744174957275e-01
1.531714946031570435e-01
1.534496098756790161e-01
1.533828079700469971e-01
1.524243056774139404e-01
1.517469733953475952e-01
1.525754332542419434e-01
1.511448621749877930e-01
1.527370512485504150e-01
1.536860466003417969e-01
1.522660404443740845e-01
1.525859981775283813e-01
1.515492200851440430e-01
1.519378572702407837e-01
1.531179100275039673e-01
1.522936522960662842e-01
1.520418971776962280e-01
1.522264182567596436e-01
1.532570719718933105e-01
1.525248587131500244e-01
1.521457135677337646e-01
1.531758159399032593e-01
1.521814018487930298e-01
1.511348634958267212e-01
1.525808125734329224e-01
1.529237478971481323e-01
1.525061726570129395e-01
1.528205275535583496e-01
1.530101448297500610e-01
1.527983397245407104e-01
1.513437032699584961e-01
1.512620896100997925e-01
1.511603593826293945e-01
1.528650671243667603e-01
1.525681167840957642e-01
1.508632600307464600e-01
1.523732990026473999e-01
1.520700454711914062e-01
1.522004902362823486e-01
1.509721726179122925e-01
1.502762138843536377e-01
1.513981521129608154e-01
1.503791660070419312e-01
1.512260138988494873e-01
1.512070149183273315e-01
1.502050161361694336e-01
1.518460512161254883e-01
1.500133574008941650e-01
1.523794829845428467e-01
1.508220285177230835e-01
1.513968855142593384e-01
1.524610519409179688e-01
1.518896073102951050e-01
1.506857126951217651e-01
1.507930755615234375e-01
1.517388969659805298e-01
1.515958160161972046e-01
1.504330933094024658e-01
1.511346846818923950e-01
1.514677703380584717e-01
1.518317610025405884e-01
1.509409993886947632e-01
1.508955061435699463e-01
1.490262001752853394e-01
1.509731709957122803e-01
1.515059471130371094e-01
1.514665931463241577e-01
1.523769497871398926e-01
1.534317880868911743e-01
1.515953838825225830e-01
1.522781103849411011e-01
1.501781791448593140e-01
1.509973555803298950e-01
1.514081060886383057e-01
1.509386152029037476e-01
1.503615677356719971e-01
1.507609933614730835e-01
1.510794609785079956e-01
1.501997560262680054e-01
1.508858501911163330e-01
1.481568962335586548e-01
1.486930251121520996e-01
1.497287005186080933e-01
1.494319438934326172e-01
1.510414183139801025e-01
1.493063271045684814e-01
1.496297717094421387e-01
1.509784311056137085e-01
1.493809670209884644e-01
1.493790894746780396e-01
1.506198197603225708e-01
1.502000540494918823e-01
1.506142020225524902e-01
1.503950059413909912e-01
1.492479294538497925e-01
1.504943668842315674e-01
1.497141271829605103e-01
1.487287729978561401e-01
1.503725051879882812e-01
1.498182713985443115e-01
1.495084762573242188e-01
1.489495038986206055e-01
1.484525352716445923e-01
1.499530375003814697e-01
1.495853513479232788e-01
1.499507129192352295e-01
1.496460288763046265e-01
1.492629647254943848e-01
1.484516263008117676e-01
1.476167589426040649e-01
1.491983383893966675e-01
1.497749090194702148e-01
1.496541202068328857e-01
1.489390283823013306e-01
1.486547738313674927e-01
1.496674865484237671e-01
1.470594853162765503e-01
1.489294171333312988e-01
1.495519429445266724e-01
1.499703079462051392e-01
1.481355875730514526e-01
1.490389406681060791e-01
2.303340286016464233e-01
2.289164662361145020e-01
2.285991609096527100e-01
2.248474657535552979e-01
2.258715331554412842e-01
2.274102568626403809e-01
2.258506864309310913e-01
2.233747541904449463e-01
2.224114239215850830e-01
2.274089008569717407e-01
2.239491641521453857e-01
2.223796397447586060e-01
2.246804982423782349e-01
2.254763245582580566e-01
2.233868092298507690e-01
2.256343811750411987e-01
2.225265502929687500e-01
2.249598652124404907e-01
2.218443602323532104e-01
2.247472405433654785e-01
2.234384566545486450e-01
2.250851243734359741e-01
2.245955318212509155e-01
2.219854742288589478e-01
2.238339781761169434e-01
2.264605313539505005e-01
2.213240563869476318e-01
2.246867418289184570e-01
2.206124216318130493e-01
2.239723205566406250e-01
2.219724655151367188e-01
2.235764712095260620e-01
2.234760671854019165e-01
2.208595871925354004e-01
2.229979932308197021e-01
2.204868197441101074e-01
2.216840684413909912e-01
2.215386629104614258e-01
2.228735685348510742e-01
2.196262031793594360e-01
2.223610728979110718e-01
2.216476649045944214e-01
2.231100797653198242e-01
2.210828512907028198e-01
2.206173688173294067e-01
2.203418910503387451e-01
2.240469604730606079e-01
2.217419147491455078e-01
2.180330753326416016e-01
2.203539758920669556e-01
2.216229736804962158e-01
2.195760458707809448e-01
2.190589606761932373e-01
2.193322032690048218e-01
2.209353595972061157e-01
2.211077511310577393e-01
2.206480652093887329e-01
2.185460180044174194e-01
2.211827933788299561e-01
2.186779677867889404e-01
2.190951555967330933e-01
2.202945798635482788e-01
2.193600237369537354e-01
2.202176749706268311e-01
2.178863286972045898e-01
2.208167910575866699e-01
2.200713306665420532e-01
2.194528281688690186e-01
2.190304845571517944e-01
2.190189212560653687e-01
2.202151268720626831e-01
2.205395400524139404e-01
2.177636772394180298e-01
2.209046632051467896e-01
2.159288525581359863e-01
2.175514996051788330e-01
2.215384840965270996e-01
2.190354168415069580e-01
2.173939347267150879e-01
2.169328480958938599e-01
2.173653841018676758e-01
2.171470373868942261e-01
2.184139937162399292e-01
2.182407528162002563e-01
2.196693122386932373e-01
2.155084460973739624e-01
2.184589654207229614e-01
2.194021046161651611e-01
2.179398536682128906e-01
2.178116440773010254e-01
2.179321646690368652e-01
2.195071429014205933e-01
2.169391363859176636e-01
2.169936299324035645e-01
2.190044075250625610e-01
2.165430635213851929e-01
2.166300863027572632e-01
2.206192612648010254e-01
2.175492644309997559e-01
2.177558690309524536e-01
2.192426323890686035e-01
2.173060923814773560e-01
2.147281914949417114e-01
2.154903858900070190e-01
2.144211977720260620e-01
2.171792387962341309e-01
2.144278138875961304e-01
2.173878550529479980e-01
2.185039371252059937e-01
2.183869183063507080e-01
2.153491526842117310e-01
2.181047499179840088e-01
2.154271900653839111e-01
2.182305604219436646e-01
2.173829227685928345e-01
2.188059687614440918e-01
2.161692529916763306e-01
2.162035256624221802e-01
2.168504297733306885e-01
2.186807394027709961e-01
2.166151553392410278e-01
2.182729244232177734e-01
2.157611995935440063e-01
2.151054143905639648e-01
2.186904549598693848e-01
2.169235944747924805e-01
2.152977883815765381e-01
2.155876755714416504e-01
2.167680710554122925e-01
2.158735990524291992e-01
2.150239795446395874e-01
2.147514373064041138e-01
2.141838222742080688e-01
2.159254848957061768e-01
2.177246958017349243e-01
2.131403833627700806e-01
2.151564061641693115e-01
2.132139801979064941e-01
2.140538543462753296e-01
2.150558233261108398e-01
2.154139727354049683e-01
2.136715650558471680e-01
2.159343808889389038e-01
2.142634540796279907e-01
2.151646614074707031e-01
2.119991034269332886e-01
2.136280238628387451e-01
2.158894538879394531e-01
2.161636054515838623e-01
2.138706743717193604e-01
2.148317396640777588e-01
2.159396559000015259e-01
2.147614210844039917e-01
2.155877947807312012e-01
2.154217958450317383e-01
2.125079929828643799e-01
2.144123315811157227e-01
2.176372408866882324e-01
2.146431058645248413e-01
2.131708413362503052e-01
2.131574153900146484e-01
2.125120162963867188e-01
2.152915447950363159e-01
2.155728340148925781e-01
2.149715721607208252e-01
2.130786925554275513e-01
2.148111611604690552e-01
2.121636569499969482e-01
2.144470661878585815e-01
2.120748758316040039e-01
2.165457010269165039e-01
2.133166939020156860e-01
2.127268761396408081e-01
2.132725417613983154e-01
2.119092643260955811e-01
2.146825194358825684e-01
2.150397300720214844e-01
2.127264440059661865e-01
2.122079730033874512e-01
2.139595448970794678e-01
2.134603261947631836e-01
2.134733051061630249e-01
2.111678570508956909e-01
2.119085341691970825e-01
2.131803929805755615e-01
2.121293693780899048e-01
2.127141654491424561e-01
2.136320769786834717e-01
2.119862139225006104e-01
2.113910168409347534e-01
2.135441750288009644e-01
2.135422676801681519e-01
2.133205384016036987e-01
2.126561850309371948e-01
2.129743695259094238e-01
2.118419110774993896e-01
2.130904197692871094e-01
2.106737345457077026e-01
2.117194831371307373e-01
2.110838145017623901e-01
2.122791111469268799e-01
2.130610942840576172e-01
2.116186469793319702e-01
2.092503607273101807e-01
2.148988693952560425e-01
2.098301649093627930e-01
2.119546383619308472e-01
2.127557545900344849e-01
2.104393094778060913e-01
2.104530632495880127e-01
2.100351005792617798e-01
2.091531902551651001e-01
2.125342637300491333e-01
2.102468907833099365e-01
2.112345546483993530e-01
2.126289755105972290e-01
2.116599977016448975e-01
2.123509794473648071e-01
2.110340148210525513e-01
2.126551121473312378e-01
2.119101285934448242e-01
2.072095423936843872e-01
2.143459767103195190e-01
2.103289514780044556e-01
2.112673968076705933e-01
2.092874497175216675e-01
2.104176580905914307e-01
2.112964689731597900e-01
2.133164852857589722e-01
2.082669883966445923e-01
2.076501697301864624e-01
2.112835794687271118e-01
2.112972289323806763e-01
2.087596356868743896e-01
2.089105397462844849e-01
2.115601450204849243e-01
2.121108472347259521e-01
2.082546800374984741e-01
2.100709676742553711e-01
2.088749706745147705e-01
2.102455049753189087e-01
2.101976573467254639e-01
2.067465633153915405e-01
2.127633839845657349e-01
2.105100750923156738e-01
2.099778950214385986e-01
2.100038081407546997e-01
2.119611799716949463e-01
2.087356150150299072e-01
2.061485946178436279e-01
2.101385444402694702e-01
2.099324911832809448e-01
2.096903026103973389e-01
2.098323255777359009e-01
2.097874730825424194e-01
2.089026272296905518e-01
2.098138332366943359e-01
2.098691165447235107e-01
2.104493379592895508e-01
2.125048637390136719e-01
2.105174064636230469e-01
2.082752883434295654e-01
2.094298601150512695e-01
2.086838036775588989e-01
2.085858136415481567e-01
2.075910866260528564e-01
2.074207216501235962e-01
2.109020203351974487e-01
2.094701379537582397e-01
2.086769342422485352e-01
2.095527052879333496e-01
2.079505771398544312e-01
2.092828750610351562e-01
2.087854593992233276e-01
2.099850326776504517e-01
2.126433551311492920e-01
2.098890542984008789e-01
2.066549062728881836e-01
2.077425569295883179e-01
2.055588364601135254e-01
2.081936746835708618e-01
2.055072635412216187e-01
2.082276791334152222e-01
2.075263410806655884e-01
2.084127366542816162e-01
2.093180567026138306e-01
2.099936008453369141e-01
2.072041034698486328e-01
2.070412635803222656e-01
2.082960754632949829e-01
2.113244831562042236e-01
2.074614167213439941e-01
2.085739076137542725e-01
2.091604173183441162e-01
2.065701931715011597e-01
2.111475914716720581e-01
2.062871009111404419e-01
2.068404108285903931e-01
2.065579593181610107e-01
2.080163210630416870e-01
2.067350894212722778e-01
2.091233879327774048e-01
2.061525732278823853e-01
2.067396342754364014e-01
2.075375765562057495e-01
2.079668790102005005e-01
2.080570757389068604e-01
2.086816877126693726e-01
2.077614516019821167e-01
2.095981985330581665e-01
2.049942165613174438e-01
2.066328972578048706e-01
2.039336264133453369e-01
2.090685814619064331e-01
2.095643281936645508e-01
2.076801657676696777e-01
2.076644748449325562e-01
2.102150768041610718e-01
2.035854607820510864e-01
2.072146385908126831e-01
2.068125456571578979e-01
2.052017003297805786e-01
2.074127495288848877e-01
2.072084397077560425e-01
2.066346406936645508e-01
2.061324864625930786e-01
2.071035206317901611e-01
2.056441158056259155e-01
2.070025652647018433e-01
2.053002417087554932e-01
2.037818133831024170e-01
2.056079208850860596e-01
2.065854668617248535e-01
2.055249810218811035e-01
2.079540640115737915e-01
2.079014778137207031e-01
2.036616951227188110e-01
2.049580961465835571e-01
2.064400017261505127e-01
2.061703354120254517e-01
2.093326598405838013e-01
2.091829478740692139e-01
2.073368728160858154e-01
2.074749469757080078e-01
2.042263150215148926e-01
2.068275362253189087e-01
2.063255608081817627e-01
2.049693316221237183e-01
2.048491537570953369e-01
2.059176564216613770e-01
2.061675488948822021e-01
2.079081833362579346e-01
2.052840441465377808e-01
2.044339030981063843e-01
2.065523415803909302e-01
2.023725807666778564e-01
2.064862251281738281e-01
2.061865627765655518e-01
2.055863142013549805e-01
2.061430513858795166e-01
2.043496668338775635e-01
2.049707472324371338e-01
2.057286947965621948e-01
2.031399011611938477e-01
2.051528692245483398e-01
2.042029052972793579e-01
2.013392597436904907e-01
2.047919481992721558e-01
2.057788223028182983e-01
2.062018364667892456e-01
2.062619775533676147e-01
2.053464800119400024e-01
2.057265937328338623e-01
2.056319117546081543e-01
2.018641978502273560e-01
2.031520307064056396e-01
2.039683014154434204e-01
2.029614448547363281e-01
2.040475606918334961e-01
2.036562711000442505e-01
2.039033770561218262e-01
2.043737322092056274e-01
2.042212784290313721e-01
2.059645950794219971e-01
2.023567855358123779e-01
2.049569636583328247e-01
2.051764130592346191e-01
2.053059190511703491e-01
2.033563405275344849e-01
2.039831429719924927e-01
2.037368267774581909e-01
2.039539068937301636e-01
2.030094116926193237e-01
2.052798569202423096e-01
2.042798995971679688e-01
2.058544307947158813e-01
2.004291564226150513e-01
2.029252201318740845e-01
2.064823508262634277e-01
2.035945802927017212e-01
2.036933898925781250e-01
2.038427442312240601e-01
2.044847458600997925e-01
2.066782712936401367e-01
2.022465765476226807e-01
2.057405114173889160e-01
2.020247131586074829e-01
2.046174257993698120e-01
2.035039961338043213e-01
2.006882131099700928e-01
2.026294469833374023e-01
2.012406736612319946e-01
2.049173861742019653e-01
2.033534497022628784e-01
2.010734677314758301e-01
2.016869485378265381e-01
2.031820416450500488e-01
2.023227959871292114e-01
2.041620314121246338e-01
2.007173746824264526e-01
2.010005116462707520e-01
2.017847597599029541e-01
2.039199024438858032e-01
2.044471055269241333e-01
2.046474069356918335e-01
2.025652676820755005e-01
2.043456137180328369e-01
2.004198729991912842e-01
2.036933898925781250e-01
2.012723684310913086e-01
2.047757357358932495e-01
2.026396989822387695e-01
2.027747929096221924e-01
2.026739716529846191e-01
2.056180387735366821e-01
2.029036581516265869e-01
2.013415545225143433e-01
2.043324410915374756e-01
2.033649981021881104e-01
2.027326673269271851e-01
2.012837976217269897e-01
2.042921036481857300e-01
2.001021355390548706e-01
2.023672908544540405e-01
2.029693424701690674e-01
2.039892375469207764e-01
2.044755518436431885e-01
2.005784362554550171e-01
2.041961252689361572e-01
2.008404880762100220e-01
2.028570324182510376e-01
2.012337744235992432e-01
2.003770917654037476e-01
2.010988146066665649e-01
1.985888183116912842e-01
2.015289813280105591e-01
2.019067406654357910e-01
2.021339535713195801e-01
2.006537318229675293e-01
2.038868516683578491e-01
2.001222968101501465e-01
1.994943022727966309e-01
2.017624378204345703e-01
1.993949115276336670e-01
1.992196738719940186e-01
2.024127990007400513e-01
2.002184242010116577e-01
2.002661675214767456e-01
2.005383372306823730e-01
2.014188766479492188e-01
2.026265710592269897e-01
2.019208818674087524e-01
2.015066742897033691e-01
2.017454355955123901e-01
2.026164978742599487e-01
1.999064832925796509e-01
2.003714442253112793e-01
2.015112340450286865e-01
2.025041878223419189e-01
1.989610344171524048e-01
2.010664790868759155e-01
1.990620642900466919e-01
1.997525691986083984e-01
1.986085772514343262e-01
2.008662074804306030e-01
2.027335166931152344e-01
1.994218677282333374e-01
1.994893252849578857e-01
1.990557312965393066e-01
2.025477737188339233e-01
2.017385512590408325e-01
1.984698474407196045e-01
2.016782164573669434e-01
1.990967988967895508e-01
1.986173689365386963e-01
1.995690166950225830e-01
1.976466774940490723e-01
1.974801868200302124e-01
2.013072818517684937e-01
2.016655653715133667e-01
2.001271247863769531e-01
1.990617066621780396e-01
1.968623250722885132e-01
2.019273042678833008e-01
1.987233012914657593e-01
1.988744139671325684e-01
2.002340257167816162e-01
1.975459605455398560e-01
1.999170631170272827e-01
2.021683156490325928e-01
2.008181661367416382e-01
1.992474049329757690e-01
2.006107419729232788e-01
2.004005163908004761e-01
2.006815820932388306e-01
1.976255029439926147e-01
2.013126611709594727e-01
2.009599357843399048e-01
1.986647993326187134e-01
1.983231157064437866e-01
1.986839771270751953e-01
1.985901147127151489e-01
2.012111395597457886e-01
2.012166976928710938e-01
1.966605037450790405e-01
1.986911594867706299e-01
1.998693943023681641e-01
1.995294541120529175e-01
1.969286352396011353e-01
1.971331089735031128e-01
1.972015947103500366e-01
1.992516517639160156e-01
2.001891136169433594e-01
1.987690627574920654e-01
1.966675817966461182e-01
1.974739283323287964e-01
1.961587965488433838e-01
1.989467591047286987e-01
1.947256326675415039e-01
1.952648460865020752e-01
2.001882940530776978e-01
1.990191191434860229e-01
1.948149353265762329e-01
2.002190798521041870e-01
1.988937258720397949e-01
1.974098384380340576e-01
1.988450288772583008e-01
1.977290362119674683e-01
1.997579485177993774e-01
1.970776468515396118e-01
1.985387504100799561e-01
1.993758678436279297e-01
1.966877728700637817e-01
1.973003149032592773e-01
1.956313699483871460e-01
1.981341242790222168e-01
1.980522125959396362e-01
1.986444592475891113e-01
1.977341473102569580e-01
1.957627981901168823e-01
1.973757743835449219e-01
1.982205808162689209e-01
1.980749517679214478e-01
1.972298175096511841e-01
1.947608441114425659e-01
1.994716376066207886e-01
1.982223093509674072e-01
1.982218921184539795e-01
1.958849132061004639e-01
1.988505423069000244e-01
1.997755467891693115e-01
1.986454576253890991e-01
1.982160210609436035e-01
1.974078863859176636e-01
1.954188048839569092e-01
1.970777511596679688e-01
1.971023082733154297e-01
1.985095441341400146e-01
1.969328224658966064e-01
1.984477043151855469e-01
1.960687488317489624e-01
1.991051733493804932e-01
1.991152018308639526e-01
1.976179480552673340e-01
1.967605948448181152e-01
1.951426267623901367e-01
1.951479613780975342e-01
1.947158128023147583e-01
1.979062259197235107e-01
1.957659721374511719e-01
1.980770528316497803e-01
1.966036707162857056e-01
1.966101825237274170e-01
1.980444788932800293e-01
1.978679746389389038e-01
1.963658034801483154e-01
1.977657079696655273e-01
2.005937993526458740e-01
1.978070437908172607e-01
1.969645321369171143e-01
