1.750692002773284850e+00
1.405558248758316031e+00
1.244068784117698723e+00
1.130400522351264980e+00
1.068053426742553658e+00
1.013974809646606356e+00
9.413765901327133534e-01
8.066411924362182351e-01
7.812674772739410800e-01
7.955894416570663541e-01
7.676454615592956943e-01
7.441788995265961049e-01
7.536029058694839744e-01
7.310286152362823753e-01
6.173776951432228266e-01
6.198819035291671664e-01
6.281055191159248263e-01
6.078088843822478937e-01
5.995867076516151473e-01
6.185166478157043679e-01
6.014269584417343273e-01
3.959669268131256192e-01
4.310670949518680684e-01
4.181107378005981534e-01
4.471593782305717246e-01
4.624822260439395705e-01
4.585606607794761591e-01
4.574803051352500649e-01
2.666997617483138905e-01
2.755638384819030784e-01
3.015816111117601284e-01
2.985069315135479018e-01
3.161119482666254199e-01
3.311215384304523335e-01
3.410158728063106270e-01
1.850645033270120754e-01
1.965573161840438732e-01
2.009809322655201069e-01
2.119488041102886300e-01
2.312990985810756683e-01
2.342144427448511201e-01
2.383305027335882176e-01
1.379678108729422148e-01
1.412343861162662639e-01
1.451481909491121880e-01
1.501370828226208654e-01
1.652014400810003225e-01
1.667388365045189835e-01
1.927153358235955127e-01
1.131376501545310054e-01
1.098453887365758441e-01
1.508399509638548019e-01
1.366421818360686324e-01
1.412176724150776830e-01
1.577636515535414119e-01
1.510507173836231343e-01
1.238790559396147767e-01
1.031603366881608946e-01
1.270711384713649750e-01
1.123672581743448973e-01
1.114147574082016978e-01
1.136656726151704794e-01
1.184596011042594876e-01
8.055261675268411692e-02
7.557525705546140615e-02
1.041686966829001859e-01
1.075520342029631093e-01
1.102241863124072546e-01
1.078922097943723207e-01
1.181276972964405980e-01
7.039272266905755027e-02
8.528998594731092286e-02
8.862735674716532008e-02
9.382841823622584121e-02
1.168688730150461152e-01
1.106831729225814381e-01
1.041710734926164089e-01
7.807646415196359269e-02
6.986747039947659166e-02
8.148064850829542238e-02
8.854683724232018105e-02
7.886281739920378286e-02
9.847275964915752633e-02
1.018726134579628767e-01
8.886777915526181126e-02
8.295960130169988123e-02
8.653029143810271606e-02
9.970523184165358543e-02
1.051203344017267172e-01
8.682057988829910977e-02
9.452875213697552181e-02
8.535727003123610990e-02
7.359067194163798620e-02
8.355980496853590567e-02
7.027541434857993707e-02
7.234939923626371172e-02
7.805858632083982618e-02
9.199483687058090942e-02
8.308703988324850354e-02
7.517532964935526307e-02
7.135215606307611369e-02
8.028691739309579134e-02
8.082161587662994862e-02
7.238511193078010775e-02
8.864471328444778475e-02
