6.390390147268771859e-01
3.416959597170353136e-01
2.927678287029266135e-01
2.501918314397335030e-01
2.537266927957534945e-01
2.253687701374292307e-01
2.250551939010620173e-01
2.249800112843513555e-01
2.269756143540143933e-01
2.128415876626968406e-01
2.045256552100181702e-01
2.019919189810752969e-01
1.925298205018043385e-01
1.873629850894212856e-01
1.892787538468837794e-01
1.966157946363091547e-01
1.877611631900072131e-01
1.985631059110164742e-01
2.578125326335430345e-01
2.499335449934005637e-01
2.331145317852497123e-01
2.212912271916866180e-01
2.186846660450100788e-01
2.211502313613891713e-01
2.185738534480333450e-01
2.096177037060260873e-01
2.190441735833883186e-01
1.563804060220718439e-01
1.692392348870634944e-01
1.678256540372967676e-01
1.760088956356048451e-01
1.894234605506062430e-01
1.795626547187566813e-01
1.715871233120560557e-01
1.813258057460188921e-01
1.589458209276199407e-01
1.391737192869186290e-01
1.479330688342452016e-01
1.289299266599118754e-01
1.371365227922797247e-01
1.361516841687261947e-01
1.342462616786360696e-01
1.311220104247331486e-01
1.389886198565363773e-01
1.546331065148115191e-01
1.044819972477853270e-01
1.084018823504447893e-01
1.114392734132707147e-01
1.036929687112569803e-01
1.181127057597041174e-01
1.127592045627534428e-01
1.072073445189744290e-01
1.216536729969084213e-01
1.124654100090265313e-01
8.777916698716581312e-02
8.298809807747602185e-02
7.478369894437492116e-02
8.615942852105945571e-02
1.002128493972122697e-01
9.302793101407587362e-02
1.009235062822699536e-01
9.466200217604636702e-02
9.092395085841417646e-02
6.192606711760163113e-02
6.404545255005360260e-02
7.203221615869552508e-02
7.928751018829643948e-02
7.615499720675870943e-02
7.406479704426600918e-02
7.264843023382126785e-02
7.217287454288452697e-02
7.937611458823085053e-02
5.068215966573916265e-02
5.772695991909131130e-02
6.085395075380801988e-02
6.317587696481495596e-02
6.274796888232231362e-02
6.256451276363804437e-02
6.311654515564441015e-02
7.028539869468658496e-02
6.705838759662582915e-02
4.793226481182500526e-02
4.320133665809407914e-02
3.977696233429015016e-02
4.851665659807622571e-02
4.986319280695170053e-02
5.699964923784137105e-02
5.642218952765688106e-02
5.380670183105393939e-02
6.253543789032846301e-02
4.126625527394935794e-02
4.851894657593220500e-02
3.736908347578719175e-02
3.552539165830239515e-02
4.341776878573000431e-02
5.740104938042350086e-02
4.667842362308874393e-02
4.782674564281478441e-02
5.581368597224354439e-02
3.221236664103344083e-02
3.397527114022522859e-02
2.888069227337837150e-02
3.711899637070018715e-02
4.563107105437666511e-02
4.270566650899126904e-02
4.356106579303741649e-02
4.189977793663274275e-02
4.092585055623203238e-02
3.602366425329819183e-02
3.565695408295141422e-02
3.711548097169724975e-02
3.911613263771869520e-02
3.439223232096992600e-02
3.672577120247297322e-02
4.167547173099592217e-02
4.416525795415509464e-02
3.466682915197452641e-02
2.626266524603124847e-02
2.485168857732787673e-02
4.230279849987710061e-02
2.872915735817514402e-02
3.406658240652177261e-02
3.726507800573017337e-02
2.949007217888720278e-02
3.137797592789866308e-02
3.916624090867117103e-02
2.809900814172578906e-02
3.029008811528910786e-02
2.735149401472881589e-02
2.613614308997057323e-02
3.319957080908352703e-02
3.665766260703093998e-02
3.380077724636066511e-02
4.470046659698709984e-02
3.819646242423914428e-02
