8.741229772567749023e-01
8.648840188980102539e-01
8.549725413322448730e-01
8.452829122543334961e-01
8.332659602165222168e-01
8.198988437652587891e-01
8.043334484100341797e-01
7.875155806541442871e-01
7.656633257865905762e-01
7.418211698532104492e-01
7.204883694648742676e-01
6.938569545745849609e-01
6.656036972999572754e-01
6.297680735588073730e-01
5.999717712402343750e-01
5.706409811973571777e-01
5.369561910629272461e-01
5.079921483993530273e-01
4.779694676399230957e-01
4.679645597934722900e-01
4.536026418209075928e-01
4.538850188255310059e-01
4.567065834999084473e-01
4.609658122062683105e-01
4.581396281719207764e-01
4.656786322593688965e-01
4.571326076984405518e-01
4.495788514614105225e-01
4.380846023559570312e-01
4.295828044414520264e-01
4.227629899978637695e-01
4.180329740047454834e-01
4.109133481979370117e-01
4.127013087272644043e-01
4.141339659690856934e-01
4.088694453239440918e-01
4.045806229114532471e-01
4.030176699161529541e-01
4.016593992710113525e-01
4.021902978420257568e-01
3.923263847827911377e-01
3.959116935729980469e-01
3.917974531650543213e-01
3.844326436519622803e-01
3.905943036079406738e-01
3.829914629459381104e-01
3.771768212318420410e-01
3.846512734889984131e-01
3.752878308296203613e-01
3.790210485458374023e-01
3.664096891880035400e-01
3.764455616474151611e-01
3.685026764869689941e-01
3.687806725502014160e-01
3.685895502567291260e-01
3.711849749088287354e-01
3.610195517539978027e-01
3.598667383193969727e-01
3.587720692157745361e-01
3.554778993129730225e-01
3.491693139076232910e-01
3.511440753936767578e-01
3.503184914588928223e-01
3.494626879692077637e-01
3.481612801551818848e-01
3.497030735015869141e-01
3.521938025951385498e-01
3.453543186187744141e-01
3.417956829071044922e-01
3.386878371238708496e-01
3.393807411193847656e-01
3.416379094123840332e-01
3.374792933464050293e-01
3.361418843269348145e-01
3.358295261859893799e-01
3.342442512512207031e-01
3.341260552406311035e-01
3.306673169136047363e-01
3.282066881656646729e-01
3.317392170429229736e-01
3.273286521434783936e-01
3.283448219299316406e-01
3.248336315155029297e-01
3.247756063938140869e-01
3.230586946010589600e-01
3.228050470352172852e-01
3.191390037536621094e-01
3.212814927101135254e-01
3.164989054203033447e-01
3.171718716621398926e-01
3.135481476783752441e-01
3.145608007907867432e-01
3.118940889835357666e-01
3.113553225994110107e-01
3.120559155941009521e-01
3.102343678474426270e-01
3.056094348430633545e-01
3.087736368179321289e-01
3.114568293094635010e-01
3.022526502609252930e-01
3.998876214027404785e-01
3.988245129585266113e-01
4.012723267078399658e-01
4.015519618988037109e-01
3.954345285892486572e-01
3.973246514797210693e-01
3.949351906776428223e-01
3.968248069286346436e-01
3.902311027050018311e-01
3.926956951618194580e-01
3.889963924884796143e-01
3.880957365036010742e-01
3.897829353809356689e-01
3.886913657188415527e-01
3.887709975242614746e-01
3.860619068145751953e-01
3.864185512065887451e-01
3.829587996006011963e-01
3.842731118202209473e-01
3.837253749370574951e-01
3.777424395084381104e-01
3.786991536617279053e-01
3.777889311313629150e-01
3.768802881240844727e-01
3.788824975490570068e-01
3.762658834457397461e-01
3.775393962860107422e-01
3.759699463844299316e-01
3.736460804939270020e-01
3.707196116447448730e-01
3.731960058212280273e-01
3.726347684860229492e-01
3.724073767662048340e-01
3.740655779838562012e-01
3.652267158031463623e-01
3.673218190670013428e-01
3.662837147712707520e-01
3.685704171657562256e-01
3.630132079124450684e-01
3.657076358795166016e-01
3.614509105682373047e-01
3.618893921375274658e-01
3.605042099952697754e-01
3.614091873168945312e-01
3.641689717769622803e-01
3.569335639476776123e-01
3.625279963016510010e-01
3.567145764827728271e-01
3.560976684093475342e-01
3.573452830314636230e-01
3.559951782226562500e-01
3.525173366069793701e-01
3.551805615425109863e-01
3.494167923927307129e-01
3.534017205238342285e-01
3.499627411365509033e-01
3.512366116046905518e-01
3.510840237140655518e-01
3.490161001682281494e-01
3.455020487308502197e-01
3.469565510749816895e-01
3.477469682693481445e-01
3.455563783645629883e-01
3.484600484371185303e-01
3.470717966556549072e-01
3.475704193115234375e-01
3.450906872749328613e-01
3.413537144660949707e-01
3.429036140441894531e-01
3.383494019508361816e-01
3.398352861404418945e-01
3.381406962871551514e-01
3.384288847446441650e-01
3.434819579124450684e-01
3.374401926994323730e-01
3.340528309345245361e-01
3.378473520278930664e-01
3.322531282901763916e-01
3.353126943111419678e-01
3.354961276054382324e-01
3.321356177330017090e-01
3.303005695343017578e-01
3.310358822345733643e-01
3.318890035152435303e-01
3.266910910606384277e-01
3.291922807693481445e-01
3.264126479625701904e-01
3.292650878429412842e-01
3.268245458602905273e-01
3.241468369960784912e-01
3.274229168891906738e-01
3.263041079044342041e-01
3.247520327568054199e-01
3.243552148342132568e-01
3.232440650463104248e-01
3.243375718593597412e-01
3.187458813190460205e-01
3.206286728382110596e-01
3.222134411334991455e-01
3.168852329254150391e-01
3.165277242660522461e-01
3.175503015518188477e-01
3.148967325687408447e-01
3.195040822029113770e-01
3.195070922374725342e-01
3.167940080165863037e-01
3.179448843002319336e-01
3.164500594139099121e-01
3.092705607414245605e-01
3.145865797996520996e-01
3.140178024768829346e-01
3.130124211311340332e-01
3.140836060047149658e-01
3.094004392623901367e-01
3.108798265457153320e-01
3.117086589336395264e-01
3.124795258045196533e-01
3.088238835334777832e-01
3.070021569728851318e-01
3.073448836803436279e-01
3.130566477775573730e-01
3.093663454055786133e-01
3.056402802467346191e-01
3.056097328662872314e-01
3.069029748439788818e-01
3.037087619304656982e-01
3.077759444713592529e-01
3.042985200881958008e-01
3.085721135139465332e-01
3.010969460010528564e-01
3.012745976448059082e-01
3.033349812030792236e-01
2.993275821208953857e-01
3.006300628185272217e-01
3.006474077701568604e-01
3.021654784679412842e-01
3.012459278106689453e-01
3.025122880935668945e-01
3.034142851829528809e-01
2.974176406860351562e-01
3.006875216960906982e-01
2.982435226440429688e-01
2.985181510448455811e-01
2.958238720893859863e-01
2.963941693305969238e-01
2.953062355518341064e-01
2.954415380954742432e-01
2.988664507865905762e-01
2.949462831020355225e-01
2.962542474269866943e-01
2.995144724845886230e-01
2.948392033576965332e-01
2.925466895103454590e-01
2.912311851978302002e-01
2.915558815002441406e-01
2.900711894035339355e-01
2.920675277709960938e-01
2.873666584491729736e-01
2.913131117820739746e-01
2.916711866855621338e-01
2.874331474304199219e-01
2.899719476699829102e-01
2.932077348232269287e-01
2.900113165378570557e-01
2.858568727970123291e-01
2.880123555660247803e-01
2.870879173278808594e-01
2.870412170886993408e-01
2.869396209716796875e-01
2.844363152980804443e-01
2.855996489524841309e-01
2.852474451065063477e-01
2.846134901046752930e-01
2.847968935966491699e-01
2.819755673408508301e-01
2.849414348602294922e-01
2.818728089332580566e-01
2.804006040096282959e-01
2.830895781517028809e-01
2.794905006885528564e-01
2.830482423305511475e-01
2.811543643474578857e-01
2.830844819545745850e-01
2.792119979858398438e-01
2.800662815570831299e-01
2.800188958644866943e-01
2.841320037841796875e-01
2.814177870750427246e-01
2.807168662548065186e-01
2.760190069675445557e-01
2.777868509292602539e-01
2.774455249309539795e-01
2.781123220920562744e-01
2.753026187419891357e-01
2.777129113674163818e-01
2.756429612636566162e-01
2.753838002681732178e-01
2.709307372570037842e-01
2.751962244510650635e-01
2.769175171852111816e-01
2.762101590633392334e-01
2.738241255283355713e-01
2.732557058334350586e-01
2.799040973186492920e-01
2.715422511100769043e-01
2.693381309509277344e-01
2.721016407012939453e-01
2.728910148143768311e-01
2.718719840049743652e-01
2.712888717651367188e-01
2.727018892765045166e-01
2.719217836856842041e-01
2.717747390270233154e-01
2.689951956272125244e-01
2.693558931350708008e-01
2.723458409309387207e-01
2.709686458110809326e-01
2.693823873996734619e-01
2.677709460258483887e-01
2.700778543949127197e-01
2.672019898891448975e-01
2.667543292045593262e-01
2.690331935882568359e-01
2.672045826911926270e-01
2.662744224071502686e-01
2.667346894741058350e-01
2.651295065879821777e-01
2.639634311199188232e-01
2.706202268600463867e-01
2.625108361244201660e-01
2.684601843357086182e-01
2.644870281219482422e-01
2.671242952346801758e-01
2.655067443847656250e-01
2.648265063762664795e-01
2.667496502399444580e-01
2.642103731632232666e-01
2.644575238227844238e-01
2.656138837337493896e-01
2.601435184478759766e-01
2.650566995143890381e-01
2.637572288513183594e-01
2.603974938392639160e-01
2.640585303306579590e-01
2.632955312728881836e-01
2.601783573627471924e-01
2.612870335578918457e-01
2.589127421379089355e-01
2.600264549255371094e-01
2.613965868949890137e-01
2.609847187995910645e-01
2.619701325893402100e-01
2.595160305500030518e-01
2.609970271587371826e-01
2.621815800666809082e-01
2.589821517467498779e-01
2.606556415557861328e-01
2.579271197319030762e-01
2.598747014999389648e-01
2.615165412425994873e-01
2.576867938041687012e-01
2.581669986248016357e-01
2.570396363735198975e-01
2.603122293949127197e-01
2.602670192718505859e-01
2.599868476390838623e-01
2.556472420692443848e-01
2.565638720989227295e-01
2.586326599121093750e-01
2.575711905956268311e-01
2.557126283645629883e-01
2.530769705772399902e-01
2.565811574459075928e-01
2.556812465190887451e-01
2.567054629325866699e-01
2.555504143238067627e-01
2.540547549724578857e-01
2.557381987571716309e-01
2.550333440303802490e-01
2.541744709014892578e-01
2.564562559127807617e-01
2.499626576900482178e-01
2.528616189956665039e-01
2.528089582920074463e-01
2.539786100387573242e-01
2.528803646564483643e-01
2.543137967586517334e-01
2.527211010456085205e-01
2.556494176387786865e-01
2.540289759635925293e-01
2.514479756355285645e-01
2.540194988250732422e-01
2.507088184356689453e-01
2.536448240280151367e-01
2.502157092094421387e-01
2.514566779136657715e-01
2.489807605743408203e-01
2.534084916114807129e-01
2.520562112331390381e-01
2.509554922580718994e-01
2.495557218790054321e-01
2.537090778350830078e-01
2.506023645401000977e-01
2.517649233341217041e-01
2.467755973339080811e-01
2.499413341283798218e-01
2.494299858808517456e-01
2.494904249906539917e-01
2.523794770240783691e-01
2.500368952751159668e-01
2.490001320838928223e-01
2.496830224990844727e-01
2.492454946041107178e-01
2.476712465286254883e-01
2.472653090953826904e-01
2.485230863094329834e-01
2.503667473793029785e-01
2.471468597650527954e-01
2.458278089761734009e-01
2.504621446132659912e-01
2.480393797159194946e-01
2.478050440549850464e-01
2.473474591970443726e-01
2.509451508522033691e-01
2.482308149337768555e-01
2.471941262483596802e-01
2.492064833641052246e-01
2.481714934110641479e-01
2.457937747240066528e-01
2.483953982591629028e-01
2.458599507808685303e-01
2.483505159616470337e-01
2.462206631898880005e-01
2.460553199052810669e-01
2.466621398925781250e-01
2.482566535472869873e-01
2.455991506576538086e-01
2.454784065485000610e-01
2.441064715385437012e-01
2.455000728368759155e-01
2.468307018280029297e-01
2.424085438251495361e-01
2.459827959537506104e-01
2.422806769609451294e-01
2.462032288312911987e-01
2.460957020521163940e-01
2.444297671318054199e-01
2.448758780956268311e-01
2.462875843048095703e-01
2.452207803726196289e-01
2.425723522901535034e-01
2.420360743999481201e-01
2.403829246759414673e-01
2.460471391677856445e-01
2.442851662635803223e-01
2.422378510236740112e-01
2.392565011978149414e-01
2.421708554029464722e-01
2.420611977577209473e-01
2.442816495895385742e-01
2.420495152473449707e-01
2.401529550552368164e-01
2.431178092956542969e-01
2.420022040605545044e-01
2.419490218162536621e-01
2.402357757091522217e-01
2.409072667360305786e-01
2.440408617258071899e-01
2.422234416007995605e-01
2.410766929388046265e-01
2.403174340724945068e-01
2.415647208690643311e-01
2.443387806415557861e-01
2.417249083518981934e-01
2.426820248365402222e-01
2.402129173278808594e-01
2.403760552406311035e-01
2.409332990646362305e-01
2.368071228265762329e-01
2.423702776432037354e-01
2.377618253231048584e-01
2.430718839168548584e-01
2.378706783056259155e-01
2.410375922918319702e-01
2.399638146162033081e-01
2.387072592973709106e-01
2.375706285238265991e-01
2.451575398445129395e-01
2.416315227746963501e-01
2.400512993335723877e-01
2.377686649560928345e-01
2.381972372531890869e-01
2.389444708824157715e-01
2.366873323917388916e-01
2.384156584739685059e-01
2.387906759977340698e-01
2.368854433298110962e-01
2.398105859756469727e-01
2.376372516155242920e-01
2.405554950237274170e-01
2.355508059263229370e-01
2.403881847858428955e-01
2.374832034111022949e-01
2.376983165740966797e-01
2.366230934858322144e-01
2.372549176216125488e-01
2.369573563337326050e-01
2.393724024295806885e-01
2.368840128183364868e-01
2.346614599227905273e-01
2.348705977201461792e-01
2.369761765003204346e-01
2.377564907073974609e-01
2.373226433992385864e-01
2.385222464799880981e-01
2.386385351419448853e-01
2.385360300540924072e-01
2.354112565517425537e-01
2.336512655019760132e-01
2.356630116701126099e-01
2.365417331457138062e-01
2.344664633274078369e-01
2.370802909135818481e-01
2.363990992307662964e-01
2.363673895597457886e-01
2.335399240255355835e-01
2.392368167638778687e-01
2.342690378427505493e-01
2.339754998683929443e-01
2.348551154136657715e-01
2.368050664663314819e-01
2.333763837814331055e-01
2.331425100564956665e-01
2.355083227157592773e-01
2.376598715782165527e-01
2.357474565505981445e-01
2.358174026012420654e-01
2.330931574106216431e-01
2.336825132369995117e-01
2.315505892038345337e-01
2.345795929431915283e-01
2.348492592573165894e-01
2.343809157609939575e-01
2.342642843723297119e-01
2.327631413936614990e-01
2.336888462305068970e-01
2.350630313158035278e-01
2.319106310606002808e-01
2.325332164764404297e-01
2.339540272951126099e-01
2.348991185426712036e-01
2.297043353319168091e-01
2.363190352916717529e-01
2.301561832427978516e-01
2.334745824337005615e-01
2.347657978534698486e-01
2.341631501913070679e-01
2.352708280086517334e-01
2.326941639184951782e-01
2.319024205207824707e-01
2.347204834222793579e-01
2.306953519582748413e-01
2.315130531787872314e-01
2.305873781442642212e-01
2.314569056034088135e-01
2.321833819150924683e-01
2.331684231758117676e-01
2.315861582756042480e-01
2.321265935897827148e-01
2.324842810630798340e-01
2.330467253923416138e-01
2.296038866043090820e-01
2.318423390388488770e-01
2.303139865398406982e-01
2.350111156702041626e-01
2.316115647554397583e-01
2.331252843141555786e-01
2.301201373338699341e-01
2.311490625143051147e-01
2.323053926229476929e-01
2.324195653200149536e-01
2.286547273397445679e-01
2.312491089105606079e-01
2.309510260820388794e-01
2.290014177560806274e-01
2.313265502452850342e-01
2.326566427946090698e-01
2.314353585243225098e-01
2.312620580196380615e-01
2.312280237674713135e-01
2.298844903707504272e-01
2.277854830026626587e-01
2.330855131149291992e-01
2.324097007513046265e-01
2.306652665138244629e-01
2.321366667747497559e-01
2.320495396852493286e-01
2.266277819871902466e-01
2.308041751384735107e-01
2.311697900295257568e-01
2.317019104957580566e-01
2.286512702703475952e-01
2.275581955909729004e-01
2.308009266853332520e-01
2.306641191244125366e-01
2.315745651721954346e-01
2.277046889066696167e-01
2.287013083696365356e-01
2.273759692907333374e-01
2.283203303813934326e-01
2.297710776329040527e-01
2.282278090715408325e-01
2.287947684526443481e-01
2.298822402954101562e-01
2.303860932588577271e-01
2.309867590665817261e-01
2.275746613740921021e-01
2.291189432144165039e-01
2.294996976852416992e-01
2.293669134378433228e-01
2.300496995449066162e-01
2.302317917346954346e-01
2.295666486024856567e-01
2.264757007360458374e-01
2.273726016283035278e-01
2.285679876804351807e-01
2.290368527173995972e-01
2.266268432140350342e-01
2.291494011878967285e-01
2.285425364971160889e-01
2.258483767509460449e-01
2.269571721553802490e-01
2.273629307746887207e-01
2.299364060163497925e-01
2.276548296213150024e-01
2.282587140798568726e-01
2.242559194564819336e-01
2.275559157133102417e-01
2.279856801033020020e-01
2.265175431966781616e-01
2.261897772550582886e-01
2.270392924547195435e-01
2.260481268167495728e-01
2.278168201446533203e-01
2.272470146417617798e-01
2.285470813512802124e-01
2.265916913747787476e-01
2.242722064256668091e-01
2.263318449258804321e-01
2.266856282949447632e-01
2.269128262996673584e-01
2.264320850372314453e-01
2.249457538127899170e-01
2.296761721372604370e-01
2.233825474977493286e-01
2.257796376943588257e-01
2.247018367052078247e-01
2.273934781551361084e-01
2.257237583398818970e-01
2.265404164791107178e-01
2.236369401216506958e-01
2.275934666395187378e-01
2.250152230262756348e-01
2.263781875371932983e-01
2.226991653442382812e-01
2.262813597917556763e-01
2.248397022485733032e-01
2.267290055751800537e-01
2.256785184144973755e-01
2.245976030826568604e-01
2.268942296504974365e-01
2.240728884935379028e-01
2.264350354671478271e-01
2.236541658639907837e-01
2.234661877155303955e-01
2.239525318145751953e-01
2.244898527860641479e-01
2.247718423604965210e-01
2.233250588178634644e-01
2.257678657770156860e-01
2.252772748470306396e-01
2.256915122270584106e-01
2.226885408163070679e-01
2.246852815151214600e-01
2.239479571580886841e-01
2.259687930345535278e-01
2.242650687694549561e-01
2.221963405609130859e-01
2.239128500223159790e-01
2.243462204933166504e-01
2.241887450218200684e-01
2.207809835672378540e-01
2.249341011047363281e-01
2.256248593330383301e-01
2.216259837150573730e-01
2.215859144926071167e-01
2.222579270601272583e-01
2.234448045492172241e-01
2.217587977647781372e-01
2.247537225484848022e-01
2.243512719869613647e-01
2.262361198663711548e-01
2.233872264623641968e-01
2.225686609745025635e-01
2.214900851249694824e-01
2.212840169668197632e-01
2.231123894453048706e-01
2.224114239215850830e-01
2.233266085386276245e-01
2.213242352008819580e-01
2.211390584707260132e-01
2.204451411962509155e-01
2.224554568529129028e-01
2.215798199176788330e-01
2.242995798587799072e-01
2.176717966794967651e-01
2.199347466230392456e-01
2.241412699222564697e-01
2.247017771005630493e-01
2.236661911010742188e-01
2.234094887971878052e-01
2.229160219430923462e-01
2.238628417253494263e-01
2.223592996597290039e-01
2.213466763496398926e-01
2.217521369457244873e-01
2.230223715305328369e-01
2.211554497480392456e-01
2.248544543981552124e-01
2.204164862632751465e-01
2.206750214099884033e-01
2.218791693449020386e-01
2.235252857208251953e-01
2.200910449028015137e-01
2.219826579093933105e-01
2.233527302742004395e-01
2.232047617435455322e-01
2.209132611751556396e-01
2.203415036201477051e-01
2.215553671121597290e-01
2.218097746372222900e-01
2.256512939929962158e-01
2.187790721654891968e-01
2.196764647960662842e-01
2.215323597192764282e-01
2.204105705022811890e-01
2.171300202608108521e-01
2.217834591865539551e-01
2.213414162397384644e-01
2.187456190586090088e-01
2.186314463615417480e-01
2.234586030244827271e-01
2.200021743774414062e-01
2.214874774217605591e-01
2.187556773424148560e-01
2.226619422435760498e-01
2.189860641956329346e-01
2.187871485948562622e-01
2.204564660787582397e-01
2.223992645740509033e-01
2.184315770864486694e-01
2.190035730600357056e-01
2.175031602382659912e-01
2.195455431938171387e-01
2.191838175058364868e-01
2.175080925226211548e-01
2.199645191431045532e-01
2.189193814992904663e-01
2.184943854808807373e-01
2.190908938646316528e-01
2.189768701791763306e-01
2.207605689764022827e-01
2.192269563674926758e-01
2.183912694454193115e-01
2.179672271013259888e-01
2.188063859939575195e-01
2.191694974899291992e-01
2.203467935323715210e-01
2.187155485153198242e-01
2.202823013067245483e-01
2.216250449419021606e-01
2.210924625396728516e-01
2.177178412675857544e-01
2.183774858713150024e-01
2.200853973627090454e-01
2.188364714384078979e-01
2.193728834390640259e-01
2.220312952995300293e-01
2.161071300506591797e-01
2.176777869462966919e-01
2.191228270530700684e-01
2.190902233123779297e-01
2.208793461322784424e-01
2.186713665723800659e-01
2.166797965764999390e-01
2.161102741956710815e-01
2.169680148363113403e-01
2.164354920387268066e-01
2.165062427520751953e-01
2.193763256072998047e-01
2.161866575479507446e-01
2.163282334804534912e-01
2.188666313886642456e-01
2.182542532682418823e-01
2.178728282451629639e-01
2.146591246128082275e-01
2.130135744810104370e-01
2.191958874464035034e-01
2.190736234188079834e-01
2.171611189842224121e-01
2.165558785200119019e-01
2.156233638525009155e-01
2.171204686164855957e-01
2.192546725273132324e-01
2.144040167331695557e-01
2.163810878992080688e-01
2.170101106166839600e-01
2.177281081676483154e-01
2.200743407011032104e-01
2.150584310293197632e-01
2.158084809780120850e-01
2.143694758415222168e-01
2.140263170003890991e-01
2.116567939519882202e-01
2.172547578811645508e-01
2.174484729766845703e-01
2.150614261627197266e-01
2.170158773660659790e-01
2.149743735790252686e-01
2.148993462324142456e-01
2.151337265968322754e-01
2.181278467178344727e-01
2.142173945903778076e-01
2.167401909828186035e-01
2.183624655008316040e-01
2.160593867301940918e-01
2.134035229682922363e-01
2.138702720403671265e-01
2.178299129009246826e-01
2.161804437637329102e-01
2.169593721628189087e-01
2.150026112794876099e-01
2.153843045234680176e-01
2.142986357212066650e-01
2.135887593030929565e-01
2.183032035827636719e-01
2.141465842723846436e-01
2.155122011899948120e-01
2.152866125106811523e-01
2.182555943727493286e-01
2.136435806751251221e-01
2.147898375988006592e-01
2.138590812683105469e-01
2.157286405563354492e-01
2.117225825786590576e-01
2.152280956506729126e-01
2.154743820428848267e-01
2.146335840225219727e-01
2.128197699785232544e-01
2.147296965122222900e-01
2.136942595243453979e-01
2.144398242235183716e-01
2.153487205505371094e-01
2.128998786211013794e-01
2.139253169298171997e-01
2.127566635608673096e-01
2.128040194511413574e-01
2.121026068925857544e-01
2.158679515123367310e-01
2.153762727975845337e-01
2.131267040967941284e-01
2.151204198598861694e-01
2.126114219427108765e-01
2.145189046859741211e-01
2.143015265464782715e-01
2.124648541212081909e-01
2.143173962831497192e-01
2.116666138172149658e-01
2.127311825752258301e-01
2.133093476295471191e-01
2.124202251434326172e-01
2.107063680887222290e-01
2.121533006429672241e-01
2.108794003725051880e-01
2.150449007749557495e-01
2.108463346958160400e-01
2.094379067420959473e-01
2.130022794008255005e-01
2.139310091733932495e-01
2.129956334829330444e-01
2.131907194852828979e-01
2.118379026651382446e-01
2.137808352708816528e-01
2.150294333696365356e-01
2.135925590991973877e-01
2.107946425676345825e-01
2.126300185918807983e-01
2.146831750869750977e-01
2.141491770744323730e-01
2.122396975755691528e-01
2.128799259662628174e-01
2.145535349845886230e-01
2.116022109985351562e-01
2.142117768526077271e-01
2.109342217445373535e-01
2.132907658815383911e-01
2.102699577808380127e-01
2.076662778854370117e-01
2.139325737953186035e-01
2.123690098524093628e-01
2.110408544540405273e-01
2.101635336875915527e-01
2.104838490486145020e-01
2.077971994876861572e-01
2.119332700967788696e-01
2.119257301092147827e-01
2.105483710765838623e-01
2.092232853174209595e-01
2.135983109474182129e-01
2.128853052854537964e-01
2.143397778272628784e-01
2.106711268424987793e-01
2.106021046638488770e-01
2.128365337848663330e-01
2.126403898000717163e-01
2.128683030605316162e-01
2.118010669946670532e-01
2.139243185520172119e-01
2.132261395454406738e-01
2.092410922050476074e-01
2.091137766838073730e-01
2.089624702930450439e-01
2.090145051479339600e-01
2.083104848861694336e-01
2.114518433809280396e-01
2.102403789758682251e-01
2.087298333644866943e-01
2.119287848472595215e-01
2.109955251216888428e-01
2.122177928686141968e-01
2.107091844081878662e-01
2.133374512195587158e-01
2.077336907386779785e-01
2.120406925678253174e-01
2.109299898147583008e-01
2.097953855991363525e-01
2.112283855676651001e-01
2.145142406225204468e-01
2.080142945051193237e-01
2.082597166299819946e-01
2.115790396928787231e-01
2.119271606206893921e-01
2.127649784088134766e-01
2.105639874935150146e-01
2.088284194469451904e-01
2.113153636455535889e-01
2.066369205713272095e-01
2.084359228610992432e-01
2.109406590461730957e-01
2.090400159358978271e-01
2.086393982172012329e-01
2.084958106279373169e-01
2.072315514087677002e-01
2.072700858116149902e-01
2.096643298864364624e-01
2.109214812517166138e-01
2.096609622240066528e-01
2.087270617485046387e-01
2.069644182920455933e-01
2.094259560108184814e-01
2.072824090719223022e-01
2.073213160037994385e-01
2.063018083572387695e-01
2.083482444286346436e-01
2.110114842653274536e-01
2.092054039239883423e-01
2.103376835584640503e-01
2.143454402685165405e-01
2.073132097721099854e-01
2.097861170768737793e-01
2.065574079751968384e-01
2.089196145534515381e-01
2.068535238504409790e-01
2.097359001636505127e-01
2.106713503599166870e-01
2.083569765090942383e-01
2.059925049543380737e-01
2.119611352682113647e-01
2.088967263698577881e-01
2.066378742456436157e-01
2.087777853012084961e-01
2.092097699642181396e-01
2.082284241914749146e-01
2.094037830829620361e-01
2.078999876976013184e-01
2.072047591209411621e-01
2.083604931831359863e-01
2.084527462720870972e-01
2.070632278919219971e-01
2.086995989084243774e-01
2.081176042556762695e-01
2.073311060667037964e-01
2.072824239730834961e-01
2.075926512479782104e-01
2.059272676706314087e-01
2.060535997152328491e-01
2.107044458389282227e-01
2.067728489637374878e-01
2.076235264539718628e-01
2.056142538785934448e-01
2.080517411231994629e-01
2.096669375896453857e-01
2.072651088237762451e-01
2.092930078506469727e-01
2.078144252300262451e-01
2.083125114440917969e-01
2.090751528739929199e-01
2.077010720968246460e-01
2.078184634447097778e-01
2.082915902137756348e-01
2.072184085845947266e-01
2.052887678146362305e-01
2.069888859987258911e-01
2.064518928527832031e-01
2.078207135200500488e-01
2.084937691688537598e-01
2.063590288162231445e-01
2.071546912193298340e-01
2.060886323451995850e-01
2.043427228927612305e-01
2.063217163085937500e-01
2.052028477191925049e-01
2.064699232578277588e-01
2.068591713905334473e-01
2.076203972101211548e-01
2.075295001268386841e-01
2.044354528188705444e-01
2.064405977725982666e-01
2.060340344905853271e-01
2.077454775571823120e-01
2.070021033287048340e-01
2.080338001251220703e-01
2.076938003301620483e-01
2.030688077211380005e-01
2.081124037504196167e-01
2.083623409271240234e-01
2.062937766313552856e-01
2.048561573028564453e-01
2.079271972179412842e-01
2.058932185173034668e-01
2.074552178382873535e-01
2.040763497352600098e-01
2.061302214860916138e-01
2.040167152881622314e-01
2.082402557134628296e-01
2.043927162885665894e-01
2.041992545127868652e-01
2.085114568471908569e-01
2.056074738502502441e-01
2.085577249526977539e-01
2.065585106611251831e-01
2.056112587451934814e-01
2.067881077527999878e-01
2.040480375289916992e-01
2.080221921205520630e-01
2.060340642929077148e-01
2.075442522764205933e-01
2.067899405956268311e-01
2.042094022035598755e-01
2.043553739786148071e-01
2.041332721710205078e-01
2.062698155641555786e-01
2.034300565719604492e-01
2.031606137752532959e-01
2.059831470251083374e-01
2.058304697275161743e-01
2.041876167058944702e-01
2.027035951614379883e-01
2.048285156488418579e-01
2.042047083377838135e-01
2.051853835582733154e-01
2.058601975440979004e-01
2.044880241155624390e-01
2.034828513860702515e-01
2.036491781473159790e-01
2.055831849575042725e-01
2.054502815008163452e-01
2.045913487672805786e-01
2.037802636623382568e-01
2.037284672260284424e-01
2.040492445230484009e-01
2.061589509248733521e-01
2.023223489522933960e-01
2.048057019710540771e-01
2.039657980203628540e-01
2.044628411531448364e-01
2.029439061880111694e-01
2.029688060283660889e-01
2.054069638252258301e-01
2.037314027547836304e-01
2.017945796251296997e-01
2.048040479421615601e-01
2.008188366889953613e-01
2.027497142553329468e-01
2.066167891025543213e-01
2.068641483783721924e-01
2.025060653686523438e-01
2.059022337198257446e-01
1.999833434820175171e-01
2.021779567003250122e-01
2.056612968444824219e-01
2.026156038045883179e-01
2.042082995176315308e-01
2.058141529560089111e-01
2.010193914175033569e-01
2.059521079063415527e-01
2.044631391763687134e-01
2.034822553396224976e-01
2.048633992671966553e-01
2.035026252269744873e-01
2.058495432138442993e-01
2.057677358388900757e-01
2.026672661304473877e-01
2.016044259071350098e-01
2.041397392749786377e-01
2.017135322093963623e-01
2.037904113531112671e-01
2.026179432868957520e-01
2.054449915885925293e-01
2.038384079933166504e-01
2.037247866392135620e-01
2.035360932350158691e-01
2.028741687536239624e-01
2.020670026540756226e-01
2.026622295379638672e-01
2.043934315443038940e-01
2.043588906526565552e-01
2.020214647054672241e-01
2.033042907714843750e-01
2.033933401107788086e-01
2.066939026117324829e-01
2.028461694717407227e-01
2.045914679765701294e-01
2.014749944210052490e-01
2.016847431659698486e-01
2.000475376844406128e-01
2.026284635066986084e-01
2.007330507040023804e-01
2.017757594585418701e-01
2.036205530166625977e-01
2.014188617467880249e-01
2.033720612525939941e-01
2.013008892536163330e-01
2.026347666978836060e-01
2.012549936771392822e-01
2.025351375341415405e-01
2.003904283046722412e-01
2.026847451925277710e-01
2.048977464437484741e-01
2.014419287443161011e-01
2.020292282104492188e-01
2.027654051780700684e-01
2.024285197257995605e-01
2.036497145891189575e-01
2.013643085956573486e-01
2.020505517721176147e-01
2.040660977363586426e-01
2.054474353790283203e-01
2.024203836917877197e-01
1.993832290172576904e-01
2.004325538873672485e-01
2.016919106245040894e-01
2.010138183832168579e-01
2.019191682338714600e-01
2.030915766954421997e-01
1.996241956949234009e-01
2.025818973779678345e-01
2.002632915973663330e-01
1.999250650405883789e-01
2.021338045597076416e-01
2.024707943201065063e-01
1.996856182813644409e-01
2.025905847549438477e-01
2.042549997568130493e-01
2.007369995117187500e-01
2.008279561996459961e-01
2.015791237354278564e-01
2.022034674882888794e-01
1.997729092836380005e-01
2.005891501903533936e-01
2.043584734201431274e-01
2.005307525396347046e-01
2.024397850036621094e-01
2.013506740331649780e-01
2.019788175821304321e-01
1.974986791610717773e-01
1.984492391347885132e-01
1.996758729219436646e-01
2.015134394168853760e-01
2.025680691003799438e-01
2.003867924213409424e-01
2.008550018072128296e-01
2.025215327739715576e-01
2.022338658571243286e-01
1.989633142948150635e-01
2.011595666408538818e-01
2.014331072568893433e-01
2.014960497617721558e-01
1.997988820075988770e-01
1.998050957918167114e-01
1.987997591495513916e-01
2.018266320228576660e-01
1.996171176433563232e-01
1.992563009262084961e-01
1.998221874237060547e-01
1.987764686346054077e-01
2.008986324071884155e-01
1.990229338407516479e-01
2.022747993469238281e-01
2.021465003490447998e-01
2.008230835199356079e-01
1.981735527515411377e-01
2.026889771223068237e-01
1.993663758039474487e-01
2.005922943353652954e-01
2.010522633790969849e-01
1.979498118162155151e-01
1.994673013687133789e-01
2.019269466400146484e-01
2.023592293262481689e-01
1.991759091615676880e-01
1.984459012746810913e-01
2.000025063753128052e-01
2.006938755512237549e-01
2.005472630262374878e-01
1.972027570009231567e-01
2.008848637342453003e-01
1.980774849653244019e-01
1.983383893966674805e-01
2.011589556932449341e-01
1.985305696725845337e-01
1.963975876569747925e-01
1.980601102113723755e-01
1.977171450853347778e-01
2.015822380781173706e-01
2.027279734611511230e-01
1.982211470603942871e-01
2.003746926784515381e-01
1.986146420240402222e-01
1.987759321928024292e-01
1.956983357667922974e-01
1.980329602956771851e-01
2.015093415975570679e-01
1.993082314729690552e-01
1.985529810190200806e-01
1.984262913465499878e-01
2.011750936508178711e-01
1.990708261728286743e-01
2.031527310609817505e-01
1.996153593063354492e-01
1.993358284235000610e-01
1.986079663038253784e-01
2.002438902854919434e-01
1.995105296373367310e-01
2.022063881158828735e-01
1.994673609733581543e-01
2.000102251768112183e-01
1.990939229726791382e-01
1.976360231637954712e-01
1.984261274337768555e-01
1.985540091991424561e-01
1.960878074169158936e-01
1.979420930147171021e-01
1.965143829584121704e-01
1.971712261438369751e-01
1.954274773597717285e-01
1.978267729282379150e-01
1.978376805782318115e-01
1.981336325407028198e-01
1.983497291803359985e-01
1.981460005044937134e-01
1.990931928157806396e-01
1.968872100114822388e-01
1.991277784109115601e-01
1.992065906524658203e-01
1.980674415826797485e-01
1.981420516967773438e-01
1.991917788982391357e-01
1.984252184629440308e-01
1.992157995700836182e-01
1.985551267862319946e-01
1.978366822004318237e-01
1.964429020881652832e-01
1.961336582899093628e-01
1.968890726566314697e-01
1.976822316646575928e-01
1.980807632207870483e-01
1.984304338693618774e-01
1.956108212471008301e-01
1.991097927093505859e-01
2.012874633073806763e-01
1.999399363994598389e-01
1.965972185134887695e-01
1.956159174442291260e-01
2.006414830684661865e-01
1.995117366313934326e-01
1.957834511995315552e-01
1.989910751581192017e-01
1.984813660383224487e-01
1.963891088962554932e-01
1.986130774021148682e-01
1.977439969778060913e-01
1.969569921493530273e-01
1.978680938482284546e-01
1.956703960895538330e-01
1.951739042997360229e-01
1.992447525262832642e-01
1.980955898761749268e-01
1.967420578002929688e-01
1.961735934019088745e-01
1.938184648752212524e-01
1.981895714998245239e-01
1.945314258337020874e-01
1.985114365816116333e-01
1.987159848213195801e-01
1.976594775915145874e-01
1.945600658655166626e-01
1.961397677659988403e-01
1.994616538286209106e-01
1.977518945932388306e-01
1.964220106601715088e-01
1.961830705404281616e-01
1.975706517696380615e-01
1.978372633457183838e-01
1.991254538297653198e-01
1.981107443571090698e-01
1.951407194137573242e-01
1.978414207696914673e-01
1.966798454523086548e-01
1.981114894151687622e-01
1.962661743164062500e-01
1.989804804325103760e-01
1.960069835186004639e-01
1.975303143262863159e-01
1.966975331306457520e-01
1.967786699533462524e-01
1.972482949495315552e-01
1.979162991046905518e-01
1.939507871866226196e-01
1.969605684280395508e-01
1.976410001516342163e-01
1.945204883813858032e-01
1.980636268854141235e-01
1.974305957555770874e-01
1.945040673017501831e-01
1.969512253999710083e-01
1.942638009786605835e-01
1.956844478845596313e-01
1.963309347629547119e-01
1.961275786161422729e-01
1.935069113969802856e-01
1.986828297376632690e-01
1.945160031318664551e-01
1.959041953086853027e-01
1.968629211187362671e-01
1.980259269475936890e-01
1.954717338085174561e-01
1.983094662427902222e-01
1.987594962120056152e-01
1.983599066734313965e-01
1.962156444787979126e-01
1.955491006374359131e-01
1.961768120527267456e-01
1.953576952219009399e-01
1.972889304161071777e-01
1.978004872798919678e-01
1.950937062501907349e-01
1.977831572294235229e-01
1.985147893428802490e-01
1.935104578733444214e-01
1.939438879489898682e-01
1.944796293973922729e-01
1.957756131887435913e-01
1.928265392780303955e-01
1.954552382230758667e-01
1.946722567081451416e-01
1.956048458814620972e-01
1.965522468090057373e-01
1.946567296981811523e-01
1.971531063318252563e-01
1.959910839796066284e-01
1.967568993568420410e-01
1.939776241779327393e-01
1.971447020769119263e-01
1.994925439357757568e-01
1.928397864103317261e-01
1.963209658861160278e-01
1.963310539722442627e-01
1.962832957506179810e-01
1.959217637777328491e-01
1.935867220163345337e-01
1.952268928289413452e-01
1.966527700424194336e-01
1.965211033821105957e-01
1.961686462163925171e-01
1.925772428512573242e-01
1.940335184335708618e-01
1.968797147274017334e-01
1.983941495418548584e-01
1.965172141790390015e-01
1.964828968048095703e-01
1.975523531436920166e-01
1.951839178800582886e-01
1.960833966732025146e-01
1.963334828615188599e-01
1.946064680814743042e-01
1.972915828227996826e-01
1.958550214767456055e-01
1.942023932933807373e-01
1.960386782884597778e-01
1.955498903989791870e-01
1.928681582212448120e-01
1.963717788457870483e-01
1.956284642219543457e-01
1.932071149349212646e-01
1.924755126237869263e-01
1.945221871137619019e-01
1.953748017549514771e-01
1.991225183010101318e-01
1.969493329524993896e-01
1.943148523569107056e-01
1.969334334135055542e-01
1.930926144123077393e-01
1.941857188940048218e-01
1.948141157627105713e-01
1.946679949760437012e-01
1.956390589475631714e-01
1.945265233516693115e-01
1.945538073778152466e-01
1.971080452203750610e-01
1.948002129793167114e-01
1.947423368692398071e-01
1.944865137338638306e-01
1.949868053197860718e-01
1.955661624670028687e-01
1.958629786968231201e-01
1.944193542003631592e-01
1.944281607866287231e-01
1.918754279613494873e-01
1.957566142082214355e-01
1.951489895582199097e-01
1.953261196613311768e-01
1.929394006729125977e-01
1.959784328937530518e-01
1.947942525148391724e-01
1.918602585792541504e-01
1.958281099796295166e-01
1.954232156276702881e-01
1.944645047187805176e-01
1.939674317836761475e-01
1.951823532581329346e-01
1.912176162004470825e-01
1.945262551307678223e-01
1.915310174226760864e-01
1.929911524057388306e-01
1.950356662273406982e-01
1.909750401973724365e-01
1.923518329858779907e-01
1.937970072031021118e-01
1.915064454078674316e-01
1.959663927555084229e-01
1.963108032941818237e-01
1.903338730335235596e-01
1.908365935087203979e-01
1.933500170707702637e-01
1.950037777423858643e-01
1.956478804349899292e-01
1.947035342454910278e-01
1.914078295230865479e-01
1.936386525630950928e-01
1.940983831882476807e-01
1.904060989618301392e-01
1.909522712230682373e-01
1.947275102138519287e-01
1.936081945896148682e-01
1.949260085821151733e-01
1.921643018722534180e-01
1.916031241416931152e-01
1.925220638513565063e-01
1.930170804262161255e-01
1.954449415206909180e-01
1.930892020463943481e-01
1.913932114839553833e-01
1.925895214080810547e-01
1.925068497657775879e-01
1.917250603437423706e-01
1.928507238626480103e-01
1.929842084646224976e-01
1.928654611110687256e-01
1.924221366643905640e-01
