1.628906728029251072e+00
1.277522726058959890e+00
1.137916240692138592e+00
1.009213996529579216e+00
9.290061450004577503e-01
8.666118216514587802e-01
8.185416090488434326e-01
6.401348409056663025e-01
6.578236210346222190e-01
6.423561221361160367e-01
6.302770528197289002e-01
5.998829203844070479e-01
6.200229936838149714e-01
5.809678667783737538e-01
4.433427250385284513e-01
4.455247509479522972e-01
4.421973745524883093e-01
4.512571637332439267e-01
4.364383496344089730e-01
4.276722770929336503e-01
4.355964066088199860e-01
2.882254205644130818e-01
2.975132896006107419e-01
3.133555965125560672e-01
3.005767203867435455e-01
3.057104213535785653e-01
3.163260470330715446e-01
3.276741366088390395e-01
1.969955459237098805e-01
1.954755414277315195e-01
2.091090485453605541e-01
2.159448260068893566e-01
2.294555354118347212e-01
2.224166751652955909e-01
2.285193085670471080e-01
1.594016589969396713e-01
1.634351132065057777e-01
1.569104218482971214e-01
1.651198790967464414e-01
1.695824235677719227e-01
1.711855190992355447e-01
1.815231626480817706e-01
1.280471340566873562e-01
1.258228977397084225e-01
1.288322082906961374e-01
1.293133936077356383e-01
1.402891546860337291e-01
1.361808239296078693e-01
1.505633538961410611e-01
1.110053770616650642e-01
1.067619570344686547e-01
1.181976116076111777e-01
1.171108692139387064e-01
1.190481792017817481e-01
1.258548960462212429e-01
1.430345871299505134e-01
1.660546813532710053e-01
2.115131218731403362e-01
2.117346303910017102e-01
2.237713493406772725e-01
2.438235535472631499e-01
2.189954674243926869e-01
2.184778090193867650e-01
1.017805943079292813e-01
1.099368461035191979e-01
1.167003388423472621e-01
1.296334234811365727e-01
1.258022200874984176e-01
1.393497066199779477e-01
1.422871496900915966e-01
8.207794614136218470e-02
8.521691672038286813e-02
8.075195761397481464e-02
9.318047160282731667e-02
1.086022055335342934e-01
1.199611106514930775e-01
8.945050169713794630e-02
8.119052190333604646e-02
6.497885331511497886e-02
9.689805731642991971e-02
8.663982298690825479e-02
9.157026792876422905e-02
7.904363361187279058e-02
9.866910472977906410e-02
6.929085840936749507e-02
7.429762572981417346e-02
8.501578788738697878e-02
7.350801079766824953e-02
7.868225117214024122e-02
7.599405635846778750e-02
8.448241014964878726e-02
7.279825616162270696e-02
6.355782338883728122e-02
7.583537919912487768e-02
5.962226694915443576e-02
6.794160960242151548e-02
7.111020006239414382e-02
8.226990920491517034e-02
8.477752116043120456e-02
5.957061261637136562e-02
7.606604516040534059e-02
5.739125204621814413e-02
7.567335027735680453e-02
7.989771405234932788e-02
6.743870805948973257e-02
