9.905846714973449707e-01
9.772223234176635742e-01
9.670367240905761719e-01
9.558469057083129883e-01
9.455069899559020996e-01
9.342751502990722656e-01
9.227681159973144531e-01
9.103152155876159668e-01
8.962455987930297852e-01
8.824092745780944824e-01
8.639172911643981934e-01
8.448438048362731934e-01
8.277046680450439453e-01
8.054235577583312988e-01
7.800315022468566895e-01
7.571375966072082520e-01
7.303481698036193848e-01
7.144785523414611816e-01
6.793823242187500000e-01
6.642705202102661133e-01
6.342329978942871094e-01
6.115695238113403320e-01
5.992259383201599121e-01
5.924034714698791504e-01
5.759696364402770996e-01
5.885128974914550781e-01
5.631970167160034180e-01
5.681053996086120605e-01
5.542999505996704102e-01
5.470585823059082031e-01
5.492423176765441895e-01
5.325411558151245117e-01
5.283930897712707520e-01
5.207994580268859863e-01
5.075345039367675781e-01
4.950288832187652588e-01
5.013440847396850586e-01
4.945349991321563721e-01
4.943332374095916748e-01
4.930391609668731689e-01
4.925329983234405518e-01
4.839979410171508789e-01
4.836401045322418213e-01
4.772809445858001709e-01
4.762166738510131836e-01
4.722142517566680908e-01
4.680274724960327148e-01
4.711681306362152100e-01
4.606550037860870361e-01
4.657582044601440430e-01
4.602275788784027100e-01
4.543276429176330566e-01
4.551227688789367676e-01
4.521515667438507080e-01
4.447113871574401855e-01
4.480473697185516357e-01
4.392158389091491699e-01
4.400530755519866943e-01
4.395900070667266846e-01
4.317984879016876221e-01
4.317193925380706787e-01
4.290862977504730225e-01
4.279889166355133057e-01
4.286200702190399170e-01
4.230837225914001465e-01
4.269401133060455322e-01
4.191106557846069336e-01
4.207948744297027588e-01
4.234726428985595703e-01
4.228641986846923828e-01
4.166054129600524902e-01
4.120150804519653320e-01
4.092895984649658203e-01
4.110388159751892090e-01
4.062788188457489014e-01
4.029413163661956787e-01
4.100501239299774170e-01
4.102508425712585449e-01
4.063384234905242920e-01
4.009077548980712891e-01
4.016492962837219238e-01
3.994543254375457764e-01
4.029929339885711670e-01
3.967215120792388916e-01
3.989545404911041260e-01
4.004924297332763672e-01
3.961948752403259277e-01
3.906029164791107178e-01
3.859980106353759766e-01
3.928973674774169922e-01
3.869739472866058350e-01
3.885636627674102783e-01
3.839970231056213379e-01
3.861612677574157715e-01
3.850457370281219482e-01
3.865052759647369385e-01
3.814058303833007812e-01
3.829021453857421875e-01
3.795785903930664062e-01
3.782739341259002686e-01
3.746076822280883789e-01
3.767047226428985596e-01
3.751107156276702881e-01
3.706058263778686523e-01
3.689917623996734619e-01
3.738964498043060303e-01
3.686203956604003906e-01
3.694484233856201172e-01
3.678012788295745850e-01
3.663901388645172119e-01
3.716705143451690674e-01
3.672824800014495850e-01
3.677780330181121826e-01
3.646219968795776367e-01
3.647373020648956299e-01
3.616587817668914795e-01
3.615359365940093994e-01
3.606290817260742188e-01
3.581093251705169678e-01
3.613708317279815674e-01
3.576737046241760254e-01
3.597729504108428955e-01
3.573021590709686279e-01
3.537039756774902344e-01
3.523121476173400879e-01
3.520970344543457031e-01
3.521032035350799561e-01
3.516135513782501221e-01
3.518067300319671631e-01
3.496764898300170898e-01
3.493611514568328857e-01
3.454912602901458740e-01
3.457449972629547119e-01
3.472212553024291992e-01
3.472729623317718506e-01
3.442425131797790527e-01
3.432117104530334473e-01
3.470672965049743652e-01
3.396271169185638428e-01
3.397177457809448242e-01
3.427537679672241211e-01
3.426460325717926025e-01
3.415581285953521729e-01
3.349827229976654053e-01
3.358368277549743652e-01
3.353305459022521973e-01
3.348269462585449219e-01
3.328413367271423340e-01
3.338955342769622803e-01
3.345419168472290039e-01
3.319917619228363037e-01
3.288365900516510010e-01
3.276644051074981689e-01
3.311910331249237061e-01
3.318009078502655029e-01
3.271622657775878906e-01
3.288402855396270752e-01
3.265722692012786865e-01
3.269557952880859375e-01
3.249360024929046631e-01
3.249914348125457764e-01
3.197898864746093750e-01
3.290751278400421143e-01
3.208044469356536865e-01
3.189944028854370117e-01
3.214564621448516846e-01
3.245860934257507324e-01
3.219417631626129150e-01
3.202475309371948242e-01
3.168208003044128418e-01
3.198759853839874268e-01
3.182412087917327881e-01
3.172854185104370117e-01
3.192191421985626221e-01
3.123127520084381104e-01
3.178721964359283447e-01
3.161528110504150391e-01
3.107039332389831543e-01
3.140175640583038330e-01
3.136889636516571045e-01
3.116715252399444580e-01
3.089045584201812744e-01
3.087562620639801025e-01
3.071925640106201172e-01
3.096380531787872314e-01
3.091409206390380859e-01
3.086183667182922363e-01
3.059472739696502686e-01
3.043415546417236328e-01
3.062184453010559082e-01
3.020214140415191650e-01
3.035848736763000488e-01
3.050863444805145264e-01
3.025434613227844238e-01
3.013319671154022217e-01
2.974235415458679199e-01
3.012851178646087646e-01
2.984289228916168213e-01
2.985011041164398193e-01
2.996722459793090820e-01
3.001373112201690674e-01
3.012988269329071045e-01
2.981259226799011230e-01
2.961701154708862305e-01
2.979398071765899658e-01
2.952390909194946289e-01
2.957161962985992432e-01
2.945927381515502930e-01
2.910186052322387695e-01
2.957202494144439697e-01
2.939140498638153076e-01
2.938606739044189453e-01
2.908492088317871094e-01
2.923618853092193604e-01
2.924932837486267090e-01
2.938126325607299805e-01
2.936864495277404785e-01
2.896934449672698975e-01
2.890902757644653320e-01
2.876010239124298096e-01
2.886781096458435059e-01
2.886414229869842529e-01
2.866885066032409668e-01
2.860695719718933105e-01
2.831276655197143555e-01
2.848860025405883789e-01
2.846063971519470215e-01
2.951400279998779297e-01
2.846629619598388672e-01
2.842311859130859375e-01
2.845312654972076416e-01
2.860822677612304688e-01
2.831459641456604004e-01
2.826756536960601807e-01
2.801999151706695557e-01
2.801168859004974365e-01
2.807009816169738770e-01
2.813300192356109619e-01
2.808016836643218994e-01
2.813267111778259277e-01
2.772637009620666504e-01
2.810091972351074219e-01
2.786398828029632568e-01
2.791547179222106934e-01
2.826409637928009033e-01
2.791043519973754883e-01
2.775343656539916992e-01
2.781089246273040771e-01
2.768838405609130859e-01
2.777238488197326660e-01
2.758726477622985840e-01
2.808784842491149902e-01
2.736454308032989502e-01
2.777976989746093750e-01
2.734383642673492432e-01
2.726216912269592285e-01
2.765936255455017090e-01
2.728611826896667480e-01
2.756970822811126709e-01
2.711540162563323975e-01
2.719902098178863525e-01
2.695431113243103027e-01
2.709071040153503418e-01
2.728017866611480713e-01
2.718921899795532227e-01
2.722174525260925293e-01
2.706402540206909180e-01
2.706351578235626221e-01
2.699908912181854248e-01
2.699819803237915039e-01
2.683649063110351562e-01
2.696964740753173828e-01
2.661189436912536621e-01
2.661337852478027344e-01
2.641015052795410156e-01
2.702285349369049072e-01
2.694813013076782227e-01
2.657906115055084229e-01
2.674911320209503174e-01
2.660135924816131592e-01
2.672435939311981201e-01
2.660374343395233154e-01
2.658281028270721436e-01
2.682864665985107422e-01
2.639578580856323242e-01
2.624036967754364014e-01
2.644439637660980225e-01
2.621211409568786621e-01
2.658186554908752441e-01
2.629910409450531006e-01
2.603212594985961914e-01
2.633211016654968262e-01
2.634715735912322998e-01
2.609274983406066895e-01
2.639394700527191162e-01
2.594804167747497559e-01
2.588739693164825439e-01
2.585234940052032471e-01
2.630474269390106201e-01
2.615802288055419922e-01
2.819922864437103271e-01
2.830897569656372070e-01
2.824487686157226562e-01
2.809565365314483643e-01
2.796669304370880127e-01
2.813616096973419189e-01
2.812417149543762207e-01
2.784219384193420410e-01
2.795404493808746338e-01
2.774951457977294922e-01
2.781935632228851318e-01
2.819021642208099365e-01
2.746027410030364990e-01
2.733602523803710938e-01
2.794255018234252930e-01
2.737100422382354736e-01
2.788679599761962891e-01
2.779310941696166992e-01
2.758140265941619873e-01
2.762662768363952637e-01
2.764855325222015381e-01
2.766733765602111816e-01
2.771036624908447266e-01
2.734976708889007568e-01
2.753306627273559570e-01
2.730495333671569824e-01
2.754993140697479248e-01
2.750543355941772461e-01
2.759025096893310547e-01
2.708073556423187256e-01
2.757534682750701904e-01
2.703171968460083008e-01
2.743572294712066650e-01
2.737523615360260010e-01
2.700029611587524414e-01
2.715025544166564941e-01
2.702108025550842285e-01
2.686649858951568604e-01
2.699535191059112549e-01
2.698971033096313477e-01
2.697093784809112549e-01
2.715000808238983154e-01
2.707798480987548828e-01
2.698758244514465332e-01
2.641195952892303467e-01
2.702755033969879150e-01
2.678273916244506836e-01
2.656672596931457520e-01
2.698572874069213867e-01
2.702931165695190430e-01
2.694433033466339111e-01
2.668848037719726562e-01
2.669606208801269531e-01
2.640961110591888428e-01
2.683818042278289795e-01
2.652682960033416748e-01
2.642126679420471191e-01
2.651270627975463867e-01
2.630548477172851562e-01
2.605842947959899902e-01
2.665761411190032959e-01
2.623211741447448730e-01
2.652800679206848145e-01
2.636665403842926025e-01
2.672301530838012695e-01
2.644441723823547363e-01
2.610539793968200684e-01
2.637720108032226562e-01
2.663527429103851318e-01
2.631762027740478516e-01
2.645612061023712158e-01
2.601684927940368652e-01
2.609518468379974365e-01
2.622031867504119873e-01
2.632746994495391846e-01
2.614490091800689697e-01
2.586372494697570801e-01
2.580304443836212158e-01
2.582297921180725098e-01
2.585991919040679932e-01
2.595084309577941895e-01
2.593439519405364990e-01
2.578257620334625244e-01
2.601016163825988770e-01
2.562232315540313721e-01
2.565163969993591309e-01
2.554419338703155518e-01
2.577609717845916748e-01
2.606781423091888428e-01
2.581567764282226562e-01
2.581839561462402344e-01
2.553539276123046875e-01
2.572610974311828613e-01
2.592163980007171631e-01
2.579226195812225342e-01
2.575086653232574463e-01
2.586361765861511230e-01
2.552897632122039795e-01
2.545947134494781494e-01
2.549279332160949707e-01
2.550980746746063232e-01
2.545028030872344971e-01
2.544830143451690674e-01
2.532656490802764893e-01
2.565760612487792969e-01
2.563033103942871094e-01
2.540904283523559570e-01
2.536612153053283691e-01
2.566295266151428223e-01
2.514248788356781006e-01
2.550301849842071533e-01
2.546197474002838135e-01
2.551229298114776611e-01
2.525951266288757324e-01
2.534831166267395020e-01
2.525964677333831787e-01
2.498672902584075928e-01
2.554995715618133545e-01
2.505467534065246582e-01
2.532808780670166016e-01
2.509984672069549561e-01
2.534491419792175293e-01
2.512750625610351562e-01
2.488023638725280762e-01
2.517780661582946777e-01
2.519353926181793213e-01
2.516078352928161621e-01
2.531640827655792236e-01
2.501001358032226562e-01
2.496406137943267822e-01
2.515792548656463623e-01
2.497389167547225952e-01
2.506293356418609619e-01
2.467159628868103027e-01
2.502654790878295898e-01
2.509707510471343994e-01
2.474378198385238647e-01
2.513556480407714844e-01
2.514987885951995850e-01
2.476975768804550171e-01
2.508043348789215088e-01
2.504597008228302002e-01
2.502220571041107178e-01
2.523662447929382324e-01
2.477925568819046021e-01
2.531011700630187988e-01
2.506504952907562256e-01
2.448955178260803223e-01
2.475840896368026733e-01
2.474308460950851440e-01
2.469131499528884888e-01
2.476672381162643433e-01
2.474070191383361816e-01
2.448326200246810913e-01
2.511755228042602539e-01
2.468137294054031372e-01
2.463262379169464111e-01
2.475526779890060425e-01
2.473216205835342407e-01
2.443760782480239868e-01
2.455963641405105591e-01
2.424036711454391479e-01
2.458218038082122803e-01
2.477992177009582520e-01
2.450363039970397949e-01
2.449026405811309814e-01
2.454726248979568481e-01
2.446428835391998291e-01
2.442905157804489136e-01
2.423415035009384155e-01
2.437566965818405151e-01
2.450263202190399170e-01
2.419452220201492310e-01
2.437435984611511230e-01
2.445687055587768555e-01
2.437486201524734497e-01
2.453032881021499634e-01
2.428733408451080322e-01
2.442476153373718262e-01
2.448642104864120483e-01
2.431535273790359497e-01
2.412703782320022583e-01
2.438078373670578003e-01
2.427783161401748657e-01
2.433172017335891724e-01
2.410158514976501465e-01
2.438867986202239990e-01
2.425940781831741333e-01
2.434783130884170532e-01
2.452462613582611084e-01
2.432397902011871338e-01
2.437638789415359497e-01
2.405008822679519653e-01
2.405078858137130737e-01
2.421429455280303955e-01
2.428601533174514771e-01
2.428231388330459595e-01
2.402061522006988525e-01
2.410403341054916382e-01
2.406489849090576172e-01
2.441403120756149292e-01
2.413467764854431152e-01
2.406742870807647705e-01
2.393652796745300293e-01
2.410500347614288330e-01
2.405208647251129150e-01
2.421660721302032471e-01
2.404123395681381226e-01
2.401232272386550903e-01
2.428616583347320557e-01
2.426321208477020264e-01
2.422214448451995850e-01
2.370358854532241821e-01
2.406949400901794434e-01
2.383606880903244019e-01
2.425379902124404907e-01
2.405207753181457520e-01
2.390298843383789062e-01
2.390265911817550659e-01
2.408724427223205566e-01
2.395678460597991943e-01
2.394962459802627563e-01
2.360185980796813965e-01
2.338183820247650146e-01
2.401687949895858765e-01
2.401846647262573242e-01
2.380362749099731445e-01
2.351762056350708008e-01
2.362800091505050659e-01
2.386532574892044067e-01
2.348657250404357910e-01
2.396454215049743652e-01
2.372469604015350342e-01
2.383372932672500610e-01
2.349149435758590698e-01
2.385782003402709961e-01
2.344235181808471680e-01
2.376278489828109741e-01
2.378780692815780640e-01
2.357834130525588989e-01
2.383834123611450195e-01
2.348796278238296509e-01
2.400078624486923218e-01
2.377911806106567383e-01
2.369335442781448364e-01
2.391592562198638916e-01
2.356166392564773560e-01
2.356581836938858032e-01
2.361084371805191040e-01
2.366558015346527100e-01
2.338279336690902710e-01
2.355495989322662354e-01
2.357053160667419434e-01
2.363209575414657593e-01
2.368614077568054199e-01
2.372967004776000977e-01
2.357440739870071411e-01
2.352446913719177246e-01
2.340055853128433228e-01
2.380308359861373901e-01
2.377150505781173706e-01
2.360312938690185547e-01
2.358581274747848511e-01
2.328730374574661255e-01
2.374336421489715576e-01
2.350976914167404175e-01
2.318259626626968384e-01
2.320257723331451416e-01
2.356505244970321655e-01
2.328047454357147217e-01
2.352113872766494751e-01
2.384566366672515869e-01
2.338570356369018555e-01
2.336497008800506592e-01
2.302411049604415894e-01
2.341682165861129761e-01
2.329153865575790405e-01
2.348725348711013794e-01
2.332339435815811157e-01
2.364550381898880005e-01
2.320243269205093384e-01
2.301021814346313477e-01
2.336249798536300659e-01
2.320200800895690918e-01
2.348488569259643555e-01
2.372294217348098755e-01
2.334672212600708008e-01
2.324936240911483765e-01
2.318341135978698730e-01
2.325516790151596069e-01
2.306275814771652222e-01
2.315365523099899292e-01
2.333071529865264893e-01
2.331873625516891479e-01
2.327930480241775513e-01
2.325863391160964966e-01
2.291289567947387695e-01
2.317937761545181274e-01
2.305852025747299194e-01
2.314578443765640259e-01
2.282771021127700806e-01
2.327598780393600464e-01
2.318081855773925781e-01
2.344522029161453247e-01
2.297234684228897095e-01
2.328684478998184204e-01
2.295309007167816162e-01
2.323118150234222412e-01
2.320096492767333984e-01
2.307374626398086548e-01
2.312609553337097168e-01
2.306091636419296265e-01
2.304001152515411377e-01
2.338735908269882202e-01
2.308464050292968750e-01
2.338425070047378540e-01
2.303155064582824707e-01
2.303529232740402222e-01
2.312486916780471802e-01
2.304327487945556641e-01
2.336169332265853882e-01
2.312569469213485718e-01
2.295091599225997925e-01
2.294962406158447266e-01
2.310501188039779663e-01
2.287358194589614868e-01
2.302232533693313599e-01
2.303523868322372437e-01
2.308798730373382568e-01
2.284974008798599243e-01
2.300606369972229004e-01
2.287409603595733643e-01
2.276306152343750000e-01
2.311684340238571167e-01
2.296788245439529419e-01
2.287810295820236206e-01
2.245893478393554688e-01
2.308868914842605591e-01
2.303974330425262451e-01
2.280586510896682739e-01
2.278931140899658203e-01
2.287758290767669678e-01
2.291660904884338379e-01
2.299221009016036987e-01
2.293254137039184570e-01
2.279291003942489624e-01
2.281315624713897705e-01
2.273019403219223022e-01
2.300286144018173218e-01
2.279883772134780884e-01
2.258650958538055420e-01
2.286291867494583130e-01
2.272365242242813110e-01
2.265889644622802734e-01
2.293416857719421387e-01
2.279912382364273071e-01
2.264427840709686279e-01
2.310816645622253418e-01
2.311835885047912598e-01
2.265812158584594727e-01
2.287096083164215088e-01
2.278056889772415161e-01
2.285647988319396973e-01
2.276117205619812012e-01
2.272244244813919067e-01
2.268647700548171997e-01
2.291808873414993286e-01
2.279773950576782227e-01
2.257566750049591064e-01
2.254808098077774048e-01
2.298442572355270386e-01
2.285435795783996582e-01
2.282321602106094360e-01
2.281380891799926758e-01
2.261736392974853516e-01
2.260554730892181396e-01
2.281961590051651001e-01
2.291335314512252808e-01
2.245623618364334106e-01
2.252010554075241089e-01
2.262359708547592163e-01
2.256831526756286621e-01
2.275164276361465454e-01
2.264741063117980957e-01
2.266167551279067993e-01
2.245254516601562500e-01
2.253391742706298828e-01
2.248108685016632080e-01
2.254028469324111938e-01
2.255502045154571533e-01
2.271798551082611084e-01
2.234314680099487305e-01
2.256271392107009888e-01
2.246015369892120361e-01
2.240804284811019897e-01
2.246721237897872925e-01
2.254894822835922241e-01
2.272990494966506958e-01
2.255457788705825806e-01
2.244159579277038574e-01
2.213667482137680054e-01
2.236597537994384766e-01
2.261964380741119385e-01
2.224259227514266968e-01
2.258368134498596191e-01
2.279347330331802368e-01
2.251910716295242310e-01
2.234544903039932251e-01
2.241348475217819214e-01
2.244734615087509155e-01
2.248422950506210327e-01
2.248829305171966553e-01
2.241347730159759521e-01
2.214100807905197144e-01
2.216871082782745361e-01
2.236067652702331543e-01
2.247130721807479858e-01
2.257751673460006714e-01
2.234632670879364014e-01
2.230604439973831177e-01
2.248491048812866211e-01
2.252584993839263916e-01
2.229582965373992920e-01
2.244389206171035767e-01
2.262905985116958618e-01
2.240400016307830811e-01
2.225919216871261597e-01
2.243545353412628174e-01
2.228204309940338135e-01
2.247307896614074707e-01
2.222590297460556030e-01
2.230997383594512939e-01
2.196365147829055786e-01
2.214779853820800781e-01
2.216338813304901123e-01
2.217453122138977051e-01
2.229219526052474976e-01
2.238183468580245972e-01
2.229043692350387573e-01
2.215117961168289185e-01
2.223009467124938965e-01
2.226407527923583984e-01
2.223601192235946655e-01
2.206665724515914917e-01
2.223803550004959106e-01
2.246806472539901733e-01
2.229501307010650635e-01
2.209631502628326416e-01
2.206237614154815674e-01
2.214412838220596313e-01
2.215268611907958984e-01
2.227777540683746338e-01
2.227184325456619263e-01
2.213472276926040649e-01
2.201818972826004028e-01
2.251410782337188721e-01
2.190155535936355591e-01
2.204216122627258301e-01
2.237689346075057983e-01
2.192731052637100220e-01
2.210897654294967651e-01
2.216741442680358887e-01
2.216479629278182983e-01
2.224130630493164062e-01
2.231900095939636230e-01
2.219298481941223145e-01
2.216524034738540649e-01
2.204194217920303345e-01
2.220724225044250488e-01
2.214771658182144165e-01
2.193768173456192017e-01
2.231746017932891846e-01
2.238196134567260742e-01
2.205037772655487061e-01
2.204146832227706909e-01
2.206182181835174561e-01
2.197053879499435425e-01
2.216215282678604126e-01
2.210880517959594727e-01
2.208409011363983154e-01
2.199796885251998901e-01
2.193769663572311401e-01
2.177122831344604492e-01
2.199031412601470947e-01
2.178931981325149536e-01
2.188211232423782349e-01
2.217689901590347290e-01
2.188300341367721558e-01
2.203423231840133667e-01
2.192954272031784058e-01
2.193442881107330322e-01
2.202261090278625488e-01
2.189804762601852417e-01
2.213511765003204346e-01
2.193627953529357910e-01
2.194319516420364380e-01
2.227022945880889893e-01
2.198888063430786133e-01
2.227285951375961304e-01
2.204183787107467651e-01
2.211532294750213623e-01
2.184220552444458008e-01
2.176259309053421021e-01
2.194164991378784180e-01
2.198698669672012329e-01
2.179167121648788452e-01
2.178469151258468628e-01
2.159198373556137085e-01
2.208880335092544556e-01
2.189017236232757568e-01
2.194242775440216064e-01
2.176361232995986938e-01
2.190399914979934692e-01
2.169695943593978882e-01
2.195103019475936890e-01
2.187692523002624512e-01
2.187755554914474487e-01
2.183898091316223145e-01
2.187167704105377197e-01
2.170348316431045532e-01
2.193671762943267822e-01
2.170421630144119263e-01
2.175678163766860962e-01
2.184638679027557373e-01
2.195651382207870483e-01
2.156441956758499146e-01
2.177621722221374512e-01
2.177445441484451294e-01
2.173337042331695557e-01
2.182130515575408936e-01
2.164601832628250122e-01
2.184405028820037842e-01
2.173739820718765259e-01
2.184261083602905273e-01
2.156462371349334717e-01
2.183480262756347656e-01
2.184107899665832520e-01
2.175923436880111694e-01
2.171177864074707031e-01
2.162027209997177124e-01
2.181967943906784058e-01
2.167520970106124878e-01
2.181334495544433594e-01
2.186476886272430420e-01
2.189671993255615234e-01
2.164337933063507080e-01
2.175008505582809448e-01
2.165506333112716675e-01
2.161964625120162964e-01
2.156719267368316650e-01
2.188869565725326538e-01
2.158317863941192627e-01
2.174762636423110962e-01
2.179495841264724731e-01
2.178602963685989380e-01
2.143140435218811035e-01
2.152550816535949707e-01
2.172220498323440552e-01
2.154068201780319214e-01
2.150216549634933472e-01
2.165839970111846924e-01
2.167301774024963379e-01
2.131162732839584351e-01
2.160074114799499512e-01
2.169239372014999390e-01
2.131122648715972900e-01
2.159527391195297241e-01
2.147766351699829102e-01
2.158326357603073120e-01
2.183620482683181763e-01
2.153619378805160522e-01
2.177423536777496338e-01
2.137592583894729614e-01
2.161093354225158691e-01
2.161743938922882080e-01
2.159898430109024048e-01
2.147995978593826294e-01
2.143315225839614868e-01
2.178273946046829224e-01
2.139936983585357666e-01
2.124865651130676270e-01
2.171693742275238037e-01
2.158568650484085083e-01
2.149978429079055786e-01
2.152184993028640747e-01
2.149418145418167114e-01
2.156201153993606567e-01
2.169224470853805542e-01
2.125450521707534790e-01
2.166290134191513062e-01
2.135161459445953369e-01
2.142900824546813965e-01
2.141613066196441650e-01
2.113852947950363159e-01
2.149484008550643921e-01
2.137066721916198730e-01
2.127545326948165894e-01
2.149171978235244751e-01
2.158381193876266479e-01
2.153246998786926270e-01
2.129960805177688599e-01
2.127544134855270386e-01
2.151077687740325928e-01
2.140601724386215210e-01
2.126040905714035034e-01
2.167521715164184570e-01
2.138940691947937012e-01
2.139603346586227417e-01
2.121078670024871826e-01
2.133381813764572144e-01
2.150514870882034302e-01
2.134753316640853882e-01
2.105903029441833496e-01
2.139061838388442993e-01
2.105393856763839722e-01
2.113294601440429688e-01
2.110719829797744751e-01
2.112885713577270508e-01
2.122426629066467285e-01
2.137386053800582886e-01
2.128178477287292480e-01
2.139080464839935303e-01
2.118272781372070312e-01
2.139565050601959229e-01
2.142342031002044678e-01
2.118063867092132568e-01
2.158123254776000977e-01
2.131474763154983521e-01
2.148842662572860718e-01
2.109738886356353760e-01
2.151615470647811890e-01
2.132903784513473511e-01
2.129773944616317749e-01
2.106180936098098755e-01
2.112626582384109497e-01
2.131683677434921265e-01
2.116262763738632202e-01
2.117501348257064819e-01
2.122445553541183472e-01
2.147162258625030518e-01
2.113824784755706787e-01
2.122371047735214233e-01
2.107932567596435547e-01
2.111838907003402710e-01
2.116722911596298218e-01
2.143884748220443726e-01
2.135048210620880127e-01
2.108732759952545166e-01
2.125829011201858521e-01
2.119466215372085571e-01
2.114643752574920654e-01
2.091635912656784058e-01
2.120533436536788940e-01
2.104938328266143799e-01
2.136917114257812500e-01
2.091825157403945923e-01
2.107920348644256592e-01
2.111890166997909546e-01
2.123864293098449707e-01
2.091855108737945557e-01
2.111246883869171143e-01
2.103232443332672119e-01
2.105562686920166016e-01
2.104171365499496460e-01
2.116674035787582397e-01
2.127283960580825806e-01
2.125446945428848267e-01
2.090559601783752441e-01
2.098923474550247192e-01
2.070708870887756348e-01
2.089416980743408203e-01
2.097746729850769043e-01
2.109062969684600830e-01
2.103038132190704346e-01
2.108808010816574097e-01
2.111766189336776733e-01
2.101100385189056396e-01
2.088828980922698975e-01
2.108168751001358032e-01
2.120379060506820679e-01
2.089420855045318604e-01
2.095733880996704102e-01
2.120796889066696167e-01
2.096957862377166748e-01
2.110386043787002563e-01
2.115957289934158325e-01
2.133027166128158569e-01
2.090216130018234253e-01
2.082353383302688599e-01
2.100028395652770996e-01
2.100955396890640259e-01
2.113456130027770996e-01
2.078598439693450928e-01
2.109586149454116821e-01
2.096121758222579956e-01
2.079264372587203979e-01
2.092192620038986206e-01
2.075329869985580444e-01
2.109785377979278564e-01
2.098458409309387207e-01
2.101880013942718506e-01
2.085500657558441162e-01
2.079137414693832397e-01
2.069914489984512329e-01
2.083608657121658325e-01
2.113628238439559937e-01
2.134212106466293335e-01
2.073132842779159546e-01
2.075869292020797729e-01
2.109961658716201782e-01
2.109598368406295776e-01
2.093790322542190552e-01
2.086913585662841797e-01
2.105539888143539429e-01
2.081916034221649170e-01
2.083165645599365234e-01
2.093516439199447632e-01
2.094848453998565674e-01
2.062966972589492798e-01
2.084165215492248535e-01
2.110357880592346191e-01
2.100430130958557129e-01
2.079496532678604126e-01
2.093466520309448242e-01
2.098258435726165771e-01
2.091596126556396484e-01
2.080691903829574585e-01
2.089872360229492188e-01
2.066368311643600464e-01
2.074693590402603149e-01
2.072623074054718018e-01
2.069556117057800293e-01
2.096213847398757935e-01
2.095897644758224487e-01
2.092628926038742065e-01
2.067772299051284790e-01
2.104112207889556885e-01
2.067910283803939819e-01
2.069298028945922852e-01
2.070490568876266479e-01
2.068874388933181763e-01
2.057830691337585449e-01
2.073059082031250000e-01
2.079391181468963623e-01
2.097776085138320923e-01
2.062287777662277222e-01
2.066832780838012695e-01
2.051538228988647461e-01
2.040894031524658203e-01
2.038369029760360718e-01
2.076706439256668091e-01
2.062940895557403564e-01
2.065957188606262207e-01
2.093492001295089722e-01
2.064249068498611450e-01
2.070715874433517456e-01
2.092311233282089233e-01
2.063922435045242310e-01
2.073445320129394531e-01
2.091321945190429688e-01
2.061684429645538330e-01
2.054474651813507080e-01
2.101377099752426147e-01
2.042904794216156006e-01
2.082604616880416870e-01
2.061093300580978394e-01
2.059392333030700684e-01
2.093072831630706787e-01
2.096275836229324341e-01
2.062154710292816162e-01
2.079935520887374878e-01
2.056006491184234619e-01
2.061495035886764526e-01
2.061899453401565552e-01
2.058786153793334961e-01
2.065116316080093384e-01
2.060799449682235718e-01
2.065313458442687988e-01
2.072675973176956177e-01
2.054108828306198120e-01
2.042315155267715454e-01
2.056623250246047974e-01
2.085455656051635742e-01
2.058439850807189941e-01
2.064139544963836670e-01
2.061779648065567017e-01
2.052567750215530396e-01
2.048759907484054565e-01
2.086348533630371094e-01
2.043081521987915039e-01
2.046672403812408447e-01
2.040164619684219360e-01
2.068850994110107422e-01
2.073582559823989868e-01
2.061109989881515503e-01
2.037075310945510864e-01
2.041992396116256714e-01
2.040320634841918945e-01
2.044226974248886108e-01
2.017568945884704590e-01
2.040233463048934937e-01
2.050261944532394409e-01
2.058586478233337402e-01
2.081577926874160767e-01
2.062589377164840698e-01
2.057270854711532593e-01
2.055591940879821777e-01
2.053431570529937744e-01
2.041432410478591919e-01
2.044737786054611206e-01
2.032676935195922852e-01
2.046836614608764648e-01
2.055990248918533325e-01
2.060967683792114258e-01
2.002002745866775513e-01
2.057171314954757690e-01
2.030690759420394897e-01
2.056521326303482056e-01
2.056556493043899536e-01
2.040273100137710571e-01
2.052276432514190674e-01
2.034257650375366211e-01
2.032657861709594727e-01
2.062302231788635254e-01
2.036946862936019897e-01
2.041685730218887329e-01
2.059891521930694580e-01
2.053907811641693115e-01
2.034279108047485352e-01
2.057641744613647461e-01
2.036184519529342651e-01
2.035369277000427246e-01
2.054818272590637207e-01
2.014453560113906860e-01
2.045102715492248535e-01
2.029589116573333740e-01
2.017732262611389160e-01
2.057313770055770874e-01
2.052810788154602051e-01
2.040255963802337646e-01
2.034624963998794556e-01
2.052820324897766113e-01
2.036604434251785278e-01
2.037674635648727417e-01
2.048166543245315552e-01
2.018355876207351685e-01
2.037884294986724854e-01
2.040780037641525269e-01
2.052297294139862061e-01
2.016543596982955933e-01
2.031268328428268433e-01
2.035668343305587769e-01
2.003617882728576660e-01
2.056717872619628906e-01
2.019825726747512817e-01
2.043863981962203979e-01
2.053787261247634888e-01
2.035432606935501099e-01
2.028164267539978027e-01
2.037389278411865234e-01
2.025496959686279297e-01
2.030777931213378906e-01
2.014292329549789429e-01
2.032702118158340454e-01
2.030879855155944824e-01
2.018699198961257935e-01
2.027640938758850098e-01
2.018431127071380615e-01
2.021169364452362061e-01
2.048441022634506226e-01
2.028207182884216309e-01
1.998869478702545166e-01
2.036084085702896118e-01
2.015366852283477783e-01
2.035617381334304810e-01
2.010516971349716187e-01
2.018512934446334839e-01
2.020518332719802856e-01
2.009016871452331543e-01
2.031224220991134644e-01
2.017370015382766724e-01
2.028204351663589478e-01
2.029417455196380615e-01
2.006503194570541382e-01
2.018677443265914917e-01
2.032177448272705078e-01
2.040012180805206299e-01
2.012621313333511353e-01
2.023995667695999146e-01
2.000667303800582886e-01
2.027269452810287476e-01
2.016882449388504028e-01
2.020424902439117432e-01
1.994877308607101440e-01
2.010108083486557007e-01
2.029783129692077637e-01
2.009033262729644775e-01
2.027602940797805786e-01
2.000685483217239380e-01
2.021214216947555542e-01
2.009636759757995605e-01
2.015083581209182739e-01
2.037786692380905151e-01
1.990304738283157349e-01
2.035917788743972778e-01
2.016860097646713257e-01
2.021847665309906006e-01
2.012467533349990845e-01
1.980223506689071655e-01
2.005630433559417725e-01
2.000470608472824097e-01
2.014809101819992065e-01
2.000562101602554321e-01
2.001672834157943726e-01
2.011590749025344849e-01
2.008368074893951416e-01
1.994417011737823486e-01
2.030392736196517944e-01
2.018112987279891968e-01
2.009756714105606079e-01
2.012009173631668091e-01
2.002908140420913696e-01
1.983934789896011353e-01
2.013724148273468018e-01
2.022447288036346436e-01
1.984132528305053711e-01
2.009620666503906250e-01
2.039758563041687012e-01
1.985513269901275635e-01
2.035160064697265625e-01
1.990060806274414062e-01
1.989220380783081055e-01
1.994787752628326416e-01
1.982305943965911865e-01
2.017261832952499390e-01
1.969621479511260986e-01
2.022259235382080078e-01
1.995385885238647461e-01
2.015545815229415894e-01
1.999094486236572266e-01
2.006611973047256470e-01
2.020638287067413330e-01
1.998262554407119751e-01
1.982434391975402832e-01
2.053239196538925171e-01
1.978232264518737793e-01
1.999716162681579590e-01
1.997993886470794678e-01
1.991706937551498413e-01
2.016250044107437134e-01
1.988407373428344727e-01
1.998626291751861572e-01
2.009020298719406128e-01
1.984023153781890869e-01
2.014226913452148438e-01
1.998920887708663940e-01
2.015006542205810547e-01
2.023038268089294434e-01
1.993847936391830444e-01
2.003040313720703125e-01
1.967433691024780273e-01
1.999016851186752319e-01
1.994992941617965698e-01
2.006911933422088623e-01
2.028590142726898193e-01
2.023561149835586548e-01
1.994556933641433716e-01
1.993339359760284424e-01
1.975079923868179321e-01
2.014275789260864258e-01
2.016814202070236206e-01
1.993498504161834717e-01
1.999084949493408203e-01
2.011606544256210327e-01
2.003448903560638428e-01
2.007953375577926636e-01
2.004450708627700806e-01
1.974553316831588745e-01
2.019106596708297729e-01
1.975245475769042969e-01
1.985601931810379028e-01
1.980523318052291870e-01
1.988374441862106323e-01
1.981934309005737305e-01
2.015763819217681885e-01
1.985154002904891968e-01
1.975319236516952515e-01
1.994456499814987183e-01
1.977483779191970825e-01
1.993729025125503540e-01
1.972511708736419678e-01
2.020499110221862793e-01
1.971275359392166138e-01
1.982304900884628296e-01
2.014765739440917969e-01
1.988867968320846558e-01
2.006759643554687500e-01
1.979798078536987305e-01
2.004143744707107544e-01
2.015174478292465210e-01
1.976161599159240723e-01
2.001343965530395508e-01
1.983926296234130859e-01
1.986217945814132690e-01
1.988418549299240112e-01
1.982617378234863281e-01
1.984755694866180420e-01
1.985721886157989502e-01
1.989247351884841919e-01
1.984233260154724121e-01
1.993735432624816895e-01
1.968942433595657349e-01
1.971092224121093750e-01
1.979874670505523682e-01
1.971195787191390991e-01
1.981177181005477905e-01
1.952990591526031494e-01
1.978404968976974487e-01
1.979273408651351929e-01
1.968129724264144897e-01
1.971089541912078857e-01
1.979116648435592651e-01
1.991612911224365234e-01
1.968515217304229736e-01
1.977626830339431763e-01
1.982515901327133179e-01
1.989763826131820679e-01
1.992180347442626953e-01
1.956613212823867798e-01
1.949640661478042603e-01
1.994200199842453003e-01
1.965917795896530151e-01
1.976007819175720215e-01
1.988927870988845825e-01
1.981614530086517334e-01
1.945162117481231689e-01
1.975649148225784302e-01
1.952790170907974243e-01
1.980197578668594360e-01
1.953016072511672974e-01
1.983633935451507568e-01
1.963543444871902466e-01
1.942936182022094727e-01
1.969164609909057617e-01
1.965619325637817383e-01
1.969629377126693726e-01
1.965896189212799072e-01
1.966029405593872070e-01
1.958692371845245361e-01
1.972064077854156494e-01
1.968920081853866577e-01
1.950189918279647827e-01
1.962543576955795288e-01
1.974419355392456055e-01
1.963084340095520020e-01
1.965138614177703857e-01
1.984578222036361694e-01
1.951119452714920044e-01
1.968209296464920044e-01
1.976614296436309814e-01
1.984531879425048828e-01
1.935435384511947632e-01
1.974749267101287842e-01
1.957173645496368408e-01
1.983167380094528198e-01
1.975805610418319702e-01
1.972532868385314941e-01
1.939229369163513184e-01
1.960586011409759521e-01
1.977698057889938354e-01
1.973092257976531982e-01
1.938446760177612305e-01
1.972441524267196655e-01
1.964406073093414307e-01
1.953148692846298218e-01
1.963749676942825317e-01
1.959837377071380615e-01
1.946879476308822632e-01
1.969477385282516479e-01
1.950125247240066528e-01
1.938954442739486694e-01
1.956113278865814209e-01
1.968893855810165405e-01
1.970425099134445190e-01
1.983043402433395386e-01
1.960628330707550049e-01
1.932493001222610474e-01
1.976288557052612305e-01
1.940034031867980957e-01
1.975357234477996826e-01
1.954736262559890747e-01
1.959884911775588989e-01
1.944575905799865723e-01
1.961914151906967163e-01
1.945008337497711182e-01
1.977021545171737671e-01
1.948044449090957642e-01
1.966324001550674438e-01
1.942928284406661987e-01
1.955637633800506592e-01
1.985960602760314941e-01
1.949681937694549561e-01
1.932750046253204346e-01
1.928010433912277222e-01
1.941291540861129761e-01
1.933435350656509399e-01
1.957952529191970825e-01
1.952259391546249390e-01
1.941591352224349976e-01
1.928409337997436523e-01
1.953264623880386353e-01
1.962125450372695923e-01
1.944794356822967529e-01
1.948876380920410156e-01
1.955916881561279297e-01
1.957210898399353027e-01
1.965562105178833008e-01
1.949759125709533691e-01
1.958389878273010254e-01
1.958933621644973755e-01
1.960044950246810913e-01
1.931726932525634766e-01
1.929436922073364258e-01
1.971398442983627319e-01
1.951544284820556641e-01
1.917416751384735107e-01
1.963374465703964233e-01
1.968890726566314697e-01
1.941565871238708496e-01
1.940681040287017822e-01
1.960309594869613647e-01
1.941116750240325928e-01
1.945083439350128174e-01
1.945853680372238159e-01
1.953495144844055176e-01
1.945916116237640381e-01
1.945944726467132568e-01
1.942801326513290405e-01
1.930702626705169678e-01
1.954004913568496704e-01
1.904696375131607056e-01
1.942715197801589966e-01
1.949917972087860107e-01
1.941615790128707886e-01
1.974287331104278564e-01
1.929927766323089600e-01
1.943489909172058105e-01
1.921073645353317261e-01
1.922801136970520020e-01
1.931336224079132080e-01
1.921925842761993408e-01
1.935846209526062012e-01
1.953027993440628052e-01
1.960519105195999146e-01
1.948513984680175781e-01
1.947200745344161987e-01
1.939502954483032227e-01
1.942841112613677979e-01
1.946168541908264160e-01
1.920711100101470947e-01
1.912640780210494995e-01
1.935986578464508057e-01
1.929907649755477905e-01
1.962379664182662964e-01
1.921236515045166016e-01
1.927013546228408813e-01
1.942353546619415283e-01
1.931540966033935547e-01
1.930983215570449829e-01
1.927250474691390991e-01
1.937057077884674072e-01
1.912737339735031128e-01
1.917941570281982422e-01
1.928311288356781006e-01
1.931274384260177612e-01
1.927458643913269043e-01
1.915905624628067017e-01
1.922134906053543091e-01
1.921712309122085571e-01
1.913676261901855469e-01
1.956250369548797607e-01
1.935485750436782837e-01
1.907261461019515991e-01
1.919594556093215942e-01
1.944697797298431396e-01
1.953122764825820923e-01
1.922299861907958984e-01
1.913084536790847778e-01
1.957252025604248047e-01
1.921881437301635742e-01
1.925631910562515259e-01
1.909104138612747192e-01
1.933892369270324707e-01
1.954916715621948242e-01
1.929794996976852417e-01
1.901679188013076782e-01
1.955246627330780029e-01
1.912811398506164551e-01
1.944032162427902222e-01
1.926927417516708374e-01
