6.707686170935630576e-01
3.492170357704162398e-01
2.905306358635425523e-01
2.804944573342800229e-01
2.510738764703273618e-01
2.392830944061279386e-01
2.312108371406793594e-01
2.280600564926862639e-01
2.227214993536472398e-01
2.076077907532453415e-01
2.033918200433254275e-01
2.073001101613044794e-01
1.981168805807828892e-01
1.970613037049770422e-01
1.947313225269317605e-01
1.919171535223722358e-01
1.935271355509758096e-01
1.896560034900903746e-01
1.821735878288745780e-01
1.840723370015621141e-01
1.817805190384388092e-01
1.803449636697769254e-01
1.827197770029306279e-01
1.697451968491077434e-01
1.761510577797889832e-01
1.775150392949581268e-01
1.823647713661193936e-01
1.693868455290794273e-01
1.667640988528728552e-01
1.649825873225927442e-01
1.742027030140161636e-01
1.689229846000671331e-01
1.677565849572420220e-01
1.623484389483928758e-01
1.713127359002828698e-01
1.699649622291326545e-01
1.542918691039085466e-01
1.551911603659391348e-01
1.610598435997963040e-01
1.521969993412494726e-01
1.600501568615436687e-01
1.626576735824346587e-01
1.596987210214138031e-01
1.647757896780967790e-01
1.558821838349103983e-01
1.513186939060688074e-01
1.488396289944648732e-01
1.535476095974445399e-01
1.539017918705940235e-01
1.536207216978072998e-01
1.470540665835142202e-01
1.471373707056045643e-01
1.538825920969247862e-01
1.559491712599992697e-01
1.390169253945350569e-01
1.384068164229393105e-01
1.441663519293069906e-01
1.459041821211576329e-01
1.525206260383129009e-01
1.446492696553468571e-01
1.484334719926118928e-01
1.421072338521480460e-01
1.451307784020900715e-01
1.403494502231478758e-01
1.335029617697000570e-01
1.388946575671434480e-01
1.421083686500787813e-01
1.339000125229358740e-01
1.364771337062120338e-01
1.405874266475438950e-01
1.435807111859321583e-01
1.425723709166049902e-01
1.293748044222593208e-01
1.317185464501380854e-01
1.336880987882614058e-01
1.377257978916168191e-01
1.374024012684822160e-01
1.293821086734533443e-01
1.345012992620468195e-01
1.348262108117342095e-01
1.404116684943437499e-01
1.227755499631166397e-01
1.282018148154020210e-01
1.228952127695083635e-01
1.287615393102169159e-01
1.321969573944807019e-01
1.301536606624722481e-01
1.348393749445676859e-01
1.309795282036066155e-01
1.338039490580558710e-01
1.276182409375906102e-01
1.276968733966350467e-01
1.288072545081377085e-01
1.260993674397468678e-01
1.285680444538593314e-01
1.235478666424751348e-01
1.271138501912355556e-01
1.282019747048616376e-01
1.280745738744735740e-01
1.192353416420519341e-01
1.304280719719827231e-01
1.338820875622332152e-01
1.265355613268911716e-01
1.033256392367184195e-01
9.795316597446798723e-02
1.054799416102469023e-01
1.039983661472797388e-01
9.546743327751755492e-02
5.339541955851018207e-02
6.029518901836126987e-02
5.518869650550186495e-02
5.158681740984320807e-02
6.334469503490254561e-02
6.883303301408887076e-02
5.101504299556836736e-02
5.285365194082260187e-02
6.246327781584113531e-02
3.836038623470813119e-02
3.440747284796089045e-02
4.107021233532577587e-02
4.098841378348879599e-02
4.271800720365717674e-02
4.154283374722581024e-02
5.528695371001959152e-02
4.724059208063408760e-02
4.618490621447562949e-02
3.130353705608285991e-02
2.790146768908016370e-02
3.257166912429965838e-02
2.932815869920887136e-02
4.236075358465313939e-02
3.359217842691578082e-02
3.207607513875700839e-02
3.663286462193354742e-02
4.364696124801412114e-02
