1.240674782991409320e+00
9.627127069234847623e-01
8.680900216102600542e-01
8.053992897272109763e-01
7.546306413412093850e-01
7.451766806840897095e-01
7.236210536956787509e-01
6.672954082489013228e-01
6.691014122962951616e-01
6.511681938171386408e-01
6.455399048328399614e-01
6.529633235931396884e-01
6.497736877202987538e-01
6.360433340072632058e-01
5.973024451732635853e-01
5.827187305688857899e-01
5.823510265350342330e-01
5.848959749937057140e-01
5.937711319327354520e-01
5.848469680547714322e-01
5.843332895636558222e-01
5.237352710962295266e-01
5.285321763157844188e-01
5.410432666540145874e-01
5.361987328529358443e-01
5.392916122078895702e-01
5.431688368320465310e-01
5.411880788207054094e-01
4.872452616691589355e-01
4.825133118033408941e-01
4.964390805363654846e-01
4.984634032845496887e-01
4.968536275625228815e-01
5.071400853991508972e-01
5.029708743095397949e-01
4.614130795001983865e-01
4.606811276078224271e-01
4.636080771684646384e-01
4.613044553995132580e-01
4.659634461998939381e-01
4.687983420491218522e-01
4.745621725916862599e-01
3.632098013162612937e-01
4.031656578183174244e-01
4.066132120788097382e-01
3.525597321987152255e-01
3.399854238331317946e-01
3.326227429509163169e-01
3.177862656116485773e-01
1.464814020879566803e-01
1.482892530038952827e-01
1.613494282215833797e-01
1.437593749538063903e-01
1.592821989208459965e-01
1.595974941179156281e-01
1.703205149248242511e-01
8.565913964062929487e-02
1.017658926174044576e-01
1.039802714623510871e-01
1.035829667281359390e-01
1.071852627862244778e-01
1.218094010278582551e-01
1.168253794685006203e-01
9.646196861751377138e-02
7.783377910964191237e-02
8.214261766523123232e-02
8.908158427104354016e-02
8.806636351160705700e-02
1.019693186879157970e-01
1.058307864703238038e-01
7.967937895096838252e-02
7.441649131476879564e-02
7.426907676039264106e-02
8.179899198003112715e-02
9.238070105668157173e-02
9.322878696024418377e-02
1.020605132542550531e-01
6.306386879645288490e-02
5.571713249199092277e-02
6.958737674169242216e-02
6.947479540947824883e-02
7.239477719180285875e-02
7.915867724455892540e-02
8.247232940047979910e-02
7.261088601313531177e-02
6.699215721338987184e-02
7.188411051058210544e-02
7.674291208386421759e-02
9.118928926531225110e-02
8.212068342836573165e-02
1.026746391411870740e-01
5.963961587054655150e-02
4.845648704969789805e-02
7.499885650118813529e-02
8.430549107491970562e-02
8.379128228407353718e-02
7.750084861880168763e-02
8.384630415821447968e-02
5.085347559070214907e-02
6.863066778052598349e-02
6.088458926649763930e-02
6.592114877188577637e-02
5.981494413455948345e-02
7.153491397853940781e-02
7.781627838499843852e-02
