7.965955460071563188e-01
4.506213858723640553e-01
3.773937171697616666e-01
3.532055690884590149e-01
3.470425169169902846e-01
3.265236494690179625e-01
2.935781793296337039e-01
2.918261826038360818e-01
2.671326948702335558e-01
2.469020455330610264e-01
2.611482942849397415e-01
2.340218757092952795e-01
2.341094368696212680e-01
2.496117490157485075e-01
2.476554471254348855e-01
2.428322464972734462e-01
2.301836424320936325e-01
2.260878001898527223e-01
1.948378847911954037e-01
2.063437302410602581e-01
1.916646043956279633e-01
1.987555788457393557e-01
2.032150145620107706e-01
2.042618593573570229e-01
1.911312173306941864e-01
1.886450619995594102e-01
1.902426367998123202e-01
1.672007162123918533e-01
1.756722028553485970e-01
1.751864118874073006e-01
1.684804621338844288e-01
1.682263648509979281e-01
1.816821511834859904e-01
1.706745677441358633e-01
1.745317906141281017e-01
1.614988957345485643e-01
1.350707609206437954e-01
1.438875582814216625e-01
1.424348281696438678e-01
1.546030160412192322e-01
1.484153793379664465e-01
1.530503417551517531e-01
1.474021543562412384e-01
1.503513820469379314e-01
1.518120950087905041e-01
1.221536391973495478e-01
1.313704949244856868e-01
1.381058498471975371e-01
1.265639483928680531e-01
1.247687530890107116e-01
1.350445568747818403e-01
1.324920868501067162e-01
1.332045725733041752e-01
1.316377966478466943e-01
9.381371935829520281e-02
1.148440278880298177e-01
1.058020658697932936e-01
1.109249157086014681e-01
1.197050509229302395e-01
1.170419287309050621e-01
1.068891580123454282e-01
1.171758950687944861e-01
1.124795758537948109e-01
7.712743056938052566e-02
8.156528061255813311e-02
8.671498574316501007e-02
8.034466751851140898e-02
8.551967574749141932e-02
8.348534678108990303e-02
8.934066290035844182e-02
9.353557070717215260e-02
9.677849205210804773e-02
5.631397327408194792e-02
6.349932043813169558e-02
6.604717487003654297e-02
7.186439679004251457e-02
7.201361658051609604e-02
7.278342560864985156e-02
7.378616205416620166e-02
8.613944121636450679e-02
7.366290976759046205e-02
5.015150548191740776e-02
4.729948203777894350e-02
5.376224634703248573e-02
5.841795693617313906e-02
5.642088323365897218e-02
6.142480774782597963e-02
5.954534252639859943e-02
6.501606515143067144e-02
6.815121104940771724e-02
4.521142298937775444e-02
4.165150113054551240e-02
4.821498504839837745e-02
5.089332931209355343e-02
5.317491312278434940e-02
6.124730632174760214e-02
5.996592285111546766e-02
5.250039338599890582e-02
5.861794488970190065e-02
3.815083930356195224e-02
4.612870548153295835e-02
4.766114772413856948e-02
4.505326529033482075e-02
5.320832294179126537e-02
4.241485232952982298e-02
4.303133354638703084e-02
5.728641075082123446e-02
5.280090467073023097e-02
3.926253186305984910e-02
3.260165098472498496e-02
3.283939503249712344e-02
3.748910367721691728e-02
3.932219785987399463e-02
4.810376191162504117e-02
4.897255924064666116e-02
4.235996258212253174e-02
4.036684566177427963e-02
3.221230040304362552e-02
3.251339074689894859e-02
3.460602578008547398e-02
4.588016325375065402e-02
4.985144988400861538e-02
3.857797010103240776e-02
4.104260444088140419e-02
4.105007836944423588e-02
5.215625363285653071e-02
3.523067890084348452e-02
3.130906973383389136e-02
2.377969375462271259e-02
3.029904588125646031e-02
3.969886667793616486e-02
4.281039217836223737e-02
3.859083565883338757e-02
3.696756016172002973e-02
3.844457849743775774e-02
