8.992547988891601562e-01
8.884618282318115234e-01
8.789932727813720703e-01
8.690124750137329102e-01
8.591247797012329102e-01
8.481439948081970215e-01
8.369586467742919922e-01
8.246034383773803711e-01
8.100267648696899414e-01
7.966253161430358887e-01
7.813158631324768066e-01
7.617493867874145508e-01
7.435598373413085938e-01
7.267329692840576172e-01
7.008935809135437012e-01
6.831775307655334473e-01
6.647298932075500488e-01
6.337273120880126953e-01
6.177690029144287109e-01
5.896400213241577148e-01
5.707513093948364258e-01
5.505374670028686523e-01
5.360254049301147461e-01
5.268131494522094727e-01
5.052404999732971191e-01
4.958181381225585938e-01
4.853800833225250244e-01
4.837238788604736328e-01
4.795569181442260742e-01
4.766072034835815430e-01
4.630207419395446777e-01
4.383321106433868408e-01
4.320087432861328125e-01
4.217609167098999023e-01
4.079785943031311035e-01
3.987128734588623047e-01
3.880043625831604004e-01
3.828538954257965088e-01
3.803804814815521240e-01
3.861014842987060547e-01
3.796336352825164795e-01
3.804459869861602783e-01
3.767134547233581543e-01
3.735665380954742432e-01
3.768783211708068848e-01
3.649125993251800537e-01
3.635695278644561768e-01
3.661574423313140869e-01
3.589375913143157959e-01
3.585841655731201172e-01
3.597936034202575684e-01
3.557298779487609863e-01
3.514494001865386963e-01
3.450056314468383789e-01
3.513572812080383301e-01
3.400037586688995361e-01
3.388768732547760010e-01
3.346086740493774414e-01
3.338577747344970703e-01
3.366712331771850586e-01
3.306595385074615479e-01
3.323733806610107422e-01
3.253603577613830566e-01
3.272393047809600830e-01
3.279559314250946045e-01
3.240284323692321777e-01
3.266115188598632812e-01
3.215571045875549316e-01
3.208083808422088623e-01
3.206054866313934326e-01
3.177087903022766113e-01
3.154319524765014648e-01
3.128885328769683838e-01
3.146439194679260254e-01
3.155708312988281250e-01
3.078490197658538818e-01
3.129699528217315674e-01
3.099743127822875977e-01
3.066557645797729492e-01
3.065087199211120605e-01
3.018634915351867676e-01
3.044772744178771973e-01
3.049442470073699951e-01
3.015844821929931641e-01
3.033546805381774902e-01
2.967017292976379395e-01
2.962153255939483643e-01
2.939844727516174316e-01
2.931815385818481445e-01
2.956366837024688721e-01
2.938627898693084717e-01
2.905659377574920654e-01
2.978263795375823975e-01
2.909487485885620117e-01
2.895571887493133545e-01
2.908301353454589844e-01
2.900643348693847656e-01
2.916620671749114990e-01
2.864680290222167969e-01
2.844834327697753906e-01
2.869067192077636719e-01
2.796218991279602051e-01
2.845138907432556152e-01
2.834402918815612793e-01
2.822510004043579102e-01
2.817353010177612305e-01
2.782054245471954346e-01
2.820114791393280029e-01
2.774721980094909668e-01
2.753086388111114502e-01
2.772924304008483887e-01
2.770264744758605957e-01
2.767717540264129639e-01
2.729115486145019531e-01
2.757377028465270996e-01
2.721374332904815674e-01
2.710793912410736084e-01
2.738860547542572021e-01
2.722031474113464355e-01
2.700093090534210205e-01
2.701658904552459717e-01
2.657803893089294434e-01
2.721278071403503418e-01
2.682134807109832764e-01
2.666051089763641357e-01
2.664707303047180176e-01
2.691268324851989746e-01
2.660942673683166504e-01
2.644281685352325439e-01
2.633156478404998779e-01
2.621354460716247559e-01
2.640859484672546387e-01
2.595711648464202881e-01
2.605477869510650635e-01
2.580825984477996826e-01
2.615757584571838379e-01
2.604203224182128906e-01
2.613144218921661377e-01
2.611798644065856934e-01
2.575090229511260986e-01
2.552749514579772949e-01
2.558978796005249023e-01
2.552740871906280518e-01
2.561025619506835938e-01
2.510376274585723877e-01
2.555596232414245605e-01
2.508880198001861572e-01
2.550785839557647705e-01
2.515535056591033936e-01
2.486994564533233643e-01
2.512750923633575439e-01
2.544129192829132080e-01
2.497354745864868164e-01
2.496283054351806641e-01
2.496300935745239258e-01
2.496554851531982422e-01
2.459375709295272827e-01
2.493845373392105103e-01
2.454642802476882935e-01
2.473258823156356812e-01
2.478891611099243164e-01
2.469673752784729004e-01
2.440049052238464355e-01
2.428646683692932129e-01
2.470231354236602783e-01
2.455330193042755127e-01
2.445407211780548096e-01
2.416236847639083862e-01
2.403455078601837158e-01
2.423595190048217773e-01
2.458179742097854614e-01
2.404701262712478638e-01
2.397921085357666016e-01
2.390033900737762451e-01
2.408371418714523315e-01
2.379001379013061523e-01
2.379630804061889648e-01
2.349621504545211792e-01
2.349150180816650391e-01
2.381751984357833862e-01
2.351687848567962646e-01
2.357304394245147705e-01
2.373109608888626099e-01
2.375820726156234741e-01
2.345840483903884888e-01
2.337141782045364380e-01
2.349668294191360474e-01
2.379643023014068604e-01
2.331196963787078857e-01
2.342962026596069336e-01
2.357638478279113770e-01
2.347713410854339600e-01
2.348685562610626221e-01
2.345702648162841797e-01
2.301442772150039673e-01
2.337478101253509521e-01
2.325124293565750122e-01
2.290500998497009277e-01
2.291648685932159424e-01
2.282646894454956055e-01
3.291429877281188965e-01
3.250612914562225342e-01
3.282048404216766357e-01
3.250124156475067139e-01
3.246502578258514404e-01
3.222422003746032715e-01
3.264292478561401367e-01
3.238015770912170410e-01
3.252649307250976562e-01
3.266192376613616943e-01
3.235550224781036377e-01
3.207615613937377930e-01
3.277395665645599365e-01
3.217021524906158447e-01
3.178769052028656006e-01
3.206943869590759277e-01
3.178172111511230469e-01
3.160279393196105957e-01
3.199608922004699707e-01
3.190506398677825928e-01
3.193132281303405762e-01
3.192574679851531982e-01
3.159579336643218994e-01
3.156504929065704346e-01
3.179310262203216553e-01
3.138696253299713135e-01
3.147545754909515381e-01
3.141135275363922119e-01
3.153768181800842285e-01
3.126320838928222656e-01
3.143416941165924072e-01
3.144519925117492676e-01
3.129443824291229248e-01
3.133196532726287842e-01
3.118765652179718018e-01
3.123418986797332764e-01
3.097382783889770508e-01
3.144946396350860596e-01
3.103753626346588135e-01
3.110783696174621582e-01
3.116789162158966064e-01
3.081424236297607422e-01
3.083042502403259277e-01
3.091630041599273682e-01
3.128021359443664551e-01
3.107272088527679443e-01
3.085316419601440430e-01
3.111785650253295898e-01
3.045648336410522461e-01
3.080856800079345703e-01
3.058324754238128662e-01
3.077812790870666504e-01
3.058764934539794922e-01
3.056086599826812744e-01
3.059850335121154785e-01
3.050714433193206787e-01
3.075121045112609863e-01
3.028809130191802979e-01
3.042171895503997803e-01
3.048080503940582275e-01
3.027817010879516602e-01
2.991894185543060303e-01
3.008354902267456055e-01
3.029751777648925781e-01
2.988111376762390137e-01
3.017461001873016357e-01
2.995817661285400391e-01
3.013775944709777832e-01
2.999882102012634277e-01
3.012074530124664307e-01
2.976221442222595215e-01
2.948172390460968018e-01
3.007863461971282959e-01
2.985353469848632812e-01
3.003040850162506104e-01
2.975435853004455566e-01
2.976489365100860596e-01
2.984421551227569580e-01
2.945629954338073730e-01
2.949457168579101562e-01
2.967344820499420166e-01
2.950016558170318604e-01
2.962570786476135254e-01
2.933246493339538574e-01
2.985126078128814697e-01
2.935266196727752686e-01
2.932642400264739990e-01
2.964217364788055420e-01
2.969502806663513184e-01
2.909460663795471191e-01
2.918709516525268555e-01
2.935707569122314453e-01
2.893953919410705566e-01
2.894744277000427246e-01
2.919549345970153809e-01
2.923485934734344482e-01
2.920310497283935547e-01
2.876606881618499756e-01
2.892994582653045654e-01
2.936838567256927490e-01
2.894167602062225342e-01
2.894233167171478271e-01
2.876701653003692627e-01
2.867119312286376953e-01
2.868368029594421387e-01
2.871752679347991943e-01
2.862754166126251221e-01
2.899517416954040527e-01
2.899592220783233643e-01
2.859460413455963135e-01
2.867393195629119873e-01
2.871134281158447266e-01
2.845612168312072754e-01
2.848497033119201660e-01
2.844585478305816650e-01
2.811047136783599854e-01
2.843275964260101318e-01
2.848678827285766602e-01
2.850968837738037109e-01
2.858029603958129883e-01
2.833927869796752930e-01
2.850811183452606201e-01
2.811411023139953613e-01
2.821177244186401367e-01
2.831245362758636475e-01
2.821907997131347656e-01
2.807081043720245361e-01
2.821112871170043945e-01
2.793936431407928467e-01
2.819834649562835693e-01
2.789558172225952148e-01
2.820251286029815674e-01
2.793327867984771729e-01
2.794547379016876221e-01
2.772939503192901611e-01
2.822078168392181396e-01
2.769928276538848877e-01
2.801556587219238281e-01
2.793886065483093262e-01
2.768104374408721924e-01
2.770350873470306396e-01
2.744853496551513672e-01
2.761081457138061523e-01
2.786346077919006348e-01
2.762290835380554199e-01
2.772076725959777832e-01
2.738034725189208984e-01
2.735194563865661621e-01
2.747217118740081787e-01
2.750638127326965332e-01
2.743859589099884033e-01
2.730882763862609863e-01
2.713386416435241699e-01
2.752721011638641357e-01
2.757800817489624023e-01
2.750855088233947754e-01
2.714940011501312256e-01
2.724457383155822754e-01
2.713314890861511230e-01
2.727578282356262207e-01
2.754802107810974121e-01
2.707591056823730469e-01
2.695026695728302002e-01
2.724409997463226318e-01
2.686450481414794922e-01
2.718996107578277588e-01
2.684684097766876221e-01
2.687315642833709717e-01
2.670820951461791992e-01
2.741201221942901611e-01
2.690414190292358398e-01
2.694879174232482910e-01
2.691601812839508057e-01
2.693775296211242676e-01
2.706564962863922119e-01
2.666452229022979736e-01
2.678061127662658691e-01
2.665073573589324951e-01
2.675794959068298340e-01
2.618590891361236572e-01
2.649843096733093262e-01
2.659407854080200195e-01
2.651500701904296875e-01
2.687243819236755371e-01
2.681467831134796143e-01
2.606384754180908203e-01
2.646941840648651123e-01
2.643980085849761963e-01
2.640305757522583008e-01
2.676094472408294678e-01
2.621213197708129883e-01
2.642082273960113525e-01
2.658403515815734863e-01
2.633389234542846680e-01
2.621236443519592285e-01
2.618745863437652588e-01
2.582723498344421387e-01
2.628550529479980469e-01
2.620574831962585449e-01
2.566999197006225586e-01
2.592078149318695068e-01
2.596005201339721680e-01
2.579459249973297119e-01
2.592453360557556152e-01
2.598026692867279053e-01
2.615785896778106689e-01
2.601365745067596436e-01
2.591595351696014404e-01
2.567783892154693604e-01
2.565046846866607666e-01
2.570982873439788818e-01
2.590181231498718262e-01
2.586967647075653076e-01
2.585070729255676270e-01
2.567981481552124023e-01
2.570582926273345947e-01
2.549879550933837891e-01
2.580837905406951904e-01
2.550239264965057373e-01
2.570437192916870117e-01
2.554328441619873047e-01
2.569838464260101318e-01
2.553223073482513428e-01
2.553668916225433350e-01
2.555533051490783691e-01
2.559635341167449951e-01
2.535727918148040771e-01
2.567490339279174805e-01
2.567407190799713135e-01
2.541276216506958008e-01
2.541820704936981201e-01
2.546781897544860840e-01
2.556857168674468994e-01
2.499012947082519531e-01
2.536934018135070801e-01
2.517176270484924316e-01
2.541680037975311279e-01
2.511516213417053223e-01
2.541726231575012207e-01
2.501924037933349609e-01
2.524047493934631348e-01
2.522220015525817871e-01
2.511579394340515137e-01
2.499649822711944580e-01
2.508683204650878906e-01
2.503227889537811279e-01
2.529221773147583008e-01
2.502014338970184326e-01
2.514780461788177490e-01
2.498069554567337036e-01
2.496023476123809814e-01
2.477072179317474365e-01
2.465710192918777466e-01
2.481873035430908203e-01
2.455629855394363403e-01
2.469896972179412842e-01
2.531558573246002197e-01
2.491975575685501099e-01
2.485906332731246948e-01
2.496025562286376953e-01
2.454631477594375610e-01
2.474805116653442383e-01
2.473770678043365479e-01
2.477466464042663574e-01
2.454551607370376587e-01
2.470830529928207397e-01
2.489650696516036987e-01
2.487968057394027710e-01
2.432955950498580933e-01
2.478093206882476807e-01
2.483962327241897583e-01
2.450444847345352173e-01
2.458962947130203247e-01
2.450290918350219727e-01
2.454392462968826294e-01
2.453769147396087646e-01
2.470078319311141968e-01
2.458636760711669922e-01
2.423779815435409546e-01
2.440144866704940796e-01
2.456810027360916138e-01
2.426826357841491699e-01
2.456012964248657227e-01
2.461148649454116821e-01
2.438549548387527466e-01
2.441477775573730469e-01
2.430311590433120728e-01
2.429356575012207031e-01
2.434709817171096802e-01
2.439630478620529175e-01
2.447198033332824707e-01
2.441646009683609009e-01
2.431310713291168213e-01
2.426722943782806396e-01
2.426785230636596680e-01
2.442211806774139404e-01
2.447610646486282349e-01
2.424005866050720215e-01
2.446234077215194702e-01
2.418073862791061401e-01
2.414054721593856812e-01
2.419651746749877930e-01
2.401515990495681763e-01
2.400038391351699829e-01
2.391783297061920166e-01
2.436169683933258057e-01
2.402848452329635620e-01
2.386765331029891968e-01
2.406909614801406860e-01
2.381650656461715698e-01
2.375404834747314453e-01
2.415231764316558838e-01
2.403364926576614380e-01
2.409661412239074707e-01
2.398532330989837646e-01
2.369184494018554688e-01
2.394526004791259766e-01
2.392344176769256592e-01
2.397174090147018433e-01
2.389049977064132690e-01
2.402583062648773193e-01
2.394903600215911865e-01
2.402449846267700195e-01
2.390394806861877441e-01
2.372959852218627930e-01
2.380312085151672363e-01
2.402142882347106934e-01
2.395345717668533325e-01
2.398102283477783203e-01
2.367945313453674316e-01
2.371109873056411743e-01
2.345760315656661987e-01
2.360767275094985962e-01
2.363767772912979126e-01
2.334728091955184937e-01
2.381304204463958740e-01
2.356104850769042969e-01
2.327077090740203857e-01
2.377724796533584595e-01
2.361191213130950928e-01
2.340943962335586548e-01
2.347527295351028442e-01
2.357630133628845215e-01
2.359740734100341797e-01
2.367495298385620117e-01
2.355021089315414429e-01
2.356302738189697266e-01
2.344102412462234497e-01
2.338738590478897095e-01
2.353636324405670166e-01
2.357511371374130249e-01
2.349476069211959839e-01
2.353417873382568359e-01
2.331490665674209595e-01
2.360702604055404663e-01
2.350609004497528076e-01
2.346072494983673096e-01
2.346687316894531250e-01
2.359251230955123901e-01
2.302058637142181396e-01
2.311515212059020996e-01
2.324537038803100586e-01
2.347956299781799316e-01
2.327858954668045044e-01
2.322751134634017944e-01
2.323535531759262085e-01
2.353486865758895874e-01
2.340890765190124512e-01
2.331446558237075806e-01
2.301533222198486328e-01
2.338584810495376587e-01
2.350761592388153076e-01
2.331440597772598267e-01
2.317666113376617432e-01
2.322141677141189575e-01
2.325394153594970703e-01
2.303397357463836670e-01
2.333736568689346313e-01
2.326989620923995972e-01
2.315162569284439087e-01
2.320593446493148804e-01
2.315437197685241699e-01
2.315778583288192749e-01
2.334608137607574463e-01
2.301240414381027222e-01
2.315229922533035278e-01
2.321499437093734741e-01
2.306136935949325562e-01
2.339870929718017578e-01
2.318809628486633301e-01
2.308662682771682739e-01
2.311841845512390137e-01
2.324144691228866577e-01
2.305701822042465210e-01
2.280267477035522461e-01
2.282380610704421997e-01
2.289113402366638184e-01
2.262187302112579346e-01
2.317026406526565552e-01
2.289243787527084351e-01
2.304529696702957153e-01
2.307590097188949585e-01
2.283566743135452271e-01
2.302919924259185791e-01
2.305314093828201294e-01
2.317819446325302124e-01
2.302280813455581665e-01
2.284432351589202881e-01
2.273638844490051270e-01
2.304287850856781006e-01
2.275475710630416870e-01
2.306303083896636963e-01
2.294366508722305298e-01
2.274436652660369873e-01
2.294119596481323242e-01
2.321627140045166016e-01
2.288173735141754150e-01
2.285656630992889404e-01
2.278886586427688599e-01
2.282291054725646973e-01
2.282340824604034424e-01
2.293787151575088501e-01
2.291926294565200806e-01
2.278830707073211670e-01
2.293809056282043457e-01
2.270441502332687378e-01
2.275962531566619873e-01
2.288224548101425171e-01
2.284052222967147827e-01
2.275384962558746338e-01
2.281538397073745728e-01
2.286141514778137207e-01
2.249626368284225464e-01
2.284649908542633057e-01
2.279967367649078369e-01
2.263652533292770386e-01
2.259016185998916626e-01
2.257860451936721802e-01
2.261923402547836304e-01
2.258067131042480469e-01
2.266614735126495361e-01
2.255608737468719482e-01
2.282305210828781128e-01
2.236656993627548218e-01
2.265018075704574585e-01
2.253662198781967163e-01
2.261915802955627441e-01
2.240944802761077881e-01
2.264477610588073730e-01
2.273206710815429688e-01
2.247810959815979004e-01
2.253280133008956909e-01
2.268773466348648071e-01
2.255306541919708252e-01
2.263350635766983032e-01
2.265125811100006104e-01
2.263803929090499878e-01
2.239646464586257935e-01
2.254508137702941895e-01
2.245124429464340210e-01
2.247014343738555908e-01
2.238725721836090088e-01
2.261308878660202026e-01
2.235388904809951782e-01
2.241433262825012207e-01
2.227053046226501465e-01
2.261675149202346802e-01
2.234850823879241943e-01
2.251165509223937988e-01
2.254958897829055786e-01
2.232707291841506958e-01
2.241452634334564209e-01
2.244952321052551270e-01
2.259458750486373901e-01
2.236960232257843018e-01
2.290090322494506836e-01
2.262512296438217163e-01
2.236898243427276611e-01
2.237190306186676025e-01
2.247621715068817139e-01
2.260555326938629150e-01
2.273564338684082031e-01
2.247791141271591187e-01
2.218240499496459961e-01
2.221786379814147949e-01
2.218974530696868896e-01
2.232597321271896362e-01
2.233238965272903442e-01
2.211382389068603516e-01
2.236610502004623413e-01
2.258766740560531616e-01
2.234451174736022949e-01
2.196386754512786865e-01
2.221938818693161011e-01
2.223937958478927612e-01
2.230876982212066650e-01
2.202451825141906738e-01
2.237663418054580688e-01
2.243255823850631714e-01
2.214385718107223511e-01
2.181946188211441040e-01
2.224713712930679321e-01
2.221643626689910889e-01
2.231281697750091553e-01
2.235120981931686401e-01
2.240660637617111206e-01
2.253002822399139404e-01
2.211859077215194702e-01
2.226515561342239380e-01
2.224540710449218750e-01
2.203239053487777710e-01
2.196740657091140747e-01
2.223134636878967285e-01
2.198093980550765991e-01
2.229303717613220215e-01
2.223390638828277588e-01
2.201395481824874878e-01
2.172911465167999268e-01
2.217973768711090088e-01
2.209487557411193848e-01
2.230372875928878784e-01
2.222722023725509644e-01
2.248790264129638672e-01
2.214120924472808838e-01
2.194278687238693237e-01
2.199854850769042969e-01
2.203759700059890747e-01
2.235455811023712158e-01
2.205080091953277588e-01
2.198015302419662476e-01
2.193102240562438965e-01
2.221285253763198853e-01
2.192382216453552246e-01
2.194670140743255615e-01
2.224415838718414307e-01
2.208855003118515015e-01
2.194782495498657227e-01
2.193718403577804565e-01
2.235288321971893311e-01
2.200642973184585571e-01
2.203043103218078613e-01
2.205106467008590698e-01
2.211620956659317017e-01
2.180519253015518188e-01
2.215869575738906860e-01
2.176017165184020996e-01
2.193778157234191895e-01
2.189163863658905029e-01
2.166514098644256592e-01
2.179716229438781738e-01
2.193524539470672607e-01
2.194313555955886841e-01
2.182789444923400879e-01
2.181539386510848999e-01
2.187575101852416992e-01
2.188072651624679565e-01
2.201886028051376343e-01
2.201596051454544067e-01
2.195598781108856201e-01
2.196977734565734863e-01
2.183635085821151733e-01
2.202712595462799072e-01
2.204529047012329102e-01
2.178518623113632202e-01
2.174569666385650635e-01
2.171933203935623169e-01
2.164476960897445679e-01
2.190901786088943481e-01
2.196538448333740234e-01
2.170398384332656860e-01
2.192066162824630737e-01
2.168229818344116211e-01
2.174449265003204346e-01
2.156920731067657471e-01
2.184384465217590332e-01
2.182202339172363281e-01
2.142179459333419800e-01
2.175900042057037354e-01
2.182430922985076904e-01
2.170085310935974121e-01
2.168565243482589722e-01
2.167573124170303345e-01
2.222423702478408813e-01
2.175832688808441162e-01
2.165179252624511719e-01
2.161065042018890381e-01
2.164290249347686768e-01
2.151853740215301514e-01
2.151043862104415894e-01
2.156504392623901367e-01
2.136249691247940063e-01
2.181081622838973999e-01
2.167060971260070801e-01
2.160956114530563354e-01
2.162286490201950073e-01
2.160868346691131592e-01
2.168239504098892212e-01
2.153567522764205933e-01
2.150333821773529053e-01
2.167676538228988647e-01
2.158054113388061523e-01
2.195942848920822144e-01
2.155162841081619263e-01
2.146390527486801147e-01
2.154677659273147583e-01
2.161821126937866211e-01
2.178456485271453857e-01
2.146524041891098022e-01
2.174497842788696289e-01
2.154180705547332764e-01
2.174342572689056396e-01
2.168885320425033569e-01
2.142315804958343506e-01
2.163228541612625122e-01
2.149155884981155396e-01
2.138119786977767944e-01
2.177203744649887085e-01
2.144979387521743774e-01
2.116997390985488892e-01
2.141779512166976929e-01
2.152588963508605957e-01
2.131487280130386353e-01
2.139972448348999023e-01
2.142165750265121460e-01
2.151835560798645020e-01
2.137115746736526489e-01
2.134083509445190430e-01
2.126519232988357544e-01
2.156382203102111816e-01
2.137766331434249878e-01
2.151619940996170044e-01
2.153281271457672119e-01
2.117513567209243774e-01
2.142819315195083618e-01
2.138049453496932983e-01
2.145408391952514648e-01
2.126704454421997070e-01
2.144002765417098999e-01
2.151239812374114990e-01
2.181749790906906128e-01
2.170727252960205078e-01
2.140170037746429443e-01
2.168292552232742310e-01
2.144413739442825317e-01
2.123455405235290527e-01
2.133260071277618408e-01
2.132569551467895508e-01
2.153562605381011963e-01
2.132056653499603271e-01
2.114922553300857544e-01
2.139245271682739258e-01
2.136984169483184814e-01
2.132410705089569092e-01
2.129045277833938599e-01
2.120059728622436523e-01
2.142488956451416016e-01
2.132259607315063477e-01
2.122527509927749634e-01
2.096814215183258057e-01
2.130888700485229492e-01
2.114803642034530640e-01
2.130391001701354980e-01
2.137097120285034180e-01
2.123202830553054810e-01
2.135134339332580566e-01
2.129763364791870117e-01
2.128955870866775513e-01
2.144171595573425293e-01
2.136786133050918579e-01
2.123814076185226440e-01
2.136832773685455322e-01
2.117330282926559448e-01
2.146433293819427490e-01
2.111247777938842773e-01
2.121336311101913452e-01
2.127489149570465088e-01
2.105936855077743530e-01
2.115571498870849609e-01
2.112909555435180664e-01
2.119777202606201172e-01
2.107194364070892334e-01
2.106569558382034302e-01
2.112144082784652710e-01
2.136846482753753662e-01
2.120769768953323364e-01
2.118249684572219849e-01
2.131285667419433594e-01
2.112588435411453247e-01
2.118288129568099976e-01
2.109323590993881226e-01
2.129631638526916504e-01
2.113592773675918579e-01
2.118731141090393066e-01
2.119093537330627441e-01
2.112735509872436523e-01
2.107992619276046753e-01
2.118912637233734131e-01
2.098997235298156738e-01
2.126063406467437744e-01
2.118873745203018188e-01
2.113419473171234131e-01
2.111063003540039062e-01
2.117162942886352539e-01
2.114472091197967529e-01
2.101526409387588501e-01
2.092975974082946777e-01
2.089729309082031250e-01
2.067025154829025269e-01
2.109669595956802368e-01
2.073882520198822021e-01
2.102610319852828979e-01
2.113739699125289917e-01
2.130145281553268433e-01
2.111956328153610229e-01
2.078437209129333496e-01
2.141463756561279297e-01
2.115524858236312866e-01
2.088935375213623047e-01
2.104925066232681274e-01
2.114596515893936157e-01
2.114528864622116089e-01
2.089847624301910400e-01
2.096317857503890991e-01
2.093274742364883423e-01
2.085591405630111694e-01
2.118894606828689575e-01
2.110736817121505737e-01
2.124435305595397949e-01
2.128993421792984009e-01
2.088635414838790894e-01
2.100842148065567017e-01
2.085601389408111572e-01
2.073706388473510742e-01
2.105573862791061401e-01
2.094091624021530151e-01
2.103151977062225342e-01
2.105690985918045044e-01
2.104261219501495361e-01
2.090536355972290039e-01
2.123192250728607178e-01
2.124848961830139160e-01
2.077259868383407593e-01
2.078652232885360718e-01
2.074835449457168579e-01
2.084082067012786865e-01
2.088358998298645020e-01
2.105280011892318726e-01
2.108490765094757080e-01
2.075935304164886475e-01
2.091641575098037720e-01
2.093377858400344849e-01
2.091869860887527466e-01
2.086023390293121338e-01
2.098393440246582031e-01
2.071433216333389282e-01
2.086448371410369873e-01
2.101185917854309082e-01
2.094937413930892944e-01
2.068058550357818604e-01
2.079231888055801392e-01
2.093847692012786865e-01
2.099196612834930420e-01
2.070634812116622925e-01
2.064841091632843018e-01
2.083117216825485229e-01
2.066828757524490356e-01
2.064415365457534790e-01
2.097788900136947632e-01
2.107271254062652588e-01
2.080468684434890747e-01
2.088486403226852417e-01
2.063312083482742310e-01
2.081240266561508179e-01
2.110918909311294556e-01
2.075763642787933350e-01
2.068360745906829834e-01
2.097786515951156616e-01
2.087730616331100464e-01
2.098894417285919189e-01
2.109696865081787109e-01
2.038901448249816895e-01
2.072722613811492920e-01
2.056953310966491699e-01
2.101331353187561035e-01
2.078565806150436401e-01
2.061885297298431396e-01
2.075454890727996826e-01
2.065656483173370361e-01
2.075626999139785767e-01
2.103169411420822144e-01
2.056662589311599731e-01
2.076479047536849976e-01
2.064166963100433350e-01
2.098120450973510742e-01
2.078939527273178101e-01
2.071386277675628662e-01
2.073487192392349243e-01
2.096172273159027100e-01
2.079156637191772461e-01
2.050608247518539429e-01
2.071581035852432251e-01
2.053426653146743774e-01
2.057974934577941895e-01
2.079935222864151001e-01
2.072844058275222778e-01
2.066298723220825195e-01
2.075156867504119873e-01
2.040070742368698120e-01
2.079134136438369751e-01
2.065440267324447632e-01
2.054638415575027466e-01
2.053418755531311035e-01
2.021964788436889648e-01
2.079678624868392944e-01
2.051939964294433594e-01
2.039112150669097900e-01
2.064688056707382202e-01
2.042242735624313354e-01
2.071904838085174561e-01
2.051205486059188843e-01
2.075314223766326904e-01
2.033176571130752563e-01
2.039029747247695923e-01
2.035939842462539673e-01
2.065213471651077271e-01
2.063699215650558472e-01
2.050953358411788940e-01
2.082051634788513184e-01
2.068741023540496826e-01
2.064747810363769531e-01
2.074189931154251099e-01
2.084088176488876343e-01
2.029666155576705933e-01
2.045145630836486816e-01
2.074273824691772461e-01
2.042682468891143799e-01
2.077012509107589722e-01
2.078774124383926392e-01
2.032373249530792236e-01
2.052038609981536865e-01
2.075088471174240112e-01
2.069090753793716431e-01
2.076301425695419312e-01
2.062373757362365723e-01
2.030961662530899048e-01
2.033283412456512451e-01
2.031274586915969849e-01
2.060346901416778564e-01
2.062567174434661865e-01
2.033895999193191528e-01
2.053212970495223999e-01
2.059524357318878174e-01
2.027328461408615112e-01
2.036298066377639771e-01
2.063421756029129028e-01
2.061830312013626099e-01
2.028202116489410400e-01
2.043324559926986694e-01
2.038134336471557617e-01
2.057402878999710083e-01
2.026760131120681763e-01
2.033629268407821655e-01
2.032541930675506592e-01
2.061334550380706787e-01
2.052577435970306396e-01
2.053498476743698120e-01
2.036243379116058350e-01
2.046671062707901001e-01
2.066206037998199463e-01
2.057267129421234131e-01
2.035790681838989258e-01
2.035345286130905151e-01
2.069882005453109741e-01
2.049971669912338257e-01
2.036733329296112061e-01
2.064836174249649048e-01
2.012607008218765259e-01
2.006430029869079590e-01
2.046942263841629028e-01
2.042648494243621826e-01
2.021436244249343872e-01
2.031225413084030151e-01
2.048864960670471191e-01
2.047403901815414429e-01
2.033895701169967651e-01
2.012376785278320312e-01
2.040349841117858887e-01
2.038546055555343628e-01
2.024290710687637329e-01
2.030992358922958374e-01
2.039091885089874268e-01
2.044933587312698364e-01
2.020709365606307983e-01
2.018443197011947632e-01
2.044547200202941895e-01
2.047968059778213501e-01
2.026667445898056030e-01
2.021777629852294922e-01
2.018822580575942993e-01
2.001039683818817139e-01
2.045686095952987671e-01
2.032886743545532227e-01
2.022604793310165405e-01
2.014520019292831421e-01
2.029298543930053711e-01
2.047107964754104614e-01
2.029232680797576904e-01
2.023907601833343506e-01
2.062045335769653320e-01
2.018058001995086670e-01
2.034332156181335449e-01
2.039410471916198730e-01
2.008294761180877686e-01
2.015840113162994385e-01
2.020939439535140991e-01
2.010478675365447998e-01
2.023696601390838623e-01
1.994785815477371216e-01
2.005165815353393555e-01
2.024317830801010132e-01
2.019242644309997559e-01
2.035716176033020020e-01
2.045557200908660889e-01
2.020743042230606079e-01
2.020544707775115967e-01
2.036083191633224487e-01
2.010727822780609131e-01
2.004948556423187256e-01
2.017529010772705078e-01
2.025798112154006958e-01
2.027260512113571167e-01
1.974346190690994263e-01
1.995785087347030640e-01
2.020398527383804321e-01
2.031669616699218750e-01
2.030092179775238037e-01
2.013506442308425903e-01
2.011749744415283203e-01
2.005037665367126465e-01
2.020934969186782837e-01
1.987573951482772827e-01
2.005132734775543213e-01
2.019199728965759277e-01
2.015605568885803223e-01
2.029907405376434326e-01
2.016089409589767456e-01
2.006138116121292114e-01
2.000966966152191162e-01
2.030261456966400146e-01
2.030660659074783325e-01
2.061516195535659790e-01
2.027435302734375000e-01
2.009554356336593628e-01
2.021336853504180908e-01
2.022248804569244385e-01
2.018016427755355835e-01
2.024071067571640015e-01
2.013913840055465698e-01
2.018270343542098999e-01
1.983910799026489258e-01
2.019920349121093750e-01
1.996663659811019897e-01
1.987258195877075195e-01
2.023544609546661377e-01
2.007388621568679810e-01
2.003954201936721802e-01
1.995698958635330200e-01
1.990261673927307129e-01
2.016796916723251343e-01
1.999999135732650757e-01
1.997192800045013428e-01
2.012619525194168091e-01
2.003189474344253540e-01
2.000940591096878052e-01
1.998999118804931641e-01
2.006499469280242920e-01
2.010456919670104980e-01
2.033787220716476440e-01
2.015184760093688965e-01
2.021969705820083618e-01
1.985139995813369751e-01
1.980028301477432251e-01
2.011808902025222778e-01
1.990885436534881592e-01
1.996814012527465820e-01
1.993694752454757690e-01
1.976354271173477173e-01
1.999318748712539673e-01
1.994770318269729614e-01
2.005465179681777954e-01
2.012344747781753540e-01
1.990252882242202759e-01
2.008927166461944580e-01
2.023393064737319946e-01
1.977113485336303711e-01
2.007761001586914062e-01
2.019217312335968018e-01
1.979052871465682983e-01
1.994255483150482178e-01
1.963933855295181274e-01
2.006039768457412720e-01
2.005508840084075928e-01
2.000131458044052124e-01
1.995657980442047119e-01
2.007693052291870117e-01
1.999200284481048584e-01
1.976415663957595825e-01
1.973662823438644409e-01
2.005621492862701416e-01
1.997407078742980957e-01
1.989502757787704468e-01
2.009077966213226318e-01
2.002503722906112671e-01
2.001274228096008301e-01
1.956920176744461060e-01
1.995452791452407837e-01
1.992004364728927612e-01
1.981409937143325806e-01
2.003570497035980225e-01
2.015416920185089111e-01
1.963073611259460449e-01
2.008856236934661865e-01
2.003191858530044556e-01
1.997453421354293823e-01
1.995939314365386963e-01
1.990197300910949707e-01
2.010192275047302246e-01
1.990168243646621704e-01
1.976028680801391602e-01
1.960536390542984009e-01
1.990500539541244507e-01
1.985420286655426025e-01
1.996556818485260010e-01
1.974641233682632446e-01
2.014250308275222778e-01
1.988302767276763916e-01
1.984542757272720337e-01
1.987682580947875977e-01
1.969583183526992798e-01
1.976174414157867432e-01
1.961792707443237305e-01
1.971629261970520020e-01
2.001133114099502563e-01
1.946532428264617920e-01
1.995290815830230713e-01
1.985606402158737183e-01
1.989815682172775269e-01
1.992820054292678833e-01
1.988435536623001099e-01
1.999504566192626953e-01
1.986078172922134399e-01
2.005241662263870239e-01
1.999923735857009888e-01
1.959825158119201660e-01
1.988184750080108643e-01
1.966100335121154785e-01
1.979268491268157959e-01
1.961257308721542358e-01
1.959342658519744873e-01
1.976255029439926147e-01
1.972955912351608276e-01
1.971469074487686157e-01
1.973789930343627930e-01
2.086696773767471313e-01
1.978300213813781738e-01
1.967149525880813599e-01
1.968197822570800781e-01
1.985403746366500854e-01
1.978489160537719727e-01
1.976846158504486084e-01
1.984663903713226318e-01
1.998637169599533081e-01
1.983602046966552734e-01
1.979411542415618896e-01
1.979692876338958740e-01
1.975144445896148682e-01
1.973520070314407349e-01
1.960679441690444946e-01
1.966122388839721680e-01
1.967718899250030518e-01
1.982482820749282837e-01
1.982854306697845459e-01
1.963561326265335083e-01
1.989487111568450928e-01
1.974511742591857910e-01
1.970496773719787598e-01
1.983222365379333496e-01
1.988544315099716187e-01
1.988347619771957397e-01
1.974508911371231079e-01
1.969970911741256714e-01
1.943220049142837524e-01
2.000296413898468018e-01
1.927223205566406250e-01
1.961672604084014893e-01
1.966361403465270996e-01
1.971204429864883423e-01
1.933598667383193970e-01
1.973328143358230591e-01
1.976275742053985596e-01
1.969370543956756592e-01
1.976046860218048096e-01
1.968874931335449219e-01
1.964370161294937134e-01
1.956898868083953857e-01
1.962164640426635742e-01
1.972642689943313599e-01
1.950755715370178223e-01
1.946136802434921265e-01
1.964129507541656494e-01
1.973122805356979370e-01
1.979070603847503662e-01
1.926490068435668945e-01
1.958792060613632202e-01
1.961148828268051147e-01
1.947769969701766968e-01
1.976832151412963867e-01
1.969003975391387939e-01
1.962095797061920166e-01
1.978145241737365723e-01
1.963648647069931030e-01
1.946659088134765625e-01
1.968255043029785156e-01
1.967820525169372559e-01
1.988573521375656128e-01
1.958180814981460571e-01
1.963590383529663086e-01
1.996819525957107544e-01
1.957980990409851074e-01
1.941706538200378418e-01
1.958010494709014893e-01
1.967979669570922852e-01
1.963327378034591675e-01
1.938370168209075928e-01
1.960056424140930176e-01
1.964101791381835938e-01
1.958149820566177368e-01
1.942307800054550171e-01
1.955659091472625732e-01
1.956979632377624512e-01
1.977199912071228027e-01
1.972590833902359009e-01
1.952400803565979004e-01
1.948341578245162964e-01
1.948401182889938354e-01
1.952472031116485596e-01
1.943792402744293213e-01
1.931389719247817993e-01
1.949615776538848877e-01
1.962011456489562988e-01
1.938192993402481079e-01
1.937551796436309814e-01
1.956556737422943115e-01
1.954174786806106567e-01
1.939020603895187378e-01
1.960964053869247437e-01
1.917864233255386353e-01
1.939597427845001221e-01
1.947679966688156128e-01
1.938068419694900513e-01
1.975830197334289551e-01
1.937388032674789429e-01
1.956638991832733154e-01
1.986388117074966431e-01
1.973728537559509277e-01
1.951808780431747437e-01
1.957816183567047119e-01
1.947640031576156616e-01
1.955711692571640015e-01
1.942729800939559937e-01
1.975432336330413818e-01
1.982087194919586182e-01
1.932348906993865967e-01
1.942322403192520142e-01
1.952341049909591675e-01
1.947628259658813477e-01
1.944794356822967529e-01
1.970931291580200195e-01
1.923741400241851807e-01
1.930615752935409546e-01
1.942618042230606079e-01
1.932751536369323730e-01
1.975012421607971191e-01
1.945286393165588379e-01
1.931970715522766113e-01
1.949754059314727783e-01
1.944687813520431519e-01
1.932488381862640381e-01
1.954163163900375366e-01
1.931506544351577759e-01
1.949051916599273682e-01
1.942008584737777710e-01
1.915449947118759155e-01
1.927899420261383057e-01
1.946769207715988159e-01
1.936838030815124512e-01
1.954753696918487549e-01
1.921823173761367798e-01
1.946654319763183594e-01
1.939478665590286255e-01
1.945326179265975952e-01
1.936952024698257446e-01
1.920403689146041870e-01
1.964848041534423828e-01
1.907630264759063721e-01
1.925325095653533936e-01
1.954103410243988037e-01
1.940170973539352417e-01
1.946130096912384033e-01
1.943183988332748413e-01
1.936508119106292725e-01
1.935544610023498535e-01
1.931486129760742188e-01
1.938274949789047241e-01
1.931619793176651001e-01
1.920667290687561035e-01
1.915083080530166626e-01
1.939855813980102539e-01
1.946750879287719727e-01
1.945410966873168945e-01
1.921412497758865356e-01
1.929310113191604614e-01
1.939831823110580444e-01
1.932696551084518433e-01
1.932077407836914062e-01
1.930891573429107666e-01
1.925293058156967163e-01
1.918738037347793579e-01
1.957706660032272339e-01
1.933303028345108032e-01
1.929723024368286133e-01
1.928683519363403320e-01
1.946396380662918091e-01
1.946755945682525635e-01
1.915633082389831543e-01
1.939144283533096313e-01
1.915757209062576294e-01
1.892199814319610596e-01
1.942279487848281860e-01
1.944444328546524048e-01
1.938083469867706299e-01
1.937382817268371582e-01
1.934566199779510498e-01
1.941791325807571411e-01
1.956752538681030273e-01
1.897604316473007202e-01
1.928984820842742920e-01
1.918988972902297974e-01
1.952438950538635254e-01
1.929239034652709961e-01
1.920152157545089722e-01
1.923880130052566528e-01
1.926501840353012085e-01
1.922612190246582031e-01
1.931311190128326416e-01
1.914177685976028442e-01
1.922845691442489624e-01
1.929586678743362427e-01
1.940084695816040039e-01
1.922788918018341064e-01
1.917824298143386841e-01
1.930435746908187866e-01
1.934151053428649902e-01
1.915259808301925659e-01
1.914428770542144775e-01
1.921939402818679810e-01
1.920266598463058472e-01
1.935854405164718628e-01
1.930723637342453003e-01
1.906261295080184937e-01
1.917354464530944824e-01
1.920159310102462769e-01
1.932009905576705933e-01
1.935102194547653198e-01
1.915682107210159302e-01
1.923958659172058105e-01
1.921600848436355591e-01
1.934157311916351318e-01
1.940285414457321167e-01
1.921238303184509277e-01
1.921593397855758667e-01
1.908382773399353027e-01
1.923409104347229004e-01
1.924904882907867432e-01
1.937115192413330078e-01
1.910582184791564941e-01
1.908465772867202759e-01
1.945355832576751709e-01
1.910475492477416992e-01
1.893671602010726929e-01
1.898659914731979370e-01
1.907953619956970215e-01
1.916201561689376831e-01
1.909926384687423706e-01
1.924642026424407959e-01
1.909040957689285278e-01
1.925824135541915894e-01
1.906577944755554199e-01
1.923646181821823120e-01
1.906079351902008057e-01
