1.012024623751640373e+00
6.424011164903640214e-01
4.962803158164024175e-01
4.438390803337097235e-01
3.694973576068878440e-01
3.431390866637230030e-01
3.207901236414909540e-01
2.768057137727737427e-01
2.757724022865295499e-01
2.670668268203735263e-01
2.719702231884002508e-01
2.632911239564418859e-01
2.629672478139400416e-01
2.582899309694767220e-01
2.247321043908596105e-01
2.140857395529746909e-01
2.148370572924613864e-01
2.135167661309242126e-01
2.148901973664760490e-01
2.181335355341434412e-01
2.211877948045730680e-01
1.857089200615882896e-01
1.832013179361820232e-01
1.835795222222804945e-01
1.876311495900154225e-01
1.869866496324539273e-01
1.856075769662857144e-01
1.904257707297802027e-01
1.635841469466686182e-01
1.615594734996557147e-01
1.659059758484363600e-01
1.683133023977279596e-01
1.712083312869071838e-01
1.664438612759113201e-01
1.718873879313468911e-01
1.478136870265006897e-01
1.500149118155240935e-01
1.494489152729511217e-01
1.544416473060846451e-01
1.539345006644725899e-01
1.579788606613874435e-01
1.591290501505136512e-01
1.402324989438056835e-01
1.431577016413211889e-01
1.445594516396522533e-01
1.429308918118476768e-01
1.428899415582418342e-01
1.458289697021245834e-01
1.512769047170877401e-01
1.350309140235185501e-01
1.353000889718532496e-01
1.384582052379846606e-01
1.355753630399703924e-01
1.372916154563426916e-01
1.421789419651031394e-01
1.412110580503940505e-01
1.327182535827159948e-01
1.296261383593082517e-01
1.298023136705160063e-01
1.299353089928627081e-01
1.366855010390281566e-01
1.322406728565692913e-01
1.380481359362602245e-01
1.262162575125694297e-01
1.257369646430015475e-01
1.294786618649959586e-01
1.315410252660512980e-01
1.257880143076181290e-01
1.294597379118204161e-01
1.304589097201824255e-01
1.236065091937780386e-01
1.222710165381431513e-01
1.244911070913076456e-01
1.254425486177206117e-01
1.242157015204429643e-01
1.245672439783811619e-01
1.272810883820056915e-01
1.213922946155071292e-01
1.161982323229312913e-01
1.190908089280128535e-01
1.222613888978958119e-01
1.227807611227035578e-01
1.193278153985738721e-01
1.229219187796115886e-01
1.158327464759349862e-01
1.175945050269365244e-01
1.191906283795833577e-01
1.201773636788129873e-01
1.201840452104806917e-01
1.198432221263647096e-01
1.196156754344701728e-01
6.950522351264953880e-01
6.316691449284553839e-01
5.799938672780990956e-01
5.541695538163184942e-01
5.222200962901115684e-01
5.273735713958740412e-01
5.456825809180736453e-01
2.812522774189710750e-01
2.678015035390853837e-01
2.788909962028264800e-01
2.832984738796949231e-01
2.932362297177315003e-01
2.982186216861009709e-01
2.846957664191722692e-01
