8.927123546600341797e-01
8.823788166046142578e-01
8.735955953598022461e-01
8.653210401535034180e-01
8.565853238105773926e-01
8.470325469970703125e-01
8.367903828620910645e-01
8.256207108497619629e-01
8.121460676193237305e-01
7.983815073966979980e-01
7.814368605613708496e-01
7.654681205749511719e-01
7.444415092468261719e-01
7.196885347366333008e-01
6.969630122184753418e-01
6.716693639755249023e-01
6.381528973579406738e-01
6.108366847038269043e-01
5.818200111389160156e-01
5.551202297210693359e-01
5.260166525840759277e-01
5.014032721519470215e-01
4.781464338302612305e-01
4.668315052986145020e-01
4.621012508869171143e-01
4.794661402702331543e-01
4.798345565795898438e-01
4.729710817337036133e-01
4.926767945289611816e-01
4.790797233581542969e-01
4.932617545127868652e-01
4.462082684040069580e-01
4.458765387535095215e-01
4.326830506324768066e-01
4.496736526489257812e-01
4.216706454753875732e-01
4.236195981502532959e-01
4.164372980594635010e-01
4.128993749618530273e-01
4.176234900951385498e-01
4.105016589164733887e-01
4.147537648677825928e-01
4.129622876644134521e-01
4.063565731048583984e-01
3.976033926010131836e-01
3.915579617023468018e-01
3.921447098255157471e-01
3.892596065998077393e-01
3.867125809192657471e-01
3.843970596790313721e-01
3.847729563713073730e-01
3.778049051761627197e-01
3.765629529953002930e-01
3.703620731830596924e-01
3.701963722705841064e-01
3.607827723026275635e-01
3.620967566967010498e-01
3.557853996753692627e-01
3.572164475917816162e-01
3.566948473453521729e-01
3.499604761600494385e-01
3.499740660190582275e-01
3.516013026237487793e-01
3.482891023159027100e-01
3.437083065509796143e-01
3.433366417884826660e-01
3.452716469764709473e-01
3.378429114818572998e-01
3.425574004650115967e-01
3.347033858299255371e-01
3.382433950901031494e-01
3.338291645050048828e-01
3.417170643806457520e-01
3.269217610359191895e-01
3.285480737686157227e-01
3.271246850490570068e-01
3.246472477912902832e-01
3.237470090389251709e-01
3.199034631252288818e-01
3.180901408195495605e-01
3.216107487678527832e-01
3.189524114131927490e-01
3.199470639228820801e-01
3.117830157279968262e-01
3.201532661914825439e-01
3.088732063770294189e-01
3.096396625041961670e-01
3.048172891139984131e-01
3.085119426250457764e-01
3.080158233642578125e-01
3.013041615486145020e-01
3.026881814002990723e-01
3.027738928794860840e-01
2.982186377048492432e-01
3.011934161186218262e-01
2.997593879699707031e-01
2.992266416549682617e-01
2.956958413124084473e-01
2.966864407062530518e-01
2.912099063396453857e-01
2.901167869567871094e-01
2.897841930389404297e-01
2.879781126976013184e-01
2.914642095565795898e-01
2.920986413955688477e-01
2.885478734970092773e-01
2.842504084110260010e-01
2.862488329410552979e-01
2.862435579299926758e-01
2.874859571456909180e-01
2.861028611660003662e-01
2.824822962284088135e-01
2.843733131885528564e-01
2.843745350837707520e-01
2.807197272777557373e-01
2.838292121887207031e-01
2.792489528656005859e-01
2.778061032295227051e-01
2.780030965805053711e-01
2.787095904350280762e-01
2.762213945388793945e-01
2.697352468967437744e-01
2.758215069770812988e-01
2.719737887382507324e-01
2.737152874469757080e-01
2.771696448326110840e-01
2.708871066570281982e-01
2.681859433650970459e-01
2.668371796607971191e-01
2.677858173847198486e-01
2.667563259601593018e-01
2.689885199069976807e-01
2.680471241474151611e-01
2.639179527759552002e-01
2.721807062625885010e-01
2.639640271663665771e-01
2.651523351669311523e-01
2.639003098011016846e-01
2.613066434860229492e-01
2.600551843643188477e-01
2.628443837165832520e-01
2.588129043579101562e-01
2.585213184356689453e-01
2.593404948711395264e-01
2.588618993759155273e-01
2.582110464572906494e-01
2.593469321727752686e-01
2.559269368648529053e-01
2.576182484626770020e-01
2.519039213657379150e-01
2.565593719482421875e-01
2.529136240482330322e-01
2.517895698547363281e-01
2.520437836647033691e-01
2.560754716396331787e-01
2.523787915706634521e-01
2.517623305320739746e-01
2.505872845649719238e-01
2.497636228799819946e-01
2.511368691921234131e-01
2.504432797431945801e-01
2.480321675539016724e-01
2.488197535276412964e-01
2.471059113740921021e-01
2.459247708320617676e-01
2.459602206945419312e-01
2.464561760425567627e-01
2.473824471235275269e-01
2.455702126026153564e-01
2.456176877021789551e-01
2.447074651718139648e-01
2.455524206161499023e-01
2.437270879745483398e-01
2.427383959293365479e-01
2.422463893890380859e-01
2.415441572666168213e-01
2.428595125675201416e-01
2.403787970542907715e-01
2.413677871227264404e-01
2.431782782077789307e-01
2.410581111907958984e-01
2.377390265464782715e-01
2.397255599498748779e-01
2.374515980482101440e-01
2.377719432115554810e-01
2.382371425628662109e-01
2.359110265970230103e-01
2.366974949836730957e-01
2.385184019804000854e-01
2.382647693157196045e-01
2.363601028919219971e-01
2.356276512145996094e-01
2.346909046173095703e-01
2.332450151443481445e-01
2.331848144531250000e-01
2.361987978219985962e-01
2.336677163839340210e-01
2.344731092453002930e-01
2.313541918992996216e-01
2.314308732748031616e-01
3.259971141815185547e-01
3.300888836383819580e-01
3.272343575954437256e-01
3.262967765331268311e-01
3.222221434116363525e-01
3.219607174396514893e-01
3.276999592781066895e-01
3.234033584594726562e-01
3.238320052623748779e-01
3.263797461986541748e-01
3.264209032058715820e-01
3.197845816612243652e-01
3.208348453044891357e-01
3.237963020801544189e-01
3.198163509368896484e-01
3.208986520767211914e-01
3.213997781276702881e-01
3.213481903076171875e-01
3.184480667114257812e-01
3.191625177860260010e-01
3.153720200061798096e-01
3.163975477218627930e-01
3.213999569416046143e-01
3.147976696491241455e-01
3.148209154605865479e-01
3.164194226264953613e-01
3.149926066398620605e-01
3.157911002635955811e-01
3.158389925956726074e-01
3.140492141246795654e-01
3.179235458374023438e-01
3.118657171726226807e-01
3.139552772045135498e-01
3.135070204734802246e-01
3.101299703121185303e-01
3.101736307144165039e-01
3.095058202743530273e-01
3.090688884258270264e-01
3.093070089817047119e-01
3.130197227001190186e-01
3.099818229675292969e-01
3.126637041568756104e-01
3.110941350460052490e-01
3.114799559116363525e-01
3.076638579368591309e-01
3.089531064033508301e-01
3.045111298561096191e-01
3.088131546974182129e-01
3.096573054790496826e-01
3.060957789421081543e-01
3.051003813743591309e-01
3.044398725032806396e-01
3.038436472415924072e-01
3.033758401870727539e-01
3.047150671482086182e-01
3.018511235713958740e-01
3.023712933063507080e-01
3.034397661685943604e-01
3.015537559986114502e-01
3.006250560283660889e-01
3.018941283226013184e-01
3.029293417930603027e-01
3.014254868030548096e-01
3.058331906795501709e-01
3.034322857856750488e-01
3.010376691818237305e-01
2.987864017486572266e-01
2.979560792446136475e-01
3.001471757888793945e-01
2.980222404003143311e-01
2.992611825466156006e-01
2.970295846462249756e-01
2.966537475585937500e-01
2.953575849533081055e-01
2.951329648494720459e-01
2.966511249542236328e-01
2.962997555732727051e-01
2.947646677494049072e-01
2.939778864383697510e-01
2.962907552719116211e-01
2.935719788074493408e-01
2.963915765285491943e-01
2.950718700885772705e-01
2.923235297203063965e-01
2.895081937313079834e-01
2.966936230659484863e-01
2.932137846946716309e-01
2.895239591598510742e-01
2.945289313793182373e-01
2.912692129611968994e-01
2.924012243747711182e-01
2.909863591194152832e-01
2.938672304153442383e-01
2.914364635944366455e-01
2.886434197425842285e-01
2.896719872951507568e-01
2.867655158042907715e-01
2.896314859390258789e-01
2.882331013679504395e-01
2.882944047451019287e-01
2.891675233840942383e-01
2.831583321094512939e-01
2.891379594802856445e-01
2.871751785278320312e-01
2.850487232208251953e-01
2.865552902221679688e-01
2.872737348079681396e-01
2.824440896511077881e-01
2.866178452968597412e-01
2.838879525661468506e-01
2.831445038318634033e-01
2.833871245384216309e-01
2.809198498725891113e-01
2.843242883682250977e-01
2.808253467082977295e-01
2.826233506202697754e-01
2.835509479045867920e-01
2.830190956592559814e-01
2.844862937927246094e-01
2.864853143692016602e-01
2.828146815299987793e-01
2.808170318603515625e-01
2.813178598880767822e-01
2.813496589660644531e-01
2.785089313983917236e-01
2.812597155570983887e-01
2.812046706676483154e-01
2.798236608505249023e-01
2.771740555763244629e-01
2.812949419021606445e-01
2.788109481334686279e-01
2.805084288120269775e-01
2.805179059505462646e-01
2.803319394588470459e-01
2.768279314041137695e-01
2.806473076343536377e-01
2.772891819477081299e-01
2.767882943153381348e-01
2.758034467697143555e-01
2.697716057300567627e-01
2.740172743797302246e-01
2.720667421817779541e-01
2.779253125190734863e-01
2.721000909805297852e-01
2.765246927738189697e-01
2.720523178577423096e-01
2.730924487113952637e-01
2.774183154106140137e-01
2.731171846389770508e-01
2.729402780532836914e-01
2.716928422451019287e-01
2.743342220783233643e-01
2.712772190570831299e-01
2.746357023715972900e-01
2.688401639461517334e-01
2.742992937564849854e-01
2.726302146911621094e-01
2.698316872119903564e-01
2.697239816188812256e-01
2.712572813034057617e-01
2.703564167022705078e-01
2.715517282485961914e-01
2.683765888214111328e-01
2.688339054584503174e-01
2.691150009632110596e-01
2.682431340217590332e-01
2.655222117900848389e-01
2.665323019027709961e-01
2.683226168155670166e-01
2.684775590896606445e-01
2.700907588005065918e-01
2.669684290885925293e-01
2.658222317695617676e-01
2.698778212070465088e-01
2.670500874519348145e-01
2.674781382083892822e-01
2.656490504741668701e-01
2.659237384796142578e-01
2.637847661972045898e-01
2.652564644813537598e-01
2.664253115653991699e-01
2.639134824275970459e-01
2.665694057941436768e-01
2.677912414073944092e-01
2.646416425704956055e-01
2.640256583690643311e-01
2.642616927623748779e-01
2.653231024742126465e-01
2.635443508625030518e-01
2.653645277023315430e-01
2.629407942295074463e-01
2.652674019336700439e-01
2.631906867027282715e-01
2.632137537002563477e-01
2.609473466873168945e-01
2.628119289875030518e-01
2.629009485244750977e-01
2.622615098953247070e-01
2.606686651706695557e-01
2.607579231262207031e-01
2.594502568244934082e-01
2.598367035388946533e-01
2.636665105819702148e-01
2.607552707195281982e-01
2.590983808040618896e-01
2.589982748031616211e-01
2.611450552940368652e-01
2.585347592830657959e-01
2.564108371734619141e-01
2.592781782150268555e-01
2.598467469215393066e-01
2.588522732257843018e-01
2.561121881008148193e-01
2.599717676639556885e-01
2.606644630432128906e-01
2.593509852886199951e-01
2.589693963527679443e-01
2.558948099613189697e-01
2.628425657749176025e-01
2.561648488044738770e-01
2.568118274211883545e-01
2.584220767021179199e-01
2.563308179378509521e-01
2.556247115135192871e-01
2.561884224414825439e-01
2.540573179721832275e-01
2.569151818752288818e-01
2.578780949115753174e-01
2.558911442756652832e-01
2.601935565471649170e-01
2.551887333393096924e-01
2.563992738723754883e-01
2.531853616237640381e-01
2.545540928840637207e-01
2.516099214553833008e-01
2.574086785316467285e-01
2.555708289146423340e-01
2.540583014488220215e-01
2.519964277744293213e-01
2.499109953641891479e-01
2.524376213550567627e-01
2.544308304786682129e-01
2.560864090919494629e-01
2.521119415760040283e-01
2.517967522144317627e-01
2.554244697093963623e-01
2.531282901763916016e-01
2.547639906406402588e-01
2.510590553283691406e-01
2.536197006702423096e-01
2.497568279504776001e-01
2.526114881038665771e-01
2.499452382326126099e-01
2.550646364688873291e-01
2.528250813484191895e-01
2.514614462852478027e-01
2.514887452125549316e-01
2.492513656616210938e-01
2.488241195678710938e-01
2.511301636695861816e-01
2.481638938188552856e-01
2.495400756597518921e-01
2.494511008262634277e-01
2.494694292545318604e-01
2.503779232501983643e-01
2.543411254882812500e-01
2.494260817766189575e-01
2.490129023790359497e-01
2.495408207178115845e-01
2.485525757074356079e-01
2.492587715387344360e-01
2.498601526021957397e-01
2.501690685749053955e-01
2.481105178594589233e-01
2.476896196603775024e-01
2.496072053909301758e-01
2.476380765438079834e-01
2.473257780075073242e-01
2.475352734327316284e-01
2.486274838447570801e-01
2.460983097553253174e-01
2.446005791425704956e-01
2.497945427894592285e-01
2.461065202951431274e-01
2.482574284076690674e-01
2.484347373247146606e-01
2.466024607419967651e-01
2.453613430261611938e-01
2.471298873424530029e-01
2.431481778621673584e-01
2.462844550609588623e-01
2.482192516326904297e-01
2.471142709255218506e-01
2.480383515357971191e-01
2.451925277709960938e-01
2.460563480854034424e-01
2.462531775236129761e-01
2.484038919210433960e-01
2.443819344043731689e-01
2.468861341476440430e-01
2.481122314929962158e-01
2.454920560121536255e-01
2.469645738601684570e-01
2.461872398853302002e-01
2.455846965312957764e-01
2.438919991254806519e-01
2.412522137165069580e-01
2.441690117120742798e-01
2.437580376863479614e-01
2.458681166172027588e-01
2.459257245063781738e-01
2.448399811983108521e-01
2.431784421205520630e-01
2.437441945075988770e-01
2.469265609979629517e-01
2.437621057033538818e-01
2.405364066362380981e-01
2.408091872930526733e-01
2.406571507453918457e-01
2.461560815572738647e-01
2.459395527839660645e-01
2.427307218313217163e-01
2.395501285791397095e-01
2.449065446853637695e-01
2.414958775043487549e-01
2.426268458366394043e-01
2.399049103260040283e-01
2.405084371566772461e-01
2.424805015325546265e-01
2.388581037521362305e-01
2.433001548051834106e-01
2.413316816091537476e-01
2.420753836631774902e-01
2.427597045898437500e-01
2.360850125551223755e-01
2.412700206041336060e-01
2.432938218116760254e-01
2.401186674833297729e-01
2.382042109966278076e-01
2.391529828310012817e-01
2.398049086332321167e-01
2.416948825120925903e-01
2.403936535120010376e-01
2.435503154993057251e-01
2.382968366146087646e-01
2.399447262287139893e-01
2.406110912561416626e-01
2.396585047245025635e-01
2.413181066513061523e-01
2.384815514087677002e-01
2.397430241107940674e-01
2.408539205789566040e-01
2.406757622957229614e-01
2.388747185468673706e-01
2.403127998113632202e-01
2.415489107370376587e-01
2.377376705408096313e-01
2.384265959262847900e-01
2.378302216529846191e-01
2.390670478343963623e-01
2.338479161262512207e-01
2.371456921100616455e-01
2.379106581211090088e-01
2.356195598840713501e-01
2.397633343935012817e-01
2.383219748735427856e-01
2.354855090379714966e-01
2.357141077518463135e-01
2.391669899225234985e-01
2.363332659006118774e-01
2.359961271286010742e-01
2.366679459810256958e-01
2.381193488836288452e-01
2.380015701055526733e-01
2.396077513694763184e-01
2.368673533201217651e-01
2.361097186803817749e-01
2.365847676992416382e-01
2.375152558088302612e-01
2.378004193305969238e-01
2.360398918390274048e-01
2.392126619815826416e-01
2.369556128978729248e-01
2.374175041913986206e-01
2.372355163097381592e-01
2.380017638206481934e-01
2.335315793752670288e-01
2.357224971055984497e-01
2.358176559209823608e-01
2.354489415884017944e-01
2.321123331785202026e-01
2.360631078481674194e-01
2.372541725635528564e-01
2.361405789852142334e-01
2.337470203638076782e-01
2.364960312843322754e-01
2.365197390317916870e-01
2.369528859853744507e-01
2.324191033840179443e-01
2.367297857999801636e-01
2.350316047668457031e-01
2.358194738626480103e-01
2.340995073318481445e-01
2.328384816646575928e-01
2.309640347957611084e-01
2.349936664104461670e-01
2.344175279140472412e-01
2.363715320825576782e-01
2.333062589168548584e-01
2.340636402368545532e-01
2.363967448472976685e-01
2.329573035240173340e-01
2.346048206090927124e-01
2.351775914430618286e-01
2.371580749750137329e-01
2.324181646108627319e-01
2.334734648466110229e-01
2.350848913192749023e-01
2.313864976167678833e-01
2.331911474466323853e-01
2.310485988855361938e-01
2.320793569087982178e-01
2.336324453353881836e-01
2.295012027025222778e-01
2.321328371763229370e-01
2.334509789943695068e-01
2.312507033348083496e-01
2.340110391378402710e-01
2.331053018569946289e-01
2.340140491724014282e-01
2.307932078838348389e-01
2.312584072351455688e-01
2.314461916685104370e-01
2.318371683359146118e-01
2.338376939296722412e-01
2.306313514709472656e-01
2.348209023475646973e-01
2.318971306085586548e-01
2.341393381357192993e-01
2.321798950433731079e-01
2.311500757932662964e-01
2.308021038770675659e-01
2.319403290748596191e-01
2.329193651676177979e-01
2.311109453439712524e-01
2.314950525760650635e-01
2.301259636878967285e-01
2.322547137737274170e-01
2.314462512731552124e-01
2.301765531301498413e-01
2.334010750055313110e-01
2.328222543001174927e-01
2.302578091621398926e-01
2.286764383316040039e-01
2.292214930057525635e-01
2.283556163311004639e-01
2.315973043441772461e-01
2.312611192464828491e-01
2.271769344806671143e-01
2.285617291927337646e-01
2.297981977462768555e-01
2.304994761943817139e-01
2.285215258598327637e-01
2.314220070838928223e-01
2.274626046419143677e-01
2.275478541851043701e-01
2.292563021183013916e-01
2.299176156520843506e-01
2.264076769351959229e-01
2.284292429685592651e-01
2.300781458616256714e-01
2.302173972129821777e-01
2.280740290880203247e-01
2.313943654298782349e-01
2.289843261241912842e-01
2.321877330541610718e-01
2.308530360460281372e-01
2.270631790161132812e-01
2.290634065866470337e-01
2.292100489139556885e-01
2.287259250879287720e-01
2.267950922250747681e-01
2.265246808528900146e-01
2.273939847946166992e-01
2.299595028162002563e-01
2.278685122728347778e-01
2.285751551389694214e-01
2.274990528821945190e-01
2.279673963785171509e-01
2.280218452215194702e-01
2.284528762102127075e-01
2.290175408124923706e-01
2.279111891984939575e-01
2.277683466672897339e-01
2.269265800714492798e-01
2.274580895900726318e-01
2.277358919382095337e-01
2.279205173254013062e-01
2.265682965517044067e-01
2.291173189878463745e-01
2.269768267869949341e-01
2.250634431838989258e-01
2.264898717403411865e-01
2.296545356512069702e-01
2.256179749965667725e-01
2.299492955207824707e-01
2.266093641519546509e-01
2.257520109415054321e-01
2.286041975021362305e-01
2.243429422378540039e-01
2.282732725143432617e-01
2.246094495058059692e-01
2.280786186456680298e-01
2.264862954616546631e-01
2.265089005231857300e-01
2.271637022495269775e-01
2.262729406356811523e-01
2.268341928720474243e-01
2.245285660028457642e-01
2.279730737209320068e-01
2.248065024614334106e-01
2.261923402547836304e-01
2.253628224134445190e-01
2.264547646045684814e-01
2.244531214237213135e-01
2.231095433235168457e-01
2.228120863437652588e-01
2.240683734416961670e-01
2.238619327545166016e-01
2.269972264766693115e-01
2.267168313264846802e-01
2.254115492105484009e-01
2.250934541225433350e-01
2.257472723722457886e-01
2.244158238172531128e-01
2.261245250701904297e-01
2.248259037733078003e-01
2.262930721044540405e-01
2.254920005798339844e-01
2.240433543920516968e-01
2.246705740690231323e-01
2.247487753629684448e-01
2.236637175083160400e-01
2.205563783645629883e-01
2.239136397838592529e-01
2.254554331302642822e-01
2.229143232107162476e-01
2.213140577077865601e-01
2.215671837329864502e-01
2.257764339447021484e-01
2.249650955200195312e-01
2.219908237457275391e-01
2.226413637399673462e-01
2.229695618152618408e-01
2.245107740163803101e-01
2.248707860708236694e-01
2.228261083364486694e-01
2.230084687471389771e-01
2.232200056314468384e-01
2.259159833192825317e-01
2.271844148635864258e-01
2.244500666856765747e-01
2.208389192819595337e-01
2.251857221126556396e-01
2.210319191217422485e-01
2.206125557422637939e-01
2.209625542163848877e-01
2.230703681707382202e-01
2.223355472087860107e-01
2.254076004028320312e-01
2.226997464895248413e-01
2.223877459764480591e-01
2.231287807226181030e-01
2.244148254394531250e-01
2.239846736192703247e-01
2.218389213085174561e-01
2.202498614788055420e-01
2.246832847595214844e-01
2.228482812643051147e-01
2.213686853647232056e-01
2.209491580724716187e-01
2.234132736921310425e-01
2.247846722602844238e-01
2.258921265602111816e-01
2.223453968763351440e-01
2.212345451116561890e-01
2.211816459894180298e-01
2.216292917728424072e-01
2.246696949005126953e-01
2.224748581647872925e-01
2.196823507547378540e-01
2.229665368795394897e-01
2.216453254222869873e-01
2.221904397010803223e-01
2.222608029842376709e-01
2.220816463232040405e-01
2.197251319885253906e-01
2.214185446500778198e-01
2.232912778854370117e-01
2.198804169893264771e-01
2.206616997718811035e-01
2.219179719686508179e-01
2.172891199588775635e-01
2.201122343540191650e-01
2.205129861831665039e-01
2.181500345468521118e-01
2.207547873258590698e-01
2.210341691970825195e-01
2.204528003931045532e-01
2.212168276309967041e-01
2.195181101560592651e-01
2.202330231666564941e-01
2.214470207691192627e-01
2.205652296543121338e-01
2.192163914442062378e-01
2.176587581634521484e-01
2.210602164268493652e-01
2.207323014736175537e-01
2.191375792026519775e-01
2.190552353858947754e-01
2.192462682723999023e-01
2.213321924209594727e-01
2.194172888994216919e-01
2.208362668752670288e-01
2.213528305292129517e-01
2.196220755577087402e-01
2.198476493358612061e-01
2.213154584169387817e-01
2.202409654855728149e-01
2.212254703044891357e-01
2.173792719841003418e-01
2.199997603893280029e-01
2.187622189521789551e-01
2.185330390930175781e-01
2.209894359111785889e-01
2.213530689477920532e-01
2.208544313907623291e-01
2.187875211238861084e-01
2.181235849857330322e-01
2.191878855228424072e-01
2.206712514162063599e-01
2.204481363296508789e-01
2.185619175434112549e-01
2.191677540540695190e-01
2.177963852882385254e-01
2.188693732023239136e-01
2.203264981508255005e-01
2.187210768461227417e-01
2.192200869321823120e-01
2.181316465139389038e-01
2.165729254484176636e-01
2.173646390438079834e-01
2.167075127363204956e-01
2.184286117553710938e-01
2.173525840044021606e-01
2.172761708498001099e-01
2.157745063304901123e-01
2.185407876968383789e-01
2.193793058395385742e-01
2.204127013683319092e-01
2.176636159420013428e-01
2.167216688394546509e-01
2.152946591377258301e-01
2.178950011730194092e-01
2.172071933746337891e-01
2.175231724977493286e-01
2.155866324901580811e-01
2.169667035341262817e-01
2.192191630601882935e-01
2.163687199354171753e-01
2.158834487199783325e-01
2.167939990758895874e-01
2.160116285085678101e-01
2.181982100009918213e-01
2.172268778085708618e-01
2.148458957672119141e-01
2.169924527406692505e-01
2.174940705299377441e-01
2.168031781911849976e-01
2.170228660106658936e-01
2.143354117870330811e-01
2.202035933732986450e-01
2.179819792509078979e-01
2.179768085479736328e-01
2.164238840341567993e-01
2.164941579103469849e-01
2.151138782501220703e-01
2.169871777296066284e-01
2.173655927181243896e-01
2.159650772809982300e-01
2.132745981216430664e-01
2.185295373201370239e-01
2.178849726915359497e-01
2.150948047637939453e-01
2.156458348035812378e-01
2.122589647769927979e-01
2.159380614757537842e-01
2.135937362909317017e-01
2.174055874347686768e-01
2.136013060808181763e-01
2.166960984468460083e-01
2.137293666601181030e-01
2.139238715171813965e-01
2.160887569189071655e-01
2.145776152610778809e-01
2.141344845294952393e-01
2.140778154134750366e-01
2.148720473051071167e-01
2.166532129049301147e-01
2.144897580146789551e-01
2.144236862659454346e-01
2.157594859600067139e-01
2.116733491420745850e-01
2.163895219564437866e-01
2.180301845073699951e-01
2.166832089424133301e-01
2.128645777702331543e-01
2.129449695348739624e-01
2.165867835283279419e-01
2.164166718721389771e-01
2.155707329511642456e-01
2.157358825206756592e-01
2.136865109205245972e-01
2.133949398994445801e-01
2.128905504941940308e-01
2.152597308158874512e-01
2.154521197080612183e-01
2.133197635412216187e-01
2.133535295724868774e-01
2.105136513710021973e-01
2.137833535671234131e-01
2.128436118364334106e-01
2.142202109098434448e-01
2.140897065401077271e-01
2.133317589759826660e-01
2.121661603450775146e-01
2.116307020187377930e-01
2.162084132432937622e-01
2.122095972299575806e-01
2.149893939495086670e-01
2.141868323087692261e-01
2.134316861629486084e-01
2.144991010427474976e-01
2.145663350820541382e-01
2.131010442972183228e-01
2.155154049396514893e-01
2.159423828125000000e-01
2.120810449123382568e-01
2.108220458030700684e-01
2.127446085214614868e-01
2.113357484340667725e-01
2.114469259977340698e-01
2.112414538860321045e-01
2.104887813329696655e-01
2.155416309833526611e-01
2.139704525470733643e-01
2.115149796009063721e-01
2.103048563003540039e-01
2.126248031854629517e-01
2.128169089555740356e-01
2.143323421478271484e-01
2.123999744653701782e-01
2.095734775066375732e-01
2.111728340387344360e-01
2.158588767051696777e-01
2.126238346099853516e-01
2.115976810455322266e-01
2.130887210369110107e-01
2.125904262065887451e-01
2.100180983543395996e-01
2.108729183673858643e-01
2.140919864177703857e-01
2.117012739181518555e-01
2.094928622245788574e-01
2.125254422426223755e-01
2.104127556085586548e-01
2.125113159418106079e-01
2.097944021224975586e-01
2.125683575868606567e-01
2.106310725212097168e-01
2.122068554162979126e-01
2.126468122005462646e-01
2.123198956251144409e-01
2.103157341480255127e-01
2.122342586517333984e-01
2.102748602628707886e-01
2.125147730112075806e-01
2.078894525766372681e-01
2.116663008928298950e-01
2.112549543380737305e-01
2.099581509828567505e-01
2.104871720075607300e-01
2.113120555877685547e-01
2.113367170095443726e-01
2.104828655719757080e-01
2.117092311382293701e-01
2.125392854213714600e-01
2.106860429048538208e-01
2.125352174043655396e-01
2.098724544048309326e-01
2.120721191167831421e-01
2.123037576675415039e-01
2.115476429462432861e-01
2.111153900623321533e-01
2.115679681301116943e-01
2.106907516717910767e-01
2.101890146732330322e-01
2.077603340148925781e-01
2.110309749841690063e-01
2.081956416368484497e-01
2.108515053987503052e-01
2.106668800115585327e-01
2.115125656127929688e-01
2.118769735097885132e-01
2.111422717571258545e-01
2.091667056083679199e-01
2.121707797050476074e-01
2.087090909481048584e-01
2.092631310224533081e-01
2.094061225652694702e-01
2.103941291570663452e-01
2.098728418350219727e-01
2.098370939493179321e-01
2.065886408090591431e-01
2.085271030664443970e-01
2.102340310811996460e-01
2.098006159067153931e-01
2.070548832416534424e-01
2.109540998935699463e-01
2.088635563850402832e-01
2.083487361669540405e-01
2.096490710973739624e-01
2.093229889869689941e-01
2.097417563199996948e-01
2.078591883182525635e-01
2.071697711944580078e-01
2.091453671455383301e-01
2.089070826768875122e-01
2.091544717550277710e-01
2.086735814809799194e-01
2.076927572488784790e-01
2.092438638210296631e-01
2.090056389570236206e-01
2.105813622474670410e-01
2.128266692161560059e-01
2.099695354700088501e-01
2.094535529613494873e-01
2.096358835697174072e-01
2.127181887626647949e-01
2.089130431413650513e-01
2.114485204219818115e-01
2.071678787469863892e-01
2.090229392051696777e-01
2.078392952680587769e-01
2.072366029024124146e-01
2.081473320722579956e-01
2.083643376827239990e-01
2.089273333549499512e-01
2.078754752874374390e-01
2.100407928228378296e-01
2.061595469713211060e-01
2.101418673992156982e-01
2.071285694837570190e-01
2.089549750089645386e-01
2.074266821146011353e-01
2.084413915872573853e-01
2.094824463129043579e-01
2.069261819124221802e-01
2.090494930744171143e-01
2.091851830482482910e-01
2.100035250186920166e-01
2.095489650964736938e-01
2.081881761550903320e-01
2.062916606664657593e-01
2.068179845809936523e-01
2.074359655380249023e-01
2.091696858406066895e-01
2.081557661294937134e-01
2.070729583501815796e-01
2.076878696680068970e-01
2.059807181358337402e-01
2.059994190931320190e-01
2.053016573190689087e-01
2.078630626201629639e-01
2.089487165212631226e-01
2.082483321428298950e-01
2.053946703672409058e-01
2.072139680385589600e-01
2.054477334022521973e-01
2.106744349002838135e-01
2.071957439184188843e-01
2.057806849479675293e-01
2.056830823421478271e-01
2.087921500205993652e-01
2.059150487184524536e-01
2.083163261413574219e-01
2.045251429080963135e-01
2.071115523576736450e-01
2.066463083028793335e-01
2.053520083427429199e-01
2.051288187503814697e-01
2.064069211483001709e-01
2.035392224788665771e-01
2.063383609056472778e-01
2.063525319099426270e-01
2.062560617923736572e-01
2.042125165462493896e-01
2.064039558172225952e-01
2.086146175861358643e-01
2.047200798988342285e-01
2.045886367559432983e-01
2.075413763523101807e-01
2.091566473245620728e-01
2.078272849321365356e-01
2.065740823745727539e-01
2.061812728643417358e-01
2.070798873901367188e-01
2.058984637260437012e-01
2.025266438722610474e-01
2.052614837884902954e-01
2.071640193462371826e-01
2.064689695835113525e-01
2.076019495725631714e-01
2.077944725751876831e-01
2.057691365480422974e-01
2.058304995298385620e-01
2.044323086738586426e-01
2.056760787963867188e-01
2.050102204084396362e-01
2.053931355476379395e-01
2.057107686996459961e-01
2.054667770862579346e-01
2.031444758176803589e-01
2.048101425170898438e-01
2.063928991556167603e-01
2.057309895753860474e-01
2.064184844493865967e-01
2.068133056163787842e-01
2.061715871095657349e-01
2.063630521297454834e-01
2.062755823135375977e-01
2.053868174552917480e-01
2.042190432548522949e-01
2.014716714620590210e-01
2.068381756544113159e-01
2.057166546583175659e-01
2.079347372055053711e-01
2.061242014169692993e-01
2.072226107120513916e-01
2.039711773395538330e-01
2.049354016780853271e-01
2.045512497425079346e-01
2.047735601663589478e-01
2.044347822666168213e-01
2.054090350866317749e-01
2.040284276008605957e-01
2.055262923240661621e-01
2.057463228702545166e-01
2.013323307037353516e-01
2.037917077541351318e-01
2.028946876525878906e-01
2.035465836524963379e-01
2.056351751089096069e-01
2.028734683990478516e-01
2.050387412309646606e-01
2.037540376186370850e-01
2.037458568811416626e-01
2.017957568168640137e-01
2.063825130462646484e-01
2.034953534603118896e-01
2.065524011850357056e-01
2.024031728506088257e-01
2.035429179668426514e-01
2.032243907451629639e-01
2.066498100757598877e-01
2.019382715225219727e-01
2.028124183416366577e-01
1.999088823795318604e-01
2.040452808141708374e-01
2.029261887073516846e-01
2.008858323097229004e-01
2.042950391769409180e-01
2.019104659557342529e-01
2.025527954101562500e-01
2.048836350440979004e-01
2.029543220996856689e-01
2.029779404401779175e-01
2.039117068052291870e-01
2.055141031742095947e-01
2.033775150775909424e-01
2.035696059465408325e-01
2.044602930545806885e-01
2.039647847414016724e-01
1.998593509197235107e-01
2.040732651948928833e-01
2.069235444068908691e-01
2.021860033273696899e-01
2.045803219079971313e-01
2.054178118705749512e-01
2.061926424503326416e-01
2.007819265127182007e-01
2.024841606616973877e-01
2.038432955741882324e-01
2.035109102725982666e-01
1.987247467041015625e-01
2.047681361436843872e-01
1.990142911672592163e-01
2.044656127691268921e-01
2.014097869396209717e-01
2.008312493562698364e-01
2.020928114652633667e-01
2.039536684751510620e-01
2.027119547128677368e-01
2.058022022247314453e-01
2.032469511032104492e-01
2.005164176225662231e-01
2.022265940904617310e-01
2.048586755990982056e-01
2.014263719320297241e-01
2.005464285612106323e-01
2.009575963020324707e-01
2.016683965921401978e-01
2.030022144317626953e-01
2.018076926469802856e-01
2.033678144216537476e-01
2.014538794755935669e-01
2.040034830570220947e-01
2.032541334629058838e-01
2.010709792375564575e-01
2.022630274295806885e-01
2.006282657384872437e-01
1.988372951745986938e-01
2.015467435121536255e-01
2.028970718383789062e-01
2.000645399093627930e-01
1.986369639635086060e-01
1.989798992872238159e-01
2.014177292585372925e-01
2.011293768882751465e-01
2.013601511716842651e-01
2.048286348581314087e-01
2.022327482700347900e-01
1.998371481895446777e-01
2.025045901536941528e-01
2.018902748823165894e-01
2.030969709157943726e-01
2.009830176830291748e-01
2.032375782728195190e-01
2.029554396867752075e-01
2.021139413118362427e-01
2.005496621131896973e-01
1.987925320863723755e-01
1.980845332145690918e-01
1.985036879777908325e-01
2.002799361944198608e-01
1.998550742864608765e-01
1.986268460750579834e-01
2.001184821128845215e-01
1.993950605392456055e-01
2.004992365837097168e-01
2.006049901247024536e-01
2.010611295700073242e-01
2.000211477279663086e-01
1.984133124351501465e-01
2.028823643922805786e-01
1.991857886314392090e-01
2.010212391614913940e-01
2.005105763673782349e-01
1.996378004550933838e-01
2.007030099630355835e-01
2.026747018098831177e-01
2.009740918874740601e-01
2.009449452161788940e-01
2.011836320161819458e-01
2.045509517192840576e-01
1.997297257184982300e-01
2.004999518394470215e-01
2.027958929538726807e-01
2.004219293594360352e-01
1.998529732227325439e-01
2.021100372076034546e-01
2.009609788656234741e-01
1.987168341875076294e-01
2.008725404739379883e-01
1.986894607543945312e-01
2.011290490627288818e-01
2.015490531921386719e-01
1.994429677724838257e-01
1.991709917783737183e-01
1.992123872041702271e-01
2.007537931203842163e-01
2.022383064031600952e-01
2.023308873176574707e-01
1.996763944625854492e-01
1.984889656305313110e-01
1.975613087415695190e-01
1.994630992412567139e-01
1.957245767116546631e-01
1.990586221218109131e-01
1.984870433807373047e-01
2.008242309093475342e-01
1.984872370958328247e-01
2.019294351339340210e-01
1.953423619270324707e-01
2.000709921121597290e-01
2.015575170516967773e-01
2.001401036977767944e-01
1.963329762220382690e-01
1.975831836462020874e-01
1.973802447319030762e-01
1.997051686048507690e-01
1.983898133039474487e-01
1.982607841491699219e-01
1.990267783403396606e-01
1.950239986181259155e-01
1.979534775018692017e-01
1.972505152225494385e-01
1.986868679523468018e-01
1.981212943792343140e-01
2.002263665199279785e-01
1.991560310125350952e-01
1.972460150718688965e-01
1.979718059301376343e-01
1.988005340099334717e-01
1.984439194202423096e-01
1.992707103490829468e-01
1.951121538877487183e-01
1.998698711395263672e-01
1.986282169818878174e-01
2.023836821317672729e-01
1.953772902488708496e-01
1.980943679809570312e-01
1.978056877851486206e-01
1.994245499372482300e-01
2.004562020301818848e-01
1.994170248508453369e-01
1.990940123796463013e-01
1.971017271280288696e-01
1.985521167516708374e-01
1.988079100847244263e-01
2.012332677841186523e-01
1.994624733924865723e-01
1.984067261219024658e-01
2.000646442174911499e-01
1.999932825565338135e-01
1.985071450471878052e-01
1.972206830978393555e-01
1.968305706977844238e-01
2.001003623008728027e-01
1.966965049505233765e-01
1.981976479291915894e-01
1.992675065994262695e-01
1.987188160419464111e-01
1.991119086742401123e-01
1.971215009689331055e-01
1.984029263257980347e-01
1.962348371744155884e-01
1.979167759418487549e-01
1.966507732868194580e-01
1.988834142684936523e-01
1.977784782648086548e-01
1.983969360589981079e-01
1.960780322551727295e-01
1.969212144613265991e-01
1.970183551311492920e-01
1.945172846317291260e-01
1.996669769287109375e-01
1.975197046995162964e-01
1.967180073261260986e-01
1.973764896392822266e-01
1.983082890510559082e-01
1.974900811910629272e-01
1.945362389087677002e-01
1.951092481613159180e-01
1.978479325771331787e-01
1.973798573017120361e-01
1.973588764667510986e-01
1.976304054260253906e-01
1.961432695388793945e-01
1.952195316553115845e-01
1.975812315940856934e-01
1.987172812223434448e-01
1.950331032276153564e-01
1.981788575649261475e-01
1.951281875371932983e-01
1.973778754472732544e-01
1.985496878623962402e-01
2.000101059675216675e-01
1.963800936937332153e-01
1.973362118005752563e-01
1.962138712406158447e-01
1.976837068796157837e-01
1.993837207555770874e-01
1.976800709962844849e-01
1.987229138612747192e-01
1.964954584836959839e-01
1.937461495399475098e-01
1.964314132928848267e-01
1.957765668630599976e-01
1.975936740636825562e-01
1.983351409435272217e-01
1.949451118707656860e-01
1.970946490764617920e-01
1.965526640415191650e-01
1.953187286853790283e-01
1.964291483163833618e-01
1.990566998720169067e-01
1.972595900297164917e-01
1.956872045993804932e-01
1.972588747739791870e-01
1.960654556751251221e-01
1.986890137195587158e-01
1.998355537652969360e-01
1.982351541519165039e-01
1.941722333431243896e-01
1.955843269824981689e-01
1.960754394531250000e-01
1.973676383495330811e-01
1.964441388845443726e-01
1.960631906986236572e-01
1.983858644962310791e-01
1.956390738487243652e-01
1.947528272867202759e-01
1.948382705450057983e-01
1.965307742357254028e-01
1.952048987150192261e-01
1.955398023128509521e-01
1.960108876228332520e-01
1.939600855112075806e-01
1.945667415857315063e-01
1.970082670450210571e-01
1.951030492782592773e-01
1.924649029970169067e-01
1.953437477350234985e-01
1.955206543207168579e-01
1.952896714210510254e-01
1.972878277301788330e-01
1.969043612480163574e-01
1.955841183662414551e-01
1.954250633716583252e-01
1.954998970031738281e-01
1.966280639171600342e-01
1.961355805397033691e-01
1.939546465873718262e-01
1.934521049261093140e-01
1.954064220190048218e-01
1.961594820022583008e-01
1.960759758949279785e-01
1.940263062715530396e-01
1.975798457860946655e-01
1.951871216297149658e-01
1.944527328014373779e-01
1.963522881269454956e-01
1.980440169572830200e-01
1.948667764663696289e-01
1.971833854913711548e-01
1.946817785501480103e-01
1.926722377538681030e-01
1.932296156883239746e-01
1.947548985481262207e-01
1.967350542545318604e-01
1.958919316530227661e-01
1.936927884817123413e-01
1.956985294818878174e-01
1.934269219636917114e-01
1.947973221540451050e-01
1.953146308660507202e-01
1.922210603952407837e-01
1.967103630304336548e-01
1.937267780303955078e-01
1.911842972040176392e-01
1.965676397085189819e-01
1.955860108137130737e-01
1.955158561468124390e-01
1.946277171373367310e-01
1.948589831590652466e-01
1.945819407701492310e-01
1.929803341627120972e-01
1.950040459632873535e-01
1.942016780376434326e-01
1.925583779811859131e-01
1.903333514928817749e-01
1.965990662574768066e-01
1.953043639659881592e-01
1.950914114713668823e-01
1.934877038002014160e-01
1.973980516195297241e-01
1.928129494190216064e-01
1.933703124523162842e-01
1.954178363084793091e-01
1.942286193370819092e-01
1.936288326978683472e-01
1.927432268857955933e-01
1.946467012166976929e-01
1.949155032634735107e-01
1.954417526721954346e-01
1.944076418876647949e-01
1.944295316934585571e-01
1.932521760463714600e-01
1.948353350162506104e-01
