5.023035845160483959e-01
1.670254902541637443e-01
1.367796609550714360e-01
1.180998527631163530e-01
1.063272952288389223e-01
9.951507516205310155e-02
9.740067478269338885e-02
9.131772905588149414e-02
8.564484219998121095e-02
8.088134199380875300e-02
8.031782604753971710e-02
8.048477333039044668e-02
7.447672445327042923e-02
7.719049688428640532e-02
7.570640735328197646e-02
7.519984588027001093e-02
7.342880275100469034e-02
7.557139903306961393e-02
6.799425382167101350e-02
6.729699220508336688e-02
6.721930067986249535e-02
6.808734226971864534e-02
6.550971217453480100e-02
6.804321553558111135e-02
6.784205123782158231e-02
6.605983283370733816e-02
6.746349867433309999e-02
6.119604609906673098e-02
5.964891146868467331e-02
6.467676721513271332e-02
6.265092473477125445e-02
6.376295313239097040e-02
6.337857618927955627e-02
6.532533632591366879e-02
6.294581718742847665e-02
6.133304867893457635e-02
5.993684969842433957e-02
5.937566131353378546e-02
5.818229816854000175e-02
5.944623839110135810e-02
5.862142428755760110e-02
5.748933970928191833e-02
5.991900054737925307e-02
6.072873653843999242e-02
5.835497777909040562e-02
5.589019346982240788e-02
5.592809047549963247e-02
5.608663693070412015e-02
5.761990722268819920e-02
5.645173590630293142e-02
5.694413360208273184e-02
5.557769587263464844e-02
5.749183785170317029e-02
6.061829004436731366e-02
5.479692582041024995e-02
5.464137615635990958e-02
5.351311448961496020e-02
5.549262609332800134e-02
5.600058078765868946e-02
5.494774060323834308e-02
5.407649382948875177e-02
5.598204936832189282e-02
5.747990343719720785e-02
5.428586155176162720e-02
5.109398800879717123e-02
5.516576834022998699e-02
5.394414637237786997e-02
5.430972047150135068e-02
5.418117731809615756e-02
5.199006730690598765e-02
5.428670860826969452e-02
5.556472890079021398e-02
5.148668427020311467e-02
5.101657187566160934e-02
5.282991679385304340e-02
5.281132344156503483e-02
5.215686995536088916e-02
5.244084361940622163e-02
5.232388868927955600e-02
5.230254050344228939e-02
5.304407387971878107e-02
5.245542135089635571e-02
5.037209574133157813e-02
4.793114336207508763e-02
5.218244316056371013e-02
5.106299238279461694e-02
5.069058047607541417e-02
5.209251606836914905e-02
5.185458432883024299e-02
5.278613928705453567e-02
5.027529176324605636e-02
5.069628825411200829e-02
4.968020545318722891e-02
4.863897636532783786e-02
5.133218692615628548e-02
5.147003829479217252e-02
5.104081373661756293e-02
5.240800257772207371e-02
4.995853770524263243e-02
4.771745899692177856e-02
4.958755452185869411e-02
5.002278197556733752e-02
4.960293900221586505e-02
5.070004444569349566e-02
4.905462754890322491e-02
5.161952685564756560e-02
5.048816975206136398e-02
4.994803775101899768e-02
4.921372137963771903e-02
5.071901440620422280e-02
4.644462499767541830e-02
4.931554343551397546e-02
4.943979334086179983e-02
4.860920369625091469e-02
4.807357734069227923e-02
5.049314334988594388e-02
4.969256974756717377e-02
4.662403797730803323e-02
4.849273972213268002e-02
4.967303978279233312e-02
4.912112046033143692e-02
4.721901247277855707e-02
4.897363612428307783e-02
4.907259885221719464e-02
5.078912168741225863e-02
4.784596592187881359e-02
3.154145142436027283e-01
2.708798727393150196e-01
2.614227119833231194e-01
2.397584743052721123e-01
2.392248480021953450e-01
2.211042810603976172e-01
2.285598773509263937e-01
2.184442020207643387e-01
2.127974025905132183e-01
