1.005257010459899902e+00
9.947323799133300781e-01
9.836745858192443848e-01
9.743238687515258789e-01
9.636367559432983398e-01
9.539811611175537109e-01
9.433952569961547852e-01
9.328221082687377930e-01
9.196850061416625977e-01
9.055876135826110840e-01
8.913511633872985840e-01
8.750319480895996094e-01
8.551750183105468750e-01
8.366165161132812500e-01
8.119558691978454590e-01
7.940464615821838379e-01
7.617822289466857910e-01
7.403172850608825684e-01
7.148594856262207031e-01
6.861435174942016602e-01
6.590170264244079590e-01
6.427252292633056641e-01
6.216117143630981445e-01
6.026241779327392578e-01
5.832003355026245117e-01
5.716730356216430664e-01
5.608671903610229492e-01
5.975005626678466797e-01
5.683308839797973633e-01
5.506069660186767578e-01
5.494889616966247559e-01
5.569196343421936035e-01
5.267547965049743652e-01
5.281353592872619629e-01
4.951098561286926270e-01
5.149565935134887695e-01
4.815962314605712891e-01
4.762851595878601074e-01
4.858817458152770996e-01
4.708175659179687500e-01
4.786734580993652344e-01
4.673294126987457275e-01
4.613434076309204102e-01
4.612346589565277100e-01
4.520584940910339355e-01
4.590630233287811279e-01
4.572566449642181396e-01
4.473123252391815186e-01
4.464591443538665771e-01
4.438232183456420898e-01
4.402850866317749023e-01
4.454911351203918457e-01
4.409911632537841797e-01
4.310581088066101074e-01
4.321846663951873779e-01
4.331887960433959961e-01
4.223453998565673828e-01
4.255675375461578369e-01
4.241380393505096436e-01
4.318529367446899414e-01
4.223240911960601807e-01
4.120883345603942871e-01
4.185954332351684570e-01
4.216206371784210205e-01
4.094461202621459961e-01
4.119606912136077881e-01
4.118703603744506836e-01
4.045977890491485596e-01
4.083438515663146973e-01
4.117359817028045654e-01
4.052591621875762939e-01
4.007587134838104248e-01
4.006335735321044922e-01
4.001370668411254883e-01
3.945767581462860107e-01
3.911302387714385986e-01
3.997723162174224854e-01
3.977096974849700928e-01
3.927545547485351562e-01
3.964905440807342529e-01
3.934269547462463379e-01
3.911778032779693604e-01
3.940603137016296387e-01
3.890258967876434326e-01
3.908649981021881104e-01
3.832504451274871826e-01
3.878865540027618408e-01
3.824664354324340820e-01
3.848927617073059082e-01
3.882242441177368164e-01
3.810118734836578369e-01
3.825364410877227783e-01
3.786963522434234619e-01
3.809119462966918945e-01
3.766775131225585938e-01
3.770137131214141846e-01
3.811513483524322510e-01
3.771122694015502930e-01
3.749050796031951904e-01
3.767786324024200439e-01
3.731431066989898682e-01
3.729806542396545410e-01
3.721762895584106445e-01
3.723681867122650146e-01
3.747242093086242676e-01
3.699155449867248535e-01
3.733514249324798584e-01
3.670066595077514648e-01
3.731969892978668213e-01
3.634264469146728516e-01
3.685423433780670166e-01
3.702561557292938232e-01
3.601535558700561523e-01
3.617079854011535645e-01
3.643981218338012695e-01
3.681068718433380127e-01
3.628575205802917480e-01
3.573767840862274170e-01
3.597095310688018799e-01
3.584017455577850342e-01
3.594440817832946777e-01
3.533155620098114014e-01
3.545426428318023682e-01
3.550129532814025879e-01
3.557391762733459473e-01
3.543364703655242920e-01
3.557488918304443359e-01
3.551663756370544434e-01
3.574589490890502930e-01
3.519695699214935303e-01
3.511379063129425049e-01
3.534766733646392822e-01
3.499434888362884521e-01
3.518657982349395752e-01
3.462381660938262939e-01
3.480655550956726074e-01
3.469614088535308838e-01
3.459817469120025635e-01
3.459027409553527832e-01
3.466531932353973389e-01
3.431967496871948242e-01
3.433264493942260742e-01
3.420779109001159668e-01
3.416840732097625732e-01
3.430429399013519287e-01
3.415770828723907471e-01
3.387801945209503174e-01
3.438067138195037842e-01
3.402915000915527344e-01
3.377110958099365234e-01
3.389613628387451172e-01
3.336363434791564941e-01
3.350312709808349609e-01
3.369069993495941162e-01
3.346518576145172119e-01
3.341894447803497314e-01
3.356989026069641113e-01
3.335642814636230469e-01
3.271878957748413086e-01
3.313462436199188232e-01
3.351146876811981201e-01
3.327595293521881104e-01
3.351646363735198975e-01
3.313978910446166992e-01
3.307818770408630371e-01
3.298646211624145508e-01
3.270922005176544189e-01
3.236521482467651367e-01
3.241034150123596191e-01
3.265859186649322510e-01
3.261250853538513184e-01
3.274808526039123535e-01
3.240112364292144775e-01
3.226021528244018555e-01
3.213352262973785400e-01
3.214040100574493408e-01
3.237608671188354492e-01
3.166416585445404053e-01
3.187508285045623779e-01
3.199028074741363525e-01
3.194511830806732178e-01
3.213605284690856934e-01
3.178418576717376709e-01
3.143550753593444824e-01
3.169542849063873291e-01
3.148844540119171143e-01
3.159891068935394287e-01
3.166014552116394043e-01
3.185358643531799316e-01
3.137163221836090088e-01
3.164683282375335693e-01
3.153088986873626709e-01
3.117159605026245117e-01
3.152252435684204102e-01
3.113711178302764893e-01
3.133821487426757812e-01
3.122562468051910400e-01
3.081485331058502197e-01
3.067100942134857178e-01
3.167485594749450684e-01
3.123029470443725586e-01
3.054350316524505615e-01
3.085498511791229248e-01
3.081091940402984619e-01
3.043211400508880615e-01
3.060843944549560547e-01
3.045866489410400391e-01
3.061947226524353027e-01
3.028140962123870850e-01
3.051714897155761719e-01
2.994139492511749268e-01
3.036387860774993896e-01
2.988006174564361572e-01
2.983775436878204346e-01
3.010541498661041260e-01
3.000110387802124023e-01
3.021851181983947754e-01
3.038177192211151123e-01
3.015390336513519287e-01
2.991451323032379150e-01
3.008913397789001465e-01
3.001104891300201416e-01
3.083992004394531250e-01
2.972160577774047852e-01
2.940171658992767334e-01
2.940887808799743652e-01
2.928188443183898926e-01
2.930831313133239746e-01
2.942343950271606445e-01
2.938512563705444336e-01
2.922273874282836914e-01
2.935940921306610107e-01
2.936505973339080811e-01
2.923512756824493408e-01
2.919197678565979004e-01
2.931821048259735107e-01
2.910501956939697266e-01
2.948321402072906494e-01
2.912352681159973145e-01
2.914311885833740234e-01
2.873694300651550293e-01
2.880484163761138916e-01
2.888410389423370361e-01
2.897660136222839355e-01
2.853971123695373535e-01
2.857325375080108643e-01
2.845312952995300293e-01
2.873277068138122559e-01
2.854493558406829834e-01
2.849667668342590332e-01
2.833359241485595703e-01
2.833467423915863037e-01
2.880397140979766846e-01
2.828930914402008057e-01
2.830416858196258545e-01
2.840259671211242676e-01
2.830931544303894043e-01
2.842869460582733154e-01
2.826794683933258057e-01
2.810737490653991699e-01
2.783395946025848389e-01
2.812559306621551514e-01
2.801944613456726074e-01
2.801460027694702148e-01
2.797518372535705566e-01
2.817121744155883789e-01
2.770141959190368652e-01
2.755712866783142090e-01
2.770299911499023438e-01
2.785615622997283936e-01
2.751933634281158447e-01
2.726596891880035400e-01
2.744385898113250732e-01
2.782767415046691895e-01
2.719041109085083008e-01
2.734322249889373779e-01
2.764578461647033691e-01
2.735626697540283203e-01
2.730339765548706055e-01
2.733426094055175781e-01
2.695759236812591553e-01
2.691816091537475586e-01
2.698319554328918457e-01
2.731831073760986328e-01
2.691348493099212646e-01
2.694908380508422852e-01
2.705858647823333740e-01
2.716532349586486816e-01
2.692910432815551758e-01
2.682980895042419434e-01
2.711531519889831543e-01
2.691290676593780518e-01
2.652505636215209961e-01
2.676058113574981689e-01
2.660730183124542236e-01
2.651799619197845459e-01
2.686878144741058350e-01
2.675638794898986816e-01
2.656880617141723633e-01
2.662784457206726074e-01
2.674244344234466553e-01
2.652366161346435547e-01
2.645790278911590576e-01
2.652045190334320068e-01
2.649130821228027344e-01
2.612805366516113281e-01
2.616940736770629883e-01
2.633131444454193115e-01
2.637773156166076660e-01
2.619749903678894043e-01
2.622283697128295898e-01
2.616211175918579102e-01
2.624326646327972412e-01
2.627629637718200684e-01
2.591884434223175049e-01
2.595698237419128418e-01
2.634849846363067627e-01
2.586086392402648926e-01
2.580443024635314941e-01
2.600244879722595215e-01
2.623658180236816406e-01
2.574770152568817139e-01
2.585192024707794189e-01
2.562240660190582275e-01
2.575164735317230225e-01
2.592857778072357178e-01
2.593138515949249268e-01
2.559719383716583252e-01
2.565690279006958008e-01
2.593776583671569824e-01
2.562573850154876709e-01
2.543857097625732422e-01
2.526343166828155518e-01
2.550131976604461670e-01
2.575304210186004639e-01
2.538697719573974609e-01
2.528274059295654297e-01
2.562673389911651611e-01
2.509543597698211670e-01
2.505236268043518066e-01
2.557580769062042236e-01
2.509597241878509521e-01
2.510266005992889404e-01
2.539643943309783936e-01
2.531900703907012939e-01
2.490352392196655273e-01
2.520429193973541260e-01
2.509818375110626221e-01
2.508632838726043701e-01
2.514137625694274902e-01
2.515313029289245605e-01
2.501218914985656738e-01
2.472190558910369873e-01
2.517712116241455078e-01
2.520217299461364746e-01
2.504403591156005859e-01
2.493361234664916992e-01
2.499946653842926025e-01
2.503761947154998779e-01
2.473672628402709961e-01
2.515409588813781738e-01
2.493699491024017334e-01
2.475610524415969849e-01
2.490121126174926758e-01
2.456183880567550659e-01
2.453355044126510620e-01
2.469634413719177246e-01
2.466811090707778931e-01
2.458116561174392700e-01
2.426674515008926392e-01
2.477429807186126709e-01
2.429647445678710938e-01
2.443997561931610107e-01
2.448940277099609375e-01
2.425398975610733032e-01
2.419918626546859741e-01
2.453561723232269287e-01
2.413488775491714478e-01
2.458957731723785400e-01
2.445253580808639526e-01
2.449675798416137695e-01
2.415858060121536255e-01
2.419210672378540039e-01
2.430355399847030640e-01
2.421430349349975586e-01
2.421361804008483887e-01
2.442036122083663940e-01
2.406227141618728638e-01
2.437333613634109497e-01
2.428178638219833374e-01
2.382078915834426880e-01
2.425483912229537964e-01
2.400814890861511230e-01
2.416574656963348389e-01
2.405620962381362915e-01
2.390431463718414307e-01
2.385392040014266968e-01
2.369725406169891357e-01
2.380007058382034302e-01
2.414671331644058228e-01
2.371962964534759521e-01
2.386463284492492676e-01
2.370257377624511719e-01
2.354399710893630981e-01
2.374298125505447388e-01
2.380329966545104980e-01
2.382947355508804321e-01
2.360703051090240479e-01
2.380757629871368408e-01
2.369090169668197632e-01
2.379535585641860962e-01
2.378662377595901489e-01
2.356122136116027832e-01
2.366127520799636841e-01
2.368835359811782837e-01
2.352437973022460938e-01
2.351325452327728271e-01
2.359313368797302246e-01
2.346903979778289795e-01
2.368526458740234375e-01
2.354959696531295776e-01
2.346577197313308716e-01
2.330274879932403564e-01
2.332946062088012695e-01
2.328528165817260742e-01
2.318510711193084717e-01
2.323857694864273071e-01
2.331836521625518799e-01
2.326326519250869751e-01
2.345218062400817871e-01
2.330588549375534058e-01
2.301174849271774292e-01
2.328416854143142700e-01
2.313662916421890259e-01
2.320162057876586914e-01
2.334621697664260864e-01
2.293336093425750732e-01
2.320682406425476074e-01
2.309054136276245117e-01
2.337150722742080688e-01
2.315949648618698120e-01
2.334598749876022339e-01
2.302160263061523438e-01
2.291586101055145264e-01
2.319213002920150757e-01
2.304932177066802979e-01
2.298336476087570190e-01
2.305589020252227783e-01
2.292650789022445679e-01
2.284502536058425903e-01
2.305768728256225586e-01
2.287114411592483521e-01
2.290069907903671265e-01
2.264837622642517090e-01
2.297015339136123657e-01
2.298022061586380005e-01
2.310638874769210815e-01
2.289066165685653687e-01
2.298473119735717773e-01
2.264497280120849609e-01
2.300533950328826904e-01
2.268669456243515015e-01
2.276077866554260254e-01
2.249165028333663940e-01
2.273964136838912964e-01
2.285748124122619629e-01
2.275227904319763184e-01
2.259667366743087769e-01
2.266299575567245483e-01
2.265392243862152100e-01
2.261846214532852173e-01
2.258963286876678467e-01
2.276558279991149902e-01
2.271862030029296875e-01
2.298024147748947144e-01
2.255023866891860962e-01
2.258632332086563110e-01
2.280779927968978882e-01
2.242450714111328125e-01
2.264517992734909058e-01
2.257831245660781860e-01
2.260428071022033691e-01
2.264701277017593384e-01
2.262599617242813110e-01
2.231708317995071411e-01
2.217110395431518555e-01
2.294985055923461914e-01
2.234392315149307251e-01
2.253068834543228149e-01
2.248641550540924072e-01
2.222751528024673462e-01
2.229238599538803101e-01
2.263668924570083618e-01
2.219657897949218750e-01
2.222734838724136353e-01
2.274319529533386230e-01
2.217958569526672363e-01
2.249170243740081787e-01
2.247333824634552002e-01
2.230250686407089233e-01
2.245664447546005249e-01
2.242142558097839355e-01
2.239251583814620972e-01
2.226494997739791870e-01
2.254463732242584229e-01
2.228024005889892578e-01
2.233356833457946777e-01
2.242213487625122070e-01
2.219525277614593506e-01
2.240459769964218140e-01
2.232266217470169067e-01
2.230546474456787109e-01
2.225173860788345337e-01
2.213629186153411865e-01
2.266464233398437500e-01
2.226252704858779907e-01
2.204063087701797485e-01
2.218549400568008423e-01
2.221172600984573364e-01
2.212548702955245972e-01
2.222244739532470703e-01
2.183155566453933716e-01
2.213190495967864990e-01
2.222358733415603638e-01
2.200439125299453735e-01
2.199224680662155151e-01
2.206191718578338623e-01
2.199179381132125854e-01
2.205350100994110107e-01
2.218196988105773926e-01
2.186716049909591675e-01
2.210191637277603149e-01
2.210548967123031616e-01
2.194193452596664429e-01
2.188340723514556885e-01
2.220643311738967896e-01
2.200921028852462769e-01
2.215144187211990356e-01
2.217877954244613647e-01
2.214246988296508789e-01
2.242016047239303589e-01
2.210694104433059692e-01
2.193949371576309204e-01
2.198678851127624512e-01
2.200333774089813232e-01
2.198290973901748657e-01
2.198827415704727173e-01
2.201464176177978516e-01
2.192582786083221436e-01
2.198925316333770752e-01
2.174329012632369995e-01
2.163123190402984619e-01
2.192037403583526611e-01
2.168114930391311646e-01
2.168709039688110352e-01
2.192824780941009521e-01
2.188361138105392456e-01
2.167415171861648560e-01
2.175885885953903198e-01
2.210644334554672241e-01
2.177447676658630371e-01
2.187492847442626953e-01
2.181196957826614380e-01
2.160480022430419922e-01
2.142473161220550537e-01
2.166786193847656250e-01
2.151537239551544189e-01
2.171264588832855225e-01
2.177025824785232544e-01
2.176338583230972290e-01
2.173914015293121338e-01
2.162127494812011719e-01
2.158563733100891113e-01
2.162900716066360474e-01
2.148810476064682007e-01
2.163685709238052368e-01
2.163116186857223511e-01
2.149573564529418945e-01
2.165254801511764526e-01
2.165240496397018433e-01
2.149623185396194458e-01
2.156572043895721436e-01
2.164131104946136475e-01
2.132146954536437988e-01
2.176193594932556152e-01
2.149214893579483032e-01
2.158316820859909058e-01
2.144543379545211792e-01
2.136205732822418213e-01
2.172205597162246704e-01
2.180394679307937622e-01
2.142417132854461670e-01
2.147044539451599121e-01
2.160000205039978027e-01
2.139164209365844727e-01
2.159423381090164185e-01
2.142110764980316162e-01
2.152470946311950684e-01
2.151882350444793701e-01
2.152378559112548828e-01
2.144789844751358032e-01
2.133755236864089966e-01
2.141863107681274414e-01
2.151025980710983276e-01
2.154283821582794189e-01
2.148488461971282959e-01
2.149657905101776123e-01
2.124868035316467285e-01
2.143628448247909546e-01
2.132220715284347534e-01
2.123271822929382324e-01
2.144454866647720337e-01
2.130489498376846313e-01
2.136300653219223022e-01
2.139174938201904297e-01
2.136365920305252075e-01
2.135449349880218506e-01
2.125543057918548584e-01
2.134475111961364746e-01
2.137462794780731201e-01
2.129257023334503174e-01
2.122339010238647461e-01
2.145510613918304443e-01
2.136329114437103271e-01
2.141283154487609863e-01
2.117562592029571533e-01
2.113418281078338623e-01
2.128772288560867310e-01
2.118290215730667114e-01
2.124561220407485962e-01
2.114813178777694702e-01
2.116178572177886963e-01
2.114792466163635254e-01
2.110273092985153198e-01
2.117212861776351929e-01
2.151830345392227173e-01
2.137229442596435547e-01
2.104274481534957886e-01
2.116120755672454834e-01
2.112795859575271606e-01
2.108962237834930420e-01
2.115621268749237061e-01
2.129676192998886108e-01
2.114039063453674316e-01
2.085481882095336914e-01
2.129206657409667969e-01
2.117394655942916870e-01
2.109363526105880737e-01
2.121825665235519409e-01
2.124689817428588867e-01
2.137202173471450806e-01
2.107075601816177368e-01
2.117124795913696289e-01
2.107813656330108643e-01
2.106873095035552979e-01
2.103613764047622681e-01
2.119845896959304810e-01
2.080769687891006470e-01
2.103817760944366455e-01
2.086528241634368896e-01
2.097921520471572876e-01
2.117715626955032349e-01
2.106307595968246460e-01
2.120767831802368164e-01
2.108993828296661377e-01
2.123974114656448364e-01
2.118089646100997925e-01
2.101570963859558105e-01
2.087735980749130249e-01
2.101040631532669067e-01
2.130656838417053223e-01
2.101174294948577881e-01
2.089583575725555420e-01
2.092053592205047607e-01
2.110623419284820557e-01
2.095223218202590942e-01
2.084135413169860840e-01
2.122496813535690308e-01
2.097399234771728516e-01
2.082864046096801758e-01
2.113257944583892822e-01
2.100089639425277710e-01
2.082302272319793701e-01
2.085036188364028931e-01
2.090032249689102173e-01
2.090384513139724731e-01
2.098632305860519409e-01
2.089478969573974609e-01
2.074948102235794067e-01
2.091916352510452271e-01
2.088758796453475952e-01
2.091584205627441406e-01
2.089417725801467896e-01
2.081340849399566650e-01
2.069498002529144287e-01
2.060462832450866699e-01
2.085700482130050659e-01
2.098244875669479370e-01
2.097980082035064697e-01
2.088780254125595093e-01
2.102768123149871826e-01
2.087104618549346924e-01
2.102650403976440430e-01
2.083232849836349487e-01
2.098141163587570190e-01
2.063395678997039795e-01
2.065936625003814697e-01
2.070014625787734985e-01
2.063208967447280884e-01
2.079504281282424927e-01
2.075623422861099243e-01
2.096134871244430542e-01
2.063520401716232300e-01
2.056973129510879517e-01
2.079631090164184570e-01
2.081311941146850586e-01
2.082480490207672119e-01
2.073464989662170410e-01
2.081235796213150024e-01
2.065503001213073730e-01
2.075608521699905396e-01
2.061517089605331421e-01
2.078473567962646484e-01
2.075129896402359009e-01
2.056177407503128052e-01
2.075405567884445190e-01
2.046826332807540894e-01
2.073134332895278931e-01
2.057532221078872681e-01
2.080448716878890991e-01
2.073474079370498657e-01
2.067044377326965332e-01
2.071733176708221436e-01
2.074075788259506226e-01
2.079774737358093262e-01
2.081149965524673462e-01
2.085562199354171753e-01
2.067049592733383179e-01
2.063622921705245972e-01
2.078907340764999390e-01
2.056676298379898071e-01
2.036878168582916260e-01
2.083253711462020874e-01
2.076406776905059814e-01
2.052942365407943726e-01
2.047150284051895142e-01
2.065331488847732544e-01
2.036597132682800293e-01
2.042183279991149902e-01
2.064440548419952393e-01
2.069152593612670898e-01
2.065187394618988037e-01
2.043269127607345581e-01
2.049124091863632202e-01
2.066444307565689087e-01
2.054443955421447754e-01
2.026180773973464966e-01
2.035946846008300781e-01
2.050305008888244629e-01
2.069459259510040283e-01
2.057312279939651489e-01
2.066643387079238892e-01
2.045675665140151978e-01
2.051356136798858643e-01
2.057343125343322754e-01
2.045483738183975220e-01
2.052575945854187012e-01
2.045655101537704468e-01
2.064233273267745972e-01
2.051178365945816040e-01
2.071352452039718628e-01
2.054674625396728516e-01
2.055763006210327148e-01
2.057463973760604858e-01
2.050551474094390869e-01
2.058673501014709473e-01
2.020894736051559448e-01
2.044216990470886230e-01
2.034071385860443115e-01
2.062339037656784058e-01
2.063391655683517456e-01
2.045330703258514404e-01
2.024605423212051392e-01
2.047757506370544434e-01
2.029042840003967285e-01
2.049148976802825928e-01
2.046568989753723145e-01
2.034037858247756958e-01
2.030883133411407471e-01
2.027096003293991089e-01
2.041815817356109619e-01
2.061421424150466919e-01
2.042709589004516602e-01
2.038873732089996338e-01
2.035559117794036865e-01
2.011244446039199829e-01
2.048753201961517334e-01
2.035066932439804077e-01
2.035617679357528687e-01
2.036404013633728027e-01
2.161586135625839233e-01
2.207695692777633667e-01
2.161102294921875000e-01
2.209791988134384155e-01
2.201067060232162476e-01
2.191112190485000610e-01
2.184852808713912964e-01
2.197191417217254639e-01
2.190068811178207397e-01
2.199313640594482422e-01
2.193243950605392456e-01
2.177008688449859619e-01
2.172347754240036011e-01
2.166203111410140991e-01
2.188192605972290039e-01
2.199520617723464966e-01
2.155358344316482544e-01
2.150321900844573975e-01
2.156943976879119873e-01
2.191092967987060547e-01
2.156039625406265259e-01
2.181074470281600952e-01
2.182331532239913940e-01
2.171501964330673218e-01
2.188273966312408447e-01
2.196837365627288818e-01
2.150101661682128906e-01
2.162991017103195190e-01
2.187238335609436035e-01
2.195838242769241333e-01
2.174780517816543579e-01
2.162010371685028076e-01
2.186631113290786743e-01
2.179918736219406128e-01
2.189790308475494385e-01
2.171354293823242188e-01
2.185944467782974243e-01
2.149386405944824219e-01
2.151197046041488647e-01
2.184230834245681763e-01
2.184282541275024414e-01
2.158633917570114136e-01
2.181286811828613281e-01
2.152170240879058838e-01
2.145112007856369019e-01
2.193659543991088867e-01
2.193803638219833374e-01
2.163019329309463501e-01
2.155009955167770386e-01
2.166493684053421021e-01
2.179335206747055054e-01
2.177913188934326172e-01
2.167614549398422241e-01
2.167276740074157715e-01
2.160380482673645020e-01
2.145606130361557007e-01
2.153785973787307739e-01
2.169128656387329102e-01
2.169767916202545166e-01
2.168020755052566528e-01
2.163656502962112427e-01
2.135675847530364990e-01
2.150946110486984253e-01
2.156132012605667114e-01
2.148448973894119263e-01
2.140693217515945435e-01
2.152700722217559814e-01
2.142846435308456421e-01
2.165164202451705933e-01
2.123339921236038208e-01
2.164361327886581421e-01
2.147203683853149414e-01
2.146391421556472778e-01
2.133159786462783813e-01
2.160035669803619385e-01
2.171082645654678345e-01
2.161425054073333740e-01
2.167022228240966797e-01
2.117357403039932251e-01
2.157861888408660889e-01
2.135333716869354248e-01
2.145770192146301270e-01
2.144116461277008057e-01
2.131711691617965698e-01
2.160826921463012695e-01
2.170111536979675293e-01
2.136362791061401367e-01
2.129083126783370972e-01
2.134657502174377441e-01
2.133267521858215332e-01
2.165000885725021362e-01
2.142101824283599854e-01
2.162606418132781982e-01
2.132483869791030884e-01
2.142636477947235107e-01
2.128687500953674316e-01
2.152901589870452881e-01
2.152226120233535767e-01
2.136503159999847412e-01
2.132499665021896362e-01
2.123259156942367554e-01
2.138425260782241821e-01
2.135700881481170654e-01
2.152372896671295166e-01
2.125638723373413086e-01
2.131930440664291382e-01
2.135982811450958252e-01
2.134323120117187500e-01
2.116334289312362671e-01
2.155526280403137207e-01
2.129936516284942627e-01
2.122160196304321289e-01
2.135397791862487793e-01
2.145370095968246460e-01
2.141471505165100098e-01
2.097421586513519287e-01
2.147903442382812500e-01
2.129359543323516846e-01
2.138891518115997314e-01
2.118857055902481079e-01
2.144745439291000366e-01
2.072295099496841431e-01
2.147718966007232666e-01
2.120678424835205078e-01
2.113560736179351807e-01
2.135043144226074219e-01
2.122273445129394531e-01
2.125603109598159790e-01
2.150201201438903809e-01
2.124944776296615601e-01
2.122977972030639648e-01
2.124592065811157227e-01
2.122096121311187744e-01
2.109427452087402344e-01
2.101606279611587524e-01
2.091732919216156006e-01
2.130467593669891357e-01
2.123762667179107666e-01
2.134233862161636353e-01
2.122390568256378174e-01
2.124539166688919067e-01
2.101913392543792725e-01
2.120018601417541504e-01
2.119605988264083862e-01
2.123264372348785400e-01
2.076069861650466919e-01
2.108958810567855835e-01
2.127228081226348877e-01
2.094466090202331543e-01
2.089212983846664429e-01
2.126051187515258789e-01
2.083268910646438599e-01
2.105268388986587524e-01
2.110564857721328735e-01
2.111735045909881592e-01
2.099735140800476074e-01
2.138192206621170044e-01
2.135734856128692627e-01
2.135927379131317139e-01
2.119235843420028687e-01
2.116997539997100830e-01
2.067152559757232666e-01
2.126135677099227905e-01
2.114714980125427246e-01
2.091082632541656494e-01
2.108555883169174194e-01
2.127435654401779175e-01
2.131186425685882568e-01
2.114227414131164551e-01
2.113347947597503662e-01
2.130643874406814575e-01
2.107617259025573730e-01
2.123530209064483643e-01
2.108315676450729370e-01
2.077711522579193115e-01
2.113352268934249878e-01
2.102853357791900635e-01
2.104133665561676025e-01
2.104441672563552856e-01
2.135170400142669678e-01
2.097133100032806396e-01
2.159947454929351807e-01
2.091362923383712769e-01
2.077335417270660400e-01
2.095678597688674927e-01
2.091665118932723999e-01
2.092531472444534302e-01
2.106604725122451782e-01
2.085072994232177734e-01
2.096780240535736084e-01
2.078513503074645996e-01
2.107602208852767944e-01
2.104329019784927368e-01
2.095557153224945068e-01
2.105026692152023315e-01
2.103184610605239868e-01
2.102072089910507202e-01
2.108830511569976807e-01
2.099964916706085205e-01
2.095326781272888184e-01
2.084089964628219604e-01
2.084695100784301758e-01
2.083903849124908447e-01
2.095178514719009399e-01
2.089914679527282715e-01
2.078100144863128662e-01
2.086752653121948242e-01
2.071387171745300293e-01
2.065702080726623535e-01
2.082114219665527344e-01
2.103163301944732666e-01
2.093752771615982056e-01
2.077600657939910889e-01
2.111594974994659424e-01
2.086231559514999390e-01
2.079123258590698242e-01
2.086080163717269897e-01
2.073121219873428345e-01
2.083867043256759644e-01
2.073658853769302368e-01
2.078140377998352051e-01
2.099108695983886719e-01
2.094213813543319702e-01
2.136424630880355835e-01
2.074405103921890259e-01
2.092373222112655640e-01
2.082354426383972168e-01
2.108602523803710938e-01
2.061111032962799072e-01
2.085923403501510620e-01
2.101595997810363770e-01
2.096382081508636475e-01
2.108066231012344360e-01
2.075025886297225952e-01
2.080116868019104004e-01
2.079477161169052124e-01
2.083704471588134766e-01
2.059893608093261719e-01
2.109835594892501831e-01
2.091529518365859985e-01
2.074910104274749756e-01
2.067569345235824585e-01
2.099199742078781128e-01
2.103317379951477051e-01
2.080884873867034912e-01
2.090729624032974243e-01
2.060354351997375488e-01
2.084684222936630249e-01
2.082271575927734375e-01
2.078981995582580566e-01
2.067631483078002930e-01
2.072750777006149292e-01
2.070863097906112671e-01
2.092700004577636719e-01
2.090726196765899658e-01
2.091180086135864258e-01
2.049931585788726807e-01
2.063954621553421021e-01
2.103635519742965698e-01
2.076639533042907715e-01
2.082489430904388428e-01
2.060807049274444580e-01
2.086686640977859497e-01
2.084993422031402588e-01
2.055195868015289307e-01
2.073707431554794312e-01
2.060362100601196289e-01
2.042790502309799194e-01
2.094809412956237793e-01
2.080783396959304810e-01
2.064406573772430420e-01
2.069474011659622192e-01
2.079114317893981934e-01
2.074337303638458252e-01
2.095667570829391479e-01
2.057718187570571899e-01
2.077405154705047607e-01
2.068308740854263306e-01
2.039259970188140869e-01
2.068284749984741211e-01
2.062727808952331543e-01
2.081364542245864868e-01
2.049777358770370483e-01
2.060837000608444214e-01
2.081125527620315552e-01
2.063159942626953125e-01
2.068039327859878540e-01
2.062319368124008179e-01
2.087523341178894043e-01
2.065268456935882568e-01
2.065084427595138550e-01
2.062719166278839111e-01
2.044429332017898560e-01
2.070312798023223877e-01
2.030990123748779297e-01
2.031780183315277100e-01
2.085658311843872070e-01
2.070439904928207397e-01
2.043565660715103149e-01
2.053014785051345825e-01
2.050966918468475342e-01
2.066188603639602661e-01
2.046209275722503662e-01
2.054501622915267944e-01
2.038293331861495972e-01
2.035737931728363037e-01
2.043991684913635254e-01
2.045894563198089600e-01
2.037770450115203857e-01
2.058994621038436890e-01
2.066059708595275879e-01
2.063551545143127441e-01
2.065871208906173706e-01
2.035958319902420044e-01
2.050109952688217163e-01
2.022160887718200684e-01
2.036439776420593262e-01
2.047810703516006470e-01
2.048683613538742065e-01
2.058226764202117920e-01
2.041660249233245850e-01
2.087615877389907837e-01
2.050131857395172119e-01
2.056669443845748901e-01
2.063995152711868286e-01
2.042499482631683350e-01
2.048234641551971436e-01
2.045080810785293579e-01
2.057692408561706543e-01
2.051752060651779175e-01
2.034215629100799561e-01
2.044440805912017822e-01
2.063706815242767334e-01
2.066515237092971802e-01
2.054634243249893188e-01
2.050811350345611572e-01
2.047111988067626953e-01
2.052337229251861572e-01
2.060154825448989868e-01
2.057748883962631226e-01
2.023629099130630493e-01
2.032640576362609863e-01
2.042667567729949951e-01
2.049295902252197266e-01
2.050144821405410767e-01
2.004920095205307007e-01
2.072058320045471191e-01
2.054201662540435791e-01
2.015717029571533203e-01
2.008722275495529175e-01
2.030427753925323486e-01
2.034293711185455322e-01
2.037655115127563477e-01
2.028465867042541504e-01
2.044467031955718994e-01
2.028327733278274536e-01
2.056144475936889648e-01
2.036201655864715576e-01
2.032469809055328369e-01
2.047960460186004639e-01
2.040937840938568115e-01
2.015421837568283081e-01
2.037474811077117920e-01
2.049824595451354980e-01
2.049747705459594727e-01
2.017937004566192627e-01
2.023025602102279663e-01
2.036694586277008057e-01
2.023678869009017944e-01
2.015471309423446655e-01
2.016553580760955811e-01
2.021110653877258301e-01
2.031480818986892700e-01
2.017431259155273438e-01
2.040483653545379639e-01
1.995255500078201294e-01
2.039451748132705688e-01
2.029258310794830322e-01
2.027954757213592529e-01
2.015801966190338135e-01
1.987928152084350586e-01
2.027328908443450928e-01
2.004238665103912354e-01
2.013808339834213257e-01
2.006488144397735596e-01
2.027785778045654297e-01
2.023732066154479980e-01
2.026233971118927002e-01
2.018963843584060669e-01
2.039802968502044678e-01
2.018431723117828369e-01
2.055235207080841064e-01
2.017255127429962158e-01
2.036807388067245483e-01
2.013344019651412964e-01
2.045706361532211304e-01
2.032276093959808350e-01
2.008425444364547729e-01
2.027377933263778687e-01
2.005759477615356445e-01
2.002115547657012939e-01
2.012692242860794067e-01
2.034601718187332153e-01
2.018071264028549194e-01
2.011805325746536255e-01
2.031006664037704468e-01
2.026266306638717651e-01
2.027914971113204956e-01
2.020359784364700317e-01
2.016262859106063843e-01
2.000406533479690552e-01
2.007842063903808594e-01
2.028451263904571533e-01
2.005170434713363647e-01
1.983404457569122314e-01
2.016679942607879639e-01
2.013250738382339478e-01
2.038747817277908325e-01
1.998678892850875854e-01
1.998921632766723633e-01
1.995908021926879883e-01
2.012318819761276245e-01
2.008692175149917603e-01
2.012138664722442627e-01
2.004499733448028564e-01
2.001719772815704346e-01
2.010543346405029297e-01
1.998996734619140625e-01
1.995603591203689575e-01
1.999298632144927979e-01
2.005973607301712036e-01
2.025668472051620483e-01
2.012917250394821167e-01
2.027481198310852051e-01
1.988691389560699463e-01
2.024667114019393921e-01
2.022592872381210327e-01
1.993335783481597900e-01
2.007236778736114502e-01
1.998485624790191650e-01
1.990431547164916992e-01
2.020279616117477417e-01
2.012899369001388550e-01
2.009198516607284546e-01
1.995296180248260498e-01
1.998436748981475830e-01
2.011310458183288574e-01
2.007327973842620850e-01
2.015362828969955444e-01
1.995125412940979004e-01
2.006697356700897217e-01
2.017081677913665771e-01
2.002834826707839966e-01
2.001063078641891479e-01
2.004366070032119751e-01
2.017207145690917969e-01
1.984591931104660034e-01
1.984513103961944580e-01
2.002582550048828125e-01
2.025657892227172852e-01
1.990986019372940063e-01
2.010359317064285278e-01
1.982993483543395996e-01
2.015313804149627686e-01
2.019121795892715454e-01
1.995455622673034668e-01
1.997724622488021851e-01
2.005714625120162964e-01
1.975248456001281738e-01
2.000417709350585938e-01
2.005096822977066040e-01
1.972459852695465088e-01
2.004843652248382568e-01
1.978003680706024170e-01
2.000411301851272583e-01
1.983557045459747314e-01
2.014237344264984131e-01
1.981505304574966431e-01
2.006227672100067139e-01
2.011670917272567749e-01
1.978304982185363770e-01
1.973098367452621460e-01
1.982349008321762085e-01
2.025688886642456055e-01
2.003881186246871948e-01
1.998392045497894287e-01
1.982294470071792603e-01
1.985606104135513306e-01
1.983676850795745850e-01
1.987136155366897583e-01
1.996431797742843628e-01
1.998908519744873047e-01
2.011087983846664429e-01
2.008208036422729492e-01
1.954767405986785889e-01
1.989734917879104614e-01
1.968868821859359741e-01
1.979257017374038696e-01
1.960242390632629395e-01
2.017634510993957520e-01
1.989598572254180908e-01
2.011785358190536499e-01
1.993309408426284790e-01
2.012784183025360107e-01
2.013293206691741943e-01
2.010979801416397095e-01
1.976051181554794312e-01
1.971443444490432739e-01
2.022682130336761475e-01
1.996363699436187744e-01
1.967184096574783325e-01
1.979600489139556885e-01
1.984559446573257446e-01
1.974700689315795898e-01
1.977471560239791870e-01
2.020046263933181763e-01
2.004404813051223755e-01
1.962213516235351562e-01
1.985282003879547119e-01
1.977744996547698975e-01
1.995556801557540894e-01
1.959027349948883057e-01
1.974139362573623657e-01
1.967906057834625244e-01
2.004640549421310425e-01
1.987945288419723511e-01
1.980491727590560913e-01
1.999502778053283691e-01
1.971836686134338379e-01
1.979965567588806152e-01
1.992721855640411377e-01
1.973376423120498657e-01
1.982921659946441650e-01
1.974445730447769165e-01
1.973675787448883057e-01
1.979830116033554077e-01
1.977858394384384155e-01
1.980582028627395630e-01
1.954522579908370972e-01
1.969623267650604248e-01
1.988306939601898193e-01
1.992550939321517944e-01
1.955131739377975464e-01
1.966233551502227783e-01
1.988814622163772583e-01
1.987998783588409424e-01
1.955182850360870361e-01
1.968000829219818115e-01
1.960427165031433105e-01
1.993859708309173584e-01
2.007876336574554443e-01
1.966902613639831543e-01
1.988171935081481934e-01
1.957141011953353882e-01
1.986411362886428833e-01
1.966824382543563843e-01
1.958436220884323120e-01
1.951107829809188843e-01
2.001910805702209473e-01
1.954114884138107300e-01
1.968325227499008179e-01
1.954935193061828613e-01
1.962113678455352783e-01
1.986149102449417114e-01
1.976667940616607666e-01
1.946669518947601318e-01
1.963254660367965698e-01
1.971438080072402954e-01
1.945135742425918579e-01
2.009204924106597900e-01
1.970832198858261108e-01
1.941857784986495972e-01
1.984721869230270386e-01
1.980828791856765747e-01
1.983067989349365234e-01
1.961882859468460083e-01
1.979438364505767822e-01
1.944310367107391357e-01
1.964883059263229370e-01
1.968479156494140625e-01
1.950466781854629517e-01
1.954421848058700562e-01
1.956175565719604492e-01
1.953199803829193115e-01
1.977544277906417847e-01
1.965145170688629150e-01
1.965625137090682983e-01
1.973742693662643433e-01
1.972474902868270874e-01
1.971948444843292236e-01
1.973933726549148560e-01
1.962934285402297974e-01
1.939332336187362671e-01
1.951101869344711304e-01
1.949791163206100464e-01
1.960699111223220825e-01
1.949285417795181274e-01
1.979715228080749512e-01
1.977673768997192383e-01
1.954910159111022949e-01
1.966700255870819092e-01
1.982165277004241943e-01
1.978976279497146606e-01
1.951246857643127441e-01
1.944507360458374023e-01
1.954120248556137085e-01
1.973332166671752930e-01
1.967896968126296997e-01
1.945673525333404541e-01
1.946471631526947021e-01
1.961959749460220337e-01
1.966547220945358276e-01
1.950080692768096924e-01
1.933676302433013916e-01
1.965059936046600342e-01
1.957789510488510132e-01
1.935081183910369873e-01
1.947664767503738403e-01
1.968563944101333618e-01
1.931286305189132690e-01
1.937481164932250977e-01
1.975396126508712769e-01
1.947917491197586060e-01
1.949990540742874146e-01
1.967664957046508789e-01
1.972584426403045654e-01
1.943784654140472412e-01
1.956711709499359131e-01
1.963814944028854370e-01
1.948022991418838501e-01
1.947764307260513306e-01
1.961677670478820801e-01
1.939562410116195679e-01
1.977435499429702759e-01
1.943292021751403809e-01
1.929023265838623047e-01
1.947397887706756592e-01
1.938775777816772461e-01
1.926320940256118774e-01
1.935882270336151123e-01
1.929607540369033813e-01
1.948286443948745728e-01
1.958269029855728149e-01
1.941349059343338013e-01
1.933616250753402710e-01
1.941878795623779297e-01
1.934488564729690552e-01
1.931669563055038452e-01
1.951435357332229614e-01
1.960603147745132446e-01
1.956126391887664795e-01
1.952407509088516235e-01
1.930967718362808228e-01
1.925355494022369385e-01
1.937249302864074707e-01
1.933367252349853516e-01
1.950962692499160767e-01
1.932495236396789551e-01
1.935206353664398193e-01
1.952837556600570679e-01
1.937204301357269287e-01
1.935905069112777710e-01
1.910632252693176270e-01
1.953914910554885864e-01
1.943996399641036987e-01
1.928270459175109863e-01
1.960324347019195557e-01
1.970936059951782227e-01
1.963808238506317139e-01
1.958798170089721680e-01
1.943425089120864868e-01
1.946880966424942017e-01
1.944317817687988281e-01
1.934574991464614868e-01
1.925785094499588013e-01
1.949252188205718994e-01
1.949038505554199219e-01
1.930005401372909546e-01
1.953683048486709595e-01
1.949639767408370972e-01
1.974225193262100220e-01
1.938749402761459351e-01
1.958466172218322754e-01
1.943128108978271484e-01
1.925332993268966675e-01
1.939995586872100830e-01
1.954962015151977539e-01
1.938898563385009766e-01
1.921740919351577759e-01
1.938858926296234131e-01
1.928669363260269165e-01
1.954357028007507324e-01
1.937500834465026855e-01
1.920265704393386841e-01
1.997004002332687378e-01
1.945682764053344727e-01
1.943162977695465088e-01
1.938872486352920532e-01
1.952940523624420166e-01
1.955800801515579224e-01
