1.765704290866851878e+00
1.357716372013092032e+00
1.227709308266639709e+00
1.133194478750228829e+00
1.066278824210166842e+00
1.006403434276580855e+00
9.595069003105163308e-01
8.241190344095230547e-01
7.925929147005080777e-01
7.747302454710006669e-01
7.732783854007720947e-01
7.477489158511161360e-01
7.390948492288589300e-01
7.168647530674934210e-01
5.973425731062889099e-01
5.802361309528351052e-01
5.959446951746940613e-01
5.818046343326568337e-01
5.911409419775008889e-01
6.045399266481399358e-01
5.998245090246200339e-01
4.541167274117469677e-01
4.372236672043800509e-01
4.726712998747825689e-01
4.614980867505073525e-01
4.497384414076804893e-01
4.670426535606384544e-01
4.737129786610603244e-01
3.342072930932045161e-01
3.333911955356597678e-01
3.517243002355098791e-01
3.865884488821029752e-01
3.713392831385135540e-01
3.747863873839378246e-01
3.691741451621055603e-01
2.801745192706585064e-01
2.776943591237068243e-01
2.799993494153023010e-01
2.818626953661441670e-01
2.870749843120574685e-01
3.017510408163070479e-01
3.184726700186729653e-01
2.413265754282474529e-01
2.389980894327163596e-01
2.268983447551727317e-01
2.366733147203922139e-01
2.280518542230129120e-01
2.558307690918445454e-01
2.559959897398948470e-01
2.094454115629196256e-01
2.123389503359794650e-01
2.124880871176719754e-01
2.109172724187374226e-01
2.177868710458278623e-01
2.264962898194790020e-01
2.292767144739627783e-01
2.007412134110927449e-01
1.987811098992824654e-01
1.963491067290306091e-01
2.036627817153930653e-01
2.037521727383136694e-01
2.007043649256229356e-01
2.054024231433868308e-01
1.010939696803689059e-01
1.423337928205728464e-01
1.543465258181095090e-01
1.747229482978582271e-01
1.885112873092293639e-01
1.694494921714067570e-01
1.683525060117244676e-01
1.102381948009133333e-01
1.071236041560769126e-01
1.165523230470716931e-01
1.137784419208765080e-01
1.231764453649520918e-01
1.156405741721391739e-01
1.212955061346292496e-01
8.021852447185665036e-02
9.082000442314892841e-02
9.365280780941248606e-02
8.927845204714685012e-02
8.596011429093777800e-02
1.111628997046500422e-01
1.046475073229521519e-01
7.699777401983737279e-02
7.508408948779106418e-02
6.889004391618072654e-02
8.727168297395110352e-02
8.488680961309000295e-02
9.595736318267882037e-02
9.182686387561261876e-02
8.484342898475005779e-02
7.080721930600702985e-02
6.382709296653046871e-02
6.983999118907377457e-02
8.222484833095222712e-02
8.859905208926648068e-02
9.212877591140568312e-02
7.408807102590798943e-02
7.552566588856279850e-02
7.055310060735792144e-02
7.371661765035242286e-02
7.559717861935495720e-02
7.254598582861944422e-02
7.657624221639708351e-02
