7.096067896485328541e-01
3.539832670986652330e-01
3.017437762022018299e-01
2.671327404677867889e-01
2.403236845135688915e-01
2.142158231139182911e-01
2.130718616396188869e-01
2.143553343415260382e-01
2.035722965002060014e-01
1.796918183565139882e-01
1.746316860616207167e-01
1.800576143711805355e-01
1.845271787047386147e-01
1.742424254119396276e-01
1.732801068574190140e-01
1.797315385192632675e-01
1.759511937946081073e-01
1.677140203863382306e-01
1.561437614634633153e-01
1.525578568130731560e-01
1.524632207304239262e-01
1.509186396747827508e-01
1.577107204496860371e-01
1.550763976573944214e-01
1.569572611898183701e-01
1.544184742122888532e-01
1.553314003348350569e-01
1.343320322036743175e-01
1.412885069102048918e-01
1.381217283010482688e-01
1.458897481858730250e-01
1.375375520437955856e-01
1.424005350098013767e-01
1.415967708826064986e-01
1.437314193323254718e-01
1.466405271738767668e-01
1.319167822226882114e-01
1.325214980542659682e-01
1.290500176697969570e-01
1.330742754787206661e-01
1.334938500076532364e-01
1.270015045255422637e-01
1.261275866627693254e-01
1.257697848975658506e-01
1.344692549854517027e-01
1.168943487107753781e-01
1.163464809581637449e-01
1.228586799278855307e-01
1.188115628249943323e-01
1.259568946808576617e-01
1.226443799212574987e-01
1.240990622341632821e-01
1.287260844185948439e-01
1.269065697118639813e-01
1.087929367646574969e-01
1.194564962014555976e-01
1.133890431746840538e-01
1.164744871109723995e-01
1.225462136417627274e-01
1.155698002129793150e-01
1.164358887448906921e-01
1.159088113903999351e-01
1.182865267619490623e-01
1.084421141818165818e-01
1.110043719410896274e-01
1.066206229478120771e-01
1.055835242569446580e-01
1.145345235615968654e-01
1.109283965826034501e-01
1.101603441685438112e-01
1.094694448262453074e-01
1.164237715676426921e-01
1.006718062981963174e-01
1.014681064337492056e-01
1.019718085974454930e-01
1.019467114284634546e-01
1.032108125835657086e-01
1.042750585079193076e-01
1.085230187326669676e-01
1.052787451446056399e-01
1.150709380954503952e-01
9.722385536879300794e-02
1.028127189353108401e-01
1.000390084460377749e-01
9.939007539302111005e-02
1.026161555200815201e-01
1.048850183188915208e-01
1.079037366807460846e-01
9.653744347393512781e-02
1.084598506987094896e-01
1.098347575217485383e-01
1.196019178442657011e-01
1.183059313148260155e-01
1.125102810934185960e-01
1.142862219177186445e-01
1.066367054544389292e-01
1.043994028866291057e-01
1.161184279900044219e-01
1.033731082919985000e-01
6.540255442261695695e-02
5.324105257634073607e-02
6.386752933729439308e-02
5.932243525516241872e-02
6.792798358714208229e-02
7.193384940735995936e-02
7.350442541763185789e-02
5.769326551351696558e-02
5.822372429538517913e-02
4.107658019056543985e-02
3.248260916676372345e-02
4.252491397550329372e-02
5.579640372190624448e-02
3.901754365069791397e-02
4.599893119418993481e-02
5.426709911320358459e-02
4.983895777491852835e-02
5.421103131724521601e-02
3.237493749707937019e-02
2.940961029438767665e-02
3.685711176483891932e-02
3.717738538281992189e-02
4.332816770940553508e-02
4.716062387684360341e-02
4.531689898343756878e-02
4.332298586610704855e-02
4.118668933981098346e-02
3.245197015348821878e-02
3.244307998102158308e-02
3.239179369731573499e-02
3.334214971167966807e-02
3.630195279372856049e-02
3.748815435625146852e-02
4.127220900962129402e-02
3.591842999216168786e-02
4.263662967641721618e-02
