9.878415465354919434e-01
9.816355109214782715e-01
9.754862785339355469e-01
9.681308269500732422e-01
9.605582356452941895e-01
9.528616070747375488e-01
9.436159133911132812e-01
9.318490028381347656e-01
9.192525744438171387e-01
9.051212072372436523e-01
8.888717293739318848e-01
8.721090555191040039e-01
8.516328334808349609e-01
8.289121985435485840e-01
8.034559488296508789e-01
7.760890126228332520e-01
7.501317262649536133e-01
7.190039157867431641e-01
6.968105435371398926e-01
6.584523916244506836e-01
6.239301562309265137e-01
6.115796566009521484e-01
5.894536375999450684e-01
5.637499094009399414e-01
5.821992754936218262e-01
5.438112020492553711e-01
5.400630831718444824e-01
5.448359251022338867e-01
5.318984389305114746e-01
5.416589975357055664e-01
5.477627515792846680e-01
5.293206572532653809e-01
5.123212337493896484e-01
4.963710904121398926e-01
4.896988272666931152e-01
4.821771979331970215e-01
4.873710572719573975e-01
4.838526844978332520e-01
4.822317063808441162e-01
4.698832929134368896e-01
4.727658927440643311e-01
4.724478125572204590e-01
4.649904072284698486e-01
4.607504010200500488e-01
4.593810439109802246e-01
4.527294337749481201e-01
4.523839056491851807e-01
4.436872601509094238e-01
4.475468099117279053e-01
4.483098089694976807e-01
4.424475133419036865e-01
4.419548213481903076e-01
4.327376782894134521e-01
4.421503841876983643e-01
4.329560399055480957e-01
4.348727166652679443e-01
4.246403276920318604e-01
4.271573722362518311e-01
4.202987253665924072e-01
4.214730560779571533e-01
4.299174547195434570e-01
4.157974123954772949e-01
4.159371554851531982e-01
4.068423807621002197e-01
4.153166115283966064e-01
4.030351042747497559e-01
4.016117453575134277e-01
4.004701077938079834e-01
4.066344201564788818e-01
4.086592495441436768e-01
4.036842584609985352e-01
4.033938050270080566e-01
3.991810977458953857e-01
3.931240439414978027e-01
3.928912281990051270e-01
3.956333398818969727e-01
3.925792872905731201e-01
3.905478715896606445e-01
3.887745738029479980e-01
3.869940936565399170e-01
3.824229240417480469e-01
3.855535984039306641e-01
3.832261562347412109e-01
3.809059560298919678e-01
3.808821439743041992e-01
3.779984712600708008e-01
3.717713952064514160e-01
3.762109279632568359e-01
3.760144114494323730e-01
3.771749138832092285e-01
3.771386742591857910e-01
3.736199140548706055e-01
3.782169818878173828e-01
3.714130520820617676e-01
3.673748970031738281e-01
3.684351742267608643e-01
3.663785457611083984e-01
3.755942583084106445e-01
3.677231669425964355e-01
3.638712167739868164e-01
3.653859794139862061e-01
3.611155450344085693e-01
3.626550734043121338e-01
3.606217801570892334e-01
3.634337186813354492e-01
3.602821230888366699e-01
3.594379425048828125e-01
3.564944267272949219e-01
3.600728809833526611e-01
3.532906472682952881e-01
3.559841811656951904e-01
3.544646203517913818e-01
3.566274344921112061e-01
3.525344431400299072e-01
3.521747887134552002e-01
3.543846607208251953e-01
3.542109727859497070e-01
3.512470424175262451e-01
3.513298034667968750e-01
3.459749519824981689e-01
3.510591983795166016e-01
3.472812175750732422e-01
3.451600670814514160e-01
3.441903889179229736e-01
3.424243628978729248e-01
3.458769023418426514e-01
3.409790396690368652e-01
3.401105403900146484e-01
3.434194028377532959e-01
3.380472958087921143e-01
3.387464582920074463e-01
3.398545682430267334e-01
3.417550325393676758e-01
3.360473513603210449e-01
3.388326466083526611e-01
3.391972780227661133e-01
3.413362205028533936e-01
3.355052471160888672e-01
3.375038504600524902e-01
3.341267406940460205e-01
3.335155248641967773e-01
3.340227603912353516e-01
3.329349458217620850e-01
3.364945650100708008e-01
3.310676515102386475e-01
3.321829736232757568e-01
3.322896659374237061e-01
3.351506888866424561e-01
3.319847583770751953e-01
3.272216618061065674e-01
3.286968767642974854e-01
3.293333947658538818e-01
3.302018344402313232e-01
3.292150795459747314e-01
3.258500695228576660e-01
3.280281424522399902e-01
3.250787258148193359e-01
3.239208459854125977e-01
3.201450407505035400e-01
3.218067884445190430e-01
3.226230144500732422e-01
3.251163661479949951e-01
3.242699503898620605e-01
3.216948509216308594e-01
3.236056864261627197e-01
3.231370449066162109e-01
3.223949372768402100e-01
3.187923133373260498e-01
3.196773231029510498e-01
3.214185535907745361e-01
3.191211223602294922e-01
3.182263672351837158e-01
3.135202825069427490e-01
3.135403692722320557e-01
3.191608786582946777e-01
3.212374448776245117e-01
3.172194659709930420e-01
3.153160512447357178e-01
3.153124451637268066e-01
3.159497082233428955e-01
3.176499605178833008e-01
3.118914365768432617e-01
3.138116598129272461e-01
3.131047785282135010e-01
3.095023036003112793e-01
3.125657737255096436e-01
3.106544017791748047e-01
3.100429475307464600e-01
3.108593821525573730e-01
3.137605190277099609e-01
3.083402812480926514e-01
3.087305128574371338e-01
3.097307384014129639e-01
3.121004402637481689e-01
3.069816827774047852e-01
3.084998130798339844e-01
3.052819371223449707e-01
3.089948892593383789e-01
3.061124384403228760e-01
3.056501746177673340e-01
3.060130178928375244e-01
3.065015375614166260e-01
3.035360872745513916e-01
3.055038154125213623e-01
2.993091642856597900e-01
3.045538365840911865e-01
3.005537688732147217e-01
3.024553060531616211e-01
3.023833930492401123e-01
2.998453676700592041e-01
3.027087748050689697e-01
3.013602495193481445e-01
3.002621531486511230e-01
2.946232855319976807e-01
2.969364523887634277e-01
2.983960211277008057e-01
2.985917925834655762e-01
2.971015572547912598e-01
2.964908778667449951e-01
2.936606705188751221e-01
2.971332073211669922e-01
2.951846122741699219e-01
2.963276505470275879e-01
2.952012419700622559e-01
2.970839440822601318e-01
2.977997660636901855e-01
2.932084500789642334e-01
2.969791591167449951e-01
2.927854657173156738e-01
2.936481833457946777e-01
2.897957265377044678e-01
2.910405397415161133e-01
2.934948503971099854e-01
2.889419794082641602e-01
2.928281724452972412e-01
2.872030138969421387e-01
2.906698286533355713e-01
2.889963984489440918e-01
2.900398969650268555e-01
2.870581448078155518e-01
2.907735109329223633e-01
2.885090708732604980e-01
2.893941402435302734e-01
2.872997522354125977e-01
2.905160784721374512e-01
2.842683792114257812e-01
2.855812013149261475e-01
2.855364382266998291e-01
2.874477207660675049e-01
2.852981388568878174e-01
2.844834327697753906e-01
2.836839258670806885e-01
2.854713499546051025e-01
2.823674380779266357e-01
2.802195847034454346e-01
2.797484695911407471e-01
2.832278013229370117e-01
2.817010283470153809e-01
2.816979885101318359e-01
2.822982966899871826e-01
2.806837260723114014e-01
2.791665792465209961e-01
2.794416248798370361e-01
2.819809615612030029e-01
2.832126021385192871e-01
2.792851030826568604e-01
2.787363827228546143e-01
2.794529497623443604e-01
2.744939625263214111e-01
2.763574719429016113e-01
2.772769927978515625e-01
2.746324539184570312e-01
2.770958244800567627e-01
2.761851251125335693e-01
2.754859626293182373e-01
2.742806077003479004e-01
2.733199894428253174e-01
2.736212015151977539e-01
2.732914984226226807e-01
2.717559933662414551e-01
2.753051221370697021e-01
2.720774114131927490e-01
2.719857394695281982e-01
2.726958692073822021e-01
2.719902992248535156e-01
2.717934846878051758e-01
2.711831629276275635e-01
2.705246508121490479e-01
2.706051766872406006e-01
2.736148834228515625e-01
2.690021693706512451e-01
2.669042944908142090e-01
2.686006128787994385e-01
2.656331360340118408e-01
2.661849558353424072e-01
2.664444744586944580e-01
2.644335627555847168e-01
2.659788429737091064e-01
2.659228444099426270e-01
2.651321589946746826e-01
2.671595513820648193e-01
2.652761638164520264e-01
2.662904858589172363e-01
2.642962932586669922e-01
2.616981267929077148e-01
2.636022567749023438e-01
2.647618651390075684e-01
2.621441781520843506e-01
2.674466371536254883e-01
2.632037103176116943e-01
2.624483108520507812e-01
2.651350200176239014e-01
2.616882622241973877e-01
2.622837126255035400e-01
2.582992911338806152e-01
2.616944015026092529e-01
2.593559920787811279e-01
2.614908516407012939e-01
2.601965069770812988e-01
2.583428621292114258e-01
2.601039707660675049e-01
2.573000192642211914e-01
2.598915994167327881e-01
2.601019442081451416e-01
2.582761645317077637e-01
2.568293213844299316e-01
2.550856173038482666e-01
2.581638097763061523e-01
2.595807611942291260e-01
2.575108706951141357e-01
2.575368881225585938e-01
2.561525404453277588e-01
2.549988329410552979e-01
2.539039552211761475e-01
2.555486857891082764e-01
2.555568516254425049e-01
2.542310357093811035e-01
2.550916075706481934e-01
2.560300529003143311e-01
2.535569369792938232e-01
2.540462315082550049e-01
2.528115510940551758e-01
2.511829733848571777e-01
2.509741485118865967e-01
2.541596293449401855e-01
2.534371912479400635e-01
2.480227649211883545e-01
2.507351338863372803e-01
2.490012794733047485e-01
2.514819502830505371e-01
2.489640861749649048e-01
2.520565390586853027e-01
2.494908422231674194e-01
2.518394291400909424e-01
2.507392764091491699e-01
2.485069036483764648e-01
2.493270039558410645e-01
2.511070072650909424e-01
2.461990118026733398e-01
2.482309788465499878e-01
2.460894435644149780e-01
2.489020526409149170e-01
2.460102140903472900e-01
2.460228651762008667e-01
2.470979541540145874e-01
2.446801662445068359e-01
2.482655495405197144e-01
2.483564764261245728e-01
2.457049787044525146e-01
2.423742711544036865e-01
2.465683668851852417e-01
2.437663227319717407e-01
2.476015239953994751e-01
2.438315153121948242e-01
2.416933178901672363e-01
2.465634942054748535e-01
2.417825609445571899e-01
2.443364560604095459e-01
2.405085712671279907e-01
2.449778914451599121e-01
2.427579760551452637e-01
2.429929524660110474e-01
2.443146258592605591e-01
2.460214346647262573e-01
2.423691600561141968e-01
2.396020889282226562e-01
2.434341758489608765e-01
2.431705743074417114e-01
2.415011078119277954e-01
2.397473752498626709e-01
2.391716837882995605e-01
2.409608215093612671e-01
2.403672486543655396e-01
2.420482486486434937e-01
2.402472496032714844e-01
2.405221760272979736e-01
2.381110936403274536e-01
2.387523800134658813e-01
2.400532960891723633e-01
2.385230660438537598e-01
2.410235255956649780e-01
2.392219752073287964e-01
2.407371699810028076e-01
2.372803539037704468e-01
2.390437871217727661e-01
2.400484830141067505e-01
2.367971837520599365e-01
2.378171682357788086e-01
2.381294816732406616e-01
2.406061291694641113e-01
2.372767329216003418e-01
2.374847680330276489e-01
2.447949498891830444e-01
2.343481630086898804e-01
2.354158163070678711e-01
2.334394305944442749e-01
2.364521175622940063e-01
2.372130602598190308e-01
2.386238723993301392e-01
2.390288412570953369e-01
2.354135811328887939e-01
2.369383871555328369e-01
2.332388460636138916e-01
2.375661134719848633e-01
2.383682578802108765e-01
2.355077117681503296e-01
2.335650920867919922e-01
2.374753654003143311e-01
2.366002202033996582e-01
2.361838817596435547e-01
2.332903742790222168e-01
2.325641512870788574e-01
2.344480305910110474e-01
2.342052310705184937e-01
2.330062985420227051e-01
2.297680526971817017e-01
2.331233322620391846e-01
2.323164641857147217e-01
2.336686402559280396e-01
2.331854701042175293e-01
2.331964224576950073e-01
2.306855022907257080e-01
2.339368611574172974e-01
2.302423566579818726e-01
2.291659712791442871e-01
2.350511550903320312e-01
2.333514690399169922e-01
2.314023375511169434e-01
2.324103415012359619e-01
2.316310554742813110e-01
2.304077893495559692e-01
2.309253960847854614e-01
2.313055545091629028e-01
2.311262041330337524e-01
2.297223508358001709e-01
2.312595546245574951e-01
2.294743508100509644e-01
2.319630086421966553e-01
2.299662828445434570e-01
2.292559146881103516e-01
2.282555699348449707e-01
2.282660752534866333e-01
2.287279963493347168e-01
2.292434573173522949e-01
2.283012717962265015e-01
2.276333272457122803e-01
2.282429784536361694e-01
2.273408472537994385e-01
2.308901548385620117e-01
2.280395179986953735e-01
2.286439388990402222e-01
2.295007854700088501e-01
2.273501604795455933e-01
2.282674163579940796e-01
2.286223769187927246e-01
2.290435433387756348e-01
2.270246297121047974e-01
2.253197282552719116e-01
2.279690802097320557e-01
2.255259156227111816e-01
2.250168323516845703e-01
2.278592288494110107e-01
2.278032600879669189e-01
2.269023805856704712e-01
2.274776846170425415e-01
2.272062897682189941e-01
2.265784144401550293e-01
2.260639071464538574e-01
2.286919951438903809e-01
2.266737669706344604e-01
2.270766645669937134e-01
2.269038856029510498e-01
2.235753089189529419e-01
2.271788865327835083e-01
2.263680845499038696e-01
2.251197695732116699e-01
2.243862599134445190e-01
2.244267463684082031e-01
2.235448211431503296e-01
2.278436422348022461e-01
2.427888214588165283e-01
2.404745817184448242e-01
2.440388053655624390e-01
2.407442629337310791e-01
2.431843727827072144e-01
2.395803779363632202e-01
2.403220832347869873e-01
2.417118698358535767e-01
2.428849935531616211e-01
2.442156970500946045e-01
2.412212640047073364e-01
2.433053851127624512e-01
2.431733459234237671e-01
2.399061173200607300e-01
2.412536740303039551e-01
2.420222014188766479e-01
2.409361004829406738e-01
2.389262765645980835e-01
2.404562532901763916e-01
2.441502660512924194e-01
2.413555830717086792e-01
2.409569621086120605e-01
2.403707206249237061e-01
2.388255149126052856e-01
2.394207715988159180e-01
2.403161078691482544e-01
2.392753213644027710e-01
2.430604994297027588e-01
2.380796074867248535e-01
2.394379228353500366e-01
2.391052693128585815e-01
2.385727763175964355e-01
2.391351759433746338e-01
2.381362915039062500e-01
2.372658103704452515e-01
2.370258569717407227e-01
2.386162281036376953e-01
2.411749809980392456e-01
2.393449544906616211e-01
2.396029680967330933e-01
2.375074923038482666e-01
2.381418943405151367e-01
2.396054565906524658e-01
2.359991371631622314e-01
2.405977100133895874e-01
2.355862408876419067e-01
2.370074391365051270e-01
2.386411875486373901e-01
2.362069785594940186e-01
2.371363341808319092e-01
2.366456836462020874e-01
2.383344322443008423e-01
2.364699244499206543e-01
2.338020503520965576e-01
2.373201251029968262e-01
2.374552637338638306e-01
2.361713200807571411e-01
2.356720864772796631e-01
2.379210442304611206e-01
2.355467230081558228e-01
2.334690839052200317e-01
2.353109270334243774e-01
2.353252023458480835e-01
2.337948679924011230e-01
2.353423386812210083e-01
2.346282899379730225e-01
2.368331551551818848e-01
2.364875376224517822e-01
2.370645999908447266e-01
2.360288202762603760e-01
2.325025796890258789e-01
2.346411049365997314e-01
2.369808256626129150e-01
2.348920106887817383e-01
2.336033582687377930e-01
2.330023944377899170e-01
2.343346923589706421e-01
2.324571460485458374e-01
2.343841791152954102e-01
2.336374968290328979e-01
2.316150069236755371e-01
2.348381429910659790e-01
2.344944030046463013e-01
2.334851026535034180e-01
2.342629432678222656e-01
2.328614741563796997e-01
2.339222580194473267e-01
2.303216010332107544e-01
2.309478968381881714e-01
2.319648116827011108e-01
2.313757836818695068e-01
2.297136187553405762e-01
2.336203902959823608e-01
2.343663275241851807e-01
2.317649424076080322e-01
2.326684296131134033e-01
2.329676896333694458e-01
2.334278821945190430e-01
2.302199900150299072e-01
2.303384244441986084e-01
2.324507087469100952e-01
2.335620820522308350e-01
2.306032776832580566e-01
2.322254329919815063e-01
2.308225482702255249e-01
2.314373105764389038e-01
2.322149574756622314e-01
2.346441447734832764e-01
2.299550622701644897e-01
2.308419197797775269e-01
2.331973016262054443e-01
2.322030216455459595e-01
2.308559417724609375e-01
2.306832820177078247e-01
2.328288704156875610e-01
2.304476052522659302e-01
2.305019646883010864e-01
2.314615100622177124e-01
2.290918827056884766e-01
2.320270687341690063e-01
2.287588566541671753e-01
2.293577790260314941e-01
2.313686013221740723e-01
2.318323701620101929e-01
2.292088568210601807e-01
2.290380299091339111e-01
2.316360771656036377e-01
2.298011332750320435e-01
2.312929034233093262e-01
2.283606082201004028e-01
2.284199595451354980e-01
2.283250242471694946e-01
2.299695312976837158e-01
2.286580801010131836e-01
2.276122719049453735e-01
2.290390878915786743e-01
2.296778559684753418e-01
2.266226857900619507e-01
2.272411286830902100e-01
2.273662984371185303e-01
2.303111702203750610e-01
2.281963676214218140e-01
2.283570319414138794e-01
2.263635843992233276e-01
2.293153107166290283e-01
2.292404621839523315e-01
2.280646413564682007e-01
2.273305654525756836e-01
2.272188067436218262e-01
2.253040969371795654e-01
2.284817993640899658e-01
2.275949269533157349e-01
2.268333733081817627e-01
2.275563627481460571e-01
2.270629703998565674e-01
2.270153909921646118e-01
2.254728227853775024e-01
2.257515192031860352e-01
2.255100607872009277e-01
2.255492806434631348e-01
2.268931716680526733e-01
2.273596823215484619e-01
2.276772260665893555e-01
2.252449542284011841e-01
2.257345318794250488e-01
2.267231345176696777e-01
2.260310351848602295e-01
2.270266860723495483e-01
2.251939326524734497e-01
2.250909805297851562e-01
2.223822623491287231e-01
2.221752405166625977e-01
2.241189479827880859e-01
2.253788262605667114e-01
2.248782366514205933e-01
2.248650789260864258e-01
2.235818952322006226e-01
2.260467410087585449e-01
2.265265882015228271e-01
2.225845158100128174e-01
2.271100878715515137e-01
2.259800136089324951e-01
2.261090576648712158e-01
2.262792587280273438e-01
2.259900867938995361e-01
2.232856750488281250e-01
2.264896929264068604e-01
2.247613370418548584e-01
2.224757224321365356e-01
2.265868037939071655e-01
2.251435518264770508e-01
2.234707921743392944e-01
2.232746779918670654e-01
2.241924703121185303e-01
2.233349084854125977e-01
2.226935029029846191e-01
2.215181738138198853e-01
2.243067175149917603e-01
2.236517369747161865e-01
2.216952443122863770e-01
2.210094183683395386e-01
2.221690863370895386e-01
2.223737388849258423e-01
2.208246439695358276e-01
2.257084250450134277e-01
2.227652519941329956e-01
2.239186912775039673e-01
2.230001837015151978e-01
2.213349193334579468e-01
2.215525656938552856e-01
2.243173569440841675e-01
2.241521775722503662e-01
2.212170362472534180e-01
2.200889587402343750e-01
2.202263921499252319e-01
2.220959216356277466e-01
2.222907394170761108e-01
2.221631556749343872e-01
2.219511270523071289e-01
2.213629782199859619e-01
2.233000546693801880e-01
2.205171436071395874e-01
2.201861292123794556e-01
2.231215834617614746e-01
2.213168144226074219e-01
2.222314476966857910e-01
2.202270328998565674e-01
2.202131301164627075e-01
2.234880924224853516e-01
2.215196341276168823e-01
2.200926542282104492e-01
2.205613553524017334e-01
2.217458635568618774e-01
2.209460288286209106e-01
2.205209881067276001e-01
2.222180068492889404e-01
2.189890891313552856e-01
2.190982550382614136e-01
2.215572893619537354e-01
2.194973826408386230e-01
2.212499827146530151e-01
2.201116085052490234e-01
2.195083200931549072e-01
2.187420129776000977e-01
2.217953652143478394e-01
2.177151143550872803e-01
2.182214409112930298e-01
2.197090983390808105e-01
2.200733125209808350e-01
2.205254286527633667e-01
2.194559425115585327e-01
2.215952575206756592e-01
2.189488708972930908e-01
2.177772223949432373e-01
2.178110927343368530e-01
2.189933657646179199e-01
2.177212089300155640e-01
2.169345766305923462e-01
2.186185866594314575e-01
2.205034643411636353e-01
2.196677178144454956e-01
2.167551815509796143e-01
2.170503288507461548e-01
2.168491333723068237e-01
2.196157276630401611e-01
2.170087546110153198e-01
2.178688943386077881e-01
2.201088964939117432e-01
2.154194414615631104e-01
2.181383818387985229e-01
2.169800400733947754e-01
2.200209796428680420e-01
2.135424315929412842e-01
2.203309684991836548e-01
2.189168483018875122e-01
2.189502269029617310e-01
2.185864001512527466e-01
2.177422791719436646e-01
2.178816646337509155e-01
2.182552218437194824e-01
2.173188775777816772e-01
2.193671762943267822e-01
2.165654450654983521e-01
2.182065695524215698e-01
2.198829501867294312e-01
2.183718830347061157e-01
2.171522080898284912e-01
2.176630795001983643e-01
2.158606946468353271e-01
2.150209397077560425e-01
2.181466370820999146e-01
2.200486510992050171e-01
2.191151529550552368e-01
2.193709015846252441e-01
2.188057154417037964e-01
2.160174250602722168e-01
2.177690714597702026e-01
2.150925397872924805e-01
2.172640860080718994e-01
2.166636586189270020e-01
2.169949710369110107e-01
2.190622836351394653e-01
2.187637537717819214e-01
2.172966599464416504e-01
2.143252044916152954e-01
2.192828059196472168e-01
2.139373868703842163e-01
2.169569134712219238e-01
2.140041142702102661e-01
2.145639806985855103e-01
2.145905196666717529e-01
2.148354202508926392e-01
2.141366899013519287e-01
2.145189940929412842e-01
2.108944207429885864e-01
2.165455222129821777e-01
2.167640775442123413e-01
2.150221765041351318e-01
2.162535339593887329e-01
2.147272229194641113e-01
2.157529145479202271e-01
2.149557918310165405e-01
2.160147428512573242e-01
2.154676318168640137e-01
2.138333469629287720e-01
2.151457965373992920e-01
2.159281969070434570e-01
2.146371603012084961e-01
2.145032882690429688e-01
2.152614444494247437e-01
2.140075862407684326e-01
2.167175859212875366e-01
2.157835662364959717e-01
2.170279175043106079e-01
2.133459895849227905e-01
2.126123011112213135e-01
2.138443887233734131e-01
2.142846286296844482e-01
2.176367491483688354e-01
2.152635306119918823e-01
2.104290872812271118e-01
2.139045894145965576e-01
2.145137637853622437e-01
2.129586637020111084e-01
2.146155238151550293e-01
2.132136672735214233e-01
2.104791998863220215e-01
2.131540477275848389e-01
2.147441059350967407e-01
2.148647457361221313e-01
2.125846892595291138e-01
2.155417948961257935e-01
2.132418751716613770e-01
2.117634564638137817e-01
2.130964398384094238e-01
2.128248810768127441e-01
2.149921804666519165e-01
2.131839841604232788e-01
2.134572118520736694e-01
2.126554101705551147e-01
2.150452733039855957e-01
2.147413492202758789e-01
2.132380306720733643e-01
2.148541808128356934e-01
2.143735885620117188e-01
2.109243422746658325e-01
2.124791294336318970e-01
2.128147482872009277e-01
2.124407291412353516e-01
2.100870460271835327e-01
2.135941237211227417e-01
2.116429060697555542e-01
2.145732939243316650e-01
2.110189348459243774e-01
2.135211378335952759e-01
2.097567468881607056e-01
2.112739086151123047e-01
2.102818787097930908e-01
2.119984626770019531e-01
2.103912532329559326e-01
2.107027322053909302e-01
2.107890248298645020e-01
2.130140662193298340e-01
2.146275043487548828e-01
2.144753485918045044e-01
2.135059833526611328e-01
2.117028385400772095e-01
2.131392955780029297e-01
2.127497494220733643e-01
2.121729403734207153e-01
2.084864675998687744e-01
2.118144035339355469e-01
2.127850651741027832e-01
2.114933282136917114e-01
2.081819027662277222e-01
2.120176255702972412e-01
2.095475345849990845e-01
2.100606411695480347e-01
2.105514705181121826e-01
2.095763385295867920e-01
2.105664014816284180e-01
2.145202457904815674e-01
2.118830382823944092e-01
2.138393372297286987e-01
2.112514078617095947e-01
2.101671993732452393e-01
2.100981920957565308e-01
2.104595005512237549e-01
2.114762216806411743e-01
2.115785777568817139e-01
2.106770873069763184e-01
2.110194414854049683e-01
2.127454131841659546e-01
2.092415094375610352e-01
2.106713205575942993e-01
2.072212994098663330e-01
2.105025053024291992e-01
2.129600197076797485e-01
2.117996215820312500e-01
2.111611515283584595e-01
2.099998295307159424e-01
2.117520719766616821e-01
2.105944454669952393e-01
2.104928046464920044e-01
2.096063792705535889e-01
2.111809551715850830e-01
2.097697108983993530e-01
2.084551900625228882e-01
2.095034569501876831e-01
2.075536251068115234e-01
2.077105939388275146e-01
2.088770717382431030e-01
2.103289216756820679e-01
2.085577100515365601e-01
2.081739455461502075e-01
2.096823155879974365e-01
2.075068503618240356e-01
2.077243179082870483e-01
2.095730155706405640e-01
2.080580145120620728e-01
2.104283422231674194e-01
2.091584056615829468e-01
2.063649147748947144e-01
2.094190716743469238e-01
2.054226547479629517e-01
2.087108939886093140e-01
2.067160308361053467e-01
2.077370882034301758e-01
2.077296078205108643e-01
2.067356407642364502e-01
2.083534300327301025e-01
2.077233046293258667e-01
2.085777670145034790e-01
2.068808674812316895e-01
2.084916532039642334e-01
2.075107544660568237e-01
2.074898481369018555e-01
2.095442712306976318e-01
2.076353281736373901e-01
2.098974436521530151e-01
2.078669965267181396e-01
2.081614881753921509e-01
2.069440782070159912e-01
2.078508138656616211e-01
2.066090106964111328e-01
2.084056884050369263e-01
2.083786875009536743e-01
2.067714184522628784e-01
2.079664766788482666e-01
2.083213627338409424e-01
2.076947093009948730e-01
2.095646262168884277e-01
2.043274790048599243e-01
2.082729488611221313e-01
2.081866860389709473e-01
2.061736136674880981e-01
2.058336585760116577e-01
2.049113363027572632e-01
2.070472836494445801e-01
2.071886062622070312e-01
2.071179002523422241e-01
2.080600559711456299e-01
2.062652409076690674e-01
2.073651999235153198e-01
2.042479515075683594e-01
2.048973143100738525e-01
2.068424075841903687e-01
2.064085304737091064e-01
2.050261348485946655e-01
2.067108750343322754e-01
2.062365561723709106e-01
2.070806771516799927e-01
2.062127292156219482e-01
2.059323489665985107e-01
2.040718495845794678e-01
2.059451043605804443e-01
2.069581896066665649e-01
2.039785981178283691e-01
2.070926427841186523e-01
2.092411071062088013e-01
2.049566656351089478e-01
2.063407152891159058e-01
2.045990377664566040e-01
2.033201158046722412e-01
2.008805572986602783e-01
2.046396434307098389e-01
2.055701613426208496e-01
2.096736729145050049e-01
2.056387513875961304e-01
2.053019255399703979e-01
2.085980772972106934e-01
2.058436721563339233e-01
2.043212801218032837e-01
2.079485356807708740e-01
2.055823951959609985e-01
2.068078219890594482e-01
2.043590098619461060e-01
2.052782028913497925e-01
2.051987200975418091e-01
2.048546820878982544e-01
2.034949064254760742e-01
2.062348276376724243e-01
2.059186547994613647e-01
2.039317786693572998e-01
2.038629055023193359e-01
2.058915346860885620e-01
2.065731137990951538e-01
2.037163078784942627e-01
2.024671882390975952e-01
2.033506631851196289e-01
2.059994488954544067e-01
2.043803036212921143e-01
2.028571367263793945e-01
2.048940658569335938e-01
2.031035572290420532e-01
2.026850432157516479e-01
2.024747580289840698e-01
2.037426829338073730e-01
2.056346535682678223e-01
2.049320489168167114e-01
2.009091973304748535e-01
2.039513587951660156e-01
2.036526948213577271e-01
2.029877007007598877e-01
2.009927332401275635e-01
2.042888998985290527e-01
2.020485401153564453e-01
2.053681164979934692e-01
2.034941613674163818e-01
2.034531682729721069e-01
2.038150131702423096e-01
2.043638527393341064e-01
2.037653177976608276e-01
2.019871026277542114e-01
2.062581926584243774e-01
2.020502835512161255e-01
2.024919688701629639e-01
2.029747515916824341e-01
2.023829668760299683e-01
2.020018696784973145e-01
2.038162946701049805e-01
2.045643925666809082e-01
2.043723464012145996e-01
2.016790807247161865e-01
1.996762454509735107e-01
2.052712887525558472e-01
2.033337652683258057e-01
2.014804482460021973e-01
2.000971436500549316e-01
2.012958675622940063e-01
2.032222002744674683e-01
2.024421989917755127e-01
2.002602219581604004e-01
2.025997191667556763e-01
2.019810080528259277e-01
2.037415653467178345e-01
1.991605162620544434e-01
2.026057541370391846e-01
2.028951048851013184e-01
2.020191848278045654e-01
2.005430608987808228e-01
2.000552266836166382e-01
2.041527777910232544e-01
2.019499540328979492e-01
2.025034427642822266e-01
2.016191333532333374e-01
2.064080089330673218e-01
2.030847519636154175e-01
2.028661072254180908e-01
1.996962875127792358e-01
2.022005170583724976e-01
2.019474953413009644e-01
2.027779519557952881e-01
1.987388581037521362e-01
2.026704698801040649e-01
2.004770189523696899e-01
2.012214213609695435e-01
2.018617540597915649e-01
1.998924165964126587e-01
2.055884450674057007e-01
2.042838931083679199e-01
2.025403976440429688e-01
2.019215673208236694e-01
2.021180689334869385e-01
2.025979012250900269e-01
2.020089775323867798e-01
2.013022750616073608e-01
2.031076699495315552e-01
1.996325999498367310e-01
1.982805132865905762e-01
2.022249102592468262e-01
2.006264477968215942e-01
2.002865970134735107e-01
2.015893906354904175e-01
2.009400576353073120e-01
1.992561817169189453e-01
2.008675336837768555e-01
2.011304199695587158e-01
1.995293647050857544e-01
2.004742026329040527e-01
2.024797052145004272e-01
2.025619894266128540e-01
2.014000713825225830e-01
1.997224092483520508e-01
1.981817930936813354e-01
2.016430646181106567e-01
2.007314860820770264e-01
2.006461322307586670e-01
2.009816616773605347e-01
1.993520259857177734e-01
1.990802437067031860e-01
1.983844190835952759e-01
2.017989903688430786e-01
1.998569220304489136e-01
2.000588625669479370e-01
2.014319300651550293e-01
2.021925449371337891e-01
2.011198848485946655e-01
2.005848586559295654e-01
1.972969919443130493e-01
2.008034735918045044e-01
1.996344923973083496e-01
2.008686214685440063e-01
2.004332393407821655e-01
2.007896453142166138e-01
2.020826488733291626e-01
1.990472823381423950e-01
1.957702040672302246e-01
1.984302252531051636e-01
2.000565081834793091e-01
2.001503556966781616e-01
1.978751122951507568e-01
1.973618417978286743e-01
2.015493512153625488e-01
2.003539651632308960e-01
1.998157203197479248e-01
2.006989568471908569e-01
1.967370361089706421e-01
1.983370184898376465e-01
2.017178833484649658e-01
2.022344619035720825e-01
2.001838684082031250e-01
1.974762976169586182e-01
1.993834525346755981e-01
1.990919560194015503e-01
1.964123696088790894e-01
1.987183690071105957e-01
1.999695003032684326e-01
2.005332410335540771e-01
1.977580189704895020e-01
1.980258673429489136e-01
2.005250304937362671e-01
1.963969618082046509e-01
1.980586349964141846e-01
1.982228457927703857e-01
1.972539424896240234e-01
1.991242915391921997e-01
1.978693008422851562e-01
1.973427683115005493e-01
1.975365281105041504e-01
1.957728713750839233e-01
1.995999664068222046e-01
1.971334666013717651e-01
1.969822943210601807e-01
1.989942491054534912e-01
1.983532160520553589e-01
1.971898376941680908e-01
1.995233595371246338e-01
1.964689791202545166e-01
1.962473392486572266e-01
1.986183375120162964e-01
1.950270831584930420e-01
1.983732432126998901e-01
1.999202072620391846e-01
1.980473697185516357e-01
1.978505998849868774e-01
1.954143345355987549e-01
2.005809247493743896e-01
1.989142745733261108e-01
1.978659480810165405e-01
1.992640942335128784e-01
1.950475424528121948e-01
1.997759193181991577e-01
1.984911412000656128e-01
1.983824074268341064e-01
1.959501951932907104e-01
1.946964114904403687e-01
1.992126554250717163e-01
1.969095617532730103e-01
1.985023617744445801e-01
1.989505439996719360e-01
1.974308490753173828e-01
1.985823810100555420e-01
2.003276348114013672e-01
1.974782645702362061e-01
1.942241936922073364e-01
1.988854855298995972e-01
1.965634822845458984e-01
1.984997242689132690e-01
1.958475261926651001e-01
1.975541114807128906e-01
1.960345655679702759e-01
1.977332681417465210e-01
1.990198343992233276e-01
1.980046927928924561e-01
1.976942718029022217e-01
1.973446458578109741e-01
1.982121169567108154e-01
1.978137642145156860e-01
1.976255923509597778e-01
1.973240971565246582e-01
1.966107338666915894e-01
1.959351748228073120e-01
1.969380080699920654e-01
1.957016885280609131e-01
1.975921690464019775e-01
1.943540275096893311e-01
1.978137642145156860e-01
1.962746381759643555e-01
1.961499005556106567e-01
1.951604336500167847e-01
1.949938088655471802e-01
1.998989433050155640e-01
1.946819871664047241e-01
1.957512497901916504e-01
1.966106146574020386e-01
1.980492919683456421e-01
1.969839632511138916e-01
1.962838172912597656e-01
1.964090913534164429e-01
1.976710259914398193e-01
1.963634341955184937e-01
1.991610378026962280e-01
1.951331049203872681e-01
1.940003037452697754e-01
1.964062303304672241e-01
1.952993720769882202e-01
1.960015594959259033e-01
1.952315121889114380e-01
1.972175240516662598e-01
1.946184039115905762e-01
1.961461156606674194e-01
1.967783123254776001e-01
1.949009150266647339e-01
1.926972568035125732e-01
1.930702924728393555e-01
1.958063989877700806e-01
1.933916509151458740e-01
1.970828473567962646e-01
1.951396614313125610e-01
1.944288462400436401e-01
1.953824311494827271e-01
1.936863958835601807e-01
1.963767409324645996e-01
1.931446641683578491e-01
1.937895715236663818e-01
1.969497203826904297e-01
1.970199495553970337e-01
1.956935822963714600e-01
1.938462704420089722e-01
1.962809264659881592e-01
1.960463225841522217e-01
1.961157172918319702e-01
1.937559247016906738e-01
1.933239996433258057e-01
1.922813653945922852e-01
1.944701522588729858e-01
1.951467096805572510e-01
1.956067681312561035e-01
1.946786940097808838e-01
1.951476335525512695e-01
1.939210146665573120e-01
1.956411004066467285e-01
1.962041556835174561e-01
1.934133172035217285e-01
1.965678036212921143e-01
1.942142993211746216e-01
1.937014907598495483e-01
1.956324875354766846e-01
1.930433213710784912e-01
1.954988092184066772e-01
1.921318322420120239e-01
1.931430548429489136e-01
1.950137466192245483e-01
1.946554183959960938e-01
1.942692250013351440e-01
1.937654316425323486e-01
1.936343908309936523e-01
1.949516981840133667e-01
1.943864226341247559e-01
1.950377374887466431e-01
1.945067197084426880e-01
1.923377513885498047e-01
1.920881718397140503e-01
1.929795295000076294e-01
1.910693198442459106e-01
1.945786029100418091e-01
1.930814236402511597e-01
1.921488493680953979e-01
1.937585324048995972e-01
1.935521513223648071e-01
1.939283013343811035e-01
1.962148100137710571e-01
1.941961795091629028e-01
1.925949603319168091e-01
1.915013790130615234e-01
1.945390701293945312e-01
1.938164234161376953e-01
1.930097341537475586e-01
1.925357729196548462e-01
1.942952722311019897e-01
1.951499730348587036e-01
1.931234449148178101e-01
1.962925046682357788e-01
1.939890235662460327e-01
1.926057785749435425e-01
1.930172890424728394e-01
1.943650990724563599e-01
1.941210180521011353e-01
1.964576542377471924e-01
1.968220770359039307e-01
1.914988011121749878e-01
1.931550651788711548e-01
1.929419785737991333e-01
1.933070570230484009e-01
1.923744082450866699e-01
1.946771591901779175e-01
1.924883872270584106e-01
1.927668601274490356e-01
1.945547014474868774e-01
1.923015713691711426e-01
1.932766884565353394e-01
1.912810206413269043e-01
1.925347149372100830e-01
1.913544982671737671e-01
1.920357048511505127e-01
1.940234005451202393e-01
1.932205110788345337e-01
1.875667273998260498e-01
1.947290599346160889e-01
1.924468427896499634e-01
1.942653656005859375e-01
1.938401162624359131e-01
1.922513097524642944e-01
1.903944164514541626e-01
1.929806023836135864e-01
1.934927999973297119e-01
1.931095421314239502e-01
1.922392547130584717e-01
1.929197907447814941e-01
1.914959996938705444e-01
1.952813565731048584e-01
1.915328353643417358e-01
1.949988901615142822e-01
1.922004818916320801e-01
1.912846863269805908e-01
1.955597102642059326e-01
1.929152309894561768e-01
1.940192431211471558e-01
1.900045871734619141e-01
1.912830024957656860e-01
1.922120451927185059e-01
1.918811351060867310e-01
1.929470896720886230e-01
1.908821165561676025e-01
1.922869086265563965e-01
1.940062493085861206e-01
1.944272071123123169e-01
1.890742331743240356e-01
1.939980089664459229e-01
1.897704750299453735e-01
1.925786286592483521e-01
1.926429867744445801e-01
1.937401592731475830e-01
1.908469498157501221e-01
1.964175254106521606e-01
1.954932063817977905e-01
1.902819871902465820e-01
1.926235258579254150e-01
1.901202797889709473e-01
1.933159977197647095e-01
1.912915408611297607e-01
1.921065002679824829e-01
1.909164339303970337e-01
1.921133399009704590e-01
1.935091465711593628e-01
1.925154179334640503e-01
1.905944347381591797e-01
1.917575299739837646e-01
1.912411302328109741e-01
1.940379291772842407e-01
1.921361386775970459e-01
1.936203837394714355e-01
1.893181353807449341e-01
1.908174008131027222e-01
1.904094666242599487e-01
1.909624785184860229e-01
1.945722997188568115e-01
1.909277141094207764e-01
1.941537708044052124e-01
1.935147196054458618e-01
1.895743012428283691e-01
1.924059987068176270e-01
1.909588128328323364e-01
1.881621032953262329e-01
1.946334391832351685e-01
1.925226300954818726e-01
1.905995756387710571e-01
1.925341635942459106e-01
1.926679015159606934e-01
1.929679661989212036e-01
1.938305646181106567e-01
1.937469094991683960e-01
1.914458870887756348e-01
1.888768225908279419e-01
1.932866275310516357e-01
1.907152235507965088e-01
1.918412297964096069e-01
1.904687136411666870e-01
1.913860142230987549e-01
1.900187283754348755e-01
1.909314095973968506e-01
1.930244266986846924e-01
1.931073367595672607e-01
1.907682269811630249e-01
1.907039880752563477e-01
1.926456987857818604e-01
1.896190196275711060e-01
1.899972856044769287e-01
1.892780959606170654e-01
1.890034526586532593e-01
1.904651671648025513e-01
1.902714222669601440e-01
1.892466545104980469e-01
1.903341412544250488e-01
1.921814978122711182e-01
1.902597397565841675e-01
1.898252815008163452e-01
1.879765391349792480e-01
1.923343092203140259e-01
1.911325156688690186e-01
1.892088055610656738e-01
1.920537948608398438e-01
1.908553689718246460e-01
1.918091922998428345e-01
1.903806924819946289e-01
1.907031238079071045e-01
1.886050999164581299e-01
1.910430192947387695e-01
1.918219923973083496e-01
1.878302842378616333e-01
1.917064040899276733e-01
1.892343312501907349e-01
1.910421699285507202e-01
1.869355291128158569e-01
1.890544295310974121e-01
1.904310137033462524e-01
1.894569545984268188e-01
1.892031580209732056e-01
1.907877326011657715e-01
1.906603425741195679e-01
1.889176219701766968e-01
1.920829266309738159e-01
1.893868595361709595e-01
1.914780586957931519e-01
1.914137303829193115e-01
1.899663954973220825e-01
1.900877356529235840e-01
1.877013146877288818e-01
1.886358261108398438e-01
1.895554214715957642e-01
1.891173124313354492e-01
1.902927011251449585e-01
1.898726373910903931e-01
1.913626939058303833e-01
1.882206797599792480e-01
1.868746131658554077e-01
1.908709555864334106e-01
1.913526356220245361e-01
1.892490535974502563e-01
