1.677339360713958838e+00
1.339443813562393171e+00
1.262974228858947834e+00
1.131919742226600745e+00
1.078594908118247986e+00
1.014746679663658169e+00
9.609763437509536432e-01
8.443092620372771862e-01
8.020353758335113659e-01
7.958269733190536099e-01
7.823842287063598189e-01
7.775599122047424094e-01
7.554973769187927068e-01
7.595027285814285323e-01
6.326502555608749523e-01
6.042000353336334229e-01
6.190138688683509693e-01
6.325774195790291321e-01
6.347269916534423739e-01
6.390914633870125039e-01
6.191814944148064104e-01
4.913733190298080200e-01
4.779790979623794733e-01
4.901770308613777050e-01
4.916833034157753191e-01
5.053344750404358265e-01
5.088842207193374767e-01
5.252071774005889759e-01
3.798681184649467246e-01
3.927882578969001948e-01
4.045963183045387379e-01
4.121815922856331138e-01
4.166384875774383767e-01
4.064705142378807201e-01
4.140288105607032865e-01
3.457644614577293218e-01
3.308467081189155334e-01
3.317938271164894148e-01
3.383448731899261208e-01
3.437016230821609564e-01
3.482111003994941556e-01
3.452286273241043091e-01
3.018937774002551921e-01
2.982613821327686487e-01
3.011035478115081654e-01
2.966304594278335593e-01
3.057199791073799133e-01
3.102906180918216794e-01
3.201935526728629799e-01
2.800093685090541684e-01
2.775273060798644775e-01
2.817538149654865154e-01
2.788394993543624745e-01
2.874237164855003579e-01
2.972942250967025579e-01
2.968141357600688757e-01
8.762010090053080902e-02
1.488144168257713451e-01
2.076945152133703176e-01
1.821233655884861857e-01
1.659444355964660722e-01
1.749533148109913006e-01
1.752252513170242387e-01
9.250401565805077553e-02
7.311106880661100149e-02
1.067026000656187551e-01
9.911660759709775559e-02
1.005324801243841631e-01
1.094329724460840203e-01
1.049551394395530218e-01
7.996450647711754456e-02
6.521409745328128615e-02
1.005025062244385425e-01
9.046537947840987970e-02
9.177088131196796394e-02
8.164131007157265918e-02
9.373460942879319191e-02
7.478459155652672496e-02
7.635015691630542278e-02
6.460098401177674643e-02
6.444383263005874773e-02
7.340263422112912328e-02
7.121105622965842596e-02
8.198684951290488576e-02
7.293548769550398103e-02
5.561560538597404985e-02
6.396307558752596656e-02
6.652901061344891620e-02
7.256835397100075413e-02
7.247080819914117344e-02
7.677624779287725576e-02
7.273054071236401130e-02
6.876698151463642161e-02
6.555312213487923811e-02
6.750637731514870510e-02
6.328899748623370569e-02
8.020039955154061040e-02
7.580779439536854125e-02
5.451473353197797828e-02
4.995197932701558180e-02
6.623104592319578598e-02
7.715824570041149300e-02
5.785207094857468951e-02
8.765515806153416356e-02
6.470648679416626803e-02
