1.452882262468337959e+00
1.092641239762306204e+00
9.283348965644836470e-01
8.302815806865692094e-01
7.822149795293807939e-01
7.202080053091048928e-01
6.769146063923835444e-01
5.868252775073051763e-01
5.832511824369430720e-01
5.869561460614204362e-01
5.698071116209030285e-01
5.700965043902397333e-01
5.559662413597107333e-01
5.580328020453453330e-01
4.727349105477333113e-01
4.762958693504333318e-01
4.821571734547615007e-01
4.810235995054245040e-01
4.803177210688591159e-01
4.842236378788948303e-01
4.800707083940505826e-01
5.469725409150123507e-01
5.500933659076691074e-01
5.550095129013061790e-01
5.468577691912650529e-01
5.582246178388595714e-01
5.341002219915389482e-01
5.394587069749832153e-01
3.199417766928672746e-01
3.410706794261932351e-01
3.361156116425991214e-01
3.477862948179245017e-01
3.274027292430400915e-01
3.589263968169689178e-01
3.394280241429805667e-01
2.001965567842125815e-01
2.100589187443256400e-01
1.974549948424100809e-01
2.426074586063623473e-01
2.256139268726110592e-01
2.635092853754759101e-01
2.445882438123226088e-01
1.328247832134366035e-01
1.541419238597154517e-01
1.505689504370093246e-01
1.608929813653230678e-01
1.650494529306888447e-01
1.844293165206909169e-01
1.749946383759379276e-01
1.129798167292028616e-01
1.001354899816215005e-01
1.136182457394897954e-01
1.470564883761107944e-01
1.253591458778828271e-01
1.419689571484923363e-01
1.587677222117781506e-01
9.824984315782785138e-02
1.020679995417594910e-01
9.583893968723714019e-02
1.098144325241446478e-01
1.236926374398171907e-01
1.275788434967398688e-01
1.271191369555890460e-01
9.833094477653503418e-02
8.048504252918065038e-02
8.685636734589934072e-02
9.951436137314885466e-02
1.138875508680939619e-01
1.008218118362128740e-01
1.120383338257670419e-01
9.382521144114434886e-02
9.395311071537434944e-02
8.842089826241135431e-02
8.153185302391648126e-02
8.675111501477658638e-02
1.082109543774276983e-01
1.035196110140532283e-01
7.510568591766059177e-02
8.208190513541921418e-02
7.508059520972892864e-02
7.920211608521640634e-02
7.944155704230070059e-02
1.038452482968568735e-01
9.289972486440092880e-02
8.547405397985130548e-02
7.610498548485339354e-02
7.835235778708010690e-02
7.266965686576440375e-02
1.081332434993237251e-01
1.090591530781239299e-01
1.118399822944775163e-01
6.395840031327679198e-02
6.116598769207484687e-02
5.319836945272982121e-02
7.936368823051452581e-02
7.355711598880589064e-02
7.524592968635261669e-02
7.943087056162767556e-02
6.263324113562702966e-02
6.795384258031844649e-02
6.409538589301519429e-02
8.679038956994190868e-02
9.101140079088508583e-02
9.163446382619440389e-02
1.005379904108121975e-01
