1.762524276971817017e+00
1.379030408859252876e+00
1.215493310689926165e+00
1.135247336030006382e+00
1.040777062773704520e+00
9.763910704851150868e-01
9.349052095413208363e-01
7.959432041645050360e-01
7.449488115310668457e-01
7.418962329626083152e-01
7.492001563310622947e-01
7.268839028477668274e-01
7.289634892344474260e-01
7.097383290529251099e-01
5.657679155468940957e-01
5.894928905367851080e-01
5.762843310832976851e-01
5.354098165035248158e-01
5.877742683887481334e-01
5.859672161936759771e-01
5.802973267436027927e-01
4.150306215882301197e-01
4.208429870009422480e-01
4.398132422566413680e-01
4.320792800188064664e-01
4.443228207528591156e-01
4.500507208704948581e-01
4.489650216698646279e-01
3.211195255815982863e-01
3.242449085414409460e-01
3.260813242197036499e-01
3.322795517742633820e-01
3.391272518038749850e-01
3.476660253107548004e-01
3.659855988621711909e-01
2.633975230157375447e-01
2.525211015343666321e-01
2.617368187010288283e-01
2.632385425269603840e-01
2.767498122155666596e-01
2.764358650147915042e-01
2.826412719488143876e-01
2.124218235909938746e-01
2.159363897144794542e-01
2.176502342522144418e-01
2.262931458652019390e-01
2.248077140748500902e-01
2.305891303718090035e-01
2.462965881824493442e-01
1.981574255228042702e-01
1.976925332844257366e-01
2.071177418529987213e-01
2.021820732951164212e-01
2.153641031682491380e-01
2.175232516229152757e-01
2.187712961435318015e-01
1.971216486394405387e-01
1.879035092890262715e-01
1.912710678577423107e-01
1.912435793876647860e-01
2.036016196012497004e-01
2.036002768576145039e-01
2.103791093826293812e-01
1.809918487071990878e-01
1.840438828617334266e-01
1.870692667365074224e-01
1.846955071389675129e-01
1.891356818377971649e-01
1.923587399721145563e-01
1.921317162364721276e-01
7.780720664188266189e-02
1.428903259895741851e-01
1.543899698182940594e-01
1.716932329535484358e-01
1.614785325713455622e-01
1.661401176452636796e-01
1.391416508890688519e-01
9.292807951569556635e-02
8.779540510382503882e-02
9.240990898106246632e-02
9.521797081455588008e-02
1.017116002272814568e-01
9.807482083328068756e-02
1.170912767201662125e-01
7.741366109810769724e-02
6.610470817890018447e-02
8.210939702577889354e-02
1.006414552219212083e-01
7.945754535496235560e-02
8.775971290655433521e-02
8.723372577689587903e-02
6.257481398060918409e-02
5.821120342705398548e-02
5.941990403458476122e-02
6.518621143884956171e-02
6.783017786918207892e-02
9.415246607735752726e-02
8.754056011326610820e-02
6.256464217789471649e-02
7.332013200270011410e-02
6.840856849681585528e-02
7.134054062422365283e-02
7.893677105894311707e-02
7.328252417035401034e-02
7.122006335295737178e-02
