7.291610836982727051e-01
7.207447290420532227e-01
7.123056054115295410e-01
7.041244506835937500e-01
6.945617794990539551e-01
6.847481727600097656e-01
6.752276420593261719e-01
6.652704477310180664e-01
6.529415845870971680e-01
6.411483287811279297e-01
6.290507316589355469e-01
6.156886219978332520e-01
5.955853462219238281e-01
5.811558961868286133e-01
5.573462247848510742e-01
5.453500151634216309e-01
5.197018384933471680e-01
4.926135540008544922e-01
4.688857793807983398e-01
4.459539651870727539e-01
4.180774688720703125e-01
3.964304029941558838e-01
3.973233401775360107e-01
3.600262105464935303e-01
3.639936745166778564e-01
3.315441906452178955e-01
3.491650819778442383e-01
3.321417868137359619e-01
3.245591223239898682e-01
3.279848396778106689e-01
3.374499976634979248e-01
3.241737782955169678e-01
3.272005915641784668e-01
3.139728605747222900e-01
3.044022619724273682e-01
3.066214323043823242e-01
2.908162474632263184e-01
2.831467390060424805e-01
2.790933847427368164e-01
2.739336490631103516e-01
2.666614353656768799e-01
2.710049748420715332e-01
2.638457715511322021e-01
2.615619897842407227e-01
2.558901011943817139e-01
2.564232051372528076e-01
2.511055171489715576e-01
2.480340003967285156e-01
2.392269670963287354e-01
2.385352998971939087e-01
2.317908108234405518e-01
2.332820296287536621e-01
2.326940000057220459e-01
2.251591682434082031e-01
2.256695777177810669e-01
2.224921584129333496e-01
2.210937291383743286e-01
2.238931357860565186e-01
2.171365767717361450e-01
2.191725969314575195e-01
2.117508500814437866e-01
2.078143954277038574e-01
2.081741988658905029e-01
2.065768837928771973e-01
2.037639468908309937e-01
2.006359249353408813e-01
1.964845359325408936e-01
1.985094398260116577e-01
1.940520703792572021e-01
1.930166929960250854e-01
1.919753104448318481e-01
1.899590790271759033e-01
1.884397864341735840e-01
1.880402863025665283e-01
1.852411925792694092e-01
1.830710172653198242e-01
1.890280842781066895e-01
1.814436316490173340e-01
1.777249723672866821e-01
1.845760643482208252e-01
1.770816445350646973e-01
1.767733395099639893e-01
1.719917505979537964e-01
1.733064949512481689e-01
1.723552197217941284e-01
1.705697625875473022e-01
1.702609360218048096e-01
1.686210781335830688e-01
1.643881052732467651e-01
1.664979457855224609e-01
1.647313833236694336e-01
1.633978635072708130e-01
1.597984284162521362e-01
1.635389924049377441e-01
1.654421389102935791e-01
1.589886546134948730e-01
1.582599878311157227e-01
1.568764299154281616e-01
1.567658185958862305e-01
1.573377847671508789e-01
1.562986969947814941e-01
1.541677415370941162e-01
1.537567824125289917e-01
1.504941135644912720e-01
1.517312526702880859e-01
1.486735939979553223e-01
1.484451591968536377e-01
1.470095366239547729e-01
1.494103670120239258e-01
1.466919034719467163e-01
1.453390568494796753e-01
1.470843851566314697e-01
1.471848934888839722e-01
1.431919038295745850e-01
1.423872560262680054e-01
1.425435245037078857e-01
1.401583105325698853e-01
1.434661597013473511e-01
1.419685930013656616e-01
1.393994688987731934e-01
1.396821439266204834e-01
1.396006047725677490e-01
1.394306123256683350e-01
1.415339410305023193e-01
1.377593427896499634e-01
1.381371915340423584e-01
1.334780752658843994e-01
1.341955661773681641e-01
1.348516047000885010e-01
1.348361819982528687e-01
1.333975344896316528e-01
1.344681084156036377e-01
1.317772269248962402e-01
1.302867233753204346e-01
1.312649995088577271e-01
1.330708861351013184e-01
1.331380903720855713e-01
1.302695572376251221e-01
1.304341256618499756e-01
1.272670179605484009e-01
1.275882422924041748e-01
1.266788095235824585e-01
1.272085011005401611e-01
1.278310418128967285e-01
1.264965683221817017e-01
1.268563717603683472e-01
1.239646971225738525e-01
1.242774426937103271e-01
1.246121525764465332e-01
1.238542497158050537e-01
1.222044080495834351e-01
1.218295544385910034e-01
1.220101714134216309e-01
1.208438053727149963e-01
1.212942153215408325e-01
1.239282265305519104e-01
1.214083880186080933e-01
1.187667772173881531e-01
1.158432364463806152e-01
1.184448897838592529e-01
1.190659701824188232e-01
1.177663356065750122e-01
1.169444695115089417e-01
1.170581728219985962e-01
1.159668341279029846e-01
1.163385957479476929e-01
1.158127933740615845e-01
1.145545095205307007e-01
1.156512051820755005e-01
1.122526973485946655e-01
1.143726110458374023e-01
1.135036349296569824e-01
1.128815263509750366e-01
1.108389794826507568e-01
1.129338294267654419e-01
1.113215237855911255e-01
1.104148179292678833e-01
1.109634637832641602e-01
1.111622154712677002e-01
1.104618310928344727e-01
1.106264963746070862e-01
1.097757369279861450e-01
1.075418740510940552e-01
1.074396818876266479e-01
1.083401292562484741e-01
1.061607152223587036e-01
1.078109294176101685e-01
1.064505428075790405e-01
1.053542196750640869e-01
1.071092039346694946e-01
1.081859320402145386e-01
1.038684546947479248e-01
1.045387238264083862e-01
1.039136052131652832e-01
1.052806675434112549e-01
1.030601412057876587e-01
1.040801256895065308e-01
1.028190106153488159e-01
1.014733687043190002e-01
1.010533422231674194e-01
1.023882851004600525e-01
1.031315773725509644e-01
1.020211428403854370e-01
1.003077477216720581e-01
1.004777997732162476e-01
9.921668469905853271e-02
1.001196056604385376e-01
1.010271012783050537e-01
9.846477955579757690e-02
1.001275330781936646e-01
9.863190352916717529e-02
9.816396236419677734e-02
9.805949032306671143e-02
9.787260740995407104e-02
9.672847390174865723e-02
9.470568597316741943e-02
9.733793139457702637e-02
9.740875661373138428e-02
9.522314369678497314e-02
9.726044535636901855e-02
9.542256593704223633e-02
9.411966800689697266e-02
9.530966728925704956e-02
9.491520375013351440e-02
9.545514732599258423e-02
9.358511865139007568e-02
9.435806423425674438e-02
9.499544650316238403e-02
9.569329023361206055e-02
9.256318211555480957e-02
9.131943434476852417e-02
9.139663726091384888e-02
9.161952883005142212e-02
9.255210310220718384e-02
9.131619334220886230e-02
9.088513255119323730e-02
9.058275073766708374e-02
8.981513977050781250e-02
9.164050221443176270e-02
8.957994729280471802e-02
8.962393552064895630e-02
8.859866112470626831e-02
8.806937932968139648e-02
8.970917016267776489e-02
8.888575434684753418e-02
8.850999176502227783e-02
8.870385587215423584e-02
8.634132146835327148e-02
8.708487451076507568e-02
8.698494732379913330e-02
8.709022402763366699e-02
8.680134266614913940e-02
8.632348477840423584e-02
8.633001148700714111e-02
8.501558005809783936e-02
8.545640856027603149e-02
8.487767726182937622e-02
8.500237762928009033e-02
8.453571051359176636e-02
8.376810699701309204e-02
8.421355485916137695e-02
8.427164703607559204e-02
8.517207205295562744e-02
8.148244023323059082e-02
8.288723230361938477e-02
8.130276948213577271e-02
8.247093111276626587e-02
8.090567588806152344e-02
8.136929571628570557e-02
7.881701737642288208e-02
8.009507507085800171e-02
8.200949430465698242e-02
7.983514666557312012e-02
7.974129915237426758e-02
7.907024025917053223e-02
7.848075032234191895e-02
7.811128348112106323e-02
7.921891659498214722e-02
7.800135016441345215e-02
7.781858742237091064e-02
7.813704013824462891e-02
7.840078324079513550e-02
7.695601135492324829e-02
7.622104883193969727e-02
7.772785425186157227e-02
7.666610181331634521e-02
7.698190957307815552e-02
7.743965089321136475e-02
7.638268917798995972e-02
7.510119676589965820e-02
7.759146392345428467e-02
7.341779023408889771e-02
7.365249842405319214e-02
7.569456100463867188e-02
7.435262948274612427e-02
7.469967752695083618e-02
7.405225187540054321e-02
7.371164858341217041e-02
7.444948703050613403e-02
7.356876134872436523e-02
7.226204127073287964e-02
7.192154228687286377e-02
7.260668277740478516e-02
7.249184697866439819e-02
7.130499184131622314e-02
7.255373150110244751e-02
7.159146666526794434e-02
7.122926414012908936e-02
7.103347778320312500e-02
7.136131823062896729e-02
7.218138873577117920e-02
7.089659571647644043e-02
7.096258550882339478e-02
7.004361599683761597e-02
6.885233521461486816e-02
7.058423757553100586e-02
6.873863935470581055e-02
6.919668614864349365e-02
6.888018548488616943e-02
6.906401365995407104e-02
6.797932088375091553e-02
6.915383040904998779e-02
6.821584701538085938e-02
6.833373755216598511e-02
6.761637330055236816e-02
6.821430474519729614e-02
6.833783537149429321e-02
6.775590777397155762e-02
6.775856763124465942e-02
6.754980981349945068e-02
6.590646505355834961e-02
6.604186445474624634e-02
6.676869839429855347e-02
6.663207709789276123e-02
6.560248881578445435e-02
6.570571660995483398e-02
6.572101265192031860e-02
6.580052524805068970e-02
6.397191435098648071e-02
6.521052867174148560e-02
6.536364555358886719e-02
6.570916622877120972e-02
6.524004042148590088e-02
6.447786092758178711e-02
6.400574743747711182e-02
6.446595489978790283e-02
6.461153179407119751e-02
6.421878933906555176e-02
6.378105282783508301e-02
6.447315216064453125e-02
6.581144034862518311e-02
6.407630443572998047e-02
6.287199258804321289e-02
6.308656185865402222e-02
6.318827718496322632e-02
6.201793998479843140e-02
6.226546317338943481e-02
6.228833645582199097e-02
6.183113902807235718e-02
6.239562481641769409e-02
6.189604848623275757e-02
6.169579923152923584e-02
6.121715903282165527e-02
6.165972352027893066e-02
6.066992133855819702e-02
6.081724539399147034e-02
6.122067943215370178e-02
6.101671606302261353e-02
6.031318753957748413e-02
6.110941618680953979e-02
6.049064546823501587e-02
6.050450354814529419e-02
6.063063442707061768e-02
6.045468896627426147e-02
6.032766401767730713e-02
5.947418510913848877e-02
5.981857702136039734e-02
5.921645462512969971e-02
5.870703607797622681e-02
6.033679097890853882e-02
6.008410081267356873e-02
5.878899991512298584e-02
5.961913615465164185e-02
5.937485024333000183e-02
5.928818136453628540e-02
5.948498100042343140e-02
5.933824926614761353e-02
5.935045331716537476e-02
5.857808887958526611e-02
5.820178613066673279e-02
5.826443433761596680e-02
5.832196027040481567e-02
5.847260355949401855e-02
5.809537321329116821e-02
5.807443708181381226e-02
5.831424891948699951e-02
5.787459388375282288e-02
5.669210106134414673e-02
5.734104290604591370e-02
5.771364644169807434e-02
5.776216462254524231e-02
5.748739466071128845e-02
5.846932157874107361e-02
5.784794315695762634e-02
5.668696761131286621e-02
5.623853951692581177e-02
5.747787654399871826e-02
5.646283179521560669e-02
5.685772001743316650e-02
5.690077692270278931e-02
5.554600805044174194e-02
5.602952837944030762e-02
5.586598441004753113e-02
5.669598281383514404e-02
5.680851638317108154e-02
5.605275928974151611e-02
5.658112838864326477e-02
5.498906224966049194e-02
5.515267327427864075e-02
5.550548434257507324e-02
5.531676113605499268e-02
5.571562796831130981e-02
5.573014169931411743e-02
5.555802956223487854e-02
5.523997172713279724e-02
5.561177432537078857e-02
5.505021661520004272e-02
5.424599722027778625e-02
5.485210567712783813e-02
5.500195175409317017e-02
5.456212162971496582e-02
5.518252030014991760e-02
5.491629987955093384e-02
5.439356714487075806e-02
5.460319295525550842e-02
5.404824391007423401e-02
5.466105043888092041e-02
5.457959324121475220e-02
5.449365824460983276e-02
5.465090274810791016e-02
5.418042093515396118e-02
5.328584089875221252e-02
5.418129637837409973e-02
5.397422239184379578e-02
5.378690361976623535e-02
5.328150093555450439e-02
5.373897030949592590e-02
5.314685404300689697e-02
5.412156134843826294e-02
5.245824903249740601e-02
5.400484055280685425e-02
5.313886702060699463e-02
5.347724258899688721e-02
5.253607407212257385e-02
5.375187098979949951e-02
5.301950871944427490e-02
5.264062434434890747e-02
5.367939174175262451e-02
5.241690203547477722e-02
5.221806466579437256e-02
5.293680727481842041e-02
5.232852697372436523e-02
5.229742825031280518e-02
5.324010550975799561e-02
5.266181379556655884e-02
5.144370347261428833e-02
5.228289589285850525e-02
5.251203477382659912e-02
5.225127190351486206e-02
5.181562528014183044e-02
5.138129740953445435e-02
5.219303816556930542e-02
5.133946239948272705e-02
5.242898315191268921e-02
5.182418227195739746e-02
5.183151364326477051e-02
5.259077623486518860e-02
5.232675746083259583e-02
5.138326808810234070e-02
5.219215527176856995e-02
5.166494101285934448e-02
5.126593261957168579e-02
5.236126482486724854e-02
5.202400684356689453e-02
5.153252929449081421e-02
5.113004148006439209e-02
5.071324110031127930e-02
5.020920932292938232e-02
5.040071904659271240e-02
5.102868005633354187e-02
5.099990218877792358e-02
5.194006487727165222e-02
5.113686621189117432e-02
5.069848895072937012e-02
5.042077600955963135e-02
5.139091610908508301e-02
5.111323669552803040e-02
5.079676210880279541e-02
5.095310881733894348e-02
5.057361721992492676e-02
5.020768940448760986e-02
4.999975860118865967e-02
5.054231733083724976e-02
5.034354701638221741e-02
4.920691996812820435e-02
5.047700181603431702e-02
5.060201883316040039e-02
5.047615244984626770e-02
5.046341940760612488e-02
4.948396608233451843e-02
4.932707548141479492e-02
4.887792840600013733e-02
5.077541992068290710e-02
4.971899837255477905e-02
4.958733171224594116e-02
5.024954676628112793e-02
4.938349872827529907e-02
4.902213066816329956e-02
4.948744922876358032e-02
4.956445842981338501e-02
4.988607019186019897e-02
4.909069091081619263e-02
4.895710945129394531e-02
4.961737990379333496e-02
4.947366937994956970e-02
4.899161309003829956e-02
4.919577762484550476e-02
4.953892529010772705e-02
4.840035736560821533e-02
4.898042231798171997e-02
4.862307012081146240e-02
4.896404221653938293e-02
4.917558282613754272e-02
4.886055737733840942e-02
4.878325760364532471e-02
4.830517619848251343e-02
4.798430949449539185e-02
4.958286136388778687e-02
4.851833730936050415e-02
4.834841936826705933e-02
4.863107204437255859e-02
4.807817935943603516e-02
4.876377433538436890e-02
4.863623529672622681e-02
4.800416901707649231e-02
4.829080402851104736e-02
4.792501404881477356e-02
4.818948358297348022e-02
4.760748893022537231e-02
4.782186448574066162e-02
4.828722029924392700e-02
4.711517691612243652e-02
4.783145338296890259e-02
4.704512655735015869e-02
4.818072170019149780e-02
4.731840640306472778e-02
4.772140458226203918e-02
4.800835996866226196e-02
4.784569516777992249e-02
4.782785475254058838e-02
4.746276885271072388e-02
4.727324098348617554e-02
4.753429815173149109e-02
4.745122790336608887e-02
4.798793420195579529e-02
4.769398272037506104e-02
4.714999347925186157e-02
4.748812317848205566e-02
4.726007208228111267e-02
4.747070744633674622e-02
4.689792543649673462e-02
4.677494615316390991e-02
4.671867936849594116e-02
4.777403920888900757e-02
4.672663658857345581e-02
4.705993831157684326e-02
4.689868539571762085e-02
4.682382196187973022e-02
4.648587480187416077e-02
4.707755520939826965e-02
4.644533246755599976e-02
4.586446285247802734e-02
4.685068875551223755e-02
4.683137685060501099e-02
4.635246843099594116e-02
4.638347029685974121e-02
4.640800878405570984e-02
4.663336277008056641e-02
4.627874866127967834e-02
4.660744220018386841e-02
4.594228416681289673e-02
4.670571908354759216e-02
4.645030200481414795e-02
4.561661928892135620e-02
4.608124122023582458e-02
4.562659561634063721e-02
4.674411565065383911e-02
4.586516320705413818e-02
4.605468362569808960e-02
4.576510936021804810e-02
4.566298797726631165e-02
4.586069285869598389e-02
4.602503031492233276e-02
4.560659825801849365e-02
4.553324729204177856e-02
4.525694996118545532e-02
4.582910239696502686e-02
4.638340324163436890e-02
4.664721339941024780e-02
4.485481232404708862e-02
4.563065618276596069e-02
4.534029960632324219e-02
4.610617458820343018e-02
4.554985091090202332e-02
4.528263211250305176e-02
4.596950858831405640e-02
4.553471878170967102e-02
4.469271004199981689e-02
4.557832330465316772e-02
4.519648849964141846e-02
4.529516398906707764e-02
4.497210681438446045e-02
4.558167979121208191e-02
4.560254141688346863e-02
4.526740312576293945e-02
4.502933472394943237e-02
4.490299522876739502e-02
4.501794278621673584e-02
4.468883574008941650e-02
4.507099092006683350e-02
4.443996772170066833e-02
4.520499706268310547e-02
4.448876529932022095e-02
4.535185545682907104e-02
4.513359814882278442e-02
4.498359188437461853e-02
4.458102956414222717e-02
4.448081180453300476e-02
4.487916082143783569e-02
4.454658925533294678e-02
4.473507776856422424e-02
4.459524154663085938e-02
4.442005977034568787e-02
4.430647939443588257e-02
4.452455043792724609e-02
4.480985552072525024e-02
4.410986602306365967e-02
4.385533928871154785e-02
4.431003332138061523e-02
4.390425235033035278e-02
4.421173781156539917e-02
4.435337334871292114e-02
4.458165913820266724e-02
4.342983290553092957e-02
4.427954554557800293e-02
4.437955096364021301e-02
4.434992745518684387e-02
4.386631771922111511e-02
4.381088167428970337e-02
4.387221112847328186e-02
4.437931254506111145e-02
4.406659677624702454e-02
4.363058134913444519e-02
4.345739632844924927e-02
4.387951269745826721e-02
4.418961331248283386e-02
4.411711543798446655e-02
4.334611445665359497e-02
4.357959330081939697e-02
4.369810223579406738e-02
4.414834454655647278e-02
4.353202879428863525e-02
4.397690296173095703e-02
4.385481029748916626e-02
4.347059130668640137e-02
4.345224797725677490e-02
4.332366585731506348e-02
4.368033632636070251e-02
4.308900237083435059e-02
4.365452378988265991e-02
4.361837357282638550e-02
4.338188096880912781e-02
4.304918274283409119e-02
4.328199476003646851e-02
4.332989454269409180e-02
4.288481175899505615e-02
4.316239058971405029e-02
4.307811334729194641e-02
4.265926033258438110e-02
4.353306442499160767e-02
4.364929348230361938e-02
4.283964261412620544e-02
4.308367893099784851e-02
4.307989031076431274e-02
4.310235753655433655e-02
4.305880516767501831e-02
4.279223456978797913e-02
4.264972358942031860e-02
4.272116720676422119e-02
4.377989470958709717e-02
4.275906085968017578e-02
4.323301836848258972e-02
4.328029602766036987e-02
4.320334643125534058e-02
4.287605732679367065e-02
4.256545752286911011e-02
4.182849079370498657e-02
4.264153540134429932e-02
4.104527458548545837e-02
4.211020469665527344e-02
4.227464646100997925e-02
4.250531643629074097e-02
4.258283600211143494e-02
4.234459251165390015e-02
4.234055057168006897e-02
4.213280230760574341e-02
4.216089099645614624e-02
4.247027263045310974e-02
4.248048365116119385e-02
4.239927232265472412e-02
4.267919808626174927e-02
4.247862100601196289e-02
4.235807806253433228e-02
4.250120371580123901e-02
4.289840906858444214e-02
4.191495478153228760e-02
4.253066703677177429e-02
4.153795540332794189e-02
4.242800176143646240e-02
4.202830046415328979e-02
4.228866100311279297e-02
4.245541244745254517e-02
4.157157987356185913e-02
4.165194556117057800e-02
4.233798384666442871e-02
4.182525724172592163e-02
4.150765389204025269e-02
4.151554405689239502e-02
4.185142740607261658e-02
4.186169430613517761e-02
4.212907701730728149e-02
4.173862189054489136e-02
4.190823435783386230e-02
4.184043779969215393e-02
4.181285947561264038e-02
4.223620146512985229e-02
4.237556084990501404e-02
4.124370589852333069e-02
4.067622497677803040e-02
4.210604354739189148e-02
4.159720242023468018e-02
4.179465025663375854e-02
4.114635288715362549e-02
4.133613035082817078e-02
4.159923642873764038e-02
4.139112681150436401e-02
4.163800925016403198e-02
4.093287512660026550e-02
4.132627695798873901e-02
4.182085394859313965e-02
4.110736399888992310e-02
4.067336767911911011e-02
4.162839800119400024e-02
4.128266870975494385e-02
4.189630970358848572e-02
4.130387678742408752e-02
4.117871075868606567e-02
4.112844169139862061e-02
4.066650941967964172e-02
4.100258648395538330e-02
4.114500805735588074e-02
4.087501019239425659e-02
4.105821624398231506e-02
4.217021167278289795e-02
4.106610268354415894e-02
4.162019491195678711e-02
4.111723601818084717e-02
4.086061567068099976e-02
4.055646434426307678e-02
4.090663418173789978e-02
4.013909399509429932e-02
4.054100438952445984e-02
4.101907834410667419e-02
4.017229378223419189e-02
4.043005779385566711e-02
4.112397134304046631e-02
4.078702628612518311e-02
4.136281460523605347e-02
4.070406407117843628e-02
4.050993174314498901e-02
4.072388261556625366e-02
4.100590199232101440e-02
4.130319133400917053e-02
4.051692783832550049e-02
4.123207926750183105e-02
4.018493369221687317e-02
4.022998735308647156e-02
4.015270248055458069e-02
4.036180675029754639e-02
4.108262062072753906e-02
4.014170542359352112e-02
4.081397503614425659e-02
3.999448940157890320e-02
4.065036773681640625e-02
4.002334550023078918e-02
4.006167501211166382e-02
4.070342332124710083e-02
4.065398871898651123e-02
3.986816853284835815e-02
4.018974304199218750e-02
4.009347036480903625e-02
4.060071334242820740e-02
4.043781012296676636e-02
4.025691747665405273e-02
4.067230597138404846e-02
4.024789854884147644e-02
4.025191441178321838e-02
4.011137038469314575e-02
3.997382149100303650e-02
4.015661031007766724e-02
4.006552696228027344e-02
4.029241204261779785e-02
4.075290262699127197e-02
4.010380059480667114e-02
3.988065570592880249e-02
4.029136896133422852e-02
3.982151299715042114e-02
4.016549140214920044e-02
3.973805159330368042e-02
3.959661722183227539e-02
3.988349065184593201e-02
3.971713408827781677e-02
4.143590480089187622e-02
3.949509561061859131e-02
3.974494710564613342e-02
3.942470997571945190e-02
4.000211507081985474e-02
3.918650001287460327e-02
3.982570394873619080e-02
3.973876684904098511e-02
4.018684476613998413e-02
3.937115520238876343e-02
3.927805647253990173e-02
3.950772061944007874e-02
3.986825048923492432e-02
3.941754996776580811e-02
3.984250128269195557e-02
3.941668570041656494e-02
3.937018290162086487e-02
3.931607306003570557e-02
3.957220911979675293e-02
3.948468714952468872e-02
4.001659527420997620e-02
3.959565609693527222e-02
3.934083878993988037e-02
3.937686979770660400e-02
3.908386081457138062e-02
3.932502865791320801e-02
3.937160223722457886e-02
3.878048434853553772e-02
3.901600465178489685e-02
3.934048488736152649e-02
3.912778198719024658e-02
3.918915987014770508e-02
3.922517597675323486e-02
3.876772522926330566e-02
3.914201259613037109e-02
3.901715576648712158e-02
3.899898380041122437e-02
3.877053782343864441e-02
3.851742669939994812e-02
3.880573436617851257e-02
3.844726085662841797e-02
3.918141126632690430e-02
3.902481868863105774e-02
3.867241740226745605e-02
3.891501575708389282e-02
3.909235075116157532e-02
3.879127651453018188e-02
3.905116394162178040e-02
3.924020752310752869e-02
3.874331712722778320e-02
3.831845149397850037e-02
3.884645551443099976e-02
3.915642946958541870e-02
3.899826481938362122e-02
3.841054439544677734e-02
3.882317245006561279e-02
3.875772282481193542e-02
3.872814029455184937e-02
3.876594454050064087e-02
3.885053843259811401e-02
3.912305831909179688e-02
3.872585296630859375e-02
3.844282776117324829e-02
3.864134848117828369e-02
3.857686370611190796e-02
3.843762353062629700e-02
3.877609595656394958e-02
3.853517398238182068e-02
3.873271495103836060e-02
3.846371918916702271e-02
3.868634998798370361e-02
3.841444104909896851e-02
3.831545263528823853e-02
3.835332766175270081e-02
3.832225501537322998e-02
3.862167149782180786e-02
3.836825117468833923e-02
3.805342316627502441e-02
3.842888399958610535e-02
3.832862898707389832e-02
3.805688396096229553e-02
3.807764500379562378e-02
3.839164227247238159e-02
3.759937733411788940e-02
3.843556344509124756e-02
3.802721202373504639e-02
3.842237591743469238e-02
3.815486282110214233e-02
3.797942027449607849e-02
3.842485696077346802e-02
3.821171075105667114e-02
3.843928128480911255e-02
3.825750946998596191e-02
3.767405077815055847e-02
3.784753754734992981e-02
3.771414980292320251e-02
3.784481436014175415e-02
3.799245133996009827e-02
3.772845864295959473e-02
3.792827576398849487e-02
3.799286484718322754e-02
3.798529878258705139e-02
3.832978010177612305e-02
3.807146847248077393e-02
3.810039907693862915e-02
3.795433416962623596e-02
3.809252753853797913e-02
3.736290335655212402e-02
3.815689682960510254e-02
3.801514208316802979e-02
3.840406239032745361e-02
3.761955350637435913e-02
3.743738681077957153e-02
3.771290928125381470e-02
3.774828091263771057e-02
3.813473135232925415e-02
3.742685168981552124e-02
3.790253400802612305e-02
3.769000247120857239e-02
3.769692778587341309e-02
3.754243999719619751e-02
3.726264461874961853e-02
3.741350397467613220e-02
3.747627139091491699e-02
3.777782618999481201e-02
3.765656799077987671e-02
3.737651556730270386e-02
3.789965808391571045e-02
3.747225180268287659e-02
3.767334669828414917e-02
3.759808465838432312e-02
3.740133717656135559e-02
3.743859007954597473e-02
3.748197108507156372e-02
3.715783357620239258e-02
3.771988302469253540e-02
3.761733695864677429e-02
3.747099265456199646e-02
3.741338476538658142e-02
3.757290914654731750e-02
3.735405579209327698e-02
3.769959509372711182e-02
3.747798129916191101e-02
3.800020366907119751e-02
3.739256411790847778e-02
3.685709089040756226e-02
3.706308826804161072e-02
3.720512613654136658e-02
3.730139508843421936e-02
3.676531463861465454e-02
3.712683543562889099e-02
3.714144974946975708e-02
3.685330227017402649e-02
3.714236244559288025e-02
3.721363469958305359e-02
3.677398711442947388e-02
3.706519678235054016e-02
3.690165281295776367e-02
3.714762628078460693e-02
3.680526465177536011e-02
3.691075742244720459e-02
3.691627457737922668e-02
3.681321814656257629e-02
3.673088923096656799e-02
3.711215779185295105e-02
3.738866746425628662e-02
3.714811056852340698e-02
3.682445734739303589e-02
3.713805228471755981e-02
3.686092421412467957e-02
3.682093322277069092e-02
3.685923293232917786e-02
3.687255457043647766e-02
3.633383288979530334e-02
3.714852407574653625e-02
3.674441948533058167e-02
3.735814616084098816e-02
3.666222095489501953e-02
3.656593710184097290e-02
3.698290139436721802e-02
3.663687407970428467e-02
3.709849715232849121e-02
3.718756139278411865e-02
3.719015792012214661e-02
3.678524494171142578e-02
3.668115660548210144e-02
3.743712231516838074e-02
3.676024824380874634e-02
3.703261911869049072e-02
3.626903146505355835e-02
3.640004619956016541e-02
3.644794598221778870e-02
3.651951253414154053e-02
3.680560737848281860e-02
3.651836514472961426e-02
3.630938753485679626e-02
3.662745654582977295e-02
3.684061020612716675e-02
3.661175817251205444e-02
3.670713678002357483e-02
3.660530596971511841e-02
3.664885461330413818e-02
3.683155775070190430e-02
3.648648783564567566e-02
3.653721511363983154e-02
3.636682406067848206e-02
3.633375465869903564e-02
3.627086430788040161e-02
3.619061410427093506e-02
3.663302958011627197e-02
3.651469573378562927e-02
3.653899952769279480e-02
3.628775849938392639e-02
3.732394799590110779e-02
3.649380058050155640e-02
3.616774454712867737e-02
3.648763149976730347e-02
3.651053458452224731e-02
3.645537793636322021e-02
3.620378300547599792e-02
3.643818199634552002e-02
3.639348968863487244e-02
3.655046597123146057e-02
3.633461147546768188e-02
3.623301163315773010e-02
3.607453778386116028e-02
3.584037348628044128e-02
3.629501909017562866e-02
3.659670799970626831e-02
3.716624155640602112e-02
3.647090122103691101e-02
3.634966164827346802e-02
3.603617846965789795e-02
3.628100454807281494e-02
3.584297373890876770e-02
3.626437485218048096e-02
3.702293336391448975e-02
3.616970777511596680e-02
3.630286455154418945e-02
3.629170358180999756e-02
3.583167120814323425e-02
3.625748306512832642e-02
3.654185310006141663e-02
3.639955446124076843e-02
3.626037389039993286e-02
3.616987168788909912e-02
3.624501824378967285e-02
3.579027578234672546e-02
3.623735159635543823e-02
3.599237278103828430e-02
3.621376305818557739e-02
3.591499105095863342e-02
3.607523068785667419e-02
3.575794398784637451e-02
3.599736839532852173e-02
3.623182326555252075e-02
3.618769720196723938e-02
3.620135039091110229e-02
3.602474182844161987e-02
3.603142499923706055e-02
3.621436655521392822e-02
3.619860485196113586e-02
3.590062633156776428e-02
3.584309667348861694e-02
3.629615902900695801e-02
3.587929159402847290e-02
3.581072017550468445e-02
3.602607175707817078e-02
3.579746186733245850e-02
3.560560941696166992e-02
3.586843237280845642e-02
3.632832318544387817e-02
3.568174317479133606e-02
3.594649955630302429e-02
3.559360653162002563e-02
3.563338518142700195e-02
3.559369593858718872e-02
3.596054762601852417e-02
3.590811043977737427e-02
3.551052883267402649e-02
3.635023534297943115e-02
3.573154658079147339e-02
3.574813157320022583e-02
3.584829345345497131e-02
3.533837199211120605e-02
3.540607169270515442e-02
3.536159545183181763e-02
3.580730408430099487e-02
3.530574589967727661e-02
3.585175797343254089e-02
3.528887405991554260e-02
3.533632680773735046e-02
3.598165884613990784e-02
3.548301011323928833e-02
3.595244884490966797e-02
3.561409562826156616e-02
3.530690446496009827e-02
3.551490232348442078e-02
3.542634099721908569e-02
3.546585887670516968e-02
3.566112369298934937e-02
3.518908470869064331e-02
3.539979830384254456e-02
3.556412458419799805e-02
3.536919504404067993e-02
3.578513115644454956e-02
3.572136536240577698e-02
3.530488163232803345e-02
3.539052233099937439e-02
3.525791689753532410e-02
3.503319621086120605e-02
3.575943410396575928e-02
3.530667349696159363e-02
3.556308150291442871e-02
3.510014712810516357e-02
3.516832739114761353e-02
3.512122854590415955e-02
3.537462279200553894e-02
3.541095927357673645e-02
3.521573171019554138e-02
3.540543839335441589e-02
3.527975082397460938e-02
3.508442640304565430e-02
3.507148846983909607e-02
3.491603583097457886e-02
3.502622246742248535e-02
3.508172556757926941e-02
3.498452156782150269e-02
3.519215807318687439e-02
3.553294762969017029e-02
3.531879186630249023e-02
3.507207706570625305e-02
3.495864570140838623e-02
3.549600392580032349e-02
3.514295071363449097e-02
3.511901944875717163e-02
3.540048748254776001e-02
3.529368340969085693e-02
3.537175059318542480e-02
3.532334417104721069e-02
3.508838638663291931e-02
3.581635281443595886e-02
3.475518524646759033e-02
3.542023897171020508e-02
3.531575202941894531e-02
3.477849811315536499e-02
3.530268371105194092e-02
3.524967283010482788e-02
3.497487306594848633e-02
3.483196347951889038e-02
3.509678319096565247e-02
3.494856879115104675e-02
3.474758565425872803e-02
3.524452075362205505e-02
3.468625620007514954e-02
3.493939712643623352e-02
3.463747352361679077e-02
3.481200337409973145e-02
3.520349785685539246e-02
3.521259501576423645e-02
3.487937152385711670e-02
3.509315103292465210e-02
3.490909188985824585e-02
3.508076071739196777e-02
3.530300781130790710e-02
3.495317324995994568e-02
3.481554985046386719e-02
3.447777032852172852e-02
3.476264327764511108e-02
3.506176918745040894e-02
3.483214601874351501e-02
3.512987866997718811e-02
3.471459448337554932e-02
3.498303890228271484e-02
3.460536152124404907e-02
3.463650494813919067e-02
3.478315472602844238e-02
3.497393429279327393e-02
3.426440060138702393e-02
3.486420959234237671e-02
3.470472246408462524e-02
3.474488854408264160e-02
3.519381582736968994e-02
3.496429696679115295e-02
3.499391302466392517e-02
3.454890474677085876e-02
3.455349057912826538e-02
3.449404239654541016e-02
3.462590649724006653e-02
3.506732359528541565e-02
3.458873555064201355e-02
3.454484045505523682e-02
3.445267677307128906e-02
3.457091376185417175e-02
3.442236781120300293e-02
3.479964658617973328e-02
3.503184393048286438e-02
3.446695581078529358e-02
3.436152637004852295e-02
3.454386442899703979e-02
3.430853411555290222e-02
3.471753746271133423e-02
3.481124714016914368e-02
3.435847908258438110e-02
3.446663543581962585e-02
3.429638594388961792e-02
3.460216522216796875e-02
3.468960151076316833e-02
3.454237431287765503e-02
3.437618911266326904e-02
3.475728631019592285e-02
3.447595983743667603e-02
3.443085402250289917e-02
3.427551686763763428e-02
3.430695086717605591e-02
3.426771238446235657e-02
3.417648375034332275e-02
3.425920009613037109e-02
3.408477082848548889e-02
3.428503870964050293e-02
3.431348875164985657e-02
3.436649218201637268e-02
3.452019393444061279e-02
3.411042690277099609e-02
3.458901122212409973e-02
3.406738489866256714e-02
3.458365425467491150e-02
3.443170338869094849e-02
3.442871943116188049e-02
3.431980684399604797e-02
3.440080955624580383e-02
3.412572294473648071e-02
3.473056107759475708e-02
3.422182798385620117e-02
3.429324552416801453e-02
3.429249674081802368e-02
3.434688597917556763e-02
3.419343382120132446e-02
3.453437238931655884e-02
3.424977883696556091e-02
3.426266834139823914e-02
3.432050347328186035e-02
3.399965912103652954e-02
3.421128913760185242e-02
3.399880230426788330e-02
3.429809957742691040e-02
3.427379205822944641e-02
3.432642668485641479e-02
3.411792218685150146e-02
3.413629904389381409e-02
3.415346890687942505e-02
3.402723371982574463e-02
3.440655395388603210e-02
3.394560143351554871e-02
3.400696069002151489e-02
3.429304435849189758e-02
3.416508436203002930e-02
3.433191031217575073e-02
3.407851979136466980e-02
3.399335592985153198e-02
3.404886648058891296e-02
3.371702134609222412e-02
3.402563184499740601e-02
3.415270149707794189e-02
3.462601080536842346e-02
3.397572040557861328e-02
3.383759409189224243e-02
3.397792950272560120e-02
3.399689123034477234e-02
3.385603427886962891e-02
3.405019268393516541e-02
3.371062874794006348e-02
3.379371017217636108e-02
3.404367715120315552e-02
3.366161137819290161e-02
3.398642316460609436e-02
3.386818245053291321e-02
3.375177457928657532e-02
3.372084721922874451e-02
3.362770378589630127e-02
3.457630425691604614e-02
3.409669548273086548e-02
3.382408991456031799e-02
3.441864252090454102e-02
3.394826501607894897e-02
3.422446548938751221e-02
3.394123539328575134e-02
3.372096270322799683e-02
3.367175534367561340e-02
3.421692177653312683e-02
3.381705284118652344e-02
3.384082019329071045e-02
3.406091779470443726e-02
3.405690565705299377e-02
3.395564109086990356e-02
3.413709253072738647e-02
3.374113887548446655e-02
3.409408777952194214e-02
3.386695310473442078e-02
3.368869423866271973e-02
3.398123756051063538e-02
3.384464606642723083e-02
3.383131325244903564e-02
3.342617303133010864e-02
3.401613980531692505e-02
3.384353592991828918e-02
3.391391783952713013e-02
3.358719870448112488e-02
3.410074114799499512e-02
3.383940830826759338e-02
3.393784165382385254e-02
3.358678147196769714e-02
3.359055891633033752e-02
3.355942294001579285e-02
3.356403112411499023e-02
3.330687060952186584e-02
3.358250111341476440e-02
3.386108577251434326e-02
3.352064266800880432e-02
3.400044888257980347e-02
3.364096581935882568e-02
3.350044786930084229e-02
3.365376591682434082e-02
3.336020559072494507e-02
3.335118293762207031e-02
3.367724642157554626e-02
3.368040174245834351e-02
3.354943916201591492e-02
3.309391438961029053e-02
3.351853042840957642e-02
3.394275903701782227e-02
3.364783152937889099e-02
3.360591083765029907e-02
3.365755826234817505e-02
3.352773189544677734e-02
3.343049436807632446e-02
3.366967663168907166e-02
3.353071957826614380e-02
3.333010151982307434e-02
3.348779678344726562e-02
3.372630476951599121e-02
3.362206742167472839e-02
3.347278386354446411e-02
3.373683616518974304e-02
3.358388319611549377e-02
3.373515605926513672e-02
3.318387642502784729e-02
3.366553783416748047e-02
3.316757827997207642e-02
3.379738330841064453e-02
3.332866728305816650e-02
3.347487747669219971e-02
3.336530178785324097e-02
3.345539048314094543e-02
3.338558599352836609e-02
3.339890390634536743e-02
3.337431326508522034e-02
3.337163478136062622e-02
3.374582529067993164e-02
3.335939720273017883e-02
3.346162289381027222e-02
3.358706086874008179e-02
3.373460471630096436e-02
3.324496746063232422e-02
3.328627720475196838e-02
3.307855129241943359e-02
3.294923901557922363e-02
3.318974748253822327e-02
2.424188703298568726e-01
2.387795746326446533e-01
2.380652576684951782e-01
2.341518700122833252e-01
2.346548140048980713e-01
2.341199219226837158e-01
2.320957481861114502e-01
2.317824065685272217e-01
2.300278544425964355e-01
2.286946475505828857e-01
2.289786785840988159e-01
2.308353781700134277e-01
2.294636219739913940e-01
2.272875010967254639e-01
2.290223985910415649e-01
2.259760051965713501e-01
2.271773219108581543e-01
2.265084087848663330e-01
2.255487442016601562e-01
2.235852926969528198e-01
2.251209765672683716e-01
2.233683317899703979e-01
2.250476479530334473e-01
2.249819785356521606e-01
2.270553410053253174e-01
2.236292064189910889e-01
2.238485962152481079e-01
2.230285853147506714e-01
2.231215834617614746e-01
2.212312370538711548e-01
2.240029424428939819e-01
2.213513851165771484e-01
2.204892039299011230e-01
2.236915379762649536e-01
2.206401973962783813e-01
2.197981476783752441e-01
2.202769964933395386e-01
2.206137478351593018e-01
2.221174836158752441e-01
2.207889854907989502e-01
2.196993231773376465e-01
2.207109928131103516e-01
2.205364853143692017e-01
2.206540405750274658e-01
2.198073267936706543e-01
2.186136394739151001e-01
2.179524004459381104e-01
2.178283780813217163e-01
2.205319702625274658e-01
2.160072624683380127e-01
2.178704887628555298e-01
2.168105095624923706e-01
2.169269621372222900e-01
2.177942544221878052e-01
2.169366925954818726e-01
2.170352637767791748e-01
2.194207906723022461e-01
2.168627530336380005e-01
2.185889184474945068e-01
2.179244011640548706e-01
2.176209092140197754e-01
2.175805121660232544e-01
2.181988209486007690e-01
2.168561667203903198e-01
2.196130454540252686e-01
2.167452126741409302e-01
2.157918363809585571e-01
2.155528962612152100e-01
2.146019488573074341e-01
2.145231217145919800e-01
2.146374881267547607e-01
2.151107639074325562e-01
2.164184302091598511e-01
2.146299779415130615e-01
2.153912633657455444e-01
2.134086340665817261e-01
2.138309925794601440e-01
2.124765068292617798e-01
2.111283540725708008e-01
2.124418765306472778e-01
2.151044011116027832e-01
2.147451043128967285e-01
2.145162671804428101e-01
2.162885069847106934e-01
2.124039083719253540e-01
2.144074589014053345e-01
2.141963392496109009e-01
2.152944505214691162e-01
2.144287973642349243e-01
2.126430124044418335e-01
2.127449512481689453e-01
2.126939147710800171e-01
2.121388912200927734e-01
2.145329713821411133e-01
2.137866020202636719e-01
2.140900045633316040e-01
2.120926678180694580e-01
2.151905149221420288e-01
2.128750085830688477e-01
2.110148370265960693e-01
